0.249741 776.000000
0.505222 1644.000000
0.760704 1660.000000
1.016185 1244.000000
1.271667 812.000000
1.527148 712.000000
1.782630 356.000000
2.038111 352.000000
2.293593 626.000000
2.549074 614.000000
2.804556 425.000000
3.060037 433.000000
3.315519 312.000000
3.571000 183.000000
3.826481 268.000000
4.081963 202.000000
4.337444 131.000000
4.592926 90.000000
4.848407 142.000000
5.103889 53.000000
5.359370 49.000000
5.614852 46.000000
5.870333 34.000000
6.125815 25.000000
6.381296 19.000000
6.636778 5.000000
6.892259 8.000000
