0.128577 3104.000000
0.385731 3985.000000
0.642885 1490.000000
0.900038 945.000000
1.157192 676.000000
1.414346 368.000000
1.671500 296.000000
1.928654 335.000000
2.185808 150.000000
2.442962 105.000000
2.700115 93.000000
2.957269 73.000000
3.214423 39.000000
3.471577 62.000000
3.728731 49.000000
3.985885 37.000000
4.243038 23.000000
4.500192 5.000000
4.757346 15.000000
5.014500 25.000000
5.271654 7.000000
5.528808 9.000000
5.785962 3.000000
6.043115 0.000000
6.300269 1.000000
6.557423 1.000000
