3.024978 12.000000
3.276935 22.000000
3.528891 48.000000
3.780848 41.000000
4.032804 24.000000
4.284761 14.000000
4.536717 45.000000
4.788674 94.000000
5.040630 104.000000
5.292587 73.000000
5.544543 32.000000
5.796500 29.000000
6.048457 16.000000
6.300413 25.000000
6.552370 52.000000
6.804326 58.000000
7.056283 101.000000
7.308239 61.000000
7.560196 24.000000
7.812152 29.000000
8.064109 52.000000
8.316065 102.000000
8.568022 85.000000
8.819978 35.000000
9.071935 39.000000
9.323891 49.000000
9.575848 30.000000
9.827804 21.000000
10.079761 27.000000
10.331717 24.000000
10.583674 28.000000
10.835630 17.000000
11.087587 13.000000
11.339543 11.000000
11.591500 7.000000
11.843457 3.000000
12.095413 0.000000
12.347370 0.000000
12.599326 5.000000
12.851283 2.000000
13.103239 3.000000
13.355196 5.000000
13.607152 2.000000
13.859109 4.000000
14.111065 3.000000
14.363022 1.000000
