0.985322 40.000000
1.235966 74.000000
1.486610 183.000000
1.737254 263.000000
1.987898 346.000000
2.238542 493.000000
2.489186 528.000000
2.739831 363.000000
2.990475 609.000000
3.241119 852.000000
3.491763 712.000000
3.742407 464.000000
3.993051 240.000000
4.243695 216.000000
4.494339 232.000000
4.744983 233.000000
4.995627 272.000000
5.246271 206.000000
5.496915 160.000000
5.747559 95.000000
5.998203 31.000000
6.248847 46.000000
6.499492 56.000000
6.750136 64.000000
7.000780 49.000000
7.251424 52.000000
7.502068 40.000000
7.752712 47.000000
8.003356 29.000000
8.254000 37.000000
8.504644 18.000000
8.755288 31.000000
9.005932 43.000000
9.256576 37.000000
9.507220 59.000000
9.757864 18.000000
10.008508 19.000000
10.259153 12.000000
10.509797 13.000000
10.760441 10.000000
11.011085 22.000000
11.261729 9.000000
11.512373 6.000000
11.763017 10.000000
12.013661 6.000000
12.264305 9.000000
12.514949 4.000000
12.765593 5.000000
13.016237 7.000000
13.266881 2.000000
13.517525 1.000000
13.768169 1.000000
14.018814 0.000000
14.269458 0.000000
14.520102 0.000000
14.770746 1.000000
15.021390 0.000000
15.272034 0.000000
15.522678 1.000000
