0.211573 6.000000
0.466719 40.000000
0.721865 391.000000
0.977010 695.000000
1.232156 1521.000000
1.487302 1087.000000
1.742448 768.000000
1.997594 877.000000
2.252740 643.000000
2.507885 565.000000
2.763031 916.000000
3.018177 1123.000000
3.273323 848.000000
3.528469 714.000000
3.783615 452.000000
4.038760 294.000000
4.293906 280.000000
4.549052 173.000000
4.804198 204.000000
5.059344 225.000000
5.314490 238.000000
5.569635 167.000000
5.824781 52.000000
6.079927 62.000000
6.335073 43.000000
6.590219 53.000000
6.845365 43.000000
7.100510 34.000000
7.355656 31.000000
7.610802 16.000000
7.865948 16.000000
8.121094 17.000000
8.376240 19.000000
8.631385 21.000000
8.886531 20.000000
9.141677 11.000000
9.396823 12.000000
9.651969 19.000000
9.907115 16.000000
10.162260 16.000000
10.417406 11.000000
10.672552 3.000000
10.927698 4.000000
11.182844 5.000000
11.437990 6.000000
11.693135 18.000000
11.948281 5.000000
12.203427 4.000000
