6.738420 8.000000
6.989260 11.000000
7.240100 26.000000
7.490940 13.000000
7.741780 28.000000
7.992620 21.000000
8.243460 12.000000
8.494300 11.000000
8.745140 7.000000
8.995980 3.000000
9.246820 0.000000
9.497660 6.000000
9.748500 7.000000
9.999340 5.000000
10.250180 10.000000
10.501020 17.000000
10.751860 13.000000
11.002700 9.000000
11.253540 7.000000
11.504380 7.000000
11.755220 7.000000
12.006060 2.000000
12.256900 6.000000
12.507740 7.000000
12.758580 4.000000
13.009420 6.000000
13.260260 2.000000
13.511100 10.000000
13.761940 7.000000
14.012780 6.000000
14.263620 9.000000
14.514460 6.000000
14.765300 5.000000
15.016140 9.000000
15.266980 4.000000
15.517820 8.000000
15.768660 5.000000
16.019500 10.000000
16.270340 9.000000
16.521180 3.000000
16.772020 11.000000
17.022860 2.000000
17.273700 0.000000
17.524540 4.000000
17.775380 4.000000
18.026220 4.000000
18.277060 3.000000
18.527900 7.000000
18.778740 2.000000
19.029580 2.000000
19.280420 10.000000
19.531260 1.000000
19.782100 0.000000
20.032940 0.000000
20.283780 6.000000
20.534620 1.000000
20.785460 3.000000
21.036300 2.000000
21.287140 4.000000
21.537980 4.000000
21.788820 4.000000
22.039660 2.000000
22.290500 8.000000
22.541340 4.000000
22.792180 15.000000
23.043020 6.000000
23.293860 11.000000
23.544700 4.000000
23.795540 3.000000
24.046380 3.000000
24.297220 4.000000
24.548060 8.000000
24.798900 4.000000
25.049740 12.000000
25.300580 2.000000
25.551420 6.000000
25.802260 0.000000
26.053100 0.000000
26.303940 5.000000
26.554780 5.000000
26.805620 3.000000
27.056460 3.000000
27.307300 0.000000
27.558140 4.000000
27.808980 6.000000
28.059820 7.000000
28.310660 4.000000
28.561500 5.000000
28.812340 4.000000
29.063180 3.000000
29.314020 0.000000
29.564860 4.000000
29.815700 0.000000
30.066540 0.000000
30.317380 1.000000
30.568220 2.000000
30.819060 1.000000
31.069900 4.000000
31.320740 2.000000
31.571580 4.000000
31.822420 4.000000
32.073260 8.000000
32.324100 4.000000
32.574940 17.000000
32.825780 4.000000
33.076620 6.000000
33.327460 0.000000
33.578300 1.000000
33.829140 3.000000
34.079980 1.000000
34.330820 1.000000
34.581660 0.000000
34.832500 0.000000
35.083340 0.000000
35.334180 3.000000
35.585020 0.000000
35.835860 0.000000
36.086700 0.000000
36.337540 0.000000
36.588380 0.000000
36.839220 0.000000
37.090060 0.000000
37.340900 0.000000
37.591740 0.000000
37.842580 1.000000
