  0.0000000  5374.0000000   0.0000000   0.0000000   0.0000000   0.0000000   0.0000000   0.0000000 
  0.0000000   0.0000000   0.0000000  3045.0000000  1566.0000000  763.0000000   0.0000000   0.0000000 
  0.0000000  2102.0000000  3272.0000000   0.0000000   0.0000000   0.0000000   0.0000000   0.0000000 
 5374.0000000   0.0000000   0.0000000   0.0000000   0.0000000   0.0000000   0.0000000   0.0000000 
 4792.0000000  582.0000000   0.0000000   0.0000000   0.0000000   0.0000000   0.0000000   0.0000000 
 1916.0000000  1162.0000000  1313.0000000  983.0000000   0.0000000   0.0000000   0.0000000   0.0000000 
  0.0000000   0.0000000  2582.0000000  346.0000000  267.0000000  1472.0000000  632.0000000  75.0000000 
 1042.0000000  2331.0000000  170.0000000  1831.0000000   0.0000000   0.0000000   0.0000000   0.0000000 
 3373.0000000  2001.0000000   0.0000000   0.0000000   0.0000000   0.0000000   0.0000000   0.0000000 
  0.0000000   0.0000000   0.0000000  3672.0000000  1702.0000000   0.0000000   0.0000000   0.0000000 
  0.0000000  2040.0000000  1333.0000000  2001.0000000   0.0000000   0.0000000   0.0000000   0.0000000 
  0.0000000   0.0000000  2475.0000000  2899.0000000   0.0000000   0.0000000   0.0000000   0.0000000 
  0.0000000   0.0000000  1415.0000000  2432.0000000  1527.0000000   0.0000000   0.0000000   0.0000000 
  0.0000000   0.0000000  4168.0000000  1206.0000000   0.0000000   0.0000000   0.0000000   0.0000000 
 4737.0000000  637.0000000   0.0000000   0.0000000   0.0000000   0.0000000   0.0000000   0.0000000 
 3373.0000000  2001.0000000   0.0000000   0.0000000   0.0000000   0.0000000   0.0000000   0.0000000 
  0.0000000   0.0000000  2526.0000000  2848.0000000   0.0000000   0.0000000   0.0000000   0.0000000 
  0.0000000  2606.0000000  559.0000000  426.0000000  1783.0000000   0.0000000   0.0000000   0.0000000 
  0.0000000   0.0000000   0.0000000  2035.0000000  2239.0000000  1100.0000000   0.0000000   0.0000000 
  0.0000000  1963.0000000  3411.0000000   0.0000000   0.0000000   0.0000000   0.0000000   0.0000000 
  0.0000000   0.0000000  3812.0000000  805.0000000  757.0000000   0.0000000   0.0000000   0.0000000 
 3444.0000000  1930.0000000   0.0000000   0.0000000   0.0000000   0.0000000   0.0000000   0.0000000 
 4025.0000000  1349.0000000   0.0000000   0.0000000   0.0000000   0.0000000   0.0000000   0.0000000 
 4815.0000000  559.0000000   0.0000000   0.0000000   0.0000000   0.0000000   0.0000000   0.0000000 
