1 5.9282947138e-01 1.1102230246e-16 1.0000000000e+00 1.0000000000e+00
2 5.9326464500e-01 1.0567557203e-02 2.1182857029e+01 4.6884023719e+02
3 5.9370682452e-01 1.4959544976e-02 1.4842577729e+01 2.3174380572e+02
4 5.9350837706e-01 1.5264452549e-02 1.3896681236e+01 2.1484053371e+02
5 5.9346767355e-01 1.5290789520e-02 1.3828605087e+01 2.1351811372e+02
6 5.9412913549e-01 1.9982855187e-02 1.0792439460e+01 1.2656159933e+02
7 5.9433610419e-01 2.1331468685e-02 1.0120673280e+01 1.1097314359e+02
8 5.9457357714e-01 2.2568097567e-02 9.5925110312e+00 9.9225048987e+01
9 5.9467952781e-01 2.4622328309e-02 1.0330421456e+01 1.2127851791e+02
10 5.9467727838e-01 2.4624959582e-02 1.0327324186e+01 1.2123048475e+02
11 5.9467383287e-01 2.4659407771e-02 1.0282416240e+01 1.2056267105e+02
12 5.9487053474e-01 2.5803890011e-02 9.6605948423e+00 1.0670604686e+02
13 5.9525334362e-01 2.7894453345e-02 8.7282238528e+00 8.7062064221e+01
14 5.9542988597e-01 2.9004935727e-02 8.3263761613e+00 7.9207293540e+01
15 5.9563175411e-01 2.9961157312e-02 7.9827154501e+00 7.2854012523e+01
16 5.9553991832e-01 3.0073417052e-02 7.8921891070e+00 7.1886787557e+01
17 5.9587073175e-01 3.1826997773e-02 7.3550672328e+00 6.2262739667e+01
18 5.9602947481e-01 3.2701384336e-02 7.1086201550e+00 5.8175805397e+01
19 5.9606484996e-01 3.2719031138e-02 7.0942624383e+00 5.8020079877e+01
20 5.9622343982e-01 3.3582671980e-02 6.8613912111e+00 5.4343133279e+01
21 5.9663011145e-01 3.5688813534e-02 6.9143779476e+00 5.5465778401e+01
22 5.9687361107e-01 3.6435231093e-02 6.7265350327e+00 5.2442157374e+01
23 5.9757645081e-01 3.8578963803e-02 6.2623378003e+00 4.5181238918e+01
24 5.9793753594e-01 4.0426230125e-02 6.2526029848e+00 4.5139912672e+01
25 5.9788324088e-01 4.0575368795e-02 6.2113680930e+00 4.4755951870e+01
26 5.9786488184e-01 4.0588722558e-02 6.2062765146e+00 4.4708577226e+01
27 5.9758117551e-01 3.9920111476e-02 6.2996827567e+00 4.6186271808e+01
28 5.9748628377e-01 3.9995535195e-02 6.2673851916e+00 4.5902957907e+01
29 5.9704826650e-01 3.8294455063e-02 6.2478746201e+00 4.5947207309e+01
30 5.9701750433e-01 3.8396000847e-02 6.2375464481e+00 4.5790035202e+01
31 5.9718141610e-01 3.9170979144e-02 6.0859371081e+00 4.3578291296e+01
32 5.9749880054e-01 3.9837703596e-02 5.9505263904e+00 4.1626770599e+01
33 5.9773154647e-01 4.0489912400e-02 5.8293456059e+00 3.9884150474e+01
34 5.9768561978e-01 4.0648346277e-02 5.8513211288e+00 4.0413958457e+01
35 5.9807599876e-01 4.1974589889e-02 5.6043828197e+00 3.7079393164e+01
36 5.9813159616e-01 4.1978775555e-02 5.5988810866e+00 3.7034983705e+01
37 5.9818359354e-01 4.1984630257e-02 5.5929347140e+00 3.6986664527e+01
38 5.9780553268e-01 4.0253673384e-02 5.5293933105e+00 3.6001998407e+01
39 5.9777488741e-01 4.0284574997e-02 5.5169067242e+00 3.5911283126e+01
40 5.9820887963e-01 4.1520960245e-02 5.3101850001e+00 3.3232199748e+01
41 5.9820393783e-01 4.1528737496e-02 5.3072320308e+00 3.3210078457e+01
42 5.9886017689e-01 4.3381513957e-02 5.0416492738e+00 2.9855518317e+01
43 5.9910143938e-01 4.3977322644e-02 4.9603418281e+00 2.8869492008e+01
44 5.9918689515e-01 4.4543063768e-02 4.8650040137e+00 2.7858185141e+01
45 5.9915693481e-01 4.4575312514e-02 4.8548325345e+00 2.7792581378e+01
46 5.9909595647e-01 4.4603776038e-02 4.8484845434e+00 2.7749343843e+01
47 5.9955592994e-01 4.5824009898e-02 4.7045242721e+00 2.6064202018e+01
48 5.9989465353e-01 4.7466218943e-02 4.7673684970e+00 2.7180805930e+01
49 6.0008651602e-01 4.8029221577e-02 4.6921597351e+00 2.6344102511e+01
50 6.0029452511e-01 4.8571897836e-02 4.6237622329e+00 2.5573051040e+01
51 6.0032076413e-01 4.8573884835e-02 4.6215392341e+00 2.5558900621e+01
52 6.0051913934e-01 4.9054361106e-02 4.5578502824e+00 2.4868149826e+01
53 6.0051557541e-01 4.9094757439e-02 4.5452211146e+00 2.4790804549e+01
54 6.0046946211e-01 4.9106680041e-02 4.5445339095e+00 2.4783875075e+01
55 6.0046663008e-01 4.8759250296e-02 4.3637736533e+00 2.2529730294e+01
56 6.0095675994e-01 5.1103910507e-02 4.5216091726e+00 2.4693404895e+01
57 6.0145300935e-01 5.2078904872e-02 4.4047215484e+00 2.3420939526e+01
58 6.0182515518e-01 5.3504455002e-02 4.4036598509e+00 2.3444265193e+01
59 6.0210776711e-01 5.3971666067e-02 4.3460135812e+00 2.2848025026e+01
60 6.0260833024e-01 5.4784477867e-02 4.2422214641e+00 2.1805946362e+01
61 6.0282063534e-01 5.5224993427e-02 4.1834755266e+00 2.1267181525e+01
62 6.0325315654e-01 5.6013529799e-02 4.0876989445e+00 2.0344703788e+01
63 6.0369461423e-01 5.6900567068e-02 3.9953881000e+00 1.9448840940e+01
64 6.0355749134e-01 5.6510245683e-02 4.0413597096e+00 1.9870994637e+01
65 6.0332580333e-01 5.5762066442e-02 3.9752675749e+00 1.9233331501e+01
66 6.0320090008e-01 5.5816710333e-02 3.9687748488e+00 1.9194818617e+01
67 6.0320231788e-01 5.5806606976e-02 3.9665029502e+00 1.9188113234e+01
68 6.0296631696e-01 5.5048996328e-02 3.8917274029e+00 1.8440157169e+01
69 6.0321700113e-01 5.5718814370e-02 3.8379074274e+00 1.7949803734e+01
70 6.0354126699e-01 5.7370176213e-02 3.9583668391e+00 1.9246356699e+01
71 6.0389661448e-01 5.8352267411e-02 3.8632625851e+00 1.8375583932e+01
72 6.0382080916e-01 5.8402168001e-02 3.8553679872e+00 1.8334999914e+01
73 6.0381325371e-01 5.8426640901e-02 3.8501575262e+00 1.8306941326e+01
74 6.0404412927e-01 5.8848125809e-02 3.8098388197e+00 1.7930441387e+01
75 6.0423248280e-01 5.9348815986e-02 3.7651989329e+00 1.7529959055e+01
76 6.0448729736e-01 6.0498915832e-02 3.7671775424e+00 1.7587538495e+01
77 6.0423905370e-01 6.0108596707e-02 3.8032099119e+00 1.7928239179e+01
78 6.0444246942e-01 6.0626582887e-02 3.7581802128e+00 1.7525981273e+01
79 6.0444932641e-01 6.0625123739e-02 3.7581358471e+00 1.7525957065e+01
80 6.0457602472e-01 6.1442264436e-02 3.7870042110e+00 1.7808759427e+01
81 6.0453201364e-01 6.1466400497e-02 3.7838919263e+00 1.7792557039e+01
82 6.0422197182e-01 6.1067107660e-02 3.8137145900e+00 1.8117964229e+01
83 6.0423283141e-01 6.1080448301e-02 3.8103253915e+00 1.8099701554e+01
84 6.0416650589e-01 6.1113918198e-02 3.8063512278e+00 1.8077482356e+01
85 6.0417069616e-01 6.0815265716e-02 3.7208471152e+00 1.7343360493e+01
86 6.0401643498e-01 6.0103578487e-02 3.6655042344e+00 1.6784622613e+01
87 6.0395317035e-01 6.0183613739e-02 3.6546070099e+00 1.6728986250e+01
88 6.0422872640e-01 6.0585907822e-02 3.6176594269e+00 1.6402742535e+01
89 6.0360845165e-01 5.8553191949e-02 3.5191340939e+00 1.5369077860e+01
90 6.0376160884e-01 5.9327060684e-02 3.5755459334e+00 1.5945369291e+01
91 6.0393610067e-01 5.9830494136e-02 3.5357954044e+00 1.5611886952e+01
92 6.0412004685e-01 6.0182018552e-02 3.5039416262e+00 1.5342705900e+01
93 6.0422757245e-01 5.9931267400e-02 3.4196671293e+00 1.4529102432e+01
94 6.0416473018e-01 5.9855700182e-02 3.4133751890e+00 1.4517030926e+01
95 6.0450017964e-01 6.0825005794e-02 3.4378552397e+00 1.4828455713e+01
96 6.0442736336e-01 6.0893441557e-02 3.4273221226e+00 1.4781091237e+01
97 6.0439909269e-01 6.0896094731e-02 3.4282561562e+00 1.4784836598e+01
98 6.0437870345e-01 6.0562901743e-02 3.3434288739e+00 1.4016372967e+01
99 6.0498956169e-01 6.1800723921e-02 3.2503127977e+00 1.3281689483e+01
100 6.0541461727e-01 6.2508482744e-02 3.1937757306e+00 1.2850356286e+01
101 6.0580459862e-01 6.3646797572e-02 3.2078524734e+00 1.3059388871e+01
102 6.0597113545e-01 6.4278036278e-02 3.2319918821e+00 1.3252844181e+01
103 6.0657500550e-01 6.5257967746e-02 3.1516605492e+00 1.2652723285e+01
104 6.0652593573e-01 6.5252387741e-02 3.1478470141e+00 1.2643226104e+01
105 6.0675315371e-01 6.5497681739e-02 3.1224615800e+00 1.2468308727e+01
106 6.0660868570e-01 6.5588988858e-02 3.1132360633e+00 1.2429119588e+01
107 6.0616400226e-01 6.4561913908e-02 3.0926306021e+00 1.2222685760e+01
108 6.0631692477e-01 6.5020629137e-02 3.0649755900e+00 1.2016926396e+01
109 6.0670300717e-01 6.5895605529e-02 3.1017153160e+00 1.2398320614e+01
110 6.0711449246e-01 6.6655065054e-02 3.0484170914e+00 1.2001345413e+01
111 6.0712627472e-01 6.6660660760e-02 3.0470278382e+00 1.1995187718e+01
112 6.0741494683e-01 6.7649846369e-02 3.0443005127e+00 1.1982571225e+01
113 6.0764838141e-01 6.8055108687e-02 3.0184361751e+00 1.1791099636e+01
114 6.0791286064e-01 6.8477161630e-02 2.9885650720e+00 1.1587756794e+01
115 6.0831079631e-01 6.8736453557e-02 2.8742202277e+00 1.0709889907e+01
116 6.0845427875e-01 6.9186144538e-02 2.8397844544e+00 1.0512121048e+01
117 6.0844547943e-01 6.9198315305e-02 2.8382005478e+00 1.0506768299e+01
118 6.0863063774e-01 6.9593402933e-02 2.8106197536e+00 1.0337375274e+01
119 6.0920053252e-01 7.0666070797e-02 2.7475496859e+00 9.9119209195e+00
120 6.0895979911e-01 7.0363527190e-02 2.7676833423e+00 1.0055888424e+01
121 6.0920471246e-01 7.0706772402e-02 2.7431015163e+00 9.9061722870e+00
122 6.0915978051e-01 7.0741866094e-02 2.7400209600e+00 9.8942866048e+00
123 6.0907545987e-01 7.0827455155e-02 2.7380264802e+00 9.8829738971e+00
124 6.0903181566e-01 7.0769775709e-02 2.7362606411e+00 9.8858475735e+00
125 6.0921586100e-01 7.1514695127e-02 2.7732997704e+00 1.0203397520e+01
126 6.0981783336e-01 7.2586759565e-02 2.7344498540e+00 9.9193628117e+00
127 6.0935556942e-01 7.1817377140e-02 2.7365228780e+00 9.9243704802e+00
128 6.0978791878e-01 7.2337136169e-02 2.6993700759e+00 9.6836507465e+00
129 6.0977344543e-01 7.2301673824e-02 2.6996498349e+00 9.6880508665e+00
130 6.0970350767e-01 7.2368868574e-02 2.6986486334e+00 9.6851546215e+00
131 6.0992131327e-01 7.2634382494e-02 2.6806073123e+00 9.5679683420e+00
132 6.0985347711e-01 7.2602201490e-02 2.6766744795e+00 9.5638856029e+00
133 6.1002191058e-01 7.3268251468e-02 2.7118169070e+00 9.8621321011e+00
134 6.0998991810e-01 7.3388297703e-02 2.7131345709e+00 9.8569004151e+00
135 6.1052334587e-01 7.3642225348e-02 2.6223801721e+00 9.2019924061e+00
136 6.1090599146e-01 7.4532389819e-02 2.6159976219e+00 9.1462446426e+00
137 6.1065684617e-01 7.4176587311e-02 2.6295017324e+00 9.2528087375e+00
138 6.1029128050e-01 7.3223192463e-02 2.6275908840e+00 9.2441516507e+00
139 6.1005928044e-01 7.2930132644e-02 2.6415506770e+00 9.3445452465e+00
140 6.0993563534e-01 7.2997961466e-02 2.6374881864e+00 9.3294254208e+00
141 6.0981785898e-01 7.3151195056e-02 2.6281904267e+00 9.2846787839e+00
142 6.1006476060e-01 7.3749277722e-02 2.6217965784e+00 9.2261764999e+00
143 6.0993615911e-01 7.3831415934e-02 2.6167926537e+00 9.2048793777e+00
144 6.1034454558e-01 7.4415162572e-02 2.5772985739e+00 8.9670415485e+00
145 6.1111707322e-01 7.6119359609e-02 2.5857622085e+00 9.0594032376e+00
146 6.1112858133e-01 7.6182268655e-02 2.5843328871e+00 9.0512244872e+00
147 6.1112438612e-01 7.6230659861e-02 2.5838284911e+00 9.0468310792e+00
148 6.1127002315e-01 7.6730843016e-02 2.5969744710e+00 9.1241959154e+00
149 6.1147723819e-01 7.7043605164e-02 2.5783883921e+00 9.0099839675e+00
150 6.1214270560e-01 7.8326294108e-02 2.5770546227e+00 9.0618436853e+00
151 6.1173150309e-01 7.7298278314e-02 2.5600107297e+00 8.8984351249e+00
152 6.1193698139e-01 7.7500959877e-02 2.5459388595e+00 8.8092838719e+00
153 6.1211287988e-01 7.7877969708e-02 2.5273934029e+00 8.6940015555e+00
154 6.1225542918e-01 7.8494455089e-02 2.5513406084e+00 8.8707686023e+00
155 6.1247271959e-01 7.8944359926e-02 2.5305156744e+00 8.7487426019e+00
156 6.1245831320e-01 7.8948543681e-02 2.5305233961e+00 8.7488345913e+00
157 6.1239547576e-01 7.9039436910e-02 2.5262890448e+00 8.7313108373e+00
158 6.1239867692e-01 7.9040627322e-02 2.5260156293e+00 8.7304013656e+00
159 6.1257600309e-01 7.9350794318e-02 2.5093074551e+00 8.6270814026e+00
160 6.1277598991e-01 7.9652049468e-02 2.4933437043e+00 8.5294006993e+00
161 6.1288563455e-01 8.0212360339e-02 2.5118690822e+00 8.6588899007e+00
162 6.1280285157e-01 8.0268494606e-02 2.5082645108e+00 8.6464010401e+00
163 6.1297973754e-01 8.0569140074e-02 2.4906909948e+00 8.5426770468e+00
164 6.1322860552e-01 8.0905091660e-02 2.4761837691e+00 8.4453768224e+00
165 6.1320058676e-01 8.0926347470e-02 2.4747498816e+00 8.4404059050e+00
166 6.1327714594e-01 8.0677953741e-02 2.4356371339e+00 8.1896309694e+00
167 6.1326978106e-01 8.0668071932e-02 2.4356526865e+00 8.1911555914e+00
168 6.1320068058e-01 8.0702660976e-02 2.4342997708e+00 8.1862616432e+00
169 6.1334715286e-01 8.1250136328e-02 2.4530521479e+00 8.3123768643e+00
170 6.1323956001e-01 8.1324652652e-02 2.4484293470e+00 8.2967022232e+00
171 6.1293689681e-01 8.0882621736e-02 2.4306030026e+00 8.1982934547e+00
172 6.1272470409e-01 8.0365738888e-02 2.4096640799e+00 8.0575148721e+00
173 6.1269538514e-01 8.0376489704e-02 2.4096227995e+00 8.0568276523e+00
174 6.1266983062e-01 8.0253510456e-02 2.3836065664e+00 7.9209380491e+00
175 6.1249459646e-01 7.9800001030e-02 2.3814420522e+00 7.9343538091e+00
176 6.1273107791e-01 8.0162218208e-02 2.3661880501e+00 7.8390093289e+00
177 6.1302018426e-01 8.0455773074e-02 2.3504879677e+00 7.7528756357e+00
178 6.1302696551e-01 8.0565559205e-02 2.3478847480e+00 7.7427314571e+00
179 6.1339396590e-01 8.1374151735e-02 2.3505010190e+00 7.7728814464e+00
180 6.1341669899e-01 8.1379392233e-02 2.3445762626e+00 7.7293098317e+00
181 6.1339642913e-01 8.1334678949e-02 2.3444938702e+00 7.7318488919e+00
182 6.1239221544e-01 7.9462026957e-02 2.3451805649e+00 7.7016998706e+00
183 6.1244339785e-01 7.9446608290e-02 2.3448298099e+00 7.7015095823e+00
184 6.1281307873e-01 8.0086270417e-02 2.3160278066e+00 7.5297274902e+00
185 6.1278931281e-01 8.0061225300e-02 2.3170020896e+00 7.5374794388e+00
186 6.1273902679e-01 7.9981545375e-02 2.3151993488e+00 7.5205224937e+00
187 6.1249777575e-01 7.9746604999e-02 2.3283503603e+00 7.5982831162e+00
188 6.1251077153e-01 7.9749883900e-02 2.3275124188e+00 7.5955389395e+00
189 6.1210170828e-01 7.8921407531e-02 2.3167169487e+00 7.5060297557e+00
190 6.1201042305e-01 7.9003661166e-02 2.3101818096e+00 7.4889773766e+00
191 6.1196720921e-01 7.9132977242e-02 2.3055537862e+00 7.4694067865e+00
192 6.1195980654e-01 7.9228004410e-02 2.3064822977e+00 7.5003893255e+00
193 6.1197404254e-01 7.9222183582e-02 2.3053077794e+00 7.4970348717e+00
194 6.1206588298e-01 7.9731818204e-02 2.3202405809e+00 7.5863785864e+00
195 6.1245073448e-01 8.0542737236e-02 2.3315353279e+00 7.6871139811e+00
196 6.1254498656e-01 8.1074771500e-02 2.3475833511e+00 7.7877329660e+00
197 6.1246480840e-01 8.1095261116e-02 2.3469843647e+00 7.7852904100e+00
198 6.1243496361e-01 8.1108250595e-02 2.3452263891e+00 7.7786921173e+00
199 6.1247363134e-01 8.1128545850e-02 2.3448171974e+00 7.7743121097e+00
200 6.1273645917e-01 8.1359448516e-02 2.3321744223e+00 7.7009884703e+00
201 6.1288236912e-01 8.1893409880e-02 2.3486843744e+00 7.8079236084e+00
202 6.1262962245e-01 8.1750391990e-02 2.3590134102e+00 7.8719172184e+00
203 6.1288139633e-01 8.2006901514e-02 2.3445315271e+00 7.7852111796e+00
204 6.1278747806e-01 8.2027523936e-02 2.3375899937e+00 7.7408676000e+00
205 6.1270593528e-01 8.2065413788e-02 2.3365814954e+00 7.7364684482e+00
206 6.1265954873e-01 8.2057243995e-02 2.3369839040e+00 7.7387588125e+00
207 6.1285567483e-01 8.2333118058e-02 2.3224698340e+00 7.6545030216e+00
208 6.1287342034e-01 8.2307968752e-02 2.3211714355e+00 7.6521710340e+00
209 6.1317576019e-01 8.3368561809e-02 2.3481895896e+00 7.8157841814e+00
210 6.1302783366e-01 8.3488374142e-02 2.3400860869e+00 7.7911733822e+00
211 6.1312333796e-01 8.4209937140e-02 2.3803634129e+00 8.0277533232e+00
212 6.1319904873e-01 8.4760687764e-02 2.3955459218e+00 8.1173919070e+00
213 6.1327485930e-01 8.4467334423e-02 2.3651948025e+00 7.9416941588e+00
214 6.1314299912e-01 8.4553131604e-02 2.3620506050e+00 7.9292765391e+00
215 6.1301027644e-01 8.4654495186e-02 2.3604075112e+00 7.9198754723e+00
216 6.1308775698e-01 8.4628316681e-02 2.3605768599e+00 7.9202619130e+00
217 6.1303829303e-01 8.4659235650e-02 2.3589529667e+00 7.9150228579e+00
218 6.1292590623e-01 8.4636726751e-02 2.3575536565e+00 7.9162317232e+00
219 6.1278484317e-01 8.4706339262e-02 2.3552516636e+00 7.9072887552e+00
220 6.1295484666e-01 8.5029552656e-02 2.3408923948e+00 7.8184840239e+00
221 6.1290360164e-01 8.5055454339e-02 2.3401000382e+00 7.8149211534e+00
222 6.1289754371e-01 8.5125364290e-02 2.3351951305e+00 7.7968523674e+00
223 6.1270399021e-01 8.4649195697e-02 2.3195172547e+00 7.7227979267e+00
224 6.1205157320e-01 8.2932115753e-02 2.2898764304e+00 7.5514645771e+00
225 6.1205233298e-01 8.2862011389e-02 2.2885832775e+00 7.5505488098e+00
226 6.1195082086e-01 8.2922735283e-02 2.2858408425e+00 7.5408859588e+00
227 6.1234957712e-01 8.3744189586e-02 2.2964131583e+00 7.6276152178e+00
228 6.1241626443e-01 8.4595797077e-02 2.3481805578e+00 7.9604884653e+00
229 6.1267733592e-01 8.5502610789e-02 2.3709144761e+00 8.0869765836e+00
230 6.1249928190e-01 8.4991011406e-02 2.3566422959e+00 8.0009981826e+00
231 6.1290352320e-01 8.5830436046e-02 2.3656651279e+00 8.0783983779e+00
232 6.1351604050e-01 8.6624224715e-02 2.3246868913e+00 7.8310280601e+00
233 6.1307857356e-01 8.5839661699e-02 2.3222104983e+00 7.8138094984e+00
234 6.1269535762e-01 8.5159765370e-02 2.3277310430e+00 7.8581033018e+00
235 6.1295332912e-01 8.5504024990e-02 2.3134699772e+00 7.7695886074e+00
236 6.1295910309e-01 8.5290530586e-02 2.2924369701e+00 7.6596632208e+00
237 6.1259454953e-01 8.4662466007e-02 2.2923516770e+00 7.6448648862e+00
238 6.1256066679e-01 8.4669986518e-02 2.2926913730e+00 7.6460078444e+00
239 6.1297048879e-01 8.6028658977e-02 2.3073620920e+00 7.7449231246e+00
240 6.1298392288e-01 8.6097151309e-02 2.3079854705e+00 7.7419307293e+00
241 6.1310807575e-01 8.6782978763e-02 2.3327469923e+00 7.9114264776e+00
242 6.1305386577e-01 8.6680092013e-02 2.3094687149e+00 7.7995985145e+00
243 6.1325656270e-01 8.7016701580e-02 2.2959211066e+00 7.7131269033e+00
244 6.1321742581e-01 8.7054559645e-02 2.2936968346e+00 7.7047752811e+00
245 6.1357901799e-01 8.7692325882e-02 2.2808533956e+00 7.6095078771e+00
246 6.1332047417e-01 8.7492910369e-02 2.2936229789e+00 7.6806606124e+00
247 6.1395180994e-01 8.8102806012e-02 2.2552617814e+00 7.4728599883e+00
248 6.1363717245e-01 8.7851087551e-02 2.2680015098e+00 7.5492753062e+00
249 6.1367187869e-01 8.7882145140e-02 2.2675009432e+00 7.5457941718e+00
250 6.1402636919e-01 8.8970710450e-02 2.2933873924e+00 7.6793859109e+00
251 6.1393769178e-01 8.9000631933e-02 2.2936804136e+00 7.6784012910e+00
252 6.1422735500e-01 8.9624192674e-02 2.2945970877e+00 7.6872970576e+00
253 6.1376503221e-01 8.8755042271e-02 2.2869044762e+00 7.6376446396e+00
254 6.1367847557e-01 8.8791134782e-02 2.2867817187e+00 7.6356732122e+00
255 6.1330522505e-01 8.8086154623e-02 2.2911434147e+00 7.6669319994e+00
256 6.1335016599e-01 8.8092318776e-02 2.2890561010e+00 7.6604169998e+00
257 6.1377340419e-01 8.8502271671e-02 2.2618291504e+00 7.5175640168e+00
258 6.1358350510e-01 8.8661905677e-02 2.2732841214e+00 7.5578416678e+00
259 6.1359512870e-01 8.8668026538e-02 2.2721415680e+00 7.5550245741e+00
260 6.1357374564e-01 8.8701360868e-02 2.2694486164e+00 7.5464766507e+00
261 6.1352975257e-01 8.8714744471e-02 2.2687860069e+00 7.5437263080e+00
262 6.1365137218e-01 8.9214836797e-02 2.2792891828e+00 7.6085494321e+00
263 6.1363050544e-01 8.9224294634e-02 2.2791293890e+00 7.6074909524e+00
264 6.1365141701e-01 8.9195050472e-02 2.2787661496e+00 7.6098986178e+00
265 6.1361294541e-01 8.9164507886e-02 2.2797635940e+00 7.6191428474e+00
266 6.1337401020e-01 8.8877698341e-02 2.2940761272e+00 7.7022856554e+00
267 6.1381175501e-01 8.9255069447e-02 2.2699534979e+00 7.5704152076e+00
268 6.1412691675e-01 8.9895982657e-02 2.2671781733e+00 7.5561759637e+00
269 6.1410874357e-01 8.9980911735e-02 2.2697716671e+00 7.5768306915e+00
270 6.1385403503e-01 8.9794441567e-02 2.2829022262e+00 7.6454094776e+00
271 6.1400202506e-01 9.0288919023e-02 2.2871337457e+00 7.6629346190e+00
272 6.1396434367e-01 9.0270030807e-02 2.2878370160e+00 7.6677831122e+00
273 6.1394974191e-01 9.0273538552e-02 2.2879858995e+00 7.6681047444e+00
274 6.1385182460e-01 9.0381707004e-02 2.2869702982e+00 7.6616730496e+00
275 6.1394693335e-01 9.0128971225e-02 2.2626586841e+00 7.5301325332e+00
276 6.1434408333e-01 9.0703513630e-02 2.2369287462e+00 7.3899783170e+00
277 6.1418480799e-01 9.0319393752e-02 2.2285217746e+00 7.3494501575e+00
278 6.1418807541e-01 9.0335147383e-02 2.2267983649e+00 7.3444524398e+00
279 6.1457154453e-01 9.0816610411e-02 2.2003334444e+00 7.2031601687e+00
280 6.1431489614e-01 9.0536123473e-02 2.2132340565e+00 7.2766983070e+00
281 6.1456874880e-01 9.0855344073e-02 2.1986022556e+00 7.1959082107e+00
282 6.1457159734e-01 9.0842419523e-02 2.1983184878e+00 7.1963063029e+00
283 6.1475411164e-01 9.1027286542e-02 2.1851303329e+00 7.1352617011e+00
284 6.1459673324e-01 9.0493782265e-02 2.1713592258e+00 7.0610719330e+00
285 6.1475249936e-01 9.1076648394e-02 2.1859939595e+00 7.1441196433e+00
286 6.1450095940e-01 9.0745479859e-02 2.1967221638e+00 7.2073900197e+00
287 6.1504625463e-01 9.1880126555e-02 2.1972810815e+00 7.1900986005e+00
288 6.1499296468e-01 9.1894900827e-02 2.1938587860e+00 7.1657297717e+00
289 6.1542114113e-01 9.2365802214e-02 2.1698151212e+00 7.0363369630e+00
290 6.1494275085e-01 9.1944318657e-02 2.1943983291e+00 7.1638418601e+00
291 6.1499495811e-01 9.2705032500e-02 2.2243259484e+00 7.3052808704e+00
292 6.1495997964e-01 9.2721256956e-02 2.2239926503e+00 7.3037753595e+00
293 6.1497223861e-01 9.2809016096e-02 2.2240580373e+00 7.3000333936e+00
294 6.1503469627e-01 9.2542639255e-02 2.2066744151e+00 7.2186331882e+00
295 6.1572747846e-01 9.3143366354e-02 2.1715013052e+00 7.0346558176e+00
296 6.1562669307e-01 9.2385057340e-02 2.1348820883e+00 6.8361045973e+00
297 6.1507567484e-01 9.1863875835e-02 2.1585225037e+00 6.9703312115e+00
298 6.1498968451e-01 9.2131650582e-02 2.1755208010e+00 7.0590882302e+00
299 6.1509227672e-01 9.2503862392e-02 2.1804537721e+00 7.0754485213e+00
300 6.1546305793e-01 9.3197894337e-02 2.1792710622e+00 7.0653287707e+00
301 6.1529760449e-01 9.2651124251e-02 2.1633583119e+00 6.9789374306e+00
302 6.1486305037e-01 9.2091899131e-02 2.1689970344e+00 7.0192159086e+00
303 6.1438407422e-01 9.1343950887e-02 2.1660189254e+00 6.9984811734e+00
304 6.1421122656e-01 9.1161093715e-02 2.1755888947e+00 7.0553583533e+00
305 6.1442146802e-01 9.1493748496e-02 2.1779060621e+00 7.0569105862e+00
306 6.1441102752e-01 9.1479603113e-02 2.1782795087e+00 7.0585064603e+00
307 6.1436880158e-01 9.1807662821e-02 2.2101616652e+00 7.2501491282e+00
308 6.1405228270e-01 9.1166106359e-02 2.2160594701e+00 7.2994845682e+00
309 6.1408453876e-01 9.0680450688e-02 2.1915031390e+00 7.1752486220e+00
310 6.1404938015e-01 9.0771113962e-02 2.1965340418e+00 7.2052365324e+00
311 6.1430656026e-01 9.1056472341e-02 2.1832821441e+00 7.1301226802e+00
312 6.1465081541e-01 9.1775259321e-02 2.1830899140e+00 7.1288619793e+00
313 6.1465730612e-01 9.1780823993e-02 2.1841885626e+00 7.1352536182e+00
314 6.1463153306e-01 9.1763233063e-02 2.1846790127e+00 7.1393857006e+00
315 6.1471161370e-01 9.2309770763e-02 2.1992180273e+00 7.2270758000e+00
316 6.1496049787e-01 9.2597939227e-02 2.1893782225e+00 7.1762719735e+00
317 6.1477085586e-01 9.2289542356e-02 2.1884662516e+00 7.1930028843e+00
318 6.1467037561e-01 9.2339056239e-02 2.1875576687e+00 7.1875144105e+00
319 6.1463143646e-01 9.2205058434e-02 2.1727537304e+00 7.0861360853e+00
320 6.1482339412e-01 9.2702671338e-02 2.1871595494e+00 7.1740563780e+00
321 6.1494446213e-01 9.2471418130e-02 2.1680396649e+00 7.0805962184e+00
322 6.1448729208e-01 9.1635538515e-02 2.1655258701e+00 7.0735979328e+00
323 6.1429760188e-01 9.1205826182e-02 2.1568171013e+00 7.0358936877e+00
324 6.1425183153e-01 9.1181758030e-02 2.1579565976e+00 7.0417385729e+00
325 6.1411134443e-01 9.0731509204e-02 2.1545128577e+00 7.0433360495e+00
326 6.1364921159e-01 9.0353075956e-02 2.1757840476e+00 7.1590474874e+00
327 6.1406059307e-01 9.0922010048e-02 2.1425572688e+00 6.9627505636e+00
328 6.1362276745e-01 9.0150618668e-02 2.1358267386e+00 6.9309923604e+00
329 6.1356613526e-01 9.0210973021e-02 2.1327680849e+00 6.9218550089e+00
330 6.1351440737e-01 9.0219293949e-02 2.1335963583e+00 6.9244799734e+00
331 6.1349064262e-01 9.0229478303e-02 2.1334791945e+00 6.9237442498e+00
332 6.1350721549e-01 9.0204909089e-02 2.1336054269e+00 6.9263382823e+00
333 6.1329586310e-01 8.9989140721e-02 2.1452059722e+00 6.9898299865e+00
334 6.1328041231e-01 8.9978893204e-02 2.1456316104e+00 6.9917757751e+00
335 6.1317170258e-01 8.9511932461e-02 2.1311986901e+00 6.9035917412e+00
336 6.1337234380e-01 8.9758486160e-02 2.1160003929e+00 6.8137806179e+00
337 6.1340487076e-01 8.9776405469e-02 2.1151091683e+00 6.8086849795e+00
338 6.1339624806e-01 8.9677128044e-02 2.1113171325e+00 6.7892882550e+00
339 6.1341473458e-01 8.9600442633e-02 2.1120572651e+00 6.7959702804e+00
340 6.1333642760e-01 8.9866856311e-02 2.1417438839e+00 6.9669321660e+00
341 6.1341291992e-01 9.0085577614e-02 2.1283315415e+00 6.9040622110e+00
342 6.1330462722e-01 9.0136923229e-02 2.1271310850e+00 6.8998963085e+00
343 6.1329281211e-01 8.9674235688e-02 2.0926085520e+00 6.6910101710e+00
344 6.1351521111e-01 8.9915657323e-02 2.0801733696e+00 6.6285729313e+00
345 6.1361715589e-01 9.0311288374e-02 2.0822154500e+00 6.6241734669e+00
346 6.1359193459e-01 9.0301476740e-02 2.0794551354e+00 6.6167097253e+00
347 6.1381347079e-01 9.0543067275e-02 2.0633520437e+00 6.5360669220e+00
348 6.1385968593e-01 9.0578032208e-02 2.0617626071e+00 6.5303851574e+00
349 6.1361892926e-01 9.0339497283e-02 2.0740578696e+00 6.5946890465e+00
350 6.1341295616e-01 9.0281253903e-02 2.0827678538e+00 6.6328246964e+00
351 6.1343218473e-01 9.0274784396e-02 2.0825508069e+00 6.6326400283e+00
352 6.1378449716e-01 9.0834139755e-02 2.0813287301e+00 6.6253211620e+00
353 6.1410802647e-01 9.1076583446e-02 2.0701729075e+00 6.5647214261e+00
354 6.1407850027e-01 9.1112465322e-02 2.0706277482e+00 6.5854468684e+00
355 6.1375818735e-01 9.0893756029e-02 2.0819663626e+00 6.6472911567e+00
356 6.1330323221e-01 9.0373342677e-02 2.0992257392e+00 6.7237170120e+00
357 6.1265500486e-01 8.9273118259e-02 2.1063011474e+00 6.7600526386e+00
358 6.1256936351e-01 8.9308428965e-02 2.1060862647e+00 6.7578375432e+00
359 6.1260873892e-01 8.9041633834e-02 2.0713933229e+00 6.5479805576e+00
360 6.1264349553e-01 8.9038927872e-02 2.0702827311e+00 6.5457549663e+00
361 6.1269170730e-01 8.8940304089e-02 2.0562397306e+00 6.4842124860e+00
362 6.1257378676e-01 8.8851138079e-02 2.0630644990e+00 6.5108616776e+00
363 6.1251852651e-01 8.8926150242e-02 2.0612953536e+00 6.5036067847e+00
364 6.1219668514e-01 8.8298143001e-02 2.0631378194e+00 6.5227364320e+00
365 6.1245539239e-01 8.8492237202e-02 2.0546119107e+00 6.4820846611e+00
