1 5.9282947138e-01 1.1102230246e-16 1.0000000000e+00 1.0000000000e+00
2 5.9315934046e-01 1.0701016133e-02 2.0320017247e+01 4.4714053821e+02
3 5.9356855608e-01 1.5009277517e-02 1.4688263141e+01 2.2933578920e+02
4 5.9383736123e-01 1.6716596802e-02 1.3262845566e+01 1.8539479133e+02
5 5.9402172812e-01 1.8328336029e-02 1.2038175957e+01 1.5348420522e+02
6 5.9400355329e-01 1.8394505604e-02 1.1908332057e+01 1.5134473971e+02
7 5.9445541486e-01 2.1131632430e-02 1.0426110083e+01 1.1492213666e+02
8 5.9476641091e-01 2.4651504909e-02 1.0437983726e+01 1.2234777732e+02
9 5.9425748913e-01 2.1553276196e-02 9.9401400176e+00 1.0874267682e+02
10 5.9413387108e-01 2.1694837469e-02 9.7378860186e+00 1.0621123675e+02
11 5.9411143413e-01 2.1774483227e-02 9.6322133784e+00 1.0471356709e+02
12 5.9409372059e-01 2.1834986919e-02 9.5433017576e+00 1.0361529038e+02
13 5.9432321636e-01 2.3065734072e-02 9.0751516376e+00 9.3024865709e+01
14 5.9428715695e-01 2.3107698383e-02 9.0294082196e+00 9.2410124390e+01
15 5.9428518076e-01 2.3145678848e-02 8.9846470055e+00 9.1810772566e+01
16 5.9431011716e-01 2.3171795727e-02 8.9507637426e+00 9.1361400975e+01
17 5.9427775996e-01 2.3216778723e-02 8.9010161313e+00 9.0708728308e+01
18 5.9425708669e-01 2.3242486804e-02 8.8717869349e+00 9.0342930079e+01
19 5.9418691855e-01 2.3366104654e-02 8.7268601662e+00 8.8586322626e+01
20 5.9422314787e-01 2.3399549661e-02 8.6855144755e+00 8.8028752470e+01
21 5.9438523529e-01 2.4579954737e-02 8.2998938391e+00 7.9966851680e+01
22 5.9465096411e-01 2.5646620188e-02 8.0070541540e+00 7.3758117598e+01
23 5.9554299804e-01 2.9542472228e-02 7.0608830780e+00 5.6009814518e+01
24 5.9576614661e-01 3.0440716204e-02 6.8638039590e+00 5.2754550172e+01
25 5.9569212818e-01 3.0542780036e-02 6.7932109428e+00 5.2134937935e+01
26 5.9568951352e-01 3.0655355130e-02 6.7927647075e+00 5.2143429739e+01
27 5.9558818994e-01 3.0723191695e-02 6.7517885099e+00 5.1782269764e+01
28 5.9559990758e-01 3.0788304939e-02 6.7046381289e+00 5.1344461123e+01
29 5.9580980420e-01 3.1695803259e-02 6.5035269059e+00 4.8325933016e+01
30 5.9610200713e-01 3.2544370962e-02 6.3335501959e+00 4.5743392298e+01
31 5.9624255633e-01 3.3431078694e-02 6.1468075688e+00 4.3213850842e+01
32 5.9620976110e-01 3.3453692814e-02 6.1361996848e+00 4.3122064491e+01
33 5.9614503161e-01 3.3513120725e-02 6.1030967086e+00 4.2875698308e+01
34 5.9610202553e-01 3.3533974767e-02 6.0948249808e+00 4.2800580834e+01
35 5.9627491824e-01 3.4046023232e-02 5.9219692886e+00 4.0641220366e+01
36 5.9628325754e-01 3.4071476816e-02 5.9061437983e+00 4.0517009907e+01
37 5.9642965299e-01 3.4807072021e-02 5.7645413602e+00 3.8611151173e+01
38 5.9691786332e-01 3.6249388356e-02 5.5553342726e+00 3.5595321635e+01
39 5.9691198069e-01 3.6275442552e-02 5.5437549918e+00 3.5497169835e+01
40 5.9743290989e-01 3.7789725990e-02 5.3512961361e+00 3.2920571424e+01
41 5.9771274384e-01 3.8491564253e-02 5.2509969591e+00 3.1669605407e+01
42 5.9780016273e-01 3.9766428367e-02 5.5060462894e+00 3.6052846540e+01
43 5.9782967674e-01 3.9771349783e-02 5.5017711868e+00 3.6018692176e+01
44 5.9808627547e-01 4.0383188533e-02 5.3876306942e+00 3.4555385204e+01
45 5.9830124484e-01 4.1044294957e-02 5.2859766138e+00 3.3218005305e+01
46 5.9854075128e-01 4.2089718010e-02 5.2111918357e+00 3.2094913145e+01
47 5.9860536867e-01 4.2809204408e-02 5.0915879204e+00 3.0761092923e+01
48 5.9859867161e-01 4.2859722634e-02 5.0718209169e+00 3.0622390316e+01
49 5.9844140953e-01 4.2933666574e-02 5.0533991408e+00 3.0489172372e+01
50 5.9841797015e-01 4.2990670520e-02 5.0325226788e+00 3.0342396398e+01
51 5.9865886082e-01 4.3510409961e-02 4.9586695444e+00 2.9398987566e+01
52 5.9860031964e-01 4.3528479684e-02 4.9560648214e+00 2.9377125535e+01
53 5.9921135861e-01 4.5784997224e-02 4.9341116474e+00 2.9237669242e+01
54 5.9914183398e-01 4.5867734899e-02 4.9161912217e+00 2.9109424108e+01
55 5.9918257712e-01 4.5871569600e-02 4.9122881932e+00 2.9082342249e+01
56 5.9909573832e-01 4.5899110689e-02 4.9080009906e+00 2.9050585451e+01
57 5.9905821024e-01 4.5939184429e-02 4.8959939302e+00 2.8967340625e+01
58 5.9905094272e-01 4.5949316318e-02 4.8932093265e+00 2.8944843209e+01
59 5.9907529696e-01 4.5945747732e-02 4.8935598731e+00 2.8942186244e+01
60 5.9899267492e-01 4.5876916897e-02 4.8798205849e+00 2.8913028270e+01
61 5.9890203745e-01 4.5930169627e-02 4.8666026894e+00 2.8819827568e+01
62 5.9911282379e-01 4.6495973122e-02 4.7934484914e+00 2.7921748559e+01
63 5.9913770608e-01 4.6375056843e-02 4.7634850386e+00 2.7500904676e+01
64 5.9915271716e-01 4.6315785972e-02 4.7622612483e+00 2.7517794347e+01
65 5.9886021953e-01 4.5781856437e-02 4.8281174818e+00 2.8347722669e+01
66 5.9880489704e-01 4.5825482282e-02 4.8172686274e+00 2.8264244267e+01
67 5.9901183273e-01 4.6275719715e-02 4.7442558430e+00 2.7440162479e+01
68 5.9896704690e-01 4.6325165534e-02 4.7282124157e+00 2.7348361465e+01
69 5.9919879667e-01 4.6875193539e-02 4.6626197712e+00 2.6541569964e+01
70 5.9918992851e-01 4.6903986176e-02 4.6626925062e+00 2.6539288921e+01
71 5.9890549640e-01 4.6399949610e-02 4.7152640872e+00 2.7259665140e+01
72 5.9885593345e-01 4.6454336637e-02 4.6998039947e+00 2.7154594484e+01
73 5.9954876316e-01 4.8083816771e-02 4.5053050832e+00 2.4869878137e+01
74 5.9968848644e-01 4.8737845693e-02 4.4324936948e+00 2.4092504869e+01
75 5.9988974619e-01 4.9309975270e-02 4.3655237261e+00 2.3406322728e+01
76 5.9997909094e-01 5.0009761664e-02 4.2798570752e+00 2.2626492798e+01
77 5.9965203403e-01 4.9597491097e-02 4.3262156580e+00 2.3163330063e+01
78 5.9974066302e-01 5.0178372552e-02 4.2612157493e+00 2.2493646774e+01
79 5.9971809944e-01 5.0192247445e-02 4.2591105544e+00 2.2476145414e+01
80 5.9971977596e-01 5.1194102045e-02 4.3290104813e+00 2.3392241332e+01
81 5.9968132683e-01 5.1391741937e-02 4.3296505716e+00 2.3348829499e+01
82 5.9979610417e-01 5.1908241132e-02 4.2610933925e+00 2.2685152968e+01
83 5.9978450840e-01 5.1932666484e-02 4.2552725527e+00 2.2646749506e+01
84 5.9962005514e-01 5.1235597505e-02 4.1774783513e+00 2.1896897989e+01
85 5.9957468539e-01 5.1148714813e-02 4.1517483273e+00 2.1588195685e+01
86 5.9993842511e-01 5.2204986650e-02 4.0430983751e+00 2.0489514620e+01
87 5.9985474102e-01 5.2219450939e-02 4.0385109576e+00 2.0465387455e+01
88 5.9995846263e-01 5.3120995706e-02 4.1155258874e+00 2.1336632277e+01
89 6.0019509218e-01 5.3630246596e-02 4.0600475350e+00 2.0780857845e+01
90 6.0011866322e-01 5.3640350532e-02 4.0483000242e+00 2.0726321535e+01
91 6.0010259871e-01 5.3658716487e-02 4.0444164659e+00 2.0703211096e+01
92 6.0030985566e-01 5.4231405745e-02 3.9893339548e+00 2.0154897190e+01
93 6.0037996210e-01 5.4294490444e-02 3.9873597073e+00 2.0141830460e+01
94 6.0033055952e-01 5.4324861744e-02 3.9815412748e+00 2.0114254920e+01
95 6.0056134846e-01 5.4843105886e-02 3.9386533190e+00 1.9652302928e+01
96 6.0080652690e-01 5.5451426402e-02 3.8885840944e+00 1.9155430258e+01
97 6.0093002777e-01 5.6312627696e-02 3.9476179854e+00 1.9768847106e+01
98 6.0095092361e-01 5.6332372907e-02 3.9423588758e+00 1.9735278916e+01
99 6.0091411128e-01 5.6358835674e-02 3.9378810114e+00 1.9709381812e+01
100 6.0112679548e-01 5.6848609731e-02 3.8927121013e+00 1.9277224595e+01
101 6.0108963917e-01 5.6866771385e-02 3.8905460109e+00 1.9262896515e+01
102 6.0107634085e-01 5.6887563379e-02 3.8859480097e+00 1.9239637116e+01
103 6.0106339795e-01 5.6925523231e-02 3.8820602090e+00 1.9212331211e+01
104 6.0098588052e-01 5.6965582197e-02 3.8764947107e+00 1.9181188906e+01
105 6.0101257483e-01 5.6940772285e-02 3.8776418138e+00 1.9194914874e+01
106 6.0091750701e-01 5.6911427745e-02 3.8719895951e+00 1.9182057668e+01
107 6.0101830343e-01 5.6976523560e-02 3.8663338568e+00 1.9138514291e+01
108 6.0093198237e-01 5.6960234386e-02 3.8648795867e+00 1.9142605889e+01
109 6.0104848374e-01 5.7472669999e-02 3.8190251935e+00 1.8692554940e+01
110 6.0116375846e-01 5.8289129368e-02 3.8691032721e+00 1.9176035434e+01
111 6.0111584359e-01 5.8323981176e-02 3.8635925444e+00 1.9144002201e+01
112 6.0134896324e-01 5.8759401918e-02 3.8221947145e+00 1.8735658399e+01
113 6.0136799595e-01 5.8762023531e-02 3.8208170495e+00 1.8727248568e+01
114 6.0096248675e-01 5.7526740954e-02 3.8078212287e+00 1.8627232383e+01
115 6.0074938476e-01 5.6732663343e-02 3.7435590881e+00 1.8012582416e+01
116 6.0088180345e-01 5.7216537543e-02 3.7021391190e+00 1.7616570808e+01
117 6.0074846422e-01 5.7350907054e-02 3.6879436593e+00 1.7520129452e+01
118 6.0053330297e-01 5.7459839816e-02 3.6748921471e+00 1.7445680579e+01
119 6.0052879183e-01 5.7282333310e-02 3.6581150496e+00 1.7290406283e+01
120 6.0037442995e-01 5.7237447038e-02 3.6543590893e+00 1.7295292887e+01
121 6.0092134430e-01 5.8173444922e-02 3.5904221704e+00 1.6686952038e+01
122 6.0073568196e-01 5.8251149811e-02 3.5837916407e+00 1.6645066899e+01
123 6.0120389714e-01 5.9104428765e-02 3.5137062236e+00 1.5996140306e+01
124 6.0173967111e-01 6.0893056578e-02 3.5418344823e+00 1.6173104941e+01
125 6.0162000271e-01 6.1243077212e-02 3.6181437631e+00 1.6897620569e+01
126 6.0163564975e-01 6.1284987869e-02 3.6214447288e+00 1.6925511284e+01
127 6.0153690154e-01 6.0626525486e-02 3.5914311787e+00 1.6723301720e+01
128 6.0149193186e-01 6.0725364101e-02 3.5898168739e+00 1.6719715057e+01
129 6.0169619215e-01 6.1149853197e-02 3.5545739737e+00 1.6393700831e+01
130 6.0186150717e-01 6.1696811701e-02 3.5203922308e+00 1.6062396062e+01
131 6.0208304021e-01 6.2197924701e-02 3.4877496492e+00 1.5750508919e+01
132 6.0225576034e-01 6.2829423666e-02 3.5109447643e+00 1.5910085526e+01
133 6.0221310623e-01 6.2844431456e-02 3.5101967724e+00 1.5904563398e+01
134 6.0239208151e-01 6.3557863964e-02 3.5496293154e+00 1.6238712073e+01
135 6.0242519825e-01 6.4308376203e-02 3.5823687776e+00 1.6512979824e+01
136 6.0236423832e-01 6.4343626242e-02 3.5794610890e+00 1.6490809529e+01
137 6.0268129748e-01 6.4572462831e-02 3.5537716843e+00 1.6266804156e+01
138 6.0298633399e-01 6.5059864369e-02 3.5110689916e+00 1.5921177454e+01
139 6.0296414020e-01 6.5068798212e-02 3.5104310084e+00 1.5917380449e+01
140 6.0316459047e-01 6.5450840833e-02 3.4794487890e+00 1.5640551005e+01
141 6.0308144192e-01 6.5284284314e-02 3.4731105056e+00 1.5634650462e+01
142 6.0331278926e-01 6.5523552799e-02 3.4468479161e+00 1.5419294374e+01
143 6.0336906414e-01 6.5671850576e-02 3.4514575390e+00 1.5460445558e+01
144 6.0332968975e-01 6.5710493892e-02 3.4454633151e+00 1.5434616836e+01
145 6.0326640814e-01 6.5716930398e-02 3.4450519971e+00 1.5435623655e+01
146 6.0394765625e-01 6.7190584684e-02 3.4094673060e+00 1.5154486905e+01
147 6.0414482341e-01 6.7541729269e-02 3.3678004234e+00 1.4876647080e+01
148 6.0375120740e-01 6.6680146828e-02 3.3790617598e+00 1.5024762264e+01
149 6.0395802065e-01 6.7075550666e-02 3.3456957566e+00 1.4755641458e+01
150 6.0360336306e-01 6.6116248944e-02 3.3412490235e+00 1.4729886032e+01
151 6.0362886371e-01 6.6105669297e-02 3.3418701809e+00 1.4734021162e+01
152 6.0385429468e-01 6.6519246965e-02 3.3085853968e+00 1.4461317173e+01
153 6.0408979621e-01 6.6911287174e-02 3.2783609728e+00 1.4207375809e+01
154 6.0414858287e-01 6.6807738090e-02 3.2795269466e+00 1.4233704151e+01
155 6.0420337065e-01 6.6848961059e-02 3.2759704088e+00 1.4206647453e+01
156 6.0426518906e-01 6.6983872829e-02 3.2763779954e+00 1.4225065548e+01
157 6.0449257410e-01 6.7550157942e-02 3.2840353774e+00 1.4240866253e+01
158 6.0448842651e-01 6.7541798652e-02 3.2838181063e+00 1.4243973517e+01
159 6.0446438459e-01 6.7545640838e-02 3.2842769578e+00 1.4245426853e+01
160 6.0441395468e-01 6.7602633323e-02 3.2836650594e+00 1.4231538718e+01
161 6.0435720981e-01 6.7654030259e-02 3.2768096961e+00 1.4201753737e+01
162 6.0410197724e-01 6.7412460753e-02 3.2956957393e+00 1.4382577111e+01
163 6.0428771604e-01 6.7853829428e-02 3.2643147132e+00 1.4119007707e+01
164 6.0455734377e-01 6.8236767342e-02 3.2361476744e+00 1.3883225253e+01
165 6.0445631773e-01 6.8243712162e-02 3.2320052735e+00 1.3870241158e+01
166 6.0447122017e-01 6.7895673936e-02 3.1690613149e+00 1.3368854868e+01
167 6.0446095130e-01 6.7844925675e-02 3.1713898113e+00 1.3385155752e+01
168 6.0447608185e-01 6.7981997877e-02 3.1633902178e+00 1.3324155695e+01
169 6.0469132526e-01 6.8800559063e-02 3.1927381565e+00 1.3528141022e+01
170 6.0474865780e-01 6.8482218313e-02 3.1460465751e+00 1.3187144454e+01
171 6.0493680532e-01 6.8823997266e-02 3.1127023268e+00 1.2922793748e+01
172 6.0491737688e-01 6.8750349066e-02 3.1048885998e+00 1.2853159786e+01
173 6.0500327412e-01 6.8671249766e-02 3.0776331847e+00 1.2764550290e+01
174 6.0495516367e-01 6.8734309253e-02 3.0703361559e+00 1.2727434579e+01
175 6.0533695937e-01 6.9671886699e-02 3.0678603986e+00 1.2667260230e+01
176 6.0526350622e-01 6.9775957478e-02 3.0658171656e+00 1.2654310628e+01
177 6.0497359484e-01 6.9295592802e-02 3.0788862501e+00 1.2744531186e+01
178 6.0500982341e-01 6.9276434357e-02 3.0809805760e+00 1.2750217462e+01
179 6.0508742120e-01 6.9327975825e-02 3.0766310202e+00 1.2723859060e+01
180 6.0496295568e-01 6.9401956753e-02 3.0692758848e+00 1.2695702437e+01
181 6.0482466753e-01 6.8786364354e-02 3.0364221309e+00 1.2437969845e+01
182 6.0441037469e-01 6.7922641692e-02 3.0315349964e+00 1.2414003956e+01
183 6.0441580004e-01 6.7958113097e-02 3.0306692806e+00 1.2402665676e+01
184 6.0467636676e-01 6.8313133762e-02 3.0064013341e+00 1.2211005643e+01
185 6.0444704770e-01 6.7648703870e-02 2.9655061644e+00 1.1895344087e+01
186 6.0469465493e-01 6.8101022804e-02 2.9433210775e+00 1.1721135969e+01
187 6.0468193298e-01 6.8084320202e-02 2.9428874969e+00 1.1721190842e+01
188 6.0464605716e-01 6.8116629930e-02 2.9394297322e+00 1.1705888606e+01
189 6.0448897848e-01 6.8120033228e-02 2.9628517333e+00 1.1880905051e+01
190 6.0441179558e-01 6.8391912294e-02 3.0161112539e+00 1.2305699874e+01
191 6.0484628386e-01 6.9007565313e-02 2.9712576428e+00 1.1960061531e+01
192 6.0461358210e-01 6.8695092580e-02 2.9880273045e+00 1.2113837830e+01
193 6.0461507940e-01 6.8709172274e-02 2.9856799166e+00 1.2103978611e+01
194 6.0455277174e-01 6.8733672784e-02 2.9848389589e+00 1.2097767336e+01
195 6.0460250678e-01 6.8778256998e-02 2.9829649246e+00 1.2083743639e+01
196 6.0464173787e-01 6.8781078408e-02 2.9809694298e+00 1.2075064022e+01
197 6.0461350550e-01 6.8785971503e-02 2.9815234016e+00 1.2076527488e+01
198 6.0461163897e-01 6.8732476154e-02 2.9836904406e+00 1.2091366412e+01
199 6.0511976251e-01 7.0447548208e-02 3.0209781429e+00 1.2395683535e+01
200 6.0545353415e-01 7.0399284009e-02 2.9254423565e+00 1.1631255802e+01
201 6.0522606879e-01 7.0025839137e-02 2.9404745833e+00 1.1730154209e+01
202 6.0544570439e-01 7.0667002378e-02 2.9650947938e+00 1.1913800961e+01
203 6.0568036235e-01 7.1163705557e-02 2.9431405316e+00 1.1728985706e+01
204 6.0554593290e-01 7.1240518136e-02 2.9371342264e+00 1.1702809788e+01
205 6.0547643886e-01 7.1294632593e-02 2.9311419084e+00 1.1682109135e+01
206 6.0564311737e-01 7.1587531899e-02 2.9113022521e+00 1.1539242089e+01
207 6.0542639462e-01 7.1053232249e-02 2.8836017280e+00 1.1366540344e+01
208 6.0536091390e-01 7.1103089351e-02 2.8793665356e+00 1.1346058433e+01
209 6.0494666556e-01 7.0102756103e-02 2.8709004615e+00 1.1302627497e+01
210 6.0540991096e-01 7.0738994328e-02 2.8272316791e+00 1.0987846152e+01
211 6.0574558670e-01 7.1644783120e-02 2.8480766430e+00 1.1204055999e+01
212 6.0612871694e-01 7.2395668050e-02 2.8062195089e+00 1.0884206976e+01
213 6.0633840203e-01 7.2685391954e-02 2.7803609578e+00 1.0687844249e+01
214 6.0602153534e-01 7.2641043576e-02 2.8225902915e+00 1.1079898325e+01
215 6.0628562540e-01 7.2927759951e-02 2.8028858333e+00 1.0934525548e+01
216 6.0568905325e-01 7.1453765709e-02 2.7892038738e+00 1.0828762226e+01
217 6.0614236984e-01 7.2035327743e-02 2.7487384995e+00 1.0547047592e+01
218 6.0674098797e-01 7.3083422910e-02 2.7290820115e+00 1.0394699571e+01
219 6.0653181414e-01 7.2790112290e-02 2.7431256845e+00 1.0515132315e+01
220 6.0679707211e-01 7.3096989715e-02 2.7238690793e+00 1.0376343338e+01
221 6.0673676594e-01 7.3148468194e-02 2.7193678173e+00 1.0357152488e+01
222 6.0709861590e-01 7.4031718363e-02 2.7177885057e+00 1.0346375687e+01
223 6.0712323662e-01 7.3977759234e-02 2.7173684840e+00 1.0348427774e+01
224 6.0710284748e-01 7.3982674332e-02 2.7175779186e+00 1.0348703586e+01
225 6.0710544399e-01 7.3929659133e-02 2.7176222525e+00 1.0354623563e+01
226 6.0727067745e-01 7.4324105694e-02 2.7023784504e+00 1.0224618260e+01
227 6.0740632148e-01 7.5026299597e-02 2.7432452379e+00 1.0553867396e+01
228 6.0763756196e-01 7.5235073949e-02 2.7254468263e+00 1.0438525778e+01
229 6.0787222414e-01 7.5534945179e-02 2.7063483118e+00 1.0303742135e+01
230 6.0731938990e-01 7.4910952745e-02 2.7414005460e+00 1.0570006624e+01
231 6.0726823087e-01 7.4802349579e-02 2.7422747449e+00 1.0589387054e+01
232 6.0724838411e-01 7.4883583668e-02 2.7406828499e+00 1.0570661818e+01
233 6.0712044081e-01 7.5030281589e-02 2.7377984355e+00 1.0562498635e+01
234 6.0708659624e-01 7.4914852167e-02 2.7350847599e+00 1.0555009635e+01
235 6.0704108423e-01 7.4937555716e-02 2.7338901774e+00 1.0549364612e+01
236 6.0714343199e-01 7.5483038293e-02 2.7394367259e+00 1.0568305101e+01
237 6.0738227107e-01 7.5792723277e-02 2.7270376759e+00 1.0492562931e+01
238 6.0695886202e-01 7.5074173886e-02 2.7315599513e+00 1.0554650349e+01
239 6.0693980547e-01 7.5062860345e-02 2.7292110931e+00 1.0551047841e+01
240 6.0680115084e-01 7.4578343759e-02 2.7135528946e+00 1.0484381422e+01
241 6.0658116746e-01 7.4304385857e-02 2.7292566097e+00 1.0608070417e+01
242 6.0661101438e-01 7.4301361180e-02 2.7285935754e+00 1.0605199155e+01
243 6.0687803555e-01 7.4498808662e-02 2.7083786594e+00 1.0481647306e+01
244 6.0691539876e-01 7.4504103458e-02 2.7062404976e+00 1.0473290894e+01
245 6.0681340137e-01 7.4561369088e-02 2.7044698736e+00 1.0461250053e+01
246 6.0658324756e-01 7.4084798509e-02 2.6746132645e+00 1.0296179750e+01
247 6.0653845027e-01 7.3947702289e-02 2.6695316388e+00 1.0263729121e+01
248 6.0671051868e-01 7.4267849851e-02 2.6503756629e+00 1.0129819359e+01
249 6.0682205608e-01 7.4950342708e-02 2.6829223490e+00 1.0357183556e+01
250 6.0649381942e-01 7.4087619675e-02 2.6771959503e+00 1.0345040728e+01
251 6.0643653228e-01 7.4176055741e-02 2.6850970134e+00 1.0441034347e+01
252 6.0678824379e-01 7.4726461189e-02 2.6338055470e+00 1.0063498517e+01
253 6.0680236690e-01 7.4731334264e-02 2.6323503335e+00 1.0057440772e+01
254 6.0715094847e-01 7.5621211047e-02 2.6389247571e+00 1.0106192474e+01
255 6.0773128822e-01 7.6580744969e-02 2.5811246514e+00 9.7176434904e+00
256 6.0730516780e-01 7.5440100379e-02 2.5438809625e+00 9.4325343669e+00
257 6.0742327448e-01 7.5576277010e-02 2.5473262416e+00 9.4573263781e+00
258 6.0741578330e-01 7.5590463666e-02 2.5459174817e+00 9.4514513587e+00
259 6.0739070839e-01 7.5578804357e-02 2.5452852651e+00 9.4508194221e+00
260 6.0749587179e-01 7.6182998691e-02 2.5705825506e+00 9.6309174915e+00
261 6.0743100768e-01 7.6209198361e-02 2.5699695477e+00 9.6267566271e+00
262 6.0738096001e-01 7.6223895247e-02 2.5696629568e+00 9.6270695234e+00
263 6.0725112097e-01 7.6289375707e-02 2.5665480264e+00 9.6130234577e+00
264 6.0721020167e-01 7.6322424864e-02 2.5660524439e+00 9.6091886071e+00
265 6.0764846616e-01 7.6911265522e-02 2.5315376584e+00 9.3765336571e+00
266 6.0787838073e-01 7.7206218870e-02 2.5063494518e+00 9.2067404055e+00
267 6.0790399067e-01 7.7217231099e-02 2.5096602133e+00 9.2300052808e+00
268 6.0821749211e-01 7.8209423086e-02 2.5209663755e+00 9.2956354531e+00
269 6.0852180790e-01 7.8478647241e-02 2.5044345499e+00 9.1882011395e+00
270 6.0812265373e-01 7.7800385026e-02 2.5090014532e+00 9.2393394018e+00
271 6.0842208858e-01 7.8773180245e-02 2.5304391074e+00 9.3424582666e+00
272 6.0846605022e-01 7.8807616942e-02 2.5258130053e+00 9.3206968100e+00
273 6.0846118517e-01 7.8946872751e-02 2.5315287321e+00 9.3595997451e+00
274 6.0823504085e-01 7.8858845636e-02 2.5600720595e+00 9.6059754028e+00
275 6.0811206245e-01 7.9112341313e-02 2.5870480558e+00 9.7846574432e+00
276 6.0833693734e-01 7.9403507734e-02 2.5671393059e+00 9.6621096360e+00
277 6.0839954168e-01 8.0072235556e-02 2.5981367947e+00 9.8613572037e+00
278 6.0849836416e-01 8.0647903489e-02 2.6162130092e+00 9.9612161846e+00
279 6.0842643702e-01 8.0665096842e-02 2.6080484847e+00 9.9091648817e+00
280 6.0874010059e-01 8.1560578580e-02 2.6071335883e+00 9.8808240812e+00
281 6.0907802872e-01 8.2316787887e-02 2.5949572606e+00 9.7740503274e+00
282 6.0913341598e-01 8.2093860291e-02 2.5626658942e+00 9.5702934239e+00
283 6.0938284330e-01 8.2548974708e-02 2.5412807842e+00 9.4285136360e+00
284 6.0931933782e-01 8.2564061599e-02 2.5377920415e+00 9.4263422341e+00
285 6.0931333100e-01 8.2608046681e-02 2.5375080107e+00 9.4214434068e+00
286 6.0887646799e-01 8.1655831259e-02 2.5333552925e+00 9.4148741553e+00
287 6.0818060169e-01 8.0554588754e-02 2.5350933764e+00 9.4531715579e+00
288 6.0821233468e-01 8.0598116170e-02 2.5306514532e+00 9.4335070319e+00
289 6.0849563930e-01 8.0799367992e-02 2.5151355012e+00 9.3358431045e+00
290 6.0840319165e-01 8.0746635996e-02 2.5184779554e+00 9.3579513983e+00
291 6.0854325622e-01 8.1180603286e-02 2.4984008819e+00 9.2228243160e+00
292 6.0850682911e-01 8.1195167514e-02 2.4931730832e+00 9.2063089930e+00
293 6.0856209838e-01 8.1181796338e-02 2.4926407101e+00 9.2054239417e+00
294 6.0854933205e-01 8.1196488729e-02 2.4916593386e+00 9.2003396143e+00
295 6.0854255591e-01 8.1233508099e-02 2.4916556793e+00 9.1931444863e+00
296 6.0849479716e-01 8.1300098641e-02 2.4966352381e+00 9.2379448201e+00
297 6.0875281953e-01 8.1509610847e-02 2.4838723131e+00 9.1469904495e+00
298 6.0891089222e-01 8.1693253401e-02 2.4668126144e+00 9.0563501270e+00
299 6.0909935369e-01 8.1965556458e-02 2.4486007861e+00 8.9534090349e+00
300 6.0817344675e-01 8.0276464221e-02 2.4294870201e+00 8.8670417605e+00
301 6.0838641799e-01 8.0717930777e-02 2.4175827087e+00 8.7623102543e+00
302 6.0834298524e-01 8.0750952374e-02 2.4147542177e+00 8.7558124252e+00
303 6.0883477848e-01 8.1344659701e-02 2.3666721912e+00 8.4032617135e+00
304 6.0885536860e-01 8.1291902374e-02 2.3674812230e+00 8.4153405022e+00
305 6.0904235941e-01 8.1517512226e-02 2.3580465923e+00 8.3665775011e+00
306 6.0897550557e-01 8.1545915932e-02 2.3573822373e+00 8.3631498802e+00
307 6.0892515037e-01 8.1664073513e-02 2.3590526511e+00 8.3816557965e+00
308 6.0912586705e-01 8.2320718381e-02 2.3868995291e+00 8.5883703989e+00
309 6.0938366816e-01 8.3159742157e-02 2.3876750536e+00 8.5694416515e+00
310 6.0938875028e-01 8.3323592271e-02 2.3826408473e+00 8.5365012380e+00
311 6.0942258230e-01 8.3492823162e-02 2.3594492623e+00 8.3626517298e+00
312 6.0974537554e-01 8.4368360186e-02 2.3564527599e+00 8.3096984724e+00
313 6.0932480276e-01 8.3940496683e-02 2.3954195624e+00 8.5677692503e+00
314 6.0883043129e-01 8.3324818459e-02 2.3926998002e+00 8.5817069601e+00
315 6.0923234050e-01 8.3766662065e-02 2.3632727596e+00 8.4120496930e+00
316 6.0925072171e-01 8.3756944586e-02 2.3637379978e+00 8.4136846977e+00
317 6.0936191166e-01 8.3999735231e-02 2.3521408798e+00 8.3352430530e+00
318 6.0973187974e-01 8.4395364351e-02 2.3154760787e+00 8.1047871565e+00
319 6.0968346496e-01 8.4448016447e-02 2.3107606612e+00 8.0941016213e+00
320 6.0961358308e-01 8.4467900122e-02 2.3109376658e+00 8.0945394363e+00
321 6.0959477234e-01 8.4470147912e-02 2.3109478583e+00 8.0966194271e+00
322 6.0931499879e-01 8.4133499930e-02 2.3242283026e+00 8.1869712889e+00
323 6.0904519481e-01 8.3701251555e-02 2.3065023510e+00 8.0951278262e+00
324 6.0883600951e-01 8.3136990858e-02 2.2837327741e+00 7.9638603283e+00
325 6.0846833575e-01 8.2397254245e-02 2.2794236766e+00 7.9543784816e+00
326 6.0858075119e-01 8.2977929097e-02 2.3058763612e+00 8.1319973133e+00
327 6.0834203785e-01 8.2487631581e-02 2.2861072514e+00 8.0208085158e+00
328 6.0833324664e-01 8.1723064625e-02 2.2268583631e+00 7.6524731108e+00
329 6.0860399953e-01 8.1775917946e-02 2.2010710726e+00 7.5390246166e+00
330 6.0855251270e-01 8.1692623710e-02 2.2005749996e+00 7.5386601511e+00
331 6.0844971418e-01 8.1716197912e-02 2.1998047821e+00 7.5373026483e+00
332 6.0850330551e-01 8.1770186641e-02 2.2017768899e+00 7.5390472198e+00
333 6.0849238970e-01 8.1816049327e-02 2.1984792987e+00 7.5279860861e+00
334 6.0885192859e-01 8.2850807446e-02 2.2073280880e+00 7.5985677924e+00
335 6.0889289076e-01 8.2975424846e-02 2.2079401409e+00 7.6057413851e+00
336 6.0884322824e-01 8.3019020134e-02 2.2081416362e+00 7.6167970813e+00
337 6.0905118714e-01 8.3269396796e-02 2.1951077422e+00 7.5389754141e+00
338 6.0905430519e-01 8.3347671534e-02 2.1946608372e+00 7.5318411352e+00
339 6.0924783662e-01 8.3623559559e-02 2.1828352918e+00 7.4571313132e+00
340 6.0937772082e-01 8.3817320784e-02 2.1704436910e+00 7.3923794562e+00
341 6.0967470608e-01 8.4122158627e-02 2.1623080814e+00 7.3190460826e+00
342 6.0970367280e-01 8.4138826295e-02 2.1566531901e+00 7.2915257810e+00
343 6.0990208946e-01 8.4405612758e-02 2.1418947264e+00 7.2121070839e+00
344 6.0991335229e-01 8.4454833990e-02 2.1403892161e+00 7.2054336951e+00
345 6.0971906665e-01 8.4215259959e-02 2.1526506113e+00 7.2767592144e+00
346 6.0934450959e-01 8.3441002463e-02 2.1451493704e+00 7.2456463554e+00
347 6.0945502823e-01 8.4045327966e-02 2.1602475661e+00 7.3489295712e+00
348 6.0961603702e-01 8.4268568148e-02 2.1480552255e+00 7.2788028516e+00
349 6.0958617468e-01 8.4114618645e-02 2.1363197848e+00 7.1943165650e+00
350 6.0956191949e-01 8.4045530048e-02 2.1307392917e+00 7.1495392002e+00
351 6.0999625665e-01 8.4552044074e-02 2.1068154499e+00 7.0092346798e+00
352 6.1069920753e-01 8.5181673890e-02 2.0654089253e+00 6.8055559187e+00
353 6.1066575436e-01 8.5137907114e-02 2.0644567039e+00 6.8053991724e+00
354 6.1078586168e-01 8.5610796249e-02 2.0495355885e+00 6.7249752375e+00
355 6.1057077237e-01 8.5434797272e-02 2.0643350399e+00 6.8184841770e+00
356 6.1076145044e-01 8.6094994489e-02 2.0984184710e+00 7.0609308402e+00
357 6.1078794158e-01 8.6128829416e-02 2.0947743303e+00 7.0476497320e+00
358 6.1091845054e-01 8.6683297473e-02 2.1240762082e+00 7.2505637891e+00
359 6.1089645777e-01 8.6616442766e-02 2.1238429130e+00 7.2558977744e+00
360 6.1097398805e-01 8.6546271443e-02 2.1253499273e+00 7.2646482918e+00
361 6.1103797408e-01 8.6624986019e-02 2.1234020746e+00 7.2566353173e+00
362 6.1125416053e-01 8.6843715660e-02 2.1100785575e+00 7.1851309232e+00
363 6.1102359299e-01 8.6598259001e-02 2.1169914855e+00 7.2414141041e+00
364 6.1056832493e-01 8.5847837435e-02 2.1117785163e+00 7.2190090175e+00
365 6.1064030017e-01 8.5894691513e-02 2.1127454537e+00 7.2259172906e+00
