1 5.9282947138e-01 1.1102230246e-16 1.0000000000e+00 1.0000000000e+00
2 5.9321778959e-01 1.0800142862e-02 1.9695851659e+01 4.3091085896e+02
3 5.9377221830e-01 1.5065472497e-02 1.4517435498e+01 2.2517753560e+02
4 5.9373876623e-01 1.5101026185e-02 1.4416194441e+01 2.2320034461e+02
5 5.9400974212e-01 1.6794648205e-02 1.3067843639e+01 1.8145881125e+02
6 5.9395409732e-01 1.6925049051e-02 1.2749321163e+01 1.7618475771e+02
7 5.9412051145e-01 1.8534526987e-02 1.1614992505e+01 1.4659830365e+02
8 5.9403194921e-01 1.8643513103e-02 1.1404438812e+01 1.4347197357e+02
9 5.9427049588e-01 2.0047605927e-02 1.0678304732e+01 1.2464268528e+02
10 5.9424839803e-01 2.0113878657e-02 1.0561492567e+01 1.2309197904e+02
11 5.9412128945e-01 2.0261607210e-02 1.0319324974e+01 1.1987509725e+02
12 5.9412010585e-01 2.0278350212e-02 1.0293672219e+01 1.1948253350e+02
13 5.9431788250e-01 2.1793620832e-02 9.6650430624e+00 1.0499114326e+02
14 5.9451464725e-01 2.3067198981e-02 9.1239470770e+00 9.3495703135e+01
15 5.9476716785e-01 2.4234786087e-02 8.7029125851e+00 8.4663477826e+01
16 5.9471170921e-01 2.4356520861e-02 8.5630390337e+00 8.3098358072e+01
17 5.9496273182e-01 2.5446755536e-02 8.2224488231e+00 7.6230562737e+01
18 5.9555777176e-01 2.9130065747e-02 8.2001104478e+00 7.7741182095e+01
19 5.9559882540e-01 2.9133970113e-02 8.1951626019e+00 7.7648393861e+01
20 5.9647319619e-01 3.2520029326e-02 7.1696457698e+00 5.8771757560e+01
21 5.9664570380e-01 3.3928194715e-02 7.4183975089e+00 6.3460958870e+01
22 5.9663953883e-01 3.3930703150e-02 7.4171909814e+00 6.3447624772e+01
23 5.9667407886e-01 3.3973428710e-02 7.3860262508e+00 6.3100771354e+01
24 5.9695362548e-01 3.4792868170e-02 7.1541815940e+00 5.9163313727e+01
25 5.9706954720e-01 3.5579940624e-02 6.9434444304e+00 5.5719485723e+01
26 5.9708064215e-01 3.5568321635e-02 6.9304207830e+00 5.5619141642e+01
27 5.9698730962e-01 3.5654909732e-02 6.8807982556e+00 5.5163315359e+01
28 5.9747869607e-01 3.7199501969e-02 6.5301039764e+00 4.9466080668e+01
29 5.9747559143e-01 3.7242691419e-02 6.5232167209e+00 4.9376210548e+01
30 5.9741054421e-01 3.7297498261e-02 6.4959980746e+00 4.9137614152e+01
31 5.9761487225e-01 3.7997068620e-02 6.3448009198e+00 4.6783320211e+01
32 5.9769365779e-01 3.8014984895e-02 6.3306752934e+00 4.6643732148e+01
33 5.9790289876e-01 3.8741487786e-02 6.1659253932e+00 4.4313039402e+01
34 5.9781811680e-01 3.8805952459e-02 6.1387278237e+00 4.4076698884e+01
35 5.9807285569e-01 3.9507899274e-02 5.9762761321e+00 4.1895156045e+01
36 5.9794702018e-01 3.9586746132e-02 5.9477359953e+00 4.1640840585e+01
37 5.9819300410e-01 4.0285799353e-02 5.8082887700e+00 3.9708671732e+01
38 5.9812421087e-01 4.0356037425e-02 5.7794539204e+00 3.9476005474e+01
39 5.9884087317e-01 4.2313373515e-02 5.4578913223e+00 3.5008068902e+01
40 5.9907455826e-01 4.3022729796e-02 5.3462985314e+00 3.3600489070e+01
41 5.9901393106e-01 4.3181807148e-02 5.3128792580e+00 3.3330336668e+01
42 5.9909419741e-01 4.2717775453e-02 5.0792247482e+00 3.0116744208e+01
43 5.9946403548e-01 4.4568434809e-02 5.1416426742e+00 3.1082133420e+01
44 5.9969157128e-01 4.5156345859e-02 5.0528325352e+00 3.0024958654e+01
45 5.9969897011e-01 4.5192081577e-02 5.0384309318e+00 2.9929409217e+01
46 5.9998409914e-01 4.5793576171e-02 4.9428630654e+00 2.8859787733e+01
47 5.9994217263e-01 4.5732645967e-02 4.9356632015e+00 2.8840978910e+01
48 5.9990075445e-01 4.5754701802e-02 4.9302221236e+00 2.8804122090e+01
49 5.9983586300e-01 4.5685327101e-02 4.9131480338e+00 2.8771888466e+01
50 6.0000081364e-01 4.6259438238e-02 4.8290291140e+00 2.7825869933e+01
51 6.0048575715e-01 4.7264195437e-02 4.6822543725e+00 2.6188320427e+01
52 6.0048082217e-01 4.7289923781e-02 4.6746557814e+00 2.6133782148e+01
53 6.0073119282e-01 4.7817584385e-02 4.6035285742e+00 2.5355470341e+01
54 6.0085631758e-01 4.8377231793e-02 4.5299119672e+00 2.4588012618e+01
55 6.0101606030e-01 4.8967420453e-02 4.4495930082e+00 2.3820961973e+01
56 6.0089628020e-01 4.9040129028e-02 4.4339620957e+00 2.3726841646e+01
57 6.0134750499e-01 4.9939911666e-02 4.3194722181e+00 2.2529248220e+01
58 6.0159585895e-01 5.0495180668e-02 4.2448278910e+00 2.1833308310e+01
59 6.0183561131e-01 5.1028011733e-02 4.1898232948e+00 2.1259418299e+01
60 6.0177531380e-01 5.1065237854e-02 4.1826857464e+00 2.1219057932e+01
61 6.0212316535e-01 5.2398384196e-02 4.1983179009e+00 2.1470855946e+01
62 6.0235849975e-01 5.2882982848e-02 4.1468220922e+00 2.0943853208e+01
63 6.0253512966e-01 5.3270434421e-02 4.0960447036e+00 2.0470011413e+01
64 6.0246983025e-01 5.3333946714e-02 4.0821092511e+00 2.0396169483e+01
65 6.0247045547e-01 5.3350663105e-02 4.0777140641e+00 2.0370801884e+01
66 6.0241850834e-01 5.3549775077e-02 4.0623899267e+00 2.0275627515e+01
67 6.0242068523e-01 5.3499703371e-02 4.0607600353e+00 2.0275966042e+01
68 6.0241546192e-01 5.3467864246e-02 4.0506469191e+00 2.0239614587e+01
69 6.0252573218e-01 5.3467365000e-02 4.0454206994e+00 2.0206294805e+01
70 6.0278307462e-01 5.4032330515e-02 3.9882250720e+00 1.9663247964e+01
71 6.0303742460e-01 5.4557239767e-02 3.9402911826e+00 1.9193151436e+01
72 6.0304972208e-01 5.4569646215e-02 3.9367348701e+00 1.9172322835e+01
73 6.0303952977e-01 5.4600149956e-02 3.9294786848e+00 1.9133769810e+01
74 6.0333190609e-01 5.5052797106e-02 3.8835263994e+00 1.8697384447e+01
75 6.0367780062e-01 5.6025296218e-02 3.7886806899e+00 1.7849088163e+01
76 6.0405317021e-01 5.6948249742e-02 3.7144148312e+00 1.7134601832e+01
77 6.0426510849e-01 5.7765403021e-02 3.7795626652e+00 1.7827376941e+01
78 6.0441575454e-01 5.8204023353e-02 3.7408604828e+00 1.7467686129e+01
79 6.0432010248e-01 5.8269719321e-02 3.7308107967e+00 1.7415834393e+01
80 6.0458317446e-01 5.8729194180e-02 3.6835610209e+00 1.7013747102e+01
81 6.0527956792e-01 6.0180237989e-02 3.6345989764e+00 1.6554415110e+01
82 6.0527455554e-01 6.0078104850e-02 3.6349336077e+00 1.6578325446e+01
83 6.0595727564e-01 6.2423504911e-02 3.6493215003e+00 1.6743804771e+01
84 6.0594138978e-01 6.2381962432e-02 3.6501816994e+00 1.6759616558e+01
85 6.0576139381e-01 6.2041980292e-02 3.6820621167e+00 1.7048556999e+01
86 6.0588343002e-01 6.2575175602e-02 3.6348543227e+00 1.6666831752e+01
87 6.0588744242e-01 6.2574287587e-02 3.6350941089e+00 1.6666412476e+01
88 6.0586386930e-01 6.2600878936e-02 3.6306708239e+00 1.6644501773e+01
89 6.0587810134e-01 6.2722284251e-02 3.6272905125e+00 1.6604538746e+01
90 6.0565735658e-01 6.1997646910e-02 3.5759040326e+00 1.6121982108e+01
91 6.0545594007e-01 6.1349018846e-02 3.5499687610e+00 1.5964062017e+01
92 6.0553615192e-01 6.1344804301e-02 3.5470080630e+00 1.5949819291e+01
93 6.0577867637e-01 6.1601175016e-02 3.5142898288e+00 1.5697136027e+01
94 6.0586297367e-01 6.2292594176e-02 3.5434240867e+00 1.5976681051e+01
95 6.0637912858e-01 6.3013214879e-02 3.4846624462e+00 1.5456990652e+01
96 6.0635171753e-01 6.3011659424e-02 3.4832903074e+00 1.5452557818e+01
97 6.0653126596e-01 6.3551972594e-02 3.4547945801e+00 1.5271818157e+01
98 6.0649629585e-01 6.3580546168e-02 3.4507217871e+00 1.5253111622e+01
99 6.0625601996e-01 6.3269531722e-02 3.4808208391e+00 1.5504354256e+01
100 6.0615645347e-01 6.2410072431e-02 3.4244308972e+00 1.4941202278e+01
101 6.0645105409e-01 6.2824739366e-02 3.3907449179e+00 1.4659475458e+01
102 6.0645982271e-01 6.3533730807e-02 3.4109508045e+00 1.4870733557e+01
103 6.0665401702e-01 6.3922945152e-02 3.3824341557e+00 1.4620745989e+01
104 6.0681251065e-01 6.4334035835e-02 3.3488543978e+00 1.4353446849e+01
105 6.0683450760e-01 6.4343266276e-02 3.3464018179e+00 1.4340685438e+01
106 6.0704184683e-01 6.4729868757e-02 3.3153654964e+00 1.4089920076e+01
107 6.0727555113e-01 6.5102055242e-02 3.2829634408e+00 1.3840752724e+01
108 6.0751385413e-01 6.5463614139e-02 3.2551500271e+00 1.3614019163e+01
109 6.0759007408e-01 6.6095049702e-02 3.2875378061e+00 1.3911036418e+01
110 6.0735859600e-01 6.5490842926e-02 3.2536203999e+00 1.3652699649e+01
111 6.0726464271e-01 6.5566231905e-02 3.2470351622e+00 1.3620989144e+01
112 6.0751558465e-01 6.6041724866e-02 3.2159161818e+00 1.3366232834e+01
113 6.0748634000e-01 6.6056653698e-02 3.2149751180e+00 1.3359655004e+01
114 6.0770763514e-01 6.6506503772e-02 3.1861608855e+00 1.3127840464e+01
115 6.0766880354e-01 6.6530046635e-02 3.1840988776e+00 1.3116967530e+01
116 6.0732209285e-01 6.5191354291e-02 3.0962323747e+00 1.2328600178e+01
117 6.0774966916e-01 6.5899100637e-02 3.0442729368e+00 1.1945188825e+01
118 6.0731016253e-01 6.4915159659e-02 3.0308618601e+00 1.1797181782e+01
119 6.0757661862e-01 6.5278705359e-02 3.0087418535e+00 1.1627875002e+01
120 6.0780096815e-01 6.5640292170e-02 2.9855394307e+00 1.1454021104e+01
121 6.0777439219e-01 6.5703207232e-02 2.9762336190e+00 1.1418123046e+01
122 6.0755694378e-01 6.5247837797e-02 2.9950997492e+00 1.1577529329e+01
123 6.0775692691e-01 6.5842165069e-02 3.0382815055e+00 1.1923875721e+01
124 6.0772488329e-01 6.5868115263e-02 3.0355681897e+00 1.1911583847e+01
125 6.0817960246e-01 6.6596417183e-02 2.9835728391e+00 1.1540239287e+01
126 6.0823940005e-01 6.6653758770e-02 2.9788717039e+00 1.1518032102e+01
127 6.0815519777e-01 6.6605432017e-02 2.9764748608e+00 1.1519939555e+01
128 6.0895621466e-01 6.9560831014e-02 3.0823962482e+00 1.2455115104e+01
129 6.0851492321e-01 6.8926450567e-02 3.0787475741e+00 1.2431551181e+01
130 6.0893877920e-01 6.9689174647e-02 3.0241527618e+00 1.2032605421e+01
131 6.0942339298e-01 7.0352985291e-02 2.9772643244e+00 1.1682859577e+01
132 6.0967187126e-01 7.0617936050e-02 2.9549044855e+00 1.1528126400e+01
133 6.1028784499e-01 7.1836507965e-02 2.9379520562e+00 1.1418429787e+01
134 6.1052758567e-01 7.2149902163e-02 2.9179637318e+00 1.1269367876e+01
135 6.1074946463e-01 7.2497312868e-02 2.8931810602e+00 1.1100941208e+01
136 6.1037051407e-01 7.1467441905e-02 2.8809972735e+00 1.0982721874e+01
137 6.1026649383e-01 7.1527046192e-02 2.8764581953e+00 1.0964609495e+01
138 6.1020878697e-01 7.1573429909e-02 2.8715840916e+00 1.0947604431e+01
139 6.1025869269e-01 7.1598657738e-02 2.8699763627e+00 1.0935619150e+01
140 6.1020576008e-01 7.1609841614e-02 2.8709752906e+00 1.0936836711e+01
141 6.1056839538e-01 7.2768882615e-02 2.8808611610e+00 1.1038677191e+01
142 6.1096311356e-01 7.3639280249e-02 2.8817237855e+00 1.1069825444e+01
143 6.1038406926e-01 7.2412334619e-02 2.8993664335e+00 1.1196545104e+01
144 6.1099968864e-01 7.3211083168e-02 2.8365650463e+00 1.0769864113e+01
145 6.1123316052e-01 7.3470860141e-02 2.8164606953e+00 1.0634456973e+01
146 6.1095801324e-01 7.3172225462e-02 2.8311055832e+00 1.0765578186e+01
147 6.1127224153e-01 7.3780238546e-02 2.8151436549e+00 1.0623898493e+01
148 6.1119257208e-01 7.3831460443e-02 2.8024768238e+00 1.0526329994e+01
149 6.1156602866e-01 7.4503293099e-02 2.7612511195e+00 1.0243896435e+01
150 6.1138799833e-01 7.4307677234e-02 2.7821751774e+00 1.0392285868e+01
151 6.1189060021e-01 7.4983683077e-02 2.7432902886e+00 1.0115658429e+01
152 6.1215791362e-01 7.5237283969e-02 2.7205427143e+00 9.9697592428e+00
153 6.1227374340e-01 7.5190253985e-02 2.7112637762e+00 9.9055523523e+00
154 6.1229602116e-01 7.5195954244e-02 2.7144660680e+00 9.9101643194e+00
155 6.1187693366e-01 7.4471230840e-02 2.7179141530e+00 9.9460503347e+00
156 6.1143316633e-01 7.3982222712e-02 2.7519765089e+00 1.0178992320e+01
157 6.1143645845e-01 7.3983401853e-02 2.7516369787e+00 1.0177946021e+01
158 6.1166531006e-01 7.4421953793e-02 2.7287844600e+00 1.0023937420e+01
159 6.1189242037e-01 7.4742110412e-02 2.7039762903e+00 9.8761181026e+00
160 6.1190460160e-01 7.4743522323e-02 2.7033327114e+00 9.8735476146e+00
161 6.1166906813e-01 7.4526970998e-02 2.7216533952e+00 9.9907416993e+00
162 6.1211961940e-01 7.5253422887e-02 2.6824298974e+00 9.7228646103e+00
163 6.1227429258e-01 7.5731593691e-02 2.6864109251e+00 9.7434444884e+00
164 6.1212283254e-01 7.5113970666e-02 2.6690070772e+00 9.6306348771e+00
165 6.1161332367e-01 7.4211015641e-02 2.6480888048e+00 9.4788421211e+00
166 6.1177337610e-01 7.4804903111e-02 2.6754977368e+00 9.6892055848e+00
167 6.1173286589e-01 7.4866774040e-02 2.6717245520e+00 9.6717621001e+00
168 6.1205734663e-01 7.5930488273e-02 2.6860560848e+00 9.8024380389e+00
169 6.1192689621e-01 7.5356663628e-02 2.6584336616e+00 9.5962993803e+00
170 6.1256218173e-01 7.6350628489e-02 2.6004451042e+00 9.2243660671e+00
171 6.1292119037e-01 7.7000787750e-02 2.5629138090e+00 8.9899650373e+00
172 6.1279085589e-01 7.7184540615e-02 2.6018361963e+00 9.2644174485e+00
173 6.1281038311e-01 7.7218679127e-02 2.6016863521e+00 9.2606367116e+00
174 6.1265871282e-01 7.7600293998e-02 2.6299818589e+00 9.4480122882e+00
175 6.1308009145e-01 7.8206699965e-02 2.5936800827e+00 9.2164284680e+00
176 6.1258311534e-01 7.7774985734e-02 2.6240332264e+00 9.4098910738e+00
177 6.1272031868e-01 7.8405925567e-02 2.6487644364e+00 9.5854117081e+00
178 6.1285305407e-01 7.9002742825e-02 2.6629545036e+00 9.6891602164e+00
179 6.1281439642e-01 7.9104985055e-02 2.6671299019e+00 9.7297754355e+00
180 6.1287292997e-01 7.9056934433e-02 2.6670278411e+00 9.7344830891e+00
181 6.1282009624e-01 7.9035837062e-02 2.6678191165e+00 9.7404632390e+00
182 6.1279643513e-01 7.9074634688e-02 2.6676339950e+00 9.7515186251e+00
183 6.1279508255e-01 7.9086590193e-02 2.6661555335e+00 9.7460839921e+00
184 6.1277559034e-01 7.9114674912e-02 2.6630253334e+00 9.7335988772e+00
185 6.1369434860e-01 8.0467474033e-02 2.5967059103e+00 9.2784273312e+00
186 6.1384295238e-01 8.1047007364e-02 2.6185629010e+00 9.4257020135e+00
187 6.1346694526e-01 8.0136317312e-02 2.6158653750e+00 9.4000934272e+00
188 6.1330959882e-01 7.9768638188e-02 2.6308428326e+00 9.5126154197e+00
189 6.1285360254e-01 7.8996675375e-02 2.6260009865e+00 9.4888744961e+00
190 6.1282239113e-01 7.9211450769e-02 2.6250501836e+00 9.4631360186e+00
191 6.1283881068e-01 7.9233922429e-02 2.6214034145e+00 9.4511445159e+00
192 6.1282064953e-01 7.9277714315e-02 2.6206168464e+00 9.4435004925e+00
193 6.1337546415e-01 7.9893055004e-02 2.5845143654e+00 9.2090591009e+00
194 6.1319036417e-01 7.9398452178e-02 2.5631440475e+00 9.0773736581e+00
195 6.1320958127e-01 7.9391114286e-02 2.5632572560e+00 9.0781545613e+00
196 6.1337934650e-01 7.9699953987e-02 2.5457311610e+00 8.9673311140e+00
197 6.1313913709e-01 7.9166417275e-02 2.5196819051e+00 8.7844551087e+00
198 6.1338144964e-01 7.9385090451e-02 2.5035534898e+00 8.6907230342e+00
199 6.1383512417e-01 7.9994602820e-02 2.4771201293e+00 8.5430697836e+00
200 6.1333687944e-01 7.9266607185e-02 2.4775686956e+00 8.5401242153e+00
201 6.1364874520e-01 8.0203283611e-02 2.4840871771e+00 8.6051249330e+00
202 6.1361140874e-01 8.0220700151e-02 2.4832749432e+00 8.6031403436e+00
203 6.1358349585e-01 8.0235255398e-02 2.4840212315e+00 8.6062154107e+00
204 6.1306994824e-01 7.9306898014e-02 2.4749704461e+00 8.5376171343e+00
205 6.1331743988e-01 7.9650289166e-02 2.4629914822e+00 8.4733345259e+00
206 6.1328773583e-01 7.9674479588e-02 2.4612747557e+00 8.4672366667e+00
207 6.1339373827e-01 8.0388577700e-02 2.4871419930e+00 8.6866030330e+00
208 6.1351441092e-01 8.1019134520e-02 2.5011748929e+00 8.7680407383e+00
209 6.1318161498e-01 8.0650128600e-02 2.5160690388e+00 8.8814381613e+00
210 6.1315370754e-01 8.0658489767e-02 2.5146922584e+00 8.8815383830e+00
211 6.1306901465e-01 8.0642769234e-02 2.5146033016e+00 8.8835612699e+00
212 6.1298587075e-01 8.0680139320e-02 2.5134094670e+00 8.8781818818e+00
213 6.1314749542e-01 8.1262767590e-02 2.5373187068e+00 9.0496334750e+00
214 6.1339540856e-01 8.1623436279e-02 2.5191950957e+00 8.9331560097e+00
215 6.1296446106e-01 8.0747089535e-02 2.5123950388e+00 8.8839339511e+00
216 6.1293620874e-01 8.0743313475e-02 2.5124706282e+00 8.8850613111e+00
217 6.1291727544e-01 8.0746796169e-02 2.5120873314e+00 8.8830998609e+00
218 6.1308924676e-01 8.1149912501e-02 2.4940693956e+00 8.7662523649e+00
219 6.1356516211e-01 8.1685333712e-02 2.4641505157e+00 8.5752720776e+00
220 6.1380202185e-01 8.1998707833e-02 2.4480250222e+00 8.4731126275e+00
221 6.1381106573e-01 8.2008700533e-02 2.4466611784e+00 8.4679870612e+00
222 6.1378899970e-01 8.1945143505e-02 2.4477287118e+00 8.4812684200e+00
223 6.1382688265e-01 8.1982004300e-02 2.4480549538e+00 8.4822019055e+00
224 6.1386729635e-01 8.1998534671e-02 2.4446286877e+00 8.4709738124e+00
225 6.1366986274e-01 8.2040934836e-02 2.4389919936e+00 8.4580020610e+00
226 6.1377820392e-01 8.2500742884e-02 2.4620362333e+00 8.6220187941e+00
227 6.1481184985e-01 8.4268390279e-02 2.4268231232e+00 8.4482820066e+00
228 6.1481767089e-01 8.4266807752e-02 2.4267683326e+00 8.4482401140e+00
229 6.1538052138e-01 8.5438177975e-02 2.4100611683e+00 8.3561851705e+00
230 6.1524354932e-01 8.4901941346e-02 2.3838811409e+00 8.1863166990e+00
231 6.1523885909e-01 8.4919832453e-02 2.3815180006e+00 8.1817222114e+00
232 6.1522280757e-01 8.4916213797e-02 2.3808792752e+00 8.1799795972e+00
233 6.1583667798e-01 8.6034677516e-02 2.3641120810e+00 8.0852861157e+00
234 6.1599523863e-01 8.6503371485e-02 2.3731501403e+00 8.1256325319e+00
235 6.1576658735e-01 8.6280578472e-02 2.3872735559e+00 8.2060983562e+00
236 6.1613015983e-01 8.7110292801e-02 2.3851217967e+00 8.1902470131e+00
237 6.1609218814e-01 8.7097029798e-02 2.3856124058e+00 8.1945873059e+00
238 6.1643645919e-01 8.7801839844e-02 2.3717383484e+00 8.1019345478e+00
239 6.1597740815e-01 8.7009122509e-02 2.3665387111e+00 8.0735077649e+00
240 6.1665748067e-01 8.7691249483e-02 2.3237217080e+00 7.8190141490e+00
241 6.1684581524e-01 8.8105981990e-02 2.3264076320e+00 7.8199967063e+00
242 6.1704245932e-01 8.8298092171e-02 2.3160252101e+00 7.7594314540e+00
243 6.1702797255e-01 8.8328227742e-02 2.3146682749e+00 7.7540215537e+00
244 6.1628637139e-01 8.6952762425e-02 2.3164653366e+00 7.7717818747e+00
245 6.1659191206e-01 8.7891170488e-02 2.3163602282e+00 7.7560909207e+00
246 6.1671745784e-01 8.7930617884e-02 2.3118366812e+00 7.7373308757e+00
247 6.1671545317e-01 8.7894441817e-02 2.3105333958e+00 7.7419779997e+00
248 6.1699090014e-01 8.8175035322e-02 2.2971673752e+00 7.6601654149e+00
249 6.1710549114e-01 8.8874022705e-02 2.3307564209e+00 7.8365508027e+00
250 6.1712338408e-01 8.8881218183e-02 2.3297136057e+00 7.8320831904e+00
251 6.1710744717e-01 8.8866533904e-02 2.3289544656e+00 7.8325627438e+00
252 6.1706170718e-01 8.8876697030e-02 2.3300697821e+00 7.8348209391e+00
253 6.1726790401e-01 8.9099666079e-02 2.3229381923e+00 7.8082037447e+00
254 6.1723336855e-01 8.9311759747e-02 2.3384757506e+00 7.8870007834e+00
255 6.1691123560e-01 8.8534590868e-02 2.3367201963e+00 7.8839774704e+00
256 6.1703066513e-01 8.9022383600e-02 2.3475391307e+00 7.9447215489e+00
257 6.1727218230e-01 8.9264659728e-02 2.3329934698e+00 7.8629174111e+00
258 6.1697573032e-01 8.8997116915e-02 2.3476718595e+00 7.9477482293e+00
259 6.1667056853e-01 8.8705522018e-02 2.3623620386e+00 8.0389115378e+00
260 6.1689649228e-01 8.9005434154e-02 2.3448617774e+00 7.9451062905e+00
261 6.1657389685e-01 8.8217659295e-02 2.3464215927e+00 7.9639106487e+00
262 6.1705306652e-01 8.8620575410e-02 2.3206003320e+00 7.8179554230e+00
263 6.1742881713e-01 8.9232250718e-02 2.3191750923e+00 7.8125952740e+00
264 6.1757986383e-01 8.9837425427e-02 2.3362995240e+00 7.9191316040e+00
265 6.1758052565e-01 8.9828573846e-02 2.3370919681e+00 7.9221099665e+00
266 6.1760407904e-01 8.9590603854e-02 2.3076807625e+00 7.7324651132e+00
267 6.1767989746e-01 8.9576247659e-02 2.3063823158e+00 7.7295461919e+00
268 6.1782657550e-01 8.9841176464e-02 2.2918163844e+00 7.6479235173e+00
269 6.1752413246e-01 8.8902346716e-02 2.2717009574e+00 7.5397616764e+00
270 6.1769415595e-01 8.9305472025e-02 2.2720007447e+00 7.5241052810e+00
271 6.1769609644e-01 8.9372228348e-02 2.2688204453e+00 7.5118350800e+00
272 6.1781256157e-01 8.9152670446e-02 2.2522909020e+00 7.4385767330e+00
273 6.1770579035e-01 8.9170723321e-02 2.2791998916e+00 7.6158850026e+00
274 6.1788689518e-01 8.9766905390e-02 2.2948734750e+00 7.7180326778e+00
275 6.1801653256e-01 9.0255742924e-02 2.3042238625e+00 7.7651527839e+00
276 6.1833708680e-01 9.0537314469e-02 2.2906301200e+00 7.6818488939e+00
277 6.1804118374e-01 8.9615871380e-02 2.2812160714e+00 7.6208501707e+00
278 6.1813690744e-01 8.9703680511e-02 2.2806694662e+00 7.6347608176e+00
279 6.1858527998e-01 9.0272447724e-02 2.2505299063e+00 7.4608943434e+00
280 6.1860670220e-01 9.0296232020e-02 2.2497307547e+00 7.4554000969e+00
281 6.1875326903e-01 9.0919346690e-02 2.2762412384e+00 7.6417801730e+00
282 6.1854717073e-01 9.0535005736e-02 2.2813579750e+00 7.6570587325e+00
283 6.1840319299e-01 9.0205431066e-02 2.2656541607e+00 7.5669258849e+00
284 6.1850322828e-01 9.0172853204e-02 2.2653514821e+00 7.5673350427e+00
285 6.1816470956e-01 8.9298345934e-02 2.2639053378e+00 7.5601181461e+00
286 6.1847311272e-01 9.0132073547e-02 2.2675252421e+00 7.5820177195e+00
287 6.1821290113e-01 9.0046781738e-02 2.2906755714e+00 7.7276768817e+00
288 6.1835297036e-01 9.0605175298e-02 2.3009462112e+00 7.7991237355e+00
289 6.1817366102e-01 9.0168788397e-02 2.2865157745e+00 7.7287257637e+00
290 6.1832088026e-01 9.0523916223e-02 2.2845718251e+00 7.7226069066e+00
291 6.1833761100e-01 9.0527559278e-02 2.2805177047e+00 7.6994782921e+00
292 6.1851808387e-01 9.0044503613e-02 2.2331068492e+00 7.4533232672e+00
293 6.1827702863e-01 8.9840186363e-02 2.2464182783e+00 7.5230614947e+00
294 6.1829507066e-01 9.0367551956e-02 2.2471747373e+00 7.5288112450e+00
295 6.1855535503e-01 9.1331570222e-02 2.2639703717e+00 7.6065437629e+00
296 6.1904009159e-01 9.1751919031e-02 2.2401354777e+00 7.4723167736e+00
297 6.1897784266e-01 9.1562671630e-02 2.2412896511e+00 7.4963028063e+00
298 6.1880944947e-01 9.1134771763e-02 2.2310520877e+00 7.4468101797e+00
299 6.1882330910e-01 9.1088794561e-02 2.2307627463e+00 7.4506008868e+00
300 6.1876055220e-01 9.1124934018e-02 2.2297809597e+00 7.4453551689e+00
301 6.1904047375e-01 9.1815722308e-02 2.2252939702e+00 7.4211994045e+00
302 6.1899817512e-01 9.1817845293e-02 2.2255899693e+00 7.4224756343e+00
303 6.1866346216e-01 9.0787866399e-02 2.1982557052e+00 7.2728952282e+00
304 6.1887557586e-01 9.1011393240e-02 2.1861521476e+00 7.2056109246e+00
305 6.1859526484e-01 9.0048060406e-02 2.1628598944e+00 7.0989373767e+00
306 6.1879700411e-01 9.0378225258e-02 2.1474116205e+00 7.0177804174e+00
307 6.1923410722e-01 9.1082473464e-02 2.1319811490e+00 6.9555880701e+00
308 6.1916493750e-01 9.1108884208e-02 2.1340718990e+00 6.9617455544e+00
309 6.1934173381e-01 9.1651006455e-02 2.1603476049e+00 7.1396860903e+00
310 6.1956311528e-01 9.1860328490e-02 2.1482827923e+00 7.0776215499e+00
311 6.1972628498e-01 9.1986143968e-02 2.1341263938e+00 7.0152641775e+00
312 6.2011397253e-01 9.2478022069e-02 2.1082649379e+00 6.8854510000e+00
313 6.2047130655e-01 9.3131075390e-02 2.1051904839e+00 6.8514062803e+00
314 6.2004289101e-01 9.2623851680e-02 2.1254032948e+00 6.9752850281e+00
315 6.2029638970e-01 9.2930530266e-02 2.1103058098e+00 6.8955558582e+00
316 6.2080474419e-01 9.3946147893e-02 2.1179980066e+00 6.9377140985e+00
317 6.2069762117e-01 9.3191198019e-02 2.0850519116e+00 6.7772741708e+00
318 6.2070363060e-01 9.3184343201e-02 2.0843600281e+00 6.7776733544e+00
319 6.2048169397e-01 9.2975722716e-02 2.0961270506e+00 6.8394432220e+00
320 6.2021111370e-01 9.2387301399e-02 2.0970904977e+00 6.8675719482e+00
321 6.2023046575e-01 9.2320267676e-02 2.0926712931e+00 6.8422014980e+00
322 6.2004143033e-01 9.1860988129e-02 2.0803914866e+00 6.7836420384e+00
323 6.2023076808e-01 9.2039394762e-02 2.0686734942e+00 6.7268374734e+00
324 6.2048191835e-01 9.2128583269e-02 2.0600669807e+00 6.6853595698e+00
325 6.2101254481e-01 9.3258288428e-02 2.0757143462e+00 6.7704201251e+00
326 6.2126036190e-01 9.3446919156e-02 2.0640013099e+00 6.7129475397e+00
327 6.2141880992e-01 9.3870609164e-02 2.0726902259e+00 6.7613935840e+00
328 6.2160958435e-01 9.4061440351e-02 2.0639231387e+00 6.7196770039e+00
329 6.2200303772e-01 9.4674770996e-02 2.0579785694e+00 6.6736289281e+00
330 6.2210372521e-01 9.5151849605e-02 2.0677694136e+00 6.7148112098e+00
331 6.2253176811e-01 9.5087838585e-02 2.0390918536e+00 6.5895747084e+00
332 6.2253546553e-01 9.5106061205e-02 2.0384315023e+00 6.5871830542e+00
333 6.2259900290e-01 9.5228693243e-02 2.0432511066e+00 6.6222285718e+00
334 6.2268084593e-01 9.5272063690e-02 2.0337398794e+00 6.5768551460e+00
335 6.2304310826e-01 9.6068072442e-02 2.0398927074e+00 6.6191199515e+00
336 6.2284736034e-01 9.5533828023e-02 2.0223253694e+00 6.5133067761e+00
337 6.2291418697e-01 9.5428238822e-02 2.0030947581e+00 6.4105990242e+00
338 6.2292187548e-01 9.5454952724e-02 2.0012401219e+00 6.4052964040e+00
339 6.2293368604e-01 9.5483306914e-02 1.9982792165e+00 6.3975262280e+00
340 6.2300243742e-01 9.5573471841e-02 2.0037909097e+00 6.4311514421e+00
341 6.2324281139e-01 9.6459127958e-02 2.0235409961e+00 6.5289986403e+00
342 6.2340635850e-01 9.6620978585e-02 2.0127693625e+00 6.4818675020e+00
343 6.2338037372e-01 9.6452961635e-02 2.0111688073e+00 6.4834212393e+00
344 6.2313990151e-01 9.6122985957e-02 2.0036038374e+00 6.4515554105e+00
345 6.2318236005e-01 9.6289075443e-02 2.0245942786e+00 6.6222519151e+00
346 6.2318244028e-01 9.6288523098e-02 2.0246784351e+00 6.6223297061e+00
347 6.2314660151e-01 9.6353033488e-02 2.0223996122e+00 6.6125189495e+00
348 6.2329664780e-01 9.6717379817e-02 2.0095742766e+00 6.5415069341e+00
349 6.2327636845e-01 9.6813941966e-02 2.0065018363e+00 6.5206224695e+00
350 6.2328780599e-01 9.6953192062e-02 2.0108700920e+00 6.5434547108e+00
351 6.2313803517e-01 9.6622412109e-02 2.0112350383e+00 6.5641969965e+00
352 6.2344323607e-01 9.7169916227e-02 2.0012071174e+00 6.4964201011e+00
353 6.2295364004e-01 9.6099449070e-02 1.9974834336e+00 6.5022532234e+00
354 6.2293052896e-01 9.6117909625e-02 1.9932973245e+00 6.4912468936e+00
355 6.2314125990e-01 9.6388957671e-02 1.9816177502e+00 6.4294655996e+00
356 6.2285900538e-01 9.5539317303e-02 1.9406193391e+00 6.1677507286e+00
357 6.2308103315e-01 9.5924685334e-02 1.9491135375e+00 6.2042231559e+00
358 6.2367410946e-01 9.6811387115e-02 1.9417990580e+00 6.1770334658e+00
359 6.2382494838e-01 9.7303123701e-02 1.9510210151e+00 6.2254144852e+00
360 6.2379498632e-01 9.7225017713e-02 1.9521201709e+00 6.2363760496e+00
361 6.2389092441e-01 9.7767264379e-02 1.9664795393e+00 6.3299903268e+00
362 6.2387192550e-01 9.7673174998e-02 1.9427972437e+00 6.2169375883e+00
363 6.2392056164e-01 9.7865354992e-02 1.9424094190e+00 6.2111992165e+00
364 6.2369440935e-01 9.7802445247e-02 1.9500193275e+00 6.2459992988e+00
365 6.2358790297e-01 9.7912381748e-02 1.9463922935e+00 6.2339760673e+00
