1 5.9282947138e-01 1.1102230246e-16 1.0000000000e+00 1.0000000000e+00
2 5.9304609010e-01 7.5523001257e-03 2.9182815740e+01 9.0150188195e+02
3 5.9299618382e-01 7.7368421166e-03 2.7100266058e+01 8.1960929294e+02
4 5.9299003627e-01 8.1092117873e-03 2.3390951799e+01 6.8111080750e+02
5 5.9312186183e-01 1.1311398547e-02 1.7068820882e+01 3.5939126861e+02
6 5.9325330044e-01 1.3700561208e-02 1.4385986938e+01 2.4985234937e+02
7 5.9348607472e-01 1.5578585361e-02 1.3059884635e+01 1.9827731783e+02
8 5.9355009508e-01 1.5661884035e-02 1.2893735152e+01 1.9408360838e+02
9 5.9348472104e-01 1.5711118958e-02 1.2777114820e+01 1.9188712559e+02
10 5.9376035458e-01 1.7538721308e-02 1.1444172571e+01 1.5367284808e+02
11 5.9373685249e-01 1.7553175707e-02 1.1415880793e+01 1.5323027763e+02
12 5.9420857085e-01 2.0403672555e-02 1.0137591481e+01 1.1642273415e+02
13 5.9413825374e-01 2.0486869391e-02 1.0008462336e+01 1.1471746217e+02
14 5.9406647105e-01 2.0571152388e-02 9.8818031236e+00 1.1301887079e+02
15 5.9426367023e-01 2.1865291983e-02 9.3897853998e+00 1.0080944765e+02
16 5.9424099259e-01 2.1922028209e-02 9.3206839766e+00 9.9817549271e+01
17 5.9428779786e-01 2.1924176407e-02 9.3119243475e+00 9.9698875187e+01
18 5.9448185056e-01 2.3249125387e-02 8.7638346241e+00 8.8398139683e+01
19 5.9487931508e-01 2.5776406128e-02 8.1178536280e+00 7.4762976921e+01
20 5.9501365052e-01 2.6918178564e-02 7.6933938246e+00 6.7720919849e+01
21 5.9496499298e-01 2.7055761019e-02 7.5692371057e+00 6.6435613312e+01
22 5.9490061364e-01 2.7105120288e-02 7.5328551252e+00 6.6027593458e+01
23 5.9482148847e-01 2.7205835970e-02 7.4456076365e+00 6.5165411524e+01
24 5.9501283980e-01 2.8182278740e-02 7.2316479212e+00 6.0893343671e+01
25 5.9541204862e-01 3.0121973337e-02 6.7661178236e+00 5.3217541762e+01
26 5.9586422918e-01 3.1872418677e-02 6.4195629791e+00 4.7549657868e+01
27 5.9588693592e-01 3.1911175884e-02 6.3939439356e+00 4.7301744609e+01
28 5.9613852107e-01 3.2737488377e-02 6.2451325642e+00 4.4941439805e+01
29 5.9640938687e-01 3.5011539300e-02 6.3472292493e+00 4.8309004837e+01
30 5.9665994166e-01 3.5841690923e-02 6.2035915757e+00 4.5895445352e+01
31 5.9653029073e-01 3.5936572225e-02 6.1582264259e+00 4.5510982557e+01
32 5.9654496453e-01 3.7302959222e-02 6.3414323398e+00 4.8778289591e+01
33 5.9646552987e-01 3.7360651555e-02 6.3122088184e+00 4.8543220560e+01
34 5.9640409785e-01 3.7222071110e-02 6.3126180698e+00 4.8735794869e+01
35 5.9710637813e-01 3.9299681512e-02 5.9055159311e+00 4.2273624285e+01
36 5.9728474499e-01 3.9994720700e-02 5.7749586447e+00 4.0376584104e+01
37 5.9746824939e-01 4.0822564202e-02 5.6652024553e+00 3.8660978527e+01
38 5.9743532431e-01 4.0845580587e-02 5.6570899745e+00 3.8592928555e+01
39 5.9742282181e-01 4.0709915835e-02 5.6165974293e+00 3.7916710607e+01
40 5.9757650554e-01 4.1841809860e-02 5.7561495108e+00 3.9892896955e+01
41 5.9765638944e-01 4.2471090180e-02 5.6320533637e+00 3.8263319876e+01
42 5.9780571340e-01 4.3147220880e-02 5.5065231266e+00 3.6627107584e+01
43 5.9783798642e-01 4.3147797813e-02 5.5041357778e+00 3.6608577546e+01
44 5.9776854068e-01 4.3231746119e-02 5.4719989815e+00 3.6367185931e+01
45 5.9806618813e-01 4.3839304630e-02 5.3681384311e+00 3.4977899153e+01
46 5.9800533971e-01 4.3853680847e-02 5.3666426101e+00 3.4962078679e+01
47 5.9799616667e-01 4.3925296441e-02 5.3386297837e+00 3.4744013860e+01
48 5.9799880488e-01 4.3931226262e-02 5.3360959466e+00 3.4724384927e+01
49 5.9822053851e-01 4.4624009086e-02 5.2306129816e+00 3.3362080371e+01
50 5.9807727281e-01 4.4667629288e-02 5.2202749818e+00 3.3299681064e+01
51 5.9825453573e-01 4.5309497395e-02 5.1158306786e+00 3.2011849869e+01
52 5.9819121416e-01 4.5048221920e-02 5.1270129144e+00 3.2265380051e+01
53 5.9864865319e-01 4.6627521658e-02 5.1374073397e+00 3.2339223674e+01
54 5.9861772751e-01 4.6740281235e-02 5.1212828920e+00 3.2180008403e+01
55 5.9879152003e-01 4.7748780663e-02 5.1866764519e+00 3.2973866359e+01
56 5.9881010047e-01 4.7784326099e-02 5.1804324511e+00 3.2908795409e+01
57 5.9877306146e-01 4.7814902260e-02 5.1713252223e+00 3.2842837709e+01
58 5.9924210475e-01 4.8906975715e-02 5.0021872997e+00 3.0743032569e+01
59 5.9919661989e-01 4.8930229276e-02 4.9972800771e+00 3.0703579686e+01
60 5.9966100984e-01 4.9916284951e-02 4.8513630104e+00 2.8928379243e+01
61 5.9985317983e-01 5.0739564492e-02 4.8742508793e+00 2.9035083065e+01
62 6.0011532209e-01 5.1188664247e-02 4.8036091410e+00 2.8234835645e+01
63 6.0032375226e-01 5.1694171890e-02 4.7348469424e+00 2.7433047724e+01
64 6.0040988578e-01 5.1745359092e-02 4.7253430851e+00 2.7341773382e+01
65 6.0082084310e-01 5.2623164188e-02 4.6029610465e+00 2.5965202897e+01
66 6.0096835969e-01 5.3093586917e-02 4.5327293413e+00 2.5252803919e+01
67 6.0101797825e-01 5.2543573395e-02 4.4127565531e+00 2.4041937706e+01
68 6.0102303247e-01 5.2543636957e-02 4.4124648667e+00 2.4040114966e+01
69 6.0113311273e-01 5.2560845674e-02 4.4018679189e+00 2.3971964456e+01
70 6.0110266935e-01 5.2483731332e-02 4.3871562691e+00 2.3834465989e+01
71 6.0103523683e-01 5.2522153596e-02 4.3799198521e+00 2.3788766263e+01
72 6.0080900310e-01 5.1683808842e-02 4.3002887332e+00 2.2956204883e+01
73 6.0060225821e-01 5.0974809238e-02 4.2194202753e+00 2.2169317767e+01
74 6.0035341938e-01 5.0413492770e-02 4.2720970434e+00 2.2760430634e+01
75 6.0054377475e-01 5.1498913847e-02 4.3510079863e+00 2.3620144429e+01
76 6.0088882832e-01 5.2876336492e-02 4.3656187526e+00 2.3752505315e+01
77 6.0105725818e-01 5.3379942927e-02 4.3079396383e+00 2.3129465171e+01
78 6.0106936921e-01 5.3406616711e-02 4.3008423633e+00 2.3080072565e+01
79 6.0098513970e-01 5.3466310800e-02 4.2886928063e+00 2.3006982317e+01
80 6.0094211758e-01 5.3422092718e-02 4.2882348635e+00 2.3019400803e+01
81 6.0095245728e-01 5.3438529404e-02 4.2840523014e+00 2.2988624611e+01
82 6.0095478074e-01 5.3460348225e-02 4.2782869756e+00 2.2950677131e+01
83 6.0086103166e-01 5.3678984237e-02 4.2539313338e+00 2.2782733469e+01
84 6.0081104702e-01 5.3721441510e-02 4.2446048483e+00 2.2729078005e+01
85 6.0104668494e-01 5.4066624375e-02 4.1998388513e+00 2.2258651612e+01
86 6.0106263802e-01 5.4114951585e-02 4.1873373739e+00 2.2175917247e+01
87 6.0106025371e-01 5.4114900078e-02 4.1874868822e+00 2.2176736556e+01
88 6.0101153624e-01 5.4144818572e-02 4.1830813432e+00 2.2143327065e+01
89 6.0098481347e-01 5.4549388507e-02 4.2843113407e+00 2.3222016557e+01
90 6.0089197774e-01 5.3687235928e-02 4.2250419218e+00 2.2638588130e+01
91 6.0085644157e-01 5.3495294185e-02 4.1959655130e+00 2.2284880605e+01
92 6.0106900229e-01 5.4040264819e-02 4.1464483390e+00 2.1726062108e+01
93 6.0111007132e-01 5.4032669687e-02 4.1462289000e+00 2.1725347963e+01
94 6.0115277659e-01 5.4082455593e-02 4.1455725090e+00 2.1706150211e+01
95 6.0127867305e-01 5.4935723249e-02 4.2045978663e+00 2.2298752601e+01
96 6.0141188427e-01 5.5394714239e-02 4.1474092697e+00 2.1744947852e+01
97 6.0136294453e-01 5.5442053261e-02 4.1383624686e+00 2.1686705161e+01
98 6.0140376824e-01 5.5043255553e-02 4.0275227762e+00 2.0603595088e+01
99 6.0129217906e-01 5.4354073984e-02 3.9677609214e+00 1.9992908885e+01
100 6.0166225677e-01 5.5337795659e-02 3.8719938180e+00 1.9057540018e+01
101 6.0173435227e-01 5.6203502368e-02 3.9204565675e+00 1.9499712171e+01
102 6.0189775861e-01 5.6706586818e-02 3.8710492677e+00 1.9040126031e+01
103 6.0123168952e-01 5.4910659780e-02 3.8148530536e+00 1.8573482269e+01
104 6.0136358157e-01 5.5424430141e-02 3.7665245114e+00 1.8128058425e+01
105 6.0141122577e-01 5.5495581102e-02 3.7587098468e+00 1.8069104486e+01
106 6.0139069654e-01 5.5399553858e-02 3.7578941819e+00 1.8090565866e+01
107 6.0144356504e-01 5.5444802870e-02 3.7580183592e+00 1.8083774443e+01
108 6.0160662153e-01 5.5828489481e-02 3.7145954153e+00 1.7705672631e+01
109 6.0184494636e-01 5.6152353783e-02 3.6770171741e+00 1.7367694387e+01
110 6.0178831607e-01 5.6240515554e-02 3.6575066509e+00 1.7282989474e+01
111 6.0169149483e-01 5.6259028354e-02 3.6590445223e+00 1.7284774922e+01
112 6.0136635254e-01 5.5737034187e-02 3.6811437404e+00 1.7495936178e+01
113 6.0162145863e-01 5.6328055331e-02 3.6501139809e+00 1.7169400136e+01
114 6.0184756338e-01 5.6786909285e-02 3.6116404151e+00 1.6806363273e+01
115 6.0187376778e-01 5.6800821958e-02 3.6072902462e+00 1.6783479845e+01
116 6.0202486547e-01 5.7769976635e-02 3.7183805219e+00 1.8094354976e+01
117 6.0214261832e-01 5.8276738432e-02 3.6626560156e+00 1.7657381857e+01
118 6.0205722543e-01 5.8342748869e-02 3.6518645895e+00 1.7602391332e+01
119 6.0238828573e-01 5.9131318782e-02 3.5744542956e+00 1.6910256305e+01
120 6.0235824523e-01 5.9113697177e-02 3.5717185931e+00 1.6902959007e+01
121 6.0305779323e-01 6.0298655760e-02 3.4734794827e+00 1.5969689885e+01
122 6.0298134926e-01 6.0333011396e-02 3.4704720205e+00 1.5951591624e+01
123 6.0307678890e-01 6.1184019636e-02 3.5454540416e+00 1.6715421236e+01
124 6.0344361586e-01 6.2344302839e-02 3.5454207212e+00 1.6640980598e+01
125 6.0345752255e-01 6.2342506498e-02 3.5451148649e+00 1.6639692950e+01
126 6.0388929787e-01 6.3220653489e-02 3.4781161528e+00 1.6009596276e+01
127 6.0384312840e-01 6.3262375159e-02 3.4723417287e+00 1.5978471194e+01
128 6.0387584386e-01 6.3258242408e-02 3.4715916234e+00 1.5975395087e+01
129 6.0401361891e-01 6.3637519276e-02 3.4425205127e+00 1.5703823826e+01
130 6.0397691203e-01 6.3627810852e-02 3.4461965646e+00 1.5720276716e+01
131 6.0395947429e-01 6.3589699768e-02 3.4432295526e+00 1.5718633027e+01
132 6.0417539303e-01 6.3732080005e-02 3.3265595285e+00 1.4576044697e+01
133 6.0461213544e-01 6.4614868404e-02 3.2680967554e+00 1.4067600283e+01
134 6.0461989562e-01 6.4629141559e-02 3.2638882809e+00 1.4058315980e+01
135 6.0445785962e-01 6.4138135701e-02 3.2255552834e+00 1.3745275966e+01
136 6.0439403097e-01 6.4164594923e-02 3.2240425042e+00 1.3735728331e+01
137 6.0434036042e-01 6.4241801898e-02 3.2282188148e+00 1.3788493661e+01
138 6.0459930295e-01 6.5434850326e-02 3.2306743142e+00 1.3786189476e+01
139 6.0456126630e-01 6.5436028915e-02 3.2269503754e+00 1.3772159887e+01
140 6.0471721019e-01 6.6134214262e-02 3.2622264821e+00 1.4067034736e+01
141 6.0511481892e-01 6.7205151879e-02 3.2593303367e+00 1.4048268702e+01
142 6.0503058465e-01 6.7246402115e-02 3.2561424671e+00 1.4030891362e+01
143 6.0524464458e-01 6.7631681691e-02 3.2281613494e+00 1.3795590582e+01
144 6.0562714210e-01 6.8746081376e-02 3.2338967437e+00 1.3862035188e+01
145 6.0568985130e-01 6.9016668111e-02 3.2039193867e+00 1.3672796974e+01
146 6.0568135668e-01 6.9079805959e-02 3.1997106282e+00 1.3646080767e+01
147 6.0584097809e-01 6.9805451957e-02 3.2377956025e+00 1.3976717908e+01
148 6.0649542188e-01 7.1153811089e-02 3.2086375871e+00 1.3706540533e+01
149 6.0622086277e-01 7.1033423200e-02 3.2447942024e+00 1.4025090736e+01
150 6.0639950241e-01 7.1262098588e-02 3.2192416160e+00 1.3842377537e+01
151 6.0627697100e-01 7.1343357098e-02 3.2107982268e+00 1.3804486667e+01
152 6.0618157336e-01 7.1015176693e-02 3.1591216694e+00 1.3454588607e+01
153 6.0594230254e-01 7.0423817698e-02 3.1303362126e+00 1.3269019595e+01
154 6.0591954088e-01 7.0509666051e-02 3.1166312813e+00 1.3213599725e+01
155 6.0582930991e-01 7.0504511403e-02 3.1142177923e+00 1.3210918845e+01
156 6.0581756330e-01 7.0508514457e-02 3.1144117847e+00 1.3209416102e+01
157 6.0581488742e-01 7.0510775215e-02 3.1142237809e+00 1.3208183250e+01
158 6.0568538009e-01 7.0475881562e-02 3.1063934394e+00 1.3126903415e+01
159 6.0570936966e-01 7.0466616473e-02 3.1068230416e+00 1.3129397577e+01
160 6.0613264260e-01 7.1298462448e-02 3.0538443696e+00 1.2706887442e+01
161 6.0571311144e-01 7.0226876928e-02 3.0421697185e+00 1.2627909768e+01
162 6.0568084136e-01 7.0222343351e-02 3.0445557859e+00 1.2636208816e+01
163 6.0566762693e-01 7.0184994299e-02 3.0456755078e+00 1.2649067977e+01
164 6.0649998761e-01 7.1883817190e-02 3.0107505486e+00 1.2365845502e+01
165 6.0626358845e-01 7.1098606658e-02 2.9552010588e+00 1.1899915880e+01
166 6.0582621921e-01 7.0139145012e-02 2.9457335234e+00 1.1857072035e+01
167 6.0578140008e-01 7.0189829988e-02 2.9420090126e+00 1.1834169520e+01
168 6.0604660729e-01 7.0529668621e-02 2.9187899704e+00 1.1658294922e+01
169 6.0638392174e-01 7.1304675813e-02 2.9212019646e+00 1.1681963911e+01
170 6.0623674097e-01 7.0694017583e-02 2.8950073111e+00 1.1510907773e+01
171 6.0638451011e-01 7.1112683607e-02 2.8629439954e+00 1.1317895377e+01
172 6.0614611814e-01 7.0157344545e-02 2.8066585095e+00 1.0854430627e+01
173 6.0592523767e-01 6.9966727170e-02 2.8226826076e+00 1.0971325170e+01
174 6.0599237922e-01 7.0436700056e-02 2.8430902614e+00 1.1115110365e+01
175 6.0594215140e-01 7.0469974224e-02 2.8406095895e+00 1.1102836052e+01
176 6.0645040587e-01 7.1559541840e-02 2.8332966952e+00 1.1080805791e+01
177 6.0666056936e-01 7.1858786530e-02 2.8130541471e+00 1.0933238619e+01
178 6.0659189551e-01 7.1886241167e-02 2.8120951921e+00 1.0927735149e+01
179 6.0638365234e-01 7.1189751005e-02 2.7734226620e+00 1.0649033563e+01
180 6.0653590841e-01 7.1820831870e-02 2.8053180025e+00 1.0890242453e+01
181 6.0653628916e-01 7.1893857948e-02 2.8052830678e+00 1.0881034711e+01
182 6.0676968392e-01 7.2276746281e-02 2.7838366195e+00 1.0722077804e+01
183 6.0657597782e-01 7.1622768899e-02 2.7548314201e+00 1.0521505297e+01
184 6.0688296374e-01 7.1977872962e-02 2.7355912039e+00 1.0375766774e+01
185 6.0685293821e-01 7.2075943418e-02 2.7341437491e+00 1.0356898850e+01
186 6.0640220799e-01 7.1196380506e-02 2.7175834867e+00 1.0227431757e+01
187 6.0645400526e-01 7.1257063287e-02 2.7229987819e+00 1.0261220207e+01
188 6.0700935986e-01 7.2945030872e-02 2.7679288027e+00 1.0604471138e+01
189 6.0707178722e-01 7.2759400911e-02 2.7185999814e+00 1.0262550039e+01
190 6.0728855569e-01 7.3041370239e-02 2.6992708823e+00 1.0131025487e+01
191 6.0723785208e-01 7.2974675787e-02 2.6996883881e+00 1.0142236287e+01
192 6.0725183386e-01 7.2991975517e-02 2.6970923701e+00 1.0130752189e+01
193 6.0770555577e-01 7.3585011031e-02 2.6553067142e+00 9.8426767022e+00
194 6.0746716512e-01 7.2759984813e-02 2.6229547699e+00 9.6462864630e+00
195 6.0766723328e-01 7.3164811473e-02 2.6001661535e+00 9.5103832967e+00
196 6.0764768025e-01 7.3192942636e-02 2.5974806181e+00 9.4989862728e+00
197 6.0783795522e-01 7.3490549357e-02 2.5804846931e+00 9.3817611568e+00
198 6.0776487090e-01 7.3498303550e-02 2.5806370017e+00 9.3818149864e+00
199 6.0771425606e-01 7.3570275724e-02 2.5788821348e+00 9.3725165618e+00
200 6.0764313652e-01 7.3626583127e-02 2.5740922404e+00 9.3557803670e+00
201 6.0782102951e-01 7.4324190486e-02 2.6199332354e+00 9.7360279268e+00
202 6.0768551635e-01 7.4501098343e-02 2.6484749790e+00 9.8974195370e+00
203 6.0783092389e-01 7.5288617499e-02 2.6755158413e+00 1.0058832109e+01
204 6.0748710421e-01 7.5027942073e-02 2.6882537711e+00 1.0171173025e+01
205 6.0741137821e-01 7.5236924348e-02 2.7393113876e+00 1.0549200342e+01
206 6.0744424736e-01 7.5223313531e-02 2.7399954207e+00 1.0551569546e+01
207 6.0758749625e-01 7.5554711303e-02 2.7223087966e+00 1.0416734248e+01
208 6.0775170356e-01 7.6220485483e-02 2.7523574654e+00 1.0628795176e+01
209 6.0829983189e-01 7.7206845238e-02 2.7169848046e+00 1.0340158594e+01
210 6.0809185016e-01 7.7054156694e-02 2.7303398721e+00 1.0436262888e+01
211 6.0812850981e-01 7.6714910270e-02 2.6895821750e+00 1.0173570410e+01
212 6.0812188344e-01 7.6717153204e-02 2.6896898702e+00 1.0173143849e+01
213 6.0828798408e-01 7.7121296994e-02 2.6713485427e+00 1.0034194564e+01
214 6.0846615606e-01 7.7531509733e-02 2.6499895428e+00 9.8892882138e+00
215 6.0861288135e-01 7.7895875136e-02 2.6287904769e+00 9.7502412283e+00
216 6.0858206607e-01 7.7850367320e-02 2.6202093907e+00 9.6971043027e+00
217 6.0900712022e-01 7.8388346696e-02 2.5861828420e+00 9.4722748258e+00
218 6.0894649094e-01 7.8434875880e-02 2.5804641181e+00 9.4529938627e+00
219 6.0893446031e-01 7.8476971284e-02 2.5772119027e+00 9.4400008314e+00
220 6.0938764685e-01 7.9166687085e-02 2.5733925452e+00 9.3961592109e+00
221 6.0947557578e-01 7.9046811214e-02 2.5423258316e+00 9.1922297836e+00
222 6.0895884567e-01 7.7776018858e-02 2.5150278723e+00 9.0325192416e+00
223 6.0898497319e-01 7.7573282298e-02 2.4673241390e+00 8.6892999203e+00
224 6.0889014668e-01 7.7674486120e-02 2.4622546301e+00 8.6684911192e+00
225 6.0870766323e-01 7.7557171458e-02 2.4828370834e+00 8.8026808603e+00
226 6.0894418923e-01 7.7953148818e-02 2.4656866749e+00 8.6870501918e+00
227 6.0909170736e-01 7.8417736753e-02 2.4903453428e+00 8.8598981920e+00
228 6.0860804970e-01 7.8238738155e-02 2.4989491475e+00 8.9384587264e+00
229 6.0851618969e-01 7.8054663211e-02 2.4613843454e+00 8.7087294543e+00
230 6.0874706924e-01 7.8235264243e-02 2.4487324956e+00 8.6326281037e+00
231 6.0870927207e-01 7.8206401690e-02 2.4439707944e+00 8.5913292664e+00
232 6.0885686854e-01 7.8764541137e-02 2.4613099695e+00 8.7011440759e+00
233 6.0881232291e-01 7.8751113377e-02 2.4613730448e+00 8.7052891862e+00
234 6.0920235459e-01 7.9427743814e-02 2.4274487775e+00 8.4917808891e+00
235 6.0933713844e-01 7.9908836672e-02 2.4491352029e+00 8.6436014760e+00
236 6.0955193170e-01 8.0378794478e-02 2.4351825791e+00 8.5462335034e+00
237 6.0929080152e-01 8.0024792407e-02 2.4518098181e+00 8.6523263548e+00
238 6.0956145061e-01 8.0382578554e-02 2.4363877160e+00 8.5459362637e+00
239 6.0958052841e-01 8.0372816561e-02 2.4369356351e+00 8.5472556521e+00
240 6.0911695759e-01 7.9613721754e-02 2.4386979534e+00 8.5602289198e+00
241 6.0949854084e-01 8.0124987897e-02 2.4050438555e+00 8.3794492829e+00
242 6.0945580727e-01 8.0155517709e-02 2.4031205768e+00 8.3726081239e+00
243 6.0945288261e-01 8.0142155582e-02 2.4029513687e+00 8.3726269415e+00
244 6.0985986829e-01 8.0708124917e-02 2.3666604661e+00 8.1736581672e+00
245 6.0938849313e-01 7.9711428797e-02 2.3508396999e+00 8.0514302148e+00
246 6.0959443591e-01 8.0164551449e-02 2.3451248287e+00 8.0348741700e+00
247 6.0975905207e-01 8.0389104659e-02 2.3303766707e+00 7.9495208180e+00
248 6.1022901338e-01 8.0881256433e-02 2.3017765748e+00 7.7817509767e+00
249 6.1037640510e-01 8.1442884369e-02 2.3288012554e+00 7.9683102489e+00
250 6.1041308260e-01 8.1427155079e-02 2.3293087056e+00 7.9695437555e+00
251 6.1078557626e-01 8.2284757735e-02 2.3308245542e+00 7.9741824097e+00
252 6.0996891414e-01 8.1064766698e-02 2.3530353470e+00 8.1050473144e+00
253 6.0994134687e-01 8.1085251670e-02 2.3517688781e+00 8.1005472627e+00
254 6.0958297707e-01 8.0274995731e-02 2.3390844106e+00 7.9978163246e+00
255 6.0947059855e-01 8.0272713730e-02 2.3371568342e+00 7.9973288205e+00
256 6.0948031779e-01 8.0249256798e-02 2.3375280181e+00 8.0023976652e+00
257 6.0993590918e-01 8.1635760009e-02 2.3761758504e+00 8.3048458231e+00
258 6.1019952443e-01 8.2679859479e-02 2.4049172155e+00 8.4793269579e+00
259 6.1019599335e-01 8.2430016515e-02 2.3648640249e+00 8.2284288244e+00
260 6.1027272261e-01 8.2502541445e-02 2.3639923636e+00 8.2204304345e+00
261 6.1069995356e-01 8.3080144460e-02 2.3374350890e+00 8.0228846172e+00
262 6.1061312558e-01 8.3120332706e-02 2.3363387828e+00 8.0177682145e+00
263 6.1058849672e-01 8.3165868559e-02 2.3353857544e+00 8.0115578997e+00
264 6.1038545045e-01 8.2493297565e-02 2.2996085855e+00 7.7523089860e+00
265 6.1092298862e-01 8.3540261457e-02 2.3085045664e+00 7.8733717786e+00
266 6.1088336109e-01 8.3449560583e-02 2.3088259223e+00 7.8875754653e+00
267 6.1126441294e-01 8.3912472240e-02 2.2819710969e+00 7.7322740418e+00
268 6.1122650676e-01 8.3858233330e-02 2.2812842273e+00 7.7357207984e+00
269 6.1153855505e-01 8.3900711366e-02 2.2407830294e+00 7.5021494808e+00
270 6.1210086725e-01 8.5120905960e-02 2.2434048135e+00 7.5475236117e+00
271 6.1186974530e-01 8.4331880263e-02 2.2161919840e+00 7.3692268636e+00
272 6.1189582665e-01 8.4391312533e-02 2.2151903485e+00 7.3601382947e+00
273 6.1243207404e-01 8.5334367626e-02 2.2141734338e+00 7.3799511971e+00
274 6.1263463805e-01 8.6195007048e-02 2.2267226776e+00 7.5099535501e+00
275 6.1274514153e-01 8.6589723952e-02 2.2214888792e+00 7.4635218707e+00
276 6.1284194673e-01 8.6843139182e-02 2.2066171353e+00 7.3867808883e+00
277 6.1272773404e-01 8.6264547262e-02 2.1803167329e+00 7.2130863761e+00
278 6.1293305695e-01 8.6505429542e-02 2.1674727858e+00 7.1408745056e+00
279 6.1310765101e-01 8.6721910518e-02 2.1555467472e+00 7.0786124780e+00
280 6.1346620109e-01 8.7500413710e-02 2.1555770188e+00 7.0806424999e+00
281 6.1384787390e-01 8.7978978610e-02 2.1257294255e+00 6.9193857639e+00
282 6.1465994456e-01 8.9273755026e-02 2.1047094926e+00 6.8017729737e+00
283 6.1465022142e-01 8.9267170876e-02 2.1019482362e+00 6.7971760993e+00
284 6.1466580455e-01 8.9302742594e-02 2.1006337831e+00 6.7904825034e+00
285 6.1478586108e-01 8.8970921117e-02 2.0691845450e+00 6.5968280373e+00
286 6.1502025977e-01 8.9308949262e-02 2.0582825714e+00 6.5316342476e+00
287 6.1502731589e-01 8.9402536509e-02 2.0544976540e+00 6.5136946613e+00
288 6.1462593910e-01 8.8465387791e-02 2.0531868177e+00 6.5104277679e+00
289 6.1481530898e-01 8.8652515581e-02 2.0433275456e+00 6.4574413228e+00
290 6.1479355000e-01 8.8649420688e-02 2.0387593763e+00 6.4459619228e+00
291 6.1464589269e-01 8.8407021397e-02 2.0550847844e+00 6.5585350252e+00
292 6.1488388927e-01 8.8653995507e-02 2.0458097505e+00 6.5070749069e+00
293 6.1468336934e-01 8.8345016688e-02 2.0610673219e+00 6.5794419630e+00
294 6.1476017773e-01 8.8764489063e-02 2.0787968164e+00 6.6851691150e+00
295 6.1500083589e-01 8.9002104056e-02 2.0665226532e+00 6.6205076125e+00
296 6.1523790251e-01 8.9279365864e-02 2.0535647557e+00 6.5520363093e+00
297 6.1572951070e-01 9.0272719973e-02 2.0477504802e+00 6.5345215398e+00
298 6.1567143604e-01 9.0641616504e-02 2.0772630949e+00 6.6969594415e+00
299 6.1579841529e-01 9.0993844437e-02 2.0630492514e+00 6.6211704810e+00
300 6.1644513616e-01 9.1758237509e-02 2.0291675915e+00 6.4418156517e+00
301 6.1642306740e-01 9.1856676474e-02 2.0295437711e+00 6.4394255812e+00
302 6.1638991420e-01 9.1865977407e-02 2.0287415718e+00 6.4373064398e+00
303 6.1662661069e-01 9.2048396753e-02 2.0186384788e+00 6.3851427462e+00
304 6.1663253906e-01 9.2027990099e-02 2.0192622685e+00 6.3882272490e+00
305 6.1640827778e-01 9.1766826091e-02 2.0305638116e+00 6.4502647358e+00
306 6.1638264618e-01 9.1802334255e-02 2.0292626140e+00 6.4642473935e+00
307 6.1604123106e-01 9.1218943173e-02 2.0337024475e+00 6.5026803421e+00
308 6.1563046336e-01 9.0850893067e-02 2.0273802438e+00 6.4569912876e+00
309 6.1596557138e-01 9.1799657472e-02 2.0376109475e+00 6.5194054719e+00
310 6.1590744094e-01 9.1970463632e-02 2.0389228862e+00 6.5238161422e+00
311 6.1635120732e-01 9.2626365362e-02 2.0198875833e+00 6.4096057775e+00
312 6.1639707230e-01 9.2725944232e-02 2.0162064543e+00 6.3940916216e+00
313 6.1665543771e-01 9.3055261825e-02 2.0061627338e+00 6.3339561722e+00
314 6.1639200408e-01 9.2902711431e-02 2.0192969817e+00 6.4086233854e+00
315 6.1594753622e-01 9.2051254163e-02 2.0047811519e+00 6.3060956574e+00
316 6.1615996400e-01 9.2410547214e-02 1.9932460428e+00 6.2428196540e+00
317 6.1613841689e-01 9.2352449418e-02 1.9913027615e+00 6.2301302216e+00
318 6.1617872399e-01 9.2382519287e-02 1.9903955809e+00 6.2255477158e+00
319 6.1616726601e-01 9.2430791787e-02 1.9874831549e+00 6.2156657505e+00
320 6.1686042460e-01 9.3515103834e-02 1.9857472987e+00 6.2229369854e+00
321 6.1675319908e-01 9.2885158771e-02 1.9644900514e+00 6.1059661117e+00
322 6.1704824553e-01 9.3126178375e-02 1.9566362673e+00 6.0755889272e+00
323 6.1706280623e-01 9.3377704162e-02 1.9852617928e+00 6.2984567109e+00
324 6.1708731421e-01 9.3482347856e-02 1.9843489848e+00 6.2892733781e+00
325 6.1688791982e-01 9.3410062052e-02 1.9927785055e+00 6.3306171272e+00
326 6.1692330057e-01 9.3434950438e-02 1.9845009457e+00 6.2670517292e+00
327 6.1670992067e-01 9.2621228729e-02 1.9575864916e+00 6.1381857418e+00
328 6.1686815252e-01 9.2791232146e-02 1.9480541452e+00 6.0928499713e+00
329 6.1620743218e-01 9.2091548553e-02 1.9583338086e+00 6.1372594758e+00
330 6.1612912853e-01 9.2135720581e-02 1.9585621959e+00 6.1345191764e+00
331 6.1624934901e-01 9.2575448279e-02 1.9654928926e+00 6.1610052666e+00
332 6.1624342074e-01 9.2570341076e-02 1.9637530614e+00 6.1577812176e+00
333 6.1641969746e-01 9.2863946281e-02 1.9527633040e+00 6.1002415404e+00
334 6.1674319819e-01 9.3598678315e-02 1.9557573354e+00 6.1110890438e+00
335 6.1727524522e-01 9.4452034234e-02 1.9467157369e+00 6.0640384531e+00
336 6.1718369822e-01 9.4409414663e-02 1.9458559977e+00 6.0689899709e+00
337 6.1741741709e-01 9.4734373298e-02 1.9332027886e+00 6.0089466548e+00
338 6.1733522699e-01 9.4776719994e-02 1.9324938772e+00 6.0054640490e+00
339 6.1745358376e-01 9.5280385378e-02 1.9404037542e+00 6.0341515969e+00
340 6.1720323909e-01 9.4900739988e-02 1.9496689626e+00 6.0908319675e+00
341 6.1720679761e-01 9.4957886071e-02 1.9514188574e+00 6.0980180763e+00
342 6.1719512814e-01 9.4934436111e-02 1.9508825988e+00 6.0996728880e+00
343 6.1708602472e-01 9.5182572557e-02 1.9818544786e+00 6.2812177016e+00
344 6.1701346702e-01 9.5228416809e-02 1.9822487726e+00 6.2787367530e+00
345 6.1698109993e-01 9.5241046869e-02 1.9822979040e+00 6.2782146230e+00
346 6.1690449850e-01 9.5278288166e-02 1.9816432833e+00 6.2755528067e+00
347 6.1719568297e-01 9.5964441003e-02 1.9814704284e+00 6.2709792409e+00
348 6.1686494441e-01 9.6202671843e-02 1.9934993081e+00 6.3289594182e+00
349 6.1658460111e-01 9.5929578959e-02 2.0013599506e+00 6.3687593973e+00
350 6.1639236585e-01 9.5966071807e-02 1.9979375763e+00 6.3646217988e+00
351 6.1632422333e-01 9.6034713332e-02 1.9971601623e+00 6.3580057810e+00
352 6.1650806078e-01 9.6363121063e-02 1.9835558529e+00 6.2902111613e+00
353 6.1674976957e-01 9.7390477416e-02 2.0054193889e+00 6.4053244355e+00
354 6.1711238238e-01 9.8864268632e-02 2.0523701653e+00 6.6319648987e+00
355 6.1729378038e-01 9.9418721190e-02 2.0688422343e+00 6.7282797242e+00
356 6.1748721195e-01 9.9556341864e-02 2.0577379259e+00 6.6815365042e+00
357 6.1742416955e-01 9.9479928456e-02 2.0530465029e+00 6.6519977298e+00
358 6.1751609263e-01 9.9034404364e-02 2.0339290830e+00 6.5729801252e+00
359 6.1715420915e-01 9.8237562497e-02 2.0331798518e+00 6.5814419501e+00
360 6.1674952011e-01 9.7492578611e-02 2.0279628279e+00 6.5553304229e+00
361 6.1640200120e-01 9.6971368335e-02 2.0370961532e+00 6.6194255639e+00
362 6.1643098509e-01 9.6969167075e-02 2.0362996673e+00 6.6176435020e+00
363 6.1647174703e-01 9.6991839113e-02 2.0350581327e+00 6.6126386434e+00
364 6.1688861858e-01 9.7541704390e-02 2.0140710371e+00 6.4929006887e+00
365 6.1676450981e-01 9.7129818410e-02 2.0048018836e+00 6.4513713191e+00
