1 5.9282947138e-01 1.1102230246e-16 1.0000000000e+00 1.0000000000e+00
2 5.9326880720e-01 1.0450599977e-02 2.1999192593e+01 4.8967289182e+02
3 5.9349121716e-01 1.2901491609e-02 1.7442561513e+01 3.1523511244e+02
4 5.9372040332e-01 1.4872678077e-02 1.5142966974e+01 2.3702852627e+02
5 5.9399022327e-01 1.6622488092e-02 1.3516889903e+01 1.8898881034e+02
6 5.9409918193e-01 1.9318294053e-02 1.4742497658e+01 2.3971104425e+02
7 5.9404084616e-01 1.9408554642e-02 1.4527778492e+01 2.3550316372e+02
8 5.9409335923e-01 1.9479337183e-02 1.4367222859e+01 2.3195943531e+02
9 5.9463939571e-01 2.2080909690e-02 1.2099703255e+01 1.6351110920e+02
10 5.9459581371e-01 2.2167133124e-02 1.1952845756e+01 1.6110488201e+02
11 5.9480217956e-01 2.3290454083e-02 1.1103002502e+01 1.3955223005e+02
12 5.9569480136e-01 2.7668656045e-02 8.9064612191e+00 8.9090143997e+01
13 5.9613200118e-01 2.9436197644e-02 8.2308129342e+00 7.5755535302e+01
14 5.9634679465e-01 3.0289857139e-02 7.9421543457e+00 7.0382825153e+01
15 5.9703534332e-01 3.2802356958e-02 7.2153439359e+00 5.7738342019e+01
16 5.9746432931e-01 3.4360489780e-02 6.8104104921e+00 5.1384836410e+01
17 5.9743100449e-01 3.4386817026e-02 6.7963862562e+00 5.1254827971e+01
18 5.9737233608e-01 3.4424840171e-02 6.7773312197e+00 5.1076373904e+01
19 5.9757423703e-01 3.5126508884e-02 6.5936379282e+00 4.8394596868e+01
20 5.9805087491e-01 3.6591500132e-02 6.2782945155e+00 4.3792894352e+01
21 5.9826355433e-01 3.7335169068e-02 6.1173979944e+00 4.1654309701e+01
22 5.9823131659e-01 3.7459673022e-02 6.0927263110e+00 4.1430073527e+01
23 5.9845515359e-01 3.8201252730e-02 5.9358360795e+00 3.9429570111e+01
24 5.9846058525e-01 3.8248491873e-02 5.9106969165e+00 3.9235795707e+01
25 5.9835076870e-01 3.8372174398e-02 5.8513704449e+00 3.8819422547e+01
26 5.9857454169e-01 3.9062906240e-02 5.7259121418e+00 3.7162840428e+01
27 5.9861172338e-01 3.9203073622e-02 5.7321168293e+00 3.7154356534e+01
28 5.9858667337e-01 3.9217917953e-02 5.7269099126e+00 3.7113118126e+01
29 5.9887779034e-01 3.9961420099e-02 5.6075606426e+00 3.5563675562e+01
30 5.9881332388e-01 4.0016060056e-02 5.5852401656e+00 3.5412627136e+01
31 5.9949958005e-01 4.1756421793e-02 5.2960751797e+00 3.1782030795e+01
32 5.9949796742e-01 4.1758825027e-02 5.2952072372e+00 3.1775566521e+01
33 5.9950869647e-01 4.1776855407e-02 5.2869247305e+00 3.1716077762e+01
34 5.9950644524e-01 4.1829030186e-02 5.2653564536e+00 3.1562556241e+01
35 5.9923237649e-01 4.1234771662e-02 5.3504305370e+00 3.2658211786e+01
36 5.9930823626e-01 4.1797013618e-02 5.2348752479e+00 3.1417695677e+01
37 5.9928525806e-01 4.1743290162e-02 5.2275765582e+00 3.1378579708e+01
38 5.9975549352e-01 4.2961747384e-02 5.0550528899e+00 2.9289257145e+01
39 5.9962417924e-01 4.3074130252e-02 5.0184993864e+00 2.9054131280e+01
40 5.9964052100e-01 4.3678905132e-02 4.8974326459e+00 2.7908999618e+01
41 6.0048357633e-01 4.6561536201e-02 4.7955629711e+00 2.7032819715e+01
42 6.0077574836e-01 4.7118639376e-02 4.7181639381e+00 2.6182157327e+01
43 6.0054904835e-01 4.6608704816e-02 4.7762727174e+00 2.6897970555e+01
44 6.0051551940e-01 4.6616035941e-02 4.7550236404e+00 2.6791141767e+01
45 6.0077002223e-01 4.7218953103e-02 4.6871443669e+00 2.5993208587e+01
46 6.0080283578e-01 4.7308719365e-02 4.6736112430e+00 2.5887848095e+01
47 6.0096229311e-01 4.7926375207e-02 4.5897884195e+00 2.5048489264e+01
48 6.0084055141e-01 4.7911683075e-02 4.5752970755e+00 2.4983812691e+01
49 6.0084257112e-01 4.7936089560e-02 4.5673143757e+00 2.4933228568e+01
50 6.0095373493e-01 4.8530176504e-02 4.4914550268e+00 2.4157373046e+01
51 6.0087628582e-01 4.8579647425e-02 4.4804763436e+00 2.4089735250e+01
52 6.0087980437e-01 4.8575828219e-02 4.4750464860e+00 2.4059142450e+01
53 6.0110867023e-01 4.9163046638e-02 4.4153384610e+00 2.3393990747e+01
54 6.0109928376e-01 4.9173600968e-02 4.4128529958e+00 2.3377363789e+01
55 6.0110012972e-01 4.9186691671e-02 4.4090133575e+00 2.3352407421e+01
56 6.0070145222e-01 4.7717004207e-02 4.3591730964e+00 2.2593180429e+01
57 6.0067490496e-01 4.7660628549e-02 4.3598738385e+00 2.2609419076e+01
58 6.0112751021e-01 4.8719823169e-02 4.2508862149e+00 2.1458861432e+01
59 6.0139628773e-01 5.0193841425e-02 4.2800015967e+00 2.2089476034e+01
60 6.0132596527e-01 5.0249716763e-02 4.2672101549e+00 2.2018521453e+01
61 6.0139038106e-01 5.0282625320e-02 4.2548150019e+00 2.1939611146e+01
62 6.0135911451e-01 5.0318645472e-02 4.2461197112e+00 2.1889057558e+01
63 6.0137750895e-01 5.0518868052e-02 4.2503150422e+00 2.1891836632e+01
64 6.0131270084e-01 5.0559138802e-02 4.2424997700e+00 2.1845392308e+01
65 6.0128887501e-01 5.0574814879e-02 4.2395800844e+00 2.1826520767e+01
66 6.0167287536e-01 5.1539113679e-02 4.1337844203e+00 2.0763483270e+01
67 6.0209153039e-01 5.2497127112e-02 4.0423355217e+00 1.9835873682e+01
68 6.0209033051e-01 5.2502806157e-02 4.0410228531e+00 1.9827707648e+01
69 6.0225326843e-01 5.3227224801e-02 3.9892159062e+00 1.9335706383e+01
70 6.0224403062e-01 5.3306451557e-02 3.9801879941e+00 1.9271462966e+01
71 6.0217349235e-01 5.3347360187e-02 3.9733856118e+00 1.9235118487e+01
72 6.0202050903e-01 5.3424332239e-02 3.9621747174e+00 1.9172310826e+01
73 6.0244535895e-01 5.4370330219e-02 3.8768055479e+00 1.8341944467e+01
74 6.0252913587e-01 5.4901491906e-02 3.8259855157e+00 1.7894316841e+01
75 6.0247956050e-01 5.4914717019e-02 3.8023182218e+00 1.7792429437e+01
76 6.0255527667e-01 5.5774748375e-02 3.8729850593e+00 1.8589950040e+01
77 6.0250177741e-01 5.5828103955e-02 3.8638478004e+00 1.8535172561e+01
78 6.0264555642e-01 5.6249429735e-02 3.8172463828e+00 1.8129698819e+01
79 6.0232321592e-01 5.5858095825e-02 3.8439362206e+00 1.8450882407e+01
80 6.0250761350e-01 5.6277420765e-02 3.7957804062e+00 1.8035625169e+01
81 6.0255977490e-01 5.6983094823e-02 3.8283161105e+00 1.8336342869e+01
82 6.0247351449e-01 5.7092653572e-02 3.8182975788e+00 1.8269834223e+01
83 6.0260956720e-01 5.6761624083e-02 3.7127388907e+00 1.7195944706e+01
84 6.0247164326e-01 5.6832451411e-02 3.7040771704e+00 1.7148100319e+01
85 6.0240078589e-01 5.6865073064e-02 3.7004919145e+00 1.7127915162e+01
86 6.0240551377e-01 5.6878166498e-02 3.6972469869e+00 1.7111283725e+01
87 6.0233131105e-01 5.6939407992e-02 3.6865332550e+00 1.7060384370e+01
88 6.0234390974e-01 5.6946319844e-02 3.6845093436e+00 1.7048880957e+01
89 6.0258052624e-01 5.7391710713e-02 3.6448352559e+00 1.6676098682e+01
90 6.0302359743e-01 5.8304815372e-02 3.5681205071e+00 1.5994562666e+01
91 6.0301683063e-01 5.8308114913e-02 3.5675368614e+00 1.5993106269e+01
92 6.0306247206e-01 5.8295576190e-02 3.5679153682e+00 1.5995290682e+01
93 6.0306875551e-01 5.8301511411e-02 3.5666764084e+00 1.5988854959e+01
94 6.0285169121e-01 5.7939179418e-02 3.6147384268e+00 1.6496505616e+01
95 6.0273669933e-01 5.8069312928e-02 3.5902381415e+00 1.6386832921e+01
96 6.0344738535e-01 5.9229655345e-02 3.4886501715e+00 1.5482613552e+01
97 6.0368804200e-01 5.9693638276e-02 3.4596202128e+00 1.5210862382e+01
98 6.0394568771e-01 6.0209612467e-02 3.4304358750e+00 1.4935839445e+01
99 6.0551811093e-01 6.3408948907e-02 3.2962675683e+00 1.3824432935e+01
100 6.0575432006e-01 6.4934867866e-02 3.3661879125e+00 1.4527526985e+01
101 6.0586455619e-01 6.5658716089e-02 3.3954542933e+00 1.4789644478e+01
102 6.0607955139e-01 6.6110317082e-02 3.3580522183e+00 1.4502750530e+01
103 6.0562868258e-01 6.5276313642e-02 3.3548455406e+00 1.4552033602e+01
104 6.0561559939e-01 6.5278829014e-02 3.3550036926e+00 1.4552546382e+01
105 6.0565450223e-01 6.6021969365e-02 3.3829710112e+00 1.4796926141e+01
106 6.0585512060e-01 6.6403075111e-02 3.3521299085e+00 1.4540372679e+01
107 6.0606419462e-01 6.6718009840e-02 3.3230164544e+00 1.4311376980e+01
108 6.0602790116e-01 6.6786361171e-02 3.3201091256e+00 1.4288774938e+01
109 6.0624452123e-01 6.6671233910e-02 3.2652351098e+00 1.3860497790e+01
110 6.0574690795e-01 6.5675930236e-02 3.2548764605e+00 1.3786635189e+01
111 6.0611724344e-01 6.6583241964e-02 3.2452127541e+00 1.3696137148e+01
112 6.0572410204e-01 6.6331893185e-02 3.2697066959e+00 1.3901116224e+01
113 6.0590471100e-01 6.6635287361e-02 3.2404440851e+00 1.3684764899e+01
114 6.0590938796e-01 6.6590539252e-02 3.2411905364e+00 1.3697064108e+01
115 6.0613232072e-01 6.7036561717e-02 3.2181430657e+00 1.3527761581e+01
116 6.0592422250e-01 6.6315640491e-02 3.1608457238e+00 1.3000138763e+01
117 6.0641350712e-01 6.7057237061e-02 3.1045861114e+00 1.2576530323e+01
118 6.0670460804e-01 6.8015913107e-02 3.0956324146e+00 1.2492689469e+01
119 6.0671474294e-01 6.8076416406e-02 3.0913383402e+00 1.2468815405e+01
120 6.0691377068e-01 6.8729653158e-02 3.1317363662e+00 1.2829167099e+01
121 6.0703174738e-01 6.9435321099e-02 3.1526406298e+00 1.3018365325e+01
122 6.0728627064e-01 6.9645790491e-02 3.1206930868e+00 1.2762784224e+01
123 6.0746171674e-01 7.0416155433e-02 3.1579340210e+00 1.3119183198e+01
124 6.0727508546e-01 7.0165334004e-02 3.1751347798e+00 1.3276023562e+01
125 6.0774270164e-01 7.0846978014e-02 3.1233526248e+00 1.2880622493e+01
126 6.0776215032e-01 7.0975578257e-02 3.1302088625e+00 1.2944344195e+01
127 6.0823864778e-01 7.1750621815e-02 3.0894869036e+00 1.2644701323e+01
128 6.0801650750e-01 7.1196551308e-02 3.0710664020e+00 1.2535613018e+01
129 6.0817282991e-01 7.1830881778e-02 3.0950954531e+00 1.2719665470e+01
130 6.0841908480e-01 7.2216050572e-02 3.0705729393e+00 1.2525062336e+01
131 6.0836660004e-01 7.2252291500e-02 3.0672526326e+00 1.2509633294e+01
132 6.0835427529e-01 7.1951447334e-02 2.9980688060e+00 1.1987001306e+01
133 6.0834136021e-01 7.1952116044e-02 2.9985004751e+00 1.1988713100e+01
134 6.0828289385e-01 7.1777474583e-02 3.0025863564e+00 1.2040993667e+01
135 6.0813467056e-01 7.1655105898e-02 2.9972386388e+00 1.2005722327e+01
136 6.0811446920e-01 7.1612407788e-02 2.9971929285e+00 1.2013647591e+01
137 6.0833263988e-01 7.1951402873e-02 2.9735110456e+00 1.1836372972e+01
138 6.0834871351e-01 7.1958727697e-02 2.9717140857e+00 1.1829068273e+01
139 6.0867268343e-01 7.2018070483e-02 2.8951178171e+00 1.1265356812e+01
140 6.0856229083e-01 7.1238973944e-02 2.8858255806e+00 1.1226747153e+01
141 6.0812700768e-01 7.0180630207e-02 2.8682869327e+00 1.1066505170e+01
142 6.0836350959e-01 7.0444333120e-02 2.8463861604e+00 1.0919093540e+01
143 6.0887982205e-01 7.1230833299e-02 2.8061406322e+00 1.0612748440e+01
144 6.0932877304e-01 7.2186432162e-02 2.8182668159e+00 1.0698917565e+01
145 6.0937545334e-01 7.2251392444e-02 2.8176975348e+00 1.0687422511e+01
146 6.0934168525e-01 7.2334860451e-02 2.8148913909e+00 1.0672835094e+01
147 6.0957721492e-01 7.2630511128e-02 2.7988968535e+00 1.0546353867e+01
148 6.0987410394e-01 7.3542001772e-02 2.8053810347e+00 1.0632829234e+01
149 6.0989415199e-01 7.3505859258e-02 2.8039386350e+00 1.0635737542e+01
150 6.1011130489e-01 7.3892684184e-02 2.7814064240e+00 1.0477865286e+01
151 6.1034736336e-01 7.4071285773e-02 2.7635058954e+00 1.0360911316e+01
152 6.1062369378e-01 7.4354071085e-02 2.7440789381e+00 1.0230455380e+01
153 6.1047951273e-01 7.4355668704e-02 2.7453753488e+00 1.0239660456e+01
154 6.1044318624e-01 7.4644776510e-02 2.7816747761e+00 1.0479833733e+01
155 6.1046779158e-01 7.4627894290e-02 2.7831276167e+00 1.0484984773e+01
156 6.1073161754e-01 7.5062773982e-02 2.7642698967e+00 1.0341106063e+01
157 6.1071157531e-01 7.5263757301e-02 2.7605604917e+00 1.0300611613e+01
158 6.1120193370e-01 7.6611125435e-02 2.7642375563e+00 1.0336862249e+01
159 6.1136211549e-01 7.6771232824e-02 2.7480225793e+00 1.0243509146e+01
160 6.1140188590e-01 7.6374685069e-02 2.7099067054e+00 9.9959263332e+00
161 6.1152326710e-01 7.6659899931e-02 2.6904237568e+00 9.8767304591e+00
162 6.1126698700e-01 7.6292044229e-02 2.7095300261e+00 1.0012984635e+01
163 6.1173314858e-01 7.7817303246e-02 2.7068546470e+00 9.9860155596e+00
164 6.1167944254e-01 7.7844269131e-02 2.7055596034e+00 9.9801054680e+00
165 6.1173958258e-01 7.7825385541e-02 2.7048589656e+00 9.9832131381e+00
166 6.1197092002e-01 7.8089091620e-02 2.6857611141e+00 9.8613195106e+00
167 6.1262653729e-01 7.8990686608e-02 2.6287451934e+00 9.4953774770e+00
168 6.1248879958e-01 7.8727055994e-02 2.6168817680e+00 9.4568892241e+00
169 6.1252041899e-01 7.8710338047e-02 2.6180039795e+00 9.4595835274e+00
170 6.1240466923e-01 7.8359319333e-02 2.6023328486e+00 9.3933141023e+00
171 6.1216236039e-01 7.8112462433e-02 2.6183433243e+00 9.4969135748e+00
172 6.1219319399e-01 7.8152122073e-02 2.6146155434e+00 9.4799702050e+00
173 6.1240907028e-01 7.8448982985e-02 2.5969311106e+00 9.3645869134e+00
174 6.1215475710e-01 7.7959005219e-02 2.5710894670e+00 9.1943807439e+00
175 6.1245836958e-01 7.8306687043e-02 2.5547474048e+00 9.0799166792e+00
176 6.1261807871e-01 7.8910839004e-02 2.5805310502e+00 9.2673846444e+00
177 6.1262050069e-01 7.8974450495e-02 2.5774347399e+00 9.2460178911e+00
178 6.1278452434e-01 7.9499355801e-02 2.5960748054e+00 9.3709569308e+00
179 6.1236424986e-01 7.8416866751e-02 2.5827807455e+00 9.2631870709e+00
180 6.1252514940e-01 7.8834561270e-02 2.5619815185e+00 9.1655968809e+00
181 6.1274492604e-01 7.9182692670e-02 2.5409478223e+00 9.0402621662e+00
182 6.1274887128e-01 7.9195866036e-02 2.5388699520e+00 9.0347387113e+00
183 6.1298358880e-01 7.9339501890e-02 2.5217224159e+00 8.9420334779e+00
184 6.1322487508e-01 7.9469971539e-02 2.4968466558e+00 8.7678096362e+00
185 6.1296399753e-01 7.9100243647e-02 2.5089588921e+00 8.8653623747e+00
186 6.1283259956e-01 7.9181863846e-02 2.5030641447e+00 8.8475114707e+00
187 6.1300278810e-01 7.9766980519e-02 2.5292962235e+00 9.0300253222e+00
188 6.1296010282e-01 7.9484998813e-02 2.4882382376e+00 8.7479931971e+00
189 6.1290838350e-01 7.9490546592e-02 2.4852440439e+00 8.7421862168e+00
190 6.1269439414e-01 7.9126758136e-02 2.5022142166e+00 8.8550060227e+00
191 6.1270241411e-01 7.9188769955e-02 2.4998972177e+00 8.8407437621e+00
192 6.1275603823e-01 7.9209481536e-02 2.4951019836e+00 8.8258838599e+00
193 6.1334111195e-01 8.0574323112e-02 2.4923268973e+00 8.8221955422e+00
194 6.1319948749e-01 8.0441499319e-02 2.4900704018e+00 8.8053453032e+00
195 6.1336707909e-01 8.0717397976e-02 2.4737994514e+00 8.7071155778e+00
196 6.1340727154e-01 8.1320732483e-02 2.4915049998e+00 8.8309635031e+00
197 6.1310575424e-01 8.1510108543e-02 2.5045577937e+00 8.9177413385e+00
198 6.1266256154e-01 8.0693470733e-02 2.4978278508e+00 8.8840241418e+00
199 6.1278753047e-01 8.1169717832e-02 2.5068867577e+00 8.9347656415e+00
200 6.1275138266e-01 8.1169652254e-02 2.5082234968e+00 8.9392613981e+00
201 6.1291412395e-01 8.1452005990e-02 2.4901834483e+00 8.8334833174e+00
202 6.1295683254e-01 8.1262770029e-02 2.4588482856e+00 8.6568609349e+00
203 6.1298944800e-01 8.1299935111e-02 2.4575624414e+00 8.6487011473e+00
204 6.1262241651e-01 8.0507453415e-02 2.4552308243e+00 8.6380363772e+00
205 6.1256318775e-01 8.0276781220e-02 2.4338665466e+00 8.4591207659e+00
206 6.1265231560e-01 8.0841365317e-02 2.4520703094e+00 8.5732781733e+00
207 6.1250407936e-01 8.0345815001e-02 2.4383379393e+00 8.5015655800e+00
208 6.1238817143e-01 7.9884935595e-02 2.4335302077e+00 8.4926741317e+00
209 6.1283405411e-01 8.0535962096e-02 2.4023722501e+00 8.3063602923e+00
210 6.1286868481e-01 8.0493392607e-02 2.4026331059e+00 8.3128100666e+00
211 6.1283251265e-01 8.0563106843e-02 2.3951176442e+00 8.2920109044e+00
212 6.1278034548e-01 8.0591691666e-02 2.3941138351e+00 8.2867675297e+00
213 6.1272154922e-01 8.0614290047e-02 2.3900793895e+00 8.2775285384e+00
214 6.1295413549e-01 8.0909356010e-02 2.3751675326e+00 8.1824911883e+00
215 6.1314027659e-01 8.1184718019e-02 2.3600734136e+00 8.0913680414e+00
216 6.1269007410e-01 8.0391284153e-02 2.3529942678e+00 8.0462170357e+00
217 6.1279005753e-01 8.0641355674e-02 2.3365642813e+00 7.9605433294e+00
218 6.1347623897e-01 8.1560068610e-02 2.2938781072e+00 7.6959281164e+00
219 6.1357206811e-01 8.2129466084e-02 2.3147239500e+00 7.8425672933e+00
220 6.1354599178e-01 8.2138135754e-02 2.3148253732e+00 7.8422584092e+00
221 6.1388481234e-01 8.2910304443e-02 2.3168036761e+00 7.8520911980e+00
222 6.1423557834e-01 8.4022969883e-02 2.3375495210e+00 7.9419040668e+00
223 6.1411854186e-01 8.4086404275e-02 2.3351331613e+00 7.9320784846e+00
224 6.1407093105e-01 8.4156753199e-02 2.3318623560e+00 7.9203302575e+00
225 6.1430652939e-01 8.4574457300e-02 2.3139542703e+00 7.8180143118e+00
226 6.1430837850e-01 8.4647821117e-02 2.3137336117e+00 7.8115836265e+00
227 6.1405698822e-01 8.4372453278e-02 2.3283462873e+00 7.8974851444e+00
228 6.1393649139e-01 8.4437250452e-02 2.3256991067e+00 7.8881326564e+00
229 6.1411762770e-01 8.5076607341e-02 2.3539463338e+00 8.0973215714e+00
230 6.1381480965e-01 8.4941712390e-02 2.3648374564e+00 8.1597446827e+00
231 6.1383398199e-01 8.4955275728e-02 2.3644154476e+00 8.1570894150e+00
232 6.1427868948e-01 8.5348335567e-02 2.3361025324e+00 8.0026822319e+00
233 6.1466120783e-01 8.6108457012e-02 2.3399350474e+00 8.0322487792e+00
234 6.1394963718e-01 8.4388220904e-02 2.3064726043e+00 7.8446489988e+00
235 6.1393805222e-01 8.4453800615e-02 2.3036494823e+00 7.8326515945e+00
236 6.1458350271e-01 8.5871565207e-02 2.2931450735e+00 7.7408244016e+00
237 6.1455544466e-01 8.5757650184e-02 2.2897393974e+00 7.7184442106e+00
238 6.1447328870e-01 8.5739906724e-02 2.2867078155e+00 7.7165023622e+00
239 6.1449244422e-01 8.5657211514e-02 2.2882963143e+00 7.7284235659e+00
240 6.1443005409e-01 8.5718406049e-02 2.2846869373e+00 7.7194194841e+00
241 6.1377598211e-01 8.4879956959e-02 2.3064162765e+00 7.8692655579e+00
242 6.1341117477e-01 8.4203465150e-02 2.3009758457e+00 7.8227049411e+00
243 6.1409472621e-01 8.5279777513e-02 2.2635177474e+00 7.5793249543e+00
244 6.1419194085e-01 8.5654387811e-02 2.2719369461e+00 7.6303968051e+00
245 6.1432623266e-01 8.6178654303e-02 2.2930618394e+00 7.7709557246e+00
246 6.1471061681e-01 8.6888711812e-02 2.2895514895e+00 7.7401516397e+00
247 6.1486290662e-01 8.6540389416e-02 2.2553580021e+00 7.5504973769e+00
248 6.1513637201e-01 8.7429364806e-02 2.2677258941e+00 7.5992441675e+00
249 6.1562218195e-01 8.7865756692e-02 2.2392343040e+00 7.4505203355e+00
250 6.1547790365e-01 8.7322416564e-02 2.2243429438e+00 7.3659599915e+00
251 6.1569845679e-01 8.7640144924e-02 2.2105676148e+00 7.2870979441e+00
252 6.1595835844e-01 8.7818290437e-02 2.1983191314e+00 7.2244759548e+00
253 6.1555148013e-01 8.7119222904e-02 2.1997797477e+00 7.2330070217e+00
254 6.1549242326e-01 8.7074820112e-02 2.2004253191e+00 7.2405768311e+00
255 6.1549707666e-01 8.7067607194e-02 2.2011433921e+00 7.2419483873e+00
256 6.1545609031e-01 8.7095508972e-02 2.2001773247e+00 7.2373315449e+00
257 6.1551398075e-01 8.7151588878e-02 2.1978279036e+00 7.2294282821e+00
258 6.1595125573e-01 8.7985684316e-02 2.2105964199e+00 7.3331361582e+00
259 6.1587682526e-01 8.8004691846e-02 2.2103605236e+00 7.3302261951e+00
260 6.1636967151e-01 8.9127454738e-02 2.1927470463e+00 7.2232621027e+00
261 6.1637586187e-01 8.9105882779e-02 2.1912403893e+00 7.2132340977e+00
262 6.1620620749e-01 8.8603042478e-02 2.1791351506e+00 7.1472472687e+00
263 6.1598506168e-01 8.8402541863e-02 2.1921034393e+00 7.2169553326e+00
264 6.1616943976e-01 8.8606549902e-02 2.1806157676e+00 7.1543104393e+00
265 6.1602106331e-01 8.8321448311e-02 2.1739285689e+00 7.1327657084e+00
266 6.1627995310e-01 8.8670647198e-02 2.1614703318e+00 7.0573818399e+00
267 6.1638631872e-01 8.9097265105e-02 2.1751038147e+00 7.1437930409e+00
268 6.1658180443e-01 8.9247842070e-02 2.1621123120e+00 7.0823323276e+00
269 6.1634940303e-01 8.9185961805e-02 2.1718386808e+00 7.1269098490e+00
270 6.1657493440e-01 8.9026833576e-02 2.1321391407e+00 6.9281654244e+00
271 6.1613025842e-01 8.8054967293e-02 2.1122286209e+00 6.7843098532e+00
272 6.1629802522e-01 8.8356416036e-02 2.0956892441e+00 6.6918526544e+00
273 6.1645214710e-01 8.8698085609e-02 2.1010975854e+00 6.7126434271e+00
274 6.1679755402e-01 8.9392645162e-02 2.1047833421e+00 6.7352944624e+00
275 6.1639772650e-01 8.8892808423e-02 2.1089587098e+00 6.7670772308e+00
276 6.1634104189e-01 8.8925620289e-02 2.1077757859e+00 6.7632645706e+00
277 6.1630390736e-01 8.8942838274e-02 2.1075177854e+00 6.7617120225e+00
278 6.1607344282e-01 8.8629484222e-02 2.1194870838e+00 6.8300266804e+00
279 6.1609932475e-01 8.8634742141e-02 2.1202284141e+00 6.8322779497e+00
280 6.1569619687e-01 8.7943954756e-02 2.1099340085e+00 6.7898438481e+00
281 6.1570546262e-01 8.8005337127e-02 2.1097415966e+00 6.7869767660e+00
282 6.1586676071e-01 8.8693004798e-02 2.1372086789e+00 6.9661750178e+00
283 6.1599875544e-01 8.9119027243e-02 2.1400893888e+00 6.9751059570e+00
284 6.1566546720e-01 8.8187473420e-02 2.1153937758e+00 6.8283533800e+00
285 6.1566137828e-01 8.8187358552e-02 2.1157017381e+00 6.8286036027e+00
286 6.1592084167e-01 8.8564308459e-02 2.1185679819e+00 6.8733158489e+00
287 6.1576902595e-01 8.8659212230e-02 2.1138980084e+00 6.8629515309e+00
288 6.1573488578e-01 8.8663780924e-02 2.1147855054e+00 6.8681743274e+00
289 6.1574609325e-01 8.8688051018e-02 2.1123003254e+00 6.8599467743e+00
290 6.1587108375e-01 8.9121079964e-02 2.1229715789e+00 6.9128743679e+00
291 6.1562068125e-01 8.8943446157e-02 2.1325256189e+00 6.9704101578e+00
292 6.1552238074e-01 8.8999510607e-02 2.1305681444e+00 6.9634634327e+00
293 6.1517623276e-01 8.8734659401e-02 2.1427736967e+00 7.0345796412e+00
294 6.1592542059e-01 9.0077194589e-02 2.1347794131e+00 6.9734651154e+00
295 6.1594200954e-01 9.0447534864e-02 2.1348372536e+00 6.9565694011e+00
296 6.1595399760e-01 9.0440250878e-02 2.1350035109e+00 6.9576482753e+00
297 6.1626775550e-01 9.1031500681e-02 2.1321188038e+00 6.9423175270e+00
298 6.1638324501e-01 9.1529251120e-02 2.1452107671e+00 7.0060806748e+00
299 6.1637294385e-01 9.1552637032e-02 2.1452441661e+00 7.0028310436e+00
300 6.1632471035e-01 9.1350348921e-02 2.1084899398e+00 6.7832626319e+00
301 6.1581134987e-01 8.9881129364e-02 2.0788284740e+00 6.6565947919e+00
302 6.1567618050e-01 8.9426518516e-02 2.0725811360e+00 6.6408203328e+00
303 6.1543093944e-01 8.8991111800e-02 2.0580446653e+00 6.5640352898e+00
304 6.1541212154e-01 8.9007858364e-02 2.0573473713e+00 6.5609926458e+00
305 6.1564037578e-01 8.9169127400e-02 2.0473800681e+00 6.5144381871e+00
306 6.1567017597e-01 8.9200003511e-02 2.0466589102e+00 6.5108257942e+00
307 6.1556882898e-01 8.8692172893e-02 2.0357785760e+00 6.4568626122e+00
308 6.1557455710e-01 8.8747972965e-02 2.0386637237e+00 6.4609899213e+00
309 6.1550079592e-01 8.8722929713e-02 2.0372980393e+00 6.4603989112e+00
310 6.1548919894e-01 8.8757492754e-02 2.0442489590e+00 6.5106313535e+00
311 6.1555055074e-01 8.9279090089e-02 2.0596223948e+00 6.5837480222e+00
312 6.1540091538e-01 8.9272339532e-02 2.0595861331e+00 6.5910795372e+00
313 6.1514206376e-01 8.8948869482e-02 2.0712914374e+00 6.6620293188e+00
314 6.1531022483e-01 8.9547770607e-02 2.0857017128e+00 6.7522672221e+00
315 6.1533544989e-01 8.9515067798e-02 2.0865339916e+00 6.7563768728e+00
316 6.1550595625e-01 9.0010232369e-02 2.1033037325e+00 6.8545800034e+00
317 6.1499581511e-01 8.9059470329e-02 2.0965555792e+00 6.8258387908e+00
318 6.1503803859e-01 8.8846819442e-02 2.0757727184e+00 6.7279867505e+00
319 6.1549844614e-01 8.9323247212e-02 2.0530186731e+00 6.6035943106e+00
320 6.1542742359e-01 8.9345621738e-02 2.0532663531e+00 6.6098035187e+00
321 6.1542900958e-01 8.9365521723e-02 2.0519988710e+00 6.6088074712e+00
322 6.1526765871e-01 8.8818226960e-02 2.0334599366e+00 6.5058385701e+00
323 6.1528051653e-01 8.8801231962e-02 2.0346126355e+00 6.5092290222e+00
324 6.1427131726e-01 8.7360258072e-02 2.0408554570e+00 6.5440487469e+00
325 6.1401129115e-01 8.7112740094e-02 2.0513605034e+00 6.6069405956e+00
326 6.1387762929e-01 8.6701933785e-02 2.0404728679e+00 6.5526046954e+00
327 6.1384869812e-01 8.6698891210e-02 2.0395166788e+00 6.5512267443e+00
328 6.1377991544e-01 8.6741754062e-02 2.0370792105e+00 6.5487171161e+00
329 6.1447800856e-01 8.8329245030e-02 2.0545407613e+00 6.6606911648e+00
330 6.1456400055e-01 8.8835145300e-02 2.0659075812e+00 6.7214414081e+00
331 6.1479250335e-01 8.9158800261e-02 2.0521074150e+00 6.6438039414e+00
332 6.1480471281e-01 8.9161943876e-02 2.0513905599e+00 6.6418076896e+00
333 6.1465273269e-01 8.8682579474e-02 2.0389691993e+00 6.5850616562e+00
334 6.1488712246e-01 8.8957279062e-02 2.0278853203e+00 6.5217384198e+00
335 6.1489701176e-01 8.8926102814e-02 2.0275492266e+00 6.5239778672e+00
336 6.1509190099e-01 8.9236470501e-02 2.0177528572e+00 6.4628295831e+00
337 6.1549731296e-01 8.9627934624e-02 1.9977867885e+00 6.3624845629e+00
338 6.1562155783e-01 9.0132905024e-02 2.0153235944e+00 6.4641170799e+00
339 6.1579676713e-01 9.0506534851e-02 1.9999688300e+00 6.3867668273e+00
340 6.1578915153e-01 9.0519778365e-02 1.9992110155e+00 6.3838576178e+00
341 6.1628137306e-01 9.0998636677e-02 1.9759817356e+00 6.2658328971e+00
342 6.1648677427e-01 9.1127760714e-02 1.9664572308e+00 6.2221765547e+00
343 6.1657090661e-01 9.1460839520e-02 1.9520969055e+00 6.1536648375e+00
344 6.1653467079e-01 9.1482677091e-02 1.9514079998e+00 6.1513139996e+00
345 6.1631238305e-01 9.1302285542e-02 1.9612563242e+00 6.2007963860e+00
346 6.1645888488e-01 9.1745412220e-02 1.9723143936e+00 6.2530430490e+00
347 6.1665354753e-01 9.2106946665e-02 1.9617096820e+00 6.1947420937e+00
348 6.1653272384e-01 9.2175584636e-02 1.9599302801e+00 6.1876831629e+00
349 6.1628874742e-01 9.1725381594e-02 1.9509798070e+00 6.1446690149e+00
350 6.1617268130e-01 9.1739115239e-02 1.9515557778e+00 6.1476442260e+00
351 6.1652209005e-01 9.2569579283e-02 1.9506124979e+00 6.1538080067e+00
352 6.1670417239e-01 9.2975664969e-02 1.9619202062e+00 6.2115106753e+00
353 6.1724957989e-01 9.3930981956e-02 1.9561646735e+00 6.1791157789e+00
354 6.1717560862e-01 9.4183319440e-02 1.9486050019e+00 6.1405598041e+00
355 6.1723708073e-01 9.4907849747e-02 1.9735396166e+00 6.2868527391e+00
356 6.1708250645e-01 9.5048265555e-02 1.9661417177e+00 6.2702982975e+00
357 6.1744740765e-01 9.6141975063e-02 1.9748309048e+00 6.3161810115e+00
358 6.1803012936e-01 9.6892805581e-02 1.9726517864e+00 6.3188706895e+00
359 6.1809962041e-01 9.7207281082e-02 1.9592187219e+00 6.2566379541e+00
360 6.1774745764e-01 9.6981009181e-02 1.9624324394e+00 6.2682985552e+00
361 6.1735137882e-01 9.5675100462e-02 1.9260524400e+00 6.0807806686e+00
362 6.1725196257e-01 9.5703989299e-02 1.9226859466e+00 6.0606686891e+00
363 6.1741067865e-01 9.5964995118e-02 1.9119255970e+00 6.0081271942e+00
364 6.1769748374e-01 9.6718262062e-02 1.9234953038e+00 6.0475501175e+00
365 6.1815784928e-01 9.7166369653e-02 1.9005314031e+00 5.9419346813e+00
