1 5.9282947138e-01 1.1102230246e-16 1.0000000000e+00 1.0000000000e+00
2 5.9334267422e-01 1.3101160421e-02 1.6569792670e+01 2.9760712135e+02
3 5.9330534537e-01 1.3210005427e-02 1.6121929427e+01 2.8828945063e+02
4 5.9330639717e-01 1.3352009185e-02 1.5575877271e+01 2.7641394186e+02
5 5.9320793392e-01 1.3473531686e-02 1.5128291125e+01 2.6719521666e+02
6 5.9362331005e-01 1.7095467611e-02 1.2342572322e+01 1.7040672041e+02
7 5.9378571510e-01 1.8684680421e-02 1.1331586904e+01 1.4286179202e+02
8 5.9376941017e-01 1.8733388103e-02 1.1245333801e+01 1.4142709593e+02
9 5.9398366365e-01 2.0134067447e-02 1.0553264874e+01 1.2316158504e+02
10 5.9391749822e-01 2.0216996876e-02 1.0418399624e+01 1.2132605910e+02
11 5.9383329790e-01 2.0201109182e-02 1.0197134539e+01 1.1853493014e+02
12 5.9371994503e-01 2.0307051336e-02 1.0035665259e+01 1.1634552478e+02
13 5.9368664372e-01 2.0403861143e-02 9.8826445001e+00 1.1425693529e+02
14 5.9356301290e-01 2.0668463836e-02 9.7128490910e+00 1.1193952006e+02
15 5.9372002442e-01 2.2012713101e-02 9.1808613153e+00 9.9139258323e+01
16 5.9393643028e-01 2.3397882405e-02 8.7551934140e+00 8.9345740466e+01
17 5.9396335945e-01 2.3401131710e-02 8.7481993683e+00 8.9255893356e+01
18 5.9421984194e-01 2.4522875849e-02 8.4146075551e+00 8.1637415903e+01
19 5.9419831555e-01 2.4555298226e-02 8.3818877306e+00 8.1238785639e+01
20 5.9443050484e-01 2.5624441372e-02 8.0863723901e+00 7.4877677481e+01
21 5.9440595952e-01 2.5824265935e-02 8.0220627082e+00 7.4181642982e+01
22 5.9507704910e-01 2.8679691857e-02 7.2781528595e+00 5.9923895778e+01
23 5.9505257520e-01 2.8760905510e-02 7.2155018709e+00 5.9286570270e+01
24 5.9526422681e-01 2.9698888239e-02 7.0004194408e+00 5.5585368416e+01
25 5.9522947805e-01 2.9725034021e-02 6.9839956668e+00 5.5423973476e+01
26 5.9538078517e-01 3.0738047652e-02 6.7139600434e+00 5.1516959834e+01
27 5.9560783526e-01 3.1731610794e-02 6.5275677081e+00 4.8629277368e+01
28 5.9554027135e-01 3.1801460307e-02 6.4857970235e+00 4.8266223120e+01
29 5.9551643170e-01 3.1776766902e-02 6.4799520749e+00 4.8217435305e+01
30 5.9600573729e-01 3.3407413210e-02 6.1870593779e+00 4.3616912368e+01
31 5.9603925451e-01 3.3425387687e-02 6.1742571615e+00 4.3499522109e+01
32 5.9625826697e-01 3.4220335182e-02 6.0366780064e+00 4.1471609861e+01
33 5.9602669070e-01 3.3362672010e-02 6.1517664077e+00 4.3293289977e+01
34 5.9604616916e-01 3.3374078823e-02 6.1438865837e+00 4.3219994406e+01
35 5.9619721581e-01 3.4266882911e-02 5.9536300042e+00 4.0819660090e+01
36 5.9618453331e-01 3.4200344076e-02 5.9416145558e+00 4.0734681000e+01
37 5.9611460492e-01 3.4150756286e-02 5.9167898065e+00 4.0529820294e+01
38 5.9662229701e-01 3.5656857762e-02 5.6937910940e+00 3.7273806979e+01
39 5.9663832897e-01 3.5672488618e-02 5.6848751905e+00 3.7198594349e+01
40 5.9679688123e-01 3.6382611168e-02 5.5529718024e+00 3.5545213589e+01
41 5.9701605443e-01 3.7111649528e-02 5.4488761021e+00 3.4152732600e+01
42 5.9733660354e-01 3.9146727535e-02 5.5469278862e+00 3.5952700727e+01
43 5.9727545796e-01 3.9200487168e-02 5.5257882449e+00 3.5794182574e+01
44 5.9748497985e-01 3.9942834726e-02 5.4232157916e+00 3.4381452105e+01
45 5.9791018621e-01 4.1257164825e-02 5.2269928248e+00 3.1865214496e+01
46 5.9793270835e-01 4.1197005395e-02 5.2224512135e+00 3.1853537046e+01
47 5.9813642198e-01 4.1833396225e-02 5.1342227841e+00 3.0738372571e+01
48 5.9831504738e-01 4.2487660563e-02 5.0391983535e+00 2.9630689716e+01
49 5.9859246349e-01 4.3113551562e-02 4.9592559368e+00 2.8656362364e+01
50 5.9856641484e-01 4.3116689149e-02 4.9598605520e+00 2.8660051365e+01
51 5.9903382849e-01 4.4173952854e-02 4.8090866602e+00 2.6920564165e+01
52 5.9901476129e-01 4.4184958774e-02 4.8064821530e+00 2.6902256437e+01
53 5.9901039779e-01 4.4186982305e-02 4.8060747707e+00 2.6899244930e+01
54 5.9893895578e-01 4.4207316811e-02 4.8035663290e+00 2.6881205455e+01
55 5.9892737896e-01 4.4181272103e-02 4.8017356410e+00 2.6865278378e+01
56 5.9961679022e-01 4.5927688121e-02 4.6044446176e+00 2.4606915576e+01
57 5.9960972109e-01 4.5931273979e-02 4.6039173556e+00 2.4601875148e+01
58 5.9953027230e-01 4.6114125230e-02 4.6189089167e+00 2.4964610569e+01
59 5.9977150750e-01 4.6739868577e-02 4.5538334873e+00 2.4244084914e+01
60 5.9969323436e-01 4.6785326004e-02 4.5441309309e+00 2.4181535264e+01
61 5.9965664419e-01 4.6870646281e-02 4.5159538569e+00 2.4028832434e+01
62 5.9956548470e-01 4.6921897072e-02 4.5048564515e+00 2.3961233245e+01
63 5.9979213176e-01 4.7338418456e-02 4.4471232487e+00 2.3352719317e+01
64 5.9996108726e-01 4.8313351748e-02 4.5526115514e+00 2.4761341792e+01
65 5.9976335394e-01 4.7800114123e-02 4.6144976071e+00 2.5460755364e+01
66 5.9989048581e-01 4.8388498116e-02 4.5399963509e+00 2.4674752516e+01
67 6.0017634429e-01 4.9002614357e-02 4.4754557845e+00 2.3955937489e+01
68 6.0019698298e-01 4.9007000186e-02 4.4728510500e+00 2.3940002695e+01
69 6.0036861467e-01 4.9569007690e-02 4.3964824463e+00 2.3211771531e+01
70 6.0035049153e-01 4.9574059143e-02 4.3961259926e+00 2.3208793511e+01
71 6.0033224230e-01 4.9553385551e-02 4.3960646297e+00 2.3211987175e+01
72 6.0038431468e-01 4.9620329420e-02 4.3898863583e+00 2.3156814695e+01
73 6.0059375680e-01 5.0158546294e-02 4.3268921297e+00 2.2515354641e+01
74 6.0072053584e-01 5.1076365085e-02 4.4099459852e+00 2.3518823565e+01
75 6.0066512546e-01 5.1109483995e-02 4.4032615697e+00 2.3478484992e+01
76 6.0086356038e-01 5.1556069641e-02 4.3480469239e+00 2.2896462108e+01
77 6.0110256396e-01 5.1986517684e-02 4.2955281917e+00 2.2347512736e+01
78 6.0103893163e-01 5.1965606291e-02 4.2901375181e+00 2.2333464573e+01
79 6.0129471620e-01 5.2454245075e-02 4.2359535218e+00 2.1771721077e+01
80 6.0083673575e-01 5.1101945161e-02 4.2050689116e+00 2.1348095749e+01
81 6.0108110336e-01 5.1469361526e-02 4.1580552311e+00 2.0882600706e+01
82 6.0116354441e-01 5.2334824308e-02 4.2126039491e+00 2.1522016395e+01
83 6.0180210507e-01 5.4101461065e-02 4.1662347303e+00 2.1063814541e+01
84 6.0183064883e-01 5.4098427592e-02 4.1655452383e+00 2.1059487311e+01
85 6.0177047770e-01 5.4150477334e-02 4.1539177109e+00 2.1001712935e+01
86 6.0175980463e-01 5.4056888660e-02 4.1515985648e+00 2.1008152972e+01
87 6.0185528394e-01 5.4968530276e-02 4.2196709652e+00 2.1811491218e+01
88 6.0183644363e-01 5.5076249671e-02 4.2334651490e+00 2.2006661367e+01
89 6.0194440231e-01 5.5063528698e-02 4.2308055365e+00 2.1993668085e+01
90 6.0190944884e-01 5.5057284897e-02 4.2264676756e+00 2.1981135110e+01
91 6.0189141491e-01 5.5091052260e-02 4.2183130888e+00 2.1934419677e+01
92 6.0212345040e-01 5.5491635188e-02 4.1704610344e+00 2.1448926157e+01
93 6.0192496610e-01 5.5072313938e-02 4.2184170623e+00 2.1943944821e+01
94 6.0189041924e-01 5.5100622687e-02 4.2126736121e+00 2.1910624424e+01
95 6.0208641776e-01 5.5569553661e-02 4.1609876232e+00 2.1385903307e+01
96 6.0206607316e-01 5.5595248474e-02 4.1554133302e+00 2.1353630653e+01
97 6.0231067441e-01 5.6042981373e-02 4.1070689211e+00 2.0861242918e+01
98 6.0250354439e-01 5.6453337484e-02 4.0625262924e+00 2.0418413527e+01
99 6.0273529544e-01 5.6898849111e-02 4.0158386990e+00 1.9957889298e+01
100 6.0291716706e-01 5.7354406697e-02 3.9575012909e+00 1.9361591856e+01
101 6.0293066799e-01 5.7360293502e-02 3.9553809966e+00 1.9350070420e+01
102 6.0294986164e-01 5.7415765086e-02 3.9548590651e+00 1.9337506837e+01
103 6.0309736303e-01 5.8262593494e-02 3.9993048626e+00 1.9764086213e+01
104 6.0320142790e-01 5.8048415051e-02 3.9256327028e+00 1.9060233791e+01
105 6.0344850693e-01 5.8470828422e-02 3.8836372442e+00 1.8659413640e+01
106 6.0342602076e-01 5.8634549355e-02 3.8818478394e+00 1.8613642486e+01
107 6.0343711054e-01 5.8635016018e-02 3.8812006813e+00 1.8610108952e+01
108 6.0261765025e-01 5.6237158092e-02 3.8453530505e+00 1.8180570639e+01
109 6.0297660009e-01 5.7272367009e-02 3.7610089008e+00 1.7393724342e+01
110 6.0287662016e-01 5.7302038668e-02 3.7593890339e+00 1.7385161332e+01
111 6.0285261482e-01 5.7309491907e-02 3.7590370206e+00 1.7382476504e+01
112 6.0318219121e-01 5.8714752802e-02 3.7628324664e+00 1.7517040938e+01
113 6.0385702670e-01 6.0134320341e-02 3.6496721332e+00 1.6468822072e+01
114 6.0347879829e-01 5.9729247937e-02 3.6800552894e+00 1.6766977126e+01
115 6.0349452556e-01 5.9724983590e-02 3.6801241886e+00 1.6767854455e+01
116 6.0345240130e-01 5.9751612623e-02 3.6802907079e+00 1.6764385620e+01
117 6.0347460488e-01 5.9746509934e-02 3.6802164371e+00 1.6764582112e+01
118 6.0333474575e-01 5.9817532977e-02 3.6674215160e+00 1.6708070723e+01
119 6.0323036195e-01 5.9905872574e-02 3.6526101677e+00 1.6640029380e+01
120 6.0323321060e-01 5.9907876253e-02 3.6520459297e+00 1.6637138541e+01
121 6.0327196381e-01 5.9930256228e-02 3.6508734133e+00 1.6633204912e+01
122 6.0319268139e-01 5.9923301609e-02 3.6454657310e+00 1.6613722681e+01
123 6.0384682200e-01 6.1032747511e-02 3.5461999096e+00 1.5740291804e+01
124 6.0377021474e-01 6.1089020012e-02 3.5382526017e+00 1.5702225825e+01
125 6.0367012329e-01 6.1102983860e-02 3.5136147236e+00 1.5529695801e+01
126 6.0387417444e-01 6.1511610769e-02 3.4810723175e+00 1.5244752290e+01
127 6.0408268999e-01 6.1973300142e-02 3.4478405832e+00 1.4955694557e+01
128 6.0406575126e-01 6.1989409959e-02 3.4460241398e+00 1.4944155292e+01
129 6.0396275945e-01 6.1944016517e-02 3.4418430124e+00 1.4945305752e+01
130 6.0410489373e-01 6.2375613108e-02 3.4046267964e+00 1.4652862394e+01
131 6.0441830227e-01 6.3184146779e-02 3.3325382441e+00 1.4108346273e+01
132 6.0466010915e-01 6.3667360041e-02 3.3086625167e+00 1.3922776449e+01
133 6.0482984759e-01 6.4122291069e-02 3.2718042408e+00 1.3660984308e+01
134 6.0485803135e-01 6.4130905022e-02 3.2689892199e+00 1.3648014402e+01
135 6.0510800338e-01 6.4606619582e-02 3.2396759623e+00 1.3402640774e+01
136 6.0533419287e-01 6.4979753295e-02 3.2128755310e+00 1.3185512783e+01
137 6.0532998929e-01 6.5038338325e-02 3.2111830601e+00 1.3172601651e+01
138 6.0559535138e-01 6.6335934042e-02 3.2593209988e+00 1.3565173883e+01
139 6.0560909287e-01 6.6372607106e-02 3.2591916952e+00 1.3557120023e+01
140 6.0542685265e-01 6.5671485948e-02 3.2164166734e+00 1.3180263478e+01
141 6.0543510341e-01 6.5670651298e-02 3.2160422048e+00 1.3179640458e+01
142 6.0580464960e-01 6.6649176340e-02 3.2249587693e+00 1.3290585409e+01
143 6.0574969656e-01 6.6673487419e-02 3.2233632766e+00 1.3282237791e+01
144 6.0630699508e-01 6.8405260804e-02 3.2671083688e+00 1.3673684107e+01
145 6.0718065324e-01 7.0099998165e-02 3.2194812999e+00 1.3333806390e+01
146 6.0783023534e-01 7.1119757846e-02 3.1430071205e+00 1.2744351879e+01
147 6.0807366791e-01 7.1437654051e-02 3.1175696923e+00 1.2555787936e+01
148 6.0829715510e-01 7.1817870911e-02 3.0917601598e+00 1.2359739680e+01
149 6.0875566989e-01 7.2504216458e-02 3.0431195432e+00 1.1998137444e+01
150 6.0877354958e-01 7.2562011574e-02 3.0391248640e+00 1.1979106847e+01
151 6.0892873986e-01 7.3168677783e-02 3.0533759792e+00 1.2085062151e+01
152 6.0848138890e-01 7.2138759299e-02 3.0461955747e+00 1.2031332255e+01
153 6.0846036743e-01 7.2887039421e-02 3.0631636460e+00 1.2225213340e+01
154 6.0865429801e-01 7.3240234863e-02 3.0366445521e+00 1.2037225958e+01
155 6.0881982403e-01 7.3498100613e-02 3.0139520316e+00 1.1882311328e+01
156 6.0882211174e-01 7.3545390847e-02 3.0130634750e+00 1.1870010181e+01
157 6.0894285372e-01 7.4223687238e-02 3.0382389364e+00 1.2083853364e+01
158 6.0831102151e-01 7.2962023598e-02 3.0645370137e+00 1.2297697435e+01
159 6.0813221007e-01 7.2367126364e-02 3.0406089101e+00 1.2133752648e+01
160 6.0805057386e-01 7.2415553266e-02 3.0367264386e+00 1.2115937041e+01
161 6.0808173831e-01 7.2430745070e-02 3.0331443007e+00 1.2100848832e+01
162 6.0767385185e-01 7.1290566175e-02 3.0302405714e+00 1.2060197423e+01
163 6.0765085173e-01 7.1191768954e-02 3.0244045075e+00 1.2013352066e+01
164 6.0798999116e-01 7.2179021880e-02 3.0086804147e+00 1.1884708278e+01
165 6.0781606626e-01 7.1519261214e-02 2.9730850250e+00 1.1586063994e+01
166 6.0794893900e-01 7.1920008105e-02 2.9475651999e+00 1.1402869843e+01
167 6.0811895488e-01 7.2372159911e-02 2.9203660544e+00 1.1211465845e+01
168 6.0809071590e-01 7.2429722638e-02 2.9233354566e+00 1.1241203100e+01
169 6.0845049293e-01 7.3350871057e-02 2.9235067315e+00 1.1236554563e+01
170 6.0841329867e-01 7.3412991671e-02 2.9260959619e+00 1.1277179202e+01
171 6.0836370270e-01 7.3435943658e-02 2.9248233657e+00 1.1271465261e+01
172 6.0847211991e-01 7.3941857623e-02 2.9418132320e+00 1.1395929112e+01
173 6.0829505803e-01 7.3396399385e-02 2.9358086720e+00 1.1386668718e+01
174 6.0845787069e-01 7.4078393469e-02 2.9517233143e+00 1.1488312964e+01
175 6.0896334905e-01 7.4825208995e-02 2.9072975294e+00 1.1158382678e+01
176 6.0891397798e-01 7.4856610828e-02 2.9022958134e+00 1.1142387827e+01
177 6.0900306360e-01 7.5523424746e-02 2.9162707002e+00 1.1253647933e+01
178 6.0897279648e-01 7.5639518229e-02 2.9210669554e+00 1.1312016506e+01
179 6.0914807837e-01 7.6135524550e-02 2.9310756224e+00 1.1370494766e+01
180 6.0904674610e-01 7.5572273412e-02 2.9117970636e+00 1.1238661605e+01
181 6.0866479538e-01 7.5338681027e-02 2.9272836831e+00 1.1364994884e+01
182 6.0873085458e-01 7.5346686985e-02 2.9288140739e+00 1.1362954500e+01
183 6.0872585174e-01 7.5323408443e-02 2.9294475356e+00 1.1370837674e+01
184 6.0860321082e-01 7.4859117144e-02 2.9217331343e+00 1.1348016015e+01
185 6.0878191598e-01 7.5213169243e-02 2.8964070626e+00 1.1178904296e+01
186 6.0920919897e-01 7.6085105278e-02 2.8934321627e+00 1.1172210336e+01
187 6.0919562130e-01 7.6126043101e-02 2.8911850670e+00 1.1157386463e+01
188 6.0914954809e-01 7.6178073877e-02 2.8847176941e+00 1.1137648889e+01
189 6.0895077879e-01 7.5506822001e-02 2.8524173356e+00 1.0872509478e+01
190 6.0911703347e-01 7.5783508531e-02 2.8342873831e+00 1.0744310854e+01
191 6.0909631462e-01 7.5792313389e-02 2.8340636466e+00 1.0742238262e+01
192 6.0927282127e-01 7.6131219997e-02 2.8122599611e+00 1.0595650859e+01
193 6.0920109829e-01 7.6264542153e-02 2.8104203496e+00 1.0578881868e+01
194 6.0919800046e-01 7.6263744626e-02 2.8106989322e+00 1.0579692555e+01
195 6.0920172995e-01 7.6265721701e-02 2.8103184474e+00 1.0578059434e+01
196 6.0955910372e-01 7.7145495108e-02 2.8027608558e+00 1.0502424985e+01
197 6.0949651460e-01 7.7256894668e-02 2.8052120706e+00 1.0531371087e+01
198 6.0938054042e-01 7.7606134019e-02 2.8555469925e+00 1.0912167266e+01
199 6.0891504725e-01 7.6993723050e-02 2.8970424051e+00 1.1206601779e+01
200 6.0960852497e-01 7.7744080504e-02 2.8393665217e+00 1.0812678698e+01
201 6.0979843243e-01 7.7973967627e-02 2.8202681685e+00 1.0688821581e+01
202 6.0991325401e-01 7.8259787077e-02 2.7979710800e+00 1.0551417785e+01
203 6.0995735408e-01 7.7941561321e-02 2.7731005936e+00 1.0414981997e+01
204 6.1036884712e-01 7.8536933271e-02 2.7346799222e+00 1.0154588864e+01
205 6.0995602210e-01 7.7773982886e-02 2.7420829856e+00 1.0233284512e+01
206 6.0957152492e-01 7.6892564694e-02 2.7409764795e+00 1.0231922932e+01
207 6.0981273533e-01 7.7192465151e-02 2.7217407892e+00 1.0101269187e+01
208 6.0987080855e-01 7.6938046253e-02 2.6840973626e+00 9.8501507385e+00
209 6.0975058885e-01 7.6333663410e-02 2.6599319550e+00 9.6794380226e+00
210 6.0970721481e-01 7.6237023804e-02 2.6620398804e+00 9.7020572669e+00
211 6.1027112069e-01 7.7415989175e-02 2.6488720439e+00 9.6180259490e+00
212 6.1043602676e-01 7.8014157725e-02 2.6477392713e+00 9.5804733896e+00
213 6.1042493721e-01 7.8005466314e-02 2.6476510914e+00 9.5814709418e+00
214 6.1002203010e-01 7.7155109888e-02 2.6442405441e+00 9.5518500095e+00
215 6.0997919163e-01 7.7177592722e-02 2.6430579660e+00 9.5470643758e+00
216 6.1007832698e-01 7.7865239175e-02 2.6673645483e+00 9.7318306168e+00
217 6.1022850152e-01 7.8169108255e-02 2.6479942230e+00 9.6116250612e+00
218 6.1022690844e-01 7.7739406035e-02 2.6047637139e+00 9.3169313179e+00
219 6.1049847469e-01 7.8752258999e-02 2.6286661128e+00 9.4475778933e+00
220 6.0929993733e-01 7.6120192324e-02 2.6109707383e+00 9.2821686374e+00
221 6.0912235295e-01 7.5796289775e-02 2.6288594604e+00 9.3994327934e+00
222 6.0928404322e-01 7.6219417851e-02 2.6407551125e+00 9.4629329841e+00
223 6.0939304922e-01 7.6827007178e-02 2.6625117391e+00 9.6234727704e+00
224 6.0977624275e-01 7.7521902787e-02 2.6186239201e+00 9.3617265613e+00
225 6.0985381813e-01 7.8191955879e-02 2.6401191260e+00 9.5462687784e+00
226 6.0986634799e-01 7.8150298381e-02 2.6407263934e+00 9.5525747931e+00
227 6.0999882251e-01 7.8711466165e-02 2.6513347687e+00 9.6264243461e+00
228 6.0994596730e-01 7.8730205370e-02 2.6511889086e+00 9.6245166942e+00
229 6.0992235024e-01 7.8657658743e-02 2.6536112092e+00 9.6436409667e+00
230 6.0969791058e-01 7.8384396202e-02 2.6703520957e+00 9.7568382853e+00
231 6.0932751638e-01 7.7548333848e-02 2.6682472661e+00 9.7382068783e+00
232 6.0934506098e-01 7.7547917350e-02 2.6676560072e+00 9.7361138898e+00
233 6.0931909257e-01 7.7468922565e-02 2.6672515209e+00 9.7406342241e+00
234 6.0876951711e-01 7.5965510097e-02 2.6373569514e+00 9.5132199823e+00
235 6.0930781922e-01 7.7508099088e-02 2.6648954061e+00 9.7094058946e+00
236 6.0972329772e-01 7.8266731370e-02 2.6353246599e+00 9.4980108602e+00
237 6.0979801272e-01 7.8794030665e-02 2.6357400900e+00 9.4662482881e+00
238 6.0996645557e-01 7.9097073110e-02 2.6166636472e+00 9.3478217559e+00
239 6.0994144187e-01 7.9019617340e-02 2.6141979814e+00 9.3217073531e+00
240 6.0982696166e-01 7.9069477679e-02 2.6126494278e+00 9.3140415699e+00
241 6.0985041818e-01 7.8920391956e-02 2.5885735386e+00 9.1717304551e+00
242 6.0985055930e-01 7.8909640517e-02 2.5901481883e+00 9.1760618215e+00
243 6.0997587350e-01 7.9534753052e-02 2.6177672284e+00 9.4078290044e+00
244 6.0998113771e-01 7.9540164221e-02 2.6168626178e+00 9.4047172532e+00
245 6.1019760488e-01 7.9858404705e-02 2.5983409278e+00 9.2875545452e+00
246 6.1039456880e-01 8.0247606478e-02 2.5788021658e+00 9.1625687889e+00
247 6.1039354549e-01 8.0340385528e-02 2.5752306285e+00 9.1290488620e+00
248 6.1034311446e-01 8.0410530984e-02 2.5715942103e+00 9.1138113347e+00
249 6.1053669341e-01 8.1093169655e-02 2.5915427430e+00 9.2515687931e+00
250 6.1068253379e-01 8.1675889435e-02 2.6019311789e+00 9.3167723770e+00
251 6.1064639605e-01 8.1772922526e-02 2.6105809512e+00 9.3926458031e+00
252 6.1080042570e-01 8.2532869334e-02 2.6376546471e+00 9.5929619009e+00
253 6.1126043279e-01 8.3103728938e-02 2.6026630207e+00 9.3676957727e+00
254 6.1091288153e-01 8.2324274114e-02 2.6048554649e+00 9.3902729432e+00
255 6.1095347048e-01 8.2329870884e-02 2.6027445758e+00 9.3827014242e+00
256 6.1142958164e-01 8.2949200393e-02 2.5689299853e+00 9.1589811393e+00
257 6.1144402374e-01 8.2939654823e-02 2.5695311539e+00 9.1611905035e+00
258 6.1140169812e-01 8.2987170392e-02 2.5696628672e+00 9.1573017809e+00
259 6.1140351749e-01 8.3018138600e-02 2.5692266789e+00 9.1513202843e+00
260 6.1126738696e-01 8.3068138084e-02 2.5687153937e+00 9.1466828271e+00
261 6.1124409968e-01 8.3080939897e-02 2.5688705428e+00 9.1474272054e+00
262 6.1148947212e-01 8.4017988232e-02 2.5722580062e+00 9.1777859308e+00
263 6.1148808023e-01 8.4130376768e-02 2.5728453994e+00 9.1827307981e+00
264 6.1198887118e-01 8.5447336513e-02 2.5858151141e+00 9.2647332091e+00
265 6.1141165528e-01 8.4251075203e-02 2.5871701480e+00 9.3106211126e+00
266 6.1173423867e-01 8.4122380251e-02 2.5218998662e+00 8.8548173032e+00
267 6.1191375891e-01 8.4349145632e-02 2.5030414091e+00 8.7595254753e+00
268 6.1190378225e-01 8.4364954391e-02 2.5016558840e+00 8.7545079084e+00
269 6.1135411137e-01 8.2946248652e-02 2.4787154876e+00 8.5976993729e+00
270 6.1114157891e-01 8.2839873126e-02 2.5265885863e+00 9.0113444348e+00
271 6.1133648287e-01 8.3281254964e-02 2.5254407208e+00 8.9847134383e+00
272 6.1141549755e-01 8.3821651637e-02 2.5418248430e+00 9.0920122485e+00
273 6.1136683015e-01 8.3960212710e-02 2.5466081229e+00 9.1322051774e+00
274 6.1146729152e-01 8.4519309252e-02 2.5580899667e+00 9.1961175917e+00
275 6.1146174539e-01 8.4517224053e-02 2.5575444813e+00 9.1962228686e+00
276 6.1161431509e-01 8.4765234970e-02 2.5409218097e+00 9.0990518060e+00
277 6.1120497986e-01 8.3555826827e-02 2.5130637624e+00 8.8676847431e+00
278 6.1144611859e-01 8.4685372304e-02 2.5447554974e+00 9.0700506526e+00
279 6.1089958445e-01 8.3330487739e-02 2.5284893424e+00 8.9779955414e+00
280 6.1088211722e-01 8.3305389914e-02 2.5283107724e+00 8.9820666927e+00
281 6.1100703680e-01 8.3744626094e-02 2.5454334908e+00 9.0917690654e+00
282 6.1099041708e-01 8.3748323814e-02 2.5440625197e+00 9.0901016865e+00
283 6.1116564553e-01 8.4346325976e-02 2.5679903982e+00 9.2676953938e+00
284 6.1118368497e-01 8.4302333547e-02 2.5672406913e+00 9.2684455804e+00
285 6.1098909879e-01 8.4035807967e-02 2.5818602890e+00 9.3682335882e+00
286 6.1119496201e-01 8.4489838595e-02 2.5665410744e+00 9.2622977869e+00
287 6.1111378960e-01 8.4537934128e-02 2.5642194745e+00 9.2517676720e+00
288 6.1035906059e-01 8.2959504864e-02 2.5730338914e+00 9.3411729320e+00
289 6.1018222778e-01 8.2414011497e-02 2.5583173916e+00 9.2570190094e+00
290 6.0978458224e-01 8.1408658700e-02 2.5447079782e+00 9.1407739992e+00
291 6.0996785286e-01 8.1904063720e-02 2.5264266445e+00 9.0152236775e+00
292 6.1013811469e-01 8.2158481603e-02 2.5107008198e+00 8.9265330526e+00
293 6.1014317499e-01 8.2166773952e-02 2.5108126377e+00 8.9267728447e+00
294 6.1037243654e-01 8.2444409035e-02 2.4941896875e+00 8.8202159632e+00
295 6.1033843852e-01 8.2491346119e-02 2.4922692517e+00 8.8087359822e+00
296 6.1029193961e-01 8.2515897063e-02 2.4912876164e+00 8.8042395308e+00
297 6.1014547207e-01 8.2569982739e-02 2.4971902051e+00 8.7972596828e+00
298 6.1024050249e-01 8.3087247935e-02 2.5025605989e+00 8.8205656471e+00
299 6.1032269528e-01 8.3321917993e-02 2.5141008466e+00 8.9185120880e+00
300 6.0986584638e-01 8.2568821320e-02 2.5174976141e+00 8.9525102529e+00
301 6.1020493994e-01 8.3701277962e-02 2.5567036369e+00 9.2116061380e+00
302 6.1025796493e-01 8.3818338664e-02 2.5591127583e+00 9.2381174676e+00
303 6.1023634419e-01 8.3722954002e-02 2.5599078449e+00 9.2509437475e+00
304 6.1028454040e-01 8.3762362708e-02 2.5576773971e+00 9.2401967393e+00
305 6.1026691300e-01 8.3743812686e-02 2.5535036871e+00 9.2100597206e+00
306 6.1047818508e-01 8.4001538298e-02 2.5375074077e+00 9.1088178876e+00
307 6.1096393452e-01 8.4498582647e-02 2.5064551975e+00 8.9149595410e+00
308 6.1093445773e-01 8.4534553970e-02 2.5028679605e+00 8.9054733827e+00
309 6.1025657190e-01 8.2968085888e-02 2.4885766190e+00 8.8650525841e+00
310 6.1025450939e-01 8.2887250840e-02 2.4838293023e+00 8.8252486781e+00
311 6.1021955241e-01 8.2911328018e-02 2.4827034766e+00 8.8190719517e+00
312 6.1047613324e-01 8.3221846815e-02 2.4664460809e+00 8.7143485327e+00
313 6.1070456315e-01 8.3482446912e-02 2.4522098020e+00 8.6414476497e+00
314 6.1066472132e-01 8.3508143597e-02 2.4508200473e+00 8.6359574022e+00
315 6.1060398071e-01 8.3541996183e-02 2.4494679403e+00 8.6295084680e+00
316 6.1081338866e-01 8.3705638171e-02 2.4325721050e+00 8.5446001061e+00
317 6.1158503696e-01 8.5262351706e-02 2.4396988693e+00 8.5909453723e+00
318 6.1132158148e-01 8.4890062177e-02 2.4488450093e+00 8.6357944574e+00
319 6.1116112819e-01 8.4278154060e-02 2.4311516840e+00 8.5228358286e+00
320 6.1100848761e-01 8.3802346490e-02 2.4239855268e+00 8.4962123486e+00
321 6.1125544755e-01 8.4138005105e-02 2.4081812432e+00 8.3935965302e+00
322 6.1138969030e-01 8.4642426746e-02 2.4215180157e+00 8.4653907787e+00
323 6.1138443491e-01 8.4619992207e-02 2.4151484450e+00 8.4196185129e+00
324 6.1161760976e-01 8.5545074810e-02 2.4329478270e+00 8.4925833935e+00
325 6.1133178008e-01 8.4966848766e-02 2.4140915428e+00 8.3920249377e+00
326 6.1125090982e-01 8.4266951140e-02 2.3653866139e+00 8.0889205425e+00
327 6.1122284276e-01 8.4601532339e-02 2.3997050577e+00 8.3001094146e+00
328 6.1114029751e-01 8.4194425393e-02 2.3894805756e+00 8.2452187185e+00
329 6.1125028084e-01 8.4789435160e-02 2.4090719530e+00 8.3710690481e+00
330 6.1128201417e-01 8.5260077983e-02 2.4105709565e+00 8.3558068514e+00
331 6.1129328116e-01 8.5202808014e-02 2.4080524463e+00 8.3233622930e+00
332 6.1137401803e-01 8.5745041420e-02 2.4212593482e+00 8.4073822302e+00
333 6.1202972447e-01 8.6504408809e-02 2.3761466867e+00 8.1456537361e+00
334 6.1187599974e-01 8.6147507380e-02 2.3711123489e+00 8.1323666546e+00
335 6.1199341078e-01 8.6633638658e-02 2.3788980901e+00 8.1656827179e+00
336 6.1255728811e-01 8.7335658078e-02 2.3363824420e+00 7.9225577205e+00
337 6.1263584242e-01 8.7772631564e-02 2.3491163727e+00 7.9890416320e+00
338 6.1260521915e-01 8.7806333450e-02 2.3466605278e+00 7.9809269911e+00
339 6.1259337535e-01 8.7805006715e-02 2.3472954521e+00 7.9825209541e+00
340 6.1288332556e-01 8.8554810440e-02 2.3401316061e+00 7.9289920708e+00
341 6.1281646261e-01 8.8540447481e-02 2.3410551230e+00 7.9342075358e+00
342 6.1263558428e-01 8.8769845733e-02 2.3608224412e+00 8.0397154388e+00
343 6.1261892129e-01 8.8766568988e-02 2.3619098489e+00 8.0423143525e+00
344 6.1263937076e-01 8.8795074324e-02 2.3613031902e+00 8.0370065804e+00
345 6.1280297446e-01 8.9074902854e-02 2.3476917202e+00 7.9541942789e+00
346 6.1247118012e-01 8.8333294071e-02 2.3491446648e+00 7.9667600641e+00
347 6.1234054559e-01 8.7999416110e-02 2.3355316894e+00 7.8849545150e+00
348 6.1231319596e-01 8.8024759930e-02 2.3337366247e+00 7.8795812587e+00
349 6.1240147538e-01 8.8237417490e-02 2.3186876100e+00 7.8015646559e+00
350 6.1186775627e-01 8.7437391403e-02 2.3125839234e+00 7.7710352218e+00
351 6.1148394024e-01 8.6753065793e-02 2.3118741796e+00 7.7683303498e+00
352 6.1183105689e-01 8.7579938903e-02 2.3168703407e+00 7.8029151107e+00
353 6.1197301870e-01 8.8035327985e-02 2.3031917073e+00 7.7146828901e+00
354 6.1188468456e-01 8.8059608679e-02 2.3028753006e+00 7.7135775198e+00
355 6.1213419304e-01 8.8314791314e-02 2.2899970493e+00 7.6364188329e+00
356 6.1207621178e-01 8.8308737420e-02 2.2893004183e+00 7.6365731103e+00
357 6.1249404209e-01 8.8943269597e-02 2.2610875051e+00 7.4739087645e+00
358 6.1226890144e-01 8.8238494276e-02 2.2455815210e+00 7.3890111927e+00
359 6.1218173495e-01 8.7909991338e-02 2.2359397494e+00 7.3371226924e+00
360 6.1243937566e-01 8.8186768803e-02 2.2221284096e+00 7.2585040056e+00
361 6.1281879042e-01 8.9058331581e-02 2.2352904591e+00 7.3743204475e+00
362 6.1269428820e-01 8.9172585712e-02 2.2605773432e+00 7.5184115907e+00
363 6.1246963096e-01 8.8680569546e-02 2.2495724194e+00 7.4672815735e+00
364 6.1241823987e-01 8.8726588873e-02 2.2491789503e+00 7.4642233807e+00
365 6.1237865704e-01 8.8550745484e-02 2.2249144627e+00 7.3320312050e+00
