1 5.9282947138e-01 1.1102230246e-16 1.0000000000e+00 1.0000000000e+00
2 5.9294906794e-01 7.7815948096e-03 2.6235914093e+01 8.0399632649e+02
3 5.9322776343e-01 1.0788454571e-02 1.9809392459e+01 4.3235316849e+02
4 5.9337023579e-01 1.3299540314e-02 1.5805253973e+01 2.8035214488e+02
5 5.9358174531e-01 1.5223808445e-02 1.4046983990e+01 2.1678474077e+02
6 5.9376042397e-01 1.7025430352e-02 1.2522013684e+01 1.7270944771e+02
7 5.9372197064e-01 1.7071870914e-02 1.2425494461e+01 1.7095835484e+02
8 5.9358805636e-01 1.7303990069e-02 1.1883303762e+01 1.6255155792e+02
9 5.9347521216e-01 1.7555765447e-02 1.1337961245e+01 1.5390644916e+02
10 5.9388989953e-01 2.0446646330e-02 1.0042217940e+01 1.1613318760e+02
11 5.9380968192e-01 2.0542369612e-02 9.8947084477e+00 1.1418109228e+02
12 5.9380766539e-01 2.0671981390e-02 9.6712347248e+00 1.1149422669e+02
13 5.9435665833e-01 2.4091946965e-02 8.4250601665e+00 8.2040230514e+01
14 5.9453828892e-01 2.5258529522e-02 8.0486432178e+00 7.4727853286e+01
15 5.9460984883e-01 2.6420077336e-02 7.6800031435e+00 6.8235085551e+01
16 5.9463686188e-01 2.8245486719e-02 8.2350621503e+00 8.1896973129e+01
17 5.9454796761e-01 2.8356021103e-02 8.1367749780e+00 8.0749702096e+01
18 5.9489524677e-01 3.0767093780e-02 8.2141980705e+00 8.1523573124e+01
19 5.9518138463e-01 3.1720814858e-02 7.9215089031e+00 7.5346662729e+01
20 5.9505482998e-01 3.1806998778e-02 7.8634632091e+00 7.4666408108e+01
21 5.9507518311e-01 3.1717428676e-02 7.8136205038e+00 7.3660769147e+01
22 5.9522022106e-01 3.2643442713e-02 7.5229740669e+00 6.8216669769e+01
23 5.9586468501e-01 3.4991965744e-02 6.8912324918e+00 5.6657459712e+01
24 5.9573726062e-01 3.5088843206e-02 6.8377051099e+00 5.6144315040e+01
25 5.9585402402e-01 3.6418801628e-02 7.0153897271e+00 5.8915708526e+01
26 5.9652130960e-01 3.8489678550e-02 6.4966083030e+00 5.0336385650e+01
27 5.9666299957e-01 3.9236342988e-02 6.3190061157e+00 4.7689730846e+01
28 5.9670924101e-01 3.9256596281e-02 6.3058980890e+00 4.7561945962e+01
29 5.9685062785e-01 3.9979277333e-02 6.1440583382e+00 4.5209098734e+01
30 5.9679752692e-01 4.0038887595e-02 6.1169377983e+00 4.4979381658e+01
31 5.9678459276e-01 4.0114461767e-02 6.1074823981e+00 4.4817986005e+01
32 5.9671202197e-01 4.0256993078e-02 6.0995845246e+00 4.4933709742e+01
33 5.9702317477e-01 4.2113435572e-02 6.0457121792e+00 4.4112286713e+01
34 5.9679821484e-01 4.0969723750e-02 5.9186966405e+00 4.2629747330e+01
35 5.9703412292e-01 4.1644197018e-02 5.7824153542e+00 4.0723171478e+01
36 5.9681451728e-01 4.1062536157e-02 5.8756950036e+00 4.2245384421e+01
37 5.9705891292e-01 4.1618124448e-02 5.7648820933e+00 4.0629053866e+01
38 5.9724549925e-01 4.2279273953e-02 5.6415511944e+00 3.8905193762e+01
39 5.9722981873e-01 4.2304271420e-02 5.6321505545e+00 3.8822107535e+01
40 5.9727850346e-01 4.2405028954e-02 5.6161195731e+00 3.8634509958e+01
41 5.9754550002e-01 4.3031903858e-02 5.5054637934e+00 3.7089659523e+01
42 5.9754918348e-01 4.3026832767e-02 5.5064830402e+00 3.7104425184e+01
43 5.9803796537e-01 4.4212439836e-02 5.3088377373e+00 3.4408806268e+01
44 5.9861539564e-01 4.6051936346e-02 5.0195120655e+00 3.0776740419e+01
45 5.9855053253e-01 4.6132059284e-02 5.0028215704e+00 3.0641504291e+01
46 5.9871223097e-01 4.6664632422e-02 4.9188513177e+00 2.9649360212e+01
47 5.9889588436e-01 4.6981349844e-02 4.7997023809e+00 2.8100404230e+01
48 5.9888855304e-01 4.6994008877e-02 4.7960042155e+00 2.8073315391e+01
49 5.9886390016e-01 4.7003109689e-02 4.7945481836e+00 2.8061791725e+01
50 5.9884042078e-01 4.7044944529e-02 4.7816681809e+00 2.7973538782e+01
51 5.9926185321e-01 4.8006246971e-02 4.6509109652e+00 2.6431805250e+01
52 5.9976847130e-01 4.8919787464e-02 4.5248761822e+00 2.5019592456e+01
53 5.9985320090e-01 4.9752938188e-02 4.6134030099e+00 2.6117442409e+01
54 5.9979901502e-01 4.9708080688e-02 4.6133897387e+00 2.6138651714e+01
55 6.0042382221e-01 5.1787921936e-02 4.5687965896e+00 2.5600432132e+01
56 6.0025496443e-01 5.1365060236e-02 4.6220434418e+00 2.6220188253e+01
57 6.0041549269e-01 5.1844659017e-02 4.5542306686e+00 2.5499139483e+01
58 6.0037321865e-01 5.1839388950e-02 4.5506871587e+00 2.5490015872e+01
59 6.0011468455e-01 5.0976688904e-02 4.4771439977e+00 2.4703211943e+01
60 6.0015565687e-01 5.1026166682e-02 4.4773489415e+00 2.4684707194e+01
61 6.0001312857e-01 5.1079655711e-02 4.4698325166e+00 2.4632982584e+01
62 5.9997582771e-01 5.1138822123e-02 4.4543626404e+00 2.4534447688e+01
63 6.0036874438e-01 5.2568113056e-02 4.4779230373e+00 2.4839404654e+01
64 6.0054838948e-01 5.3081833466e-02 4.4196288950e+00 2.4185014270e+01
65 6.0091249029e-01 5.4389625333e-02 4.4372370322e+00 2.4412177737e+01
66 6.0112368253e-01 5.4829865656e-02 4.3811047184e+00 2.3813938895e+01
67 6.0055225820e-01 5.3900578618e-02 4.4777569137e+00 2.4993078887e+01
68 6.0075286570e-01 5.4204035011e-02 4.3890736921e+00 2.4013998574e+01
69 6.0137333702e-01 5.5607031875e-02 4.2336574446e+00 2.2329715377e+01
70 6.0137865838e-01 5.5561553277e-02 4.2332102678e+00 2.2346103241e+01
71 6.0145840924e-01 5.6480831094e-02 4.2656794543e+00 2.2658486292e+01
72 6.0148498842e-01 5.6449134722e-02 4.2652694859e+00 2.2670141198e+01
73 6.0147355616e-01 5.6465606015e-02 4.2618066162e+00 2.2647389074e+01
74 6.0148647835e-01 5.6453632451e-02 4.2647323843e+00 2.2661084398e+01
75 6.0176971782e-01 5.6841600478e-02 4.2101498262e+00 2.2040598837e+01
76 6.0173518737e-01 5.6858247466e-02 4.2079108064e+00 2.2025289359e+01
77 6.0182500224e-01 5.6532164533e-02 4.1269218229e+00 2.1273164291e+01
78 6.0197601524e-01 5.6993337873e-02 4.0664677631e+00 2.0744843966e+01
79 6.0225046801e-01 5.7442060690e-02 4.0127963666e+00 2.0242900161e+01
80 6.0244294194e-01 5.7894253238e-02 3.9668514038e+00 1.9787230904e+01
81 6.0264894171e-01 5.8346095018e-02 3.9220397128e+00 1.9352360304e+01
82 6.0268363108e-01 5.8570941278e-02 3.9136367576e+00 1.9246886102e+01
83 6.0305981458e-01 5.9811234370e-02 3.9041432067e+00 1.9141906855e+01
84 6.0312116781e-01 5.9801553026e-02 3.9031097945e+00 1.9138207357e+01
85 6.0335734328e-01 6.0255408545e-02 3.8637290466e+00 1.8739870429e+01
86 6.0325170068e-01 6.0316045134e-02 3.8552673026e+00 1.8693875241e+01
87 6.0354642185e-01 6.0735058799e-02 3.8070842550e+00 1.8275301934e+01
88 6.0389016321e-01 6.1957782663e-02 3.7923873400e+00 1.8148943486e+01
89 6.0388003521e-01 6.1976460788e-02 3.7892290650e+00 1.8129581719e+01
90 6.0428067281e-01 6.2877144067e-02 3.7349627958e+00 1.7659164012e+01
91 6.0416809414e-01 6.2953194146e-02 3.7250797815e+00 1.7602209198e+01
92 6.0438774295e-01 6.3251432540e-02 3.6910738066e+00 1.7309766675e+01
93 6.0443113098e-01 6.3227045320e-02 3.6874065667e+00 1.7298961378e+01
94 6.0444533741e-01 6.3226230210e-02 3.6870038275e+00 1.7296235026e+01
95 6.0461495978e-01 6.3564843310e-02 3.6483619648e+00 1.6983760341e+01
96 6.0466723773e-01 6.3614494106e-02 3.6450815558e+00 1.6955670742e+01
97 6.0487280964e-01 6.4070615861e-02 3.6059291933e+00 1.6609959815e+01
98 6.0496429471e-01 6.4494768691e-02 3.5699677566e+00 1.6295516218e+01
99 6.0590189652e-01 6.5950814542e-02 3.4542371787e+00 1.5344623410e+01
100 6.0570650710e-01 6.5324580280e-02 3.4215866091e+00 1.5078719606e+01
101 6.0587795137e-01 6.5761351939e-02 3.3862904983e+00 1.4797116344e+01
102 6.0566514367e-01 6.5440136057e-02 3.4035255498e+00 1.4998749137e+01
103 6.0614768136e-01 6.6205800566e-02 3.3453132409e+00 1.4496860414e+01
104 6.0617977128e-01 6.6215699415e-02 3.3447048288e+00 1.4491797703e+01
105 6.0614694502e-01 6.6184224664e-02 3.3372097237e+00 1.4426665018e+01
106 6.0610208413e-01 6.6215606329e-02 3.3334868550e+00 1.4409394291e+01
107 6.0676378590e-01 6.7592872965e-02 3.3009723785e+00 1.4146827101e+01
108 6.0694766438e-01 6.7740861408e-02 3.2785468632e+00 1.3990684508e+01
109 6.0688517608e-01 6.7766030718e-02 3.2771693852e+00 1.3982308044e+01
110 6.0691401292e-01 6.8406113293e-02 3.2950901906e+00 1.4112912885e+01
111 6.0742231899e-01 6.9025619723e-02 3.2420679801e+00 1.3690774705e+01
112 6.0763072921e-01 6.9452718157e-02 3.2102501024e+00 1.3442933787e+01
113 6.0795681175e-01 7.0751681444e-02 3.2449111417e+00 1.3675335046e+01
114 6.0848862569e-01 7.2198844622e-02 3.2186714644e+00 1.3448052700e+01
115 6.0872303263e-01 7.2529924820e-02 3.1933359774e+00 1.3250775778e+01
116 6.0874179711e-01 7.2401532771e-02 3.1945868286e+00 1.3279214969e+01
117 6.0896252810e-01 7.2617705108e-02 3.1704383780e+00 1.3111723697e+01
118 6.0912035251e-01 7.3151080655e-02 3.1731781739e+00 1.3087887856e+01
119 6.0918046415e-01 7.2999517202e-02 3.1350026629e+00 1.2855640287e+01
120 6.0896336156e-01 7.2553057846e-02 3.1158568151e+00 1.2738496433e+01
121 6.0893384205e-01 7.2595912376e-02 3.1106464180e+00 1.2714439109e+01
122 6.0886341637e-01 7.2621051158e-02 3.1072219914e+00 1.2705243789e+01
123 6.0911259873e-01 7.2944247593e-02 3.0820583169e+00 1.2517566059e+01
124 6.0904570914e-01 7.3009339334e-02 3.0716390611e+00 1.2477288929e+01
125 6.0903608721e-01 7.3179287246e-02 3.0647610768e+00 1.2428248465e+01
126 6.0886556755e-01 7.2583090593e-02 3.0415868626e+00 1.2278995942e+01
127 6.0907402491e-01 7.2876714878e-02 3.0172567132e+00 1.2106777316e+01
128 6.0929881165e-01 7.3240991832e-02 2.9983193692e+00 1.1969616536e+01
129 6.0948486378e-01 7.4435750548e-02 3.0140191505e+00 1.2058046311e+01
130 6.0960853304e-01 7.5002488572e-02 3.0272642774e+00 1.2132158868e+01
131 6.1019170064e-01 7.5998921766e-02 3.0004466101e+00 1.1931429265e+01
132 6.1060424522e-01 7.6415462644e-02 2.9392564101e+00 1.1461018815e+01
133 6.1009194189e-01 7.5781216405e-02 2.9794154281e+00 1.1769481224e+01
134 6.0999072465e-01 7.5320448950e-02 2.9645679562e+00 1.1669739917e+01
135 6.0966320841e-01 7.4948887625e-02 2.9855430826e+00 1.1842107723e+01
136 6.0963490820e-01 7.4994685982e-02 2.9802940079e+00 1.1818455117e+01
137 6.0949795696e-01 7.4385280097e-02 2.9816545676e+00 1.1873257773e+01
138 6.0991729296e-01 7.5210455697e-02 2.9782079826e+00 1.1845396196e+01
139 6.0984465018e-01 7.5246205624e-02 2.9760665242e+00 1.1835040581e+01
140 6.0958319480e-01 7.5134956087e-02 2.9996946694e+00 1.2016217167e+01
141 6.0953550264e-01 7.5126731095e-02 2.9976784749e+00 1.2014302547e+01
142 6.0936827227e-01 7.4362805086e-02 2.9656067389e+00 1.1768892089e+01
143 6.0963144417e-01 7.4703131375e-02 2.9432240864e+00 1.1600407760e+01
144 6.0989683238e-01 7.5017549030e-02 2.9254290390e+00 1.1450777356e+01
145 6.1015620647e-01 7.5309075286e-02 2.9035482447e+00 1.1295902006e+01
146 6.1024317414e-01 7.5992990229e-02 2.9076759871e+00 1.1294865745e+01
147 6.1027910814e-01 7.6066789006e-02 2.9052265415e+00 1.1273431370e+01
148 6.1031606314e-01 7.6066543627e-02 2.9038186495e+00 1.1267941349e+01
149 6.1044840431e-01 7.6396775285e-02 2.8811408286e+00 1.1113031236e+01
150 6.1042057963e-01 7.6368949905e-02 2.8807567809e+00 1.1118033657e+01
151 6.1054943422e-01 7.6929757671e-02 2.8837854906e+00 1.1118324270e+01
152 6.1051878967e-01 7.6868607594e-02 2.8846992054e+00 1.1132868577e+01
153 6.1009021168e-01 7.6021685579e-02 2.8961933696e+00 1.1253722064e+01
154 6.0997505093e-01 7.6084778561e-02 2.9005849296e+00 1.1284763160e+01
155 6.0988563910e-01 7.6123628042e-02 2.8988188720e+00 1.1276014524e+01
156 6.1015661000e-01 7.6438962282e-02 2.8745303051e+00 1.1114454106e+01
157 6.1033191235e-01 7.6731906249e-02 2.8518888944e+00 1.0964010818e+01
158 6.1029010933e-01 7.6780346263e-02 2.8466413889e+00 1.0944115931e+01
159 6.1036564567e-01 7.6473017444e-02 2.8129741945e+00 1.0745953359e+01
160 6.1037898297e-01 7.6534570253e-02 2.8142622814e+00 1.0738571811e+01
161 6.1039186099e-01 7.6265231755e-02 2.7783410474e+00 1.0515300311e+01
162 6.1042650073e-01 7.6289529393e-02 2.7759528525e+00 1.0507025940e+01
163 6.1037500972e-01 7.6317842587e-02 2.7747229010e+00 1.0498310586e+01
164 6.1018092361e-01 7.5909582375e-02 2.7525268960e+00 1.0373451830e+01
165 6.1005887794e-01 7.5959478535e-02 2.7507627589e+00 1.0364958073e+01
166 6.0987038290e-01 7.5748537457e-02 2.7655630638e+00 1.0470656471e+01
167 6.1006422248e-01 7.6084209540e-02 2.7456761791e+00 1.0336735286e+01
168 6.1004199759e-01 7.6054011079e-02 2.7457621619e+00 1.0342095119e+01
169 6.0994849048e-01 7.5922314828e-02 2.7463734875e+00 1.0364852905e+01
170 6.1015925503e-01 7.6255555510e-02 2.7274632147e+00 1.0229065642e+01
171 6.1016066732e-01 7.6202731563e-02 2.7270974796e+00 1.0231998681e+01
172 6.1015032064e-01 7.6252720051e-02 2.7330061858e+00 1.0292155468e+01
173 6.1070004528e-01 7.6618217608e-02 2.6592914738e+00 9.7965362066e+00
174 6.1066356476e-01 7.6894999687e-02 2.6781787467e+00 9.9539337373e+00
175 6.1087897285e-01 7.7248005277e-02 2.6584489604e+00 9.8198815757e+00
176 6.1114632784e-01 7.7176437797e-02 2.6032635122e+00 9.4435824563e+00
177 6.1094937404e-01 7.7375151015e-02 2.6294704246e+00 9.6170437113e+00
178 6.1144137185e-01 7.7965076736e-02 2.5926519535e+00 9.3804276072e+00
179 6.1166146312e-01 7.8309861148e-02 2.5736142847e+00 9.2590548078e+00
180 6.1158630136e-01 7.8181339339e-02 2.5767553298e+00 9.2898463308e+00
181 6.1139453999e-01 7.7601783467e-02 2.5531538337e+00 9.1426077167e+00
182 6.1150241518e-01 7.8182927131e-02 2.5755941847e+00 9.2893908687e+00
183 6.1148738456e-01 7.8186822480e-02 2.5757479623e+00 9.2895340030e+00
184 6.1137832740e-01 7.8203581500e-02 2.5716923594e+00 9.2822914536e+00
185 6.1154789713e-01 7.8724134230e-02 2.5963055124e+00 9.4664441559e+00
186 6.1115892803e-01 7.8374603259e-02 2.6271927721e+00 9.7366886719e+00
187 6.1140084695e-01 7.8614418999e-02 2.6092638116e+00 9.6241608921e+00
188 6.1129552000e-01 7.8884468736e-02 2.6483869350e+00 9.8923074493e+00
189 6.1118093789e-01 7.8933071001e-02 2.6469587461e+00 9.8839805261e+00
190 6.1137183075e-01 7.9525076156e-02 2.6638854617e+00 9.9837586679e+00
191 6.1138359830e-01 7.9525023583e-02 2.6635646411e+00 9.9819668032e+00
192 6.1172444516e-01 8.0659973537e-02 2.6952747667e+00 1.0160732879e+01
193 6.1173700939e-01 8.0708649776e-02 2.6932898289e+00 1.0147225177e+01
194 6.1170040600e-01 8.0754897164e-02 2.6890006017e+00 1.0129814071e+01
195 6.1163781992e-01 8.0792466627e-02 2.6867991701e+00 1.0119904822e+01
196 6.1183814379e-01 8.1000505181e-02 2.6693296898e+00 1.0013926623e+01
197 6.1187548985e-01 8.1026687930e-02 2.6681618880e+00 1.0004481981e+01
198 6.1262633828e-01 8.2457696823e-02 2.6640572674e+00 9.9677094237e+00
199 6.1275990581e-01 8.2767259696e-02 2.6437258198e+00 9.8240229866e+00
200 6.1276495314e-01 8.2774494129e-02 2.6427395488e+00 9.8200249226e+00
201 6.1270944270e-01 8.2828548661e-02 2.6378505713e+00 9.8036301107e+00
202 6.1270510853e-01 8.2850156621e-02 2.6352302190e+00 9.7949318095e+00
203 6.1309492034e-01 8.3715168650e-02 2.6335527682e+00 9.7749847327e+00
204 6.1306813327e-01 8.3743334371e-02 2.6311542750e+00 9.7658931265e+00
205 6.1297394267e-01 8.3809703253e-02 2.6263950372e+00 9.7489124271e+00
206 6.1302875027e-01 8.4389793529e-02 2.6369002542e+00 9.8054273501e+00
207 6.1298825488e-01 8.4216111132e-02 2.6310043177e+00 9.7683287886e+00
208 6.1291683317e-01 8.3770281335e-02 2.6245868802e+00 9.7700640923e+00
209 6.1290879783e-01 8.3712036098e-02 2.6217048999e+00 9.7473763264e+00
210 6.1341333930e-01 8.4241852371e-02 2.5891999707e+00 9.5407979791e+00
211 6.1300099947e-01 8.3660730338e-02 2.5940728627e+00 9.5888706392e+00
212 6.1363628742e-01 8.4563853816e-02 2.5777038683e+00 9.4609410343e+00
213 6.1410486989e-01 8.5750098426e-02 2.5539314152e+00 9.3115554791e+00
214 6.1444704166e-01 8.6417710685e-02 2.5453704601e+00 9.2509187127e+00
215 6.1455848791e-01 8.6771794078e-02 2.5466859756e+00 9.2348924443e+00
216 6.1500137529e-01 8.7579595196e-02 2.5462229873e+00 9.2335493851e+00
217 6.1440062757e-01 8.6576996781e-02 2.5557209248e+00 9.3594364772e+00
218 6.1454109374e-01 8.6796070057e-02 2.5418145601e+00 9.2726698098e+00
219 6.1471652278e-01 8.7078065186e-02 2.5262058549e+00 9.1704030504e+00
220 6.1467781008e-01 8.7073264122e-02 2.5260619615e+00 9.1735594021e+00
221 6.1487222406e-01 8.7636536052e-02 2.5262197419e+00 9.1543353089e+00
222 6.1470965714e-01 8.7234996628e-02 2.5165290956e+00 9.1153922791e+00
223 6.1428028880e-01 8.6458969769e-02 2.5224179362e+00 9.1819359449e+00
224 6.1450486062e-01 8.6742450022e-02 2.5071087317e+00 9.0813843606e+00
225 6.1395582674e-01 8.5316315920e-02 2.4747672001e+00 8.8500474200e+00
226 6.1356504543e-01 8.4447483187e-02 2.4691868577e+00 8.8331189128e+00
227 6.1356055786e-01 8.4403840700e-02 2.4709801740e+00 8.8449371871e+00
228 6.1311530635e-01 8.3490163556e-02 2.4694975745e+00 8.8447148594e+00
229 6.1321900299e-01 8.3882669439e-02 2.4676679067e+00 8.8060994327e+00
230 6.1281640358e-01 8.3048466948e-02 2.4600610374e+00 8.7735496107e+00
231 6.1278385900e-01 8.3283013071e-02 2.4571682114e+00 8.7420081154e+00
232 6.1253410943e-01 8.2691668767e-02 2.4185071570e+00 8.4909881489e+00
233 6.1241165539e-01 8.3358549309e-02 2.4615741665e+00 8.7722147599e+00
234 6.1243035533e-01 8.3312887901e-02 2.4600458784e+00 8.7676071999e+00
235 6.1227003608e-01 8.2703919084e-02 2.4378421512e+00 8.6401094951e+00
236 6.1182976877e-01 8.1784686837e-02 2.4361410706e+00 8.6522880397e+00
237 6.1197979836e-01 8.2305257746e-02 2.4458244963e+00 8.6898041033e+00
238 6.1196325681e-01 8.2354394108e-02 2.4452518356e+00 8.6842893280e+00
239 6.1219429322e-01 8.2714554730e-02 2.4306000836e+00 8.5799138456e+00
240 6.1200318960e-01 8.2051121230e-02 2.4153988052e+00 8.4979910486e+00
241 6.1185479063e-01 8.2085426851e-02 2.4154759474e+00 8.4971891697e+00
242 6.1198694741e-01 8.2629209211e-02 2.4333991176e+00 8.6032713541e+00
243 6.1236370000e-01 8.3221138974e-02 2.4040904040e+00 8.4131213764e+00
244 6.1175849622e-01 8.2009218998e-02 2.3824321674e+00 8.2647671916e+00
245 6.1192146682e-01 8.2623925419e-02 2.3934504684e+00 8.3207957597e+00
246 6.1138761317e-01 8.1822475769e-02 2.3846041840e+00 8.2840857136e+00
247 6.1125211305e-01 8.1812582973e-02 2.3851678632e+00 8.2919294350e+00
248 6.1075884703e-01 8.1127050021e-02 2.3794079271e+00 8.2799301104e+00
249 6.1063153131e-01 8.1070397424e-02 2.3652658196e+00 8.1895251950e+00
250 6.1078397688e-01 8.1433980821e-02 2.3488812135e+00 8.0886263361e+00
251 6.1119459159e-01 8.1937576789e-02 2.3194232461e+00 7.9174227149e+00
252 6.1128258714e-01 8.2448633034e-02 2.3331601804e+00 8.0053890420e+00
253 6.1140417158e-01 8.2984345608e-02 2.3536953642e+00 8.1255648852e+00
254 6.1153142963e-01 8.2813469162e-02 2.3278849848e+00 7.9827990960e+00
255 6.1177817495e-01 8.3127194037e-02 2.3129840412e+00 7.8905861168e+00
256 6.1205468244e-01 8.4009374159e-02 2.3240503084e+00 7.9724282247e+00
257 6.1198999240e-01 8.4001517042e-02 2.3166850924e+00 7.9364527937e+00
258 6.1172361751e-01 8.3722929000e-02 2.3272017244e+00 8.0159335787e+00
259 6.1153254014e-01 8.3548719572e-02 2.3382732826e+00 8.0835643361e+00
260 6.1112176219e-01 8.3500128005e-02 2.3505380185e+00 8.1670486918e+00
261 6.1135139224e-01 8.3802640878e-02 2.3372091962e+00 8.0779671806e+00
262 6.1150669863e-01 8.4128363560e-02 2.3225486431e+00 7.9858024968e+00
263 6.1146338818e-01 8.4155510575e-02 2.3210469449e+00 7.9812047194e+00
264 6.1140588060e-01 8.4000667993e-02 2.3177715759e+00 7.9688226451e+00
265 6.1207629653e-01 8.4232952140e-02 2.2492498892e+00 7.5839455689e+00
266 6.1204143358e-01 8.4242946478e-02 2.2496892829e+00 7.5838870359e+00
267 6.1193245994e-01 8.4375691959e-02 2.2495470452e+00 7.5722406115e+00
268 6.1188081305e-01 8.4293270537e-02 2.2456501250e+00 7.5482966853e+00
269 6.1229162638e-01 8.5114998658e-02 2.2455032277e+00 7.5338682921e+00
270 6.1243122450e-01 8.5671170839e-02 2.2511961809e+00 7.5543825718e+00
271 6.1252499959e-01 8.5687046755e-02 2.2493971514e+00 7.5438217628e+00
272 6.1250325188e-01 8.5741176606e-02 2.2478400469e+00 7.5368806806e+00
273 6.1216893198e-01 8.5755648494e-02 2.2809289687e+00 7.7598938413e+00
274 6.1231853162e-01 8.6347358882e-02 2.2973781880e+00 7.8602343976e+00
275 6.1178767866e-01 8.5257595957e-02 2.2870484263e+00 7.8249366885e+00
276 6.1122875512e-01 8.3909360618e-02 2.2583849745e+00 7.6666528086e+00
277 6.1096280360e-01 8.3681629842e-02 2.2701979689e+00 7.7415220392e+00
278 6.1094808955e-01 8.3746488736e-02 2.2677086104e+00 7.7312102857e+00
279 6.1067549901e-01 8.3544437873e-02 2.2803543819e+00 7.8051805886e+00
280 6.1093025852e-01 8.3832415658e-02 2.2661375323e+00 7.7200733982e+00
281 6.1124033027e-01 8.4275575014e-02 2.2421139617e+00 7.5808856213e+00
282 6.1140722054e-01 8.4533966808e-02 2.2281957429e+00 7.5024594079e+00
283 6.1161123914e-01 8.4751072548e-02 2.2157620277e+00 7.4327566277e+00
284 6.1159368367e-01 8.4722719227e-02 2.2158113315e+00 7.4357820481e+00
285 6.1175478492e-01 8.5041391545e-02 2.2005966404e+00 7.3518466484e+00
286 6.1194324048e-01 8.5312513682e-02 2.1894255698e+00 7.2838904622e+00
287 6.1217562303e-01 8.5579644207e-02 2.1768161460e+00 7.2103527692e+00
288 6.1214172010e-01 8.5747729852e-02 2.1800876861e+00 7.2260419148e+00
289 6.1167952993e-01 8.5151698681e-02 2.1859241240e+00 7.2631799865e+00
290 6.1180417859e-01 8.5420173320e-02 2.1725223937e+00 7.1885289113e+00
291 6.1199099290e-01 8.5334197888e-02 2.1423362301e+00 6.9909769120e+00
292 6.1217610055e-01 8.5624883199e-02 2.1292353999e+00 6.9174720404e+00
293 6.1174638188e-01 8.4729723814e-02 2.1134195487e+00 6.8091868366e+00
294 6.1201042643e-01 8.5044117834e-02 2.1007591994e+00 6.7376191507e+00
295 6.1182791965e-01 8.4866438075e-02 2.1113569833e+00 6.7923463011e+00
296 6.1182857031e-01 8.4888216756e-02 2.1092902910e+00 6.7856782977e+00
297 6.1245666518e-01 8.6070630083e-02 2.1155941817e+00 6.8394936991e+00
298 6.1291337965e-01 8.7393725308e-02 2.1277442986e+00 6.8980259313e+00
299 6.1318287613e-01 8.8396801762e-02 2.1683274597e+00 7.1491616430e+00
300 6.1320007063e-01 8.8772389452e-02 2.1762949655e+00 7.1835690763e+00
301 6.1281141831e-01 8.8165641691e-02 2.1787330482e+00 7.2102790392e+00
302 6.1276097505e-01 8.8531034215e-02 2.2158014686e+00 7.4391249349e+00
303 6.1286988411e-01 8.9023256735e-02 2.2294714097e+00 7.5142343342e+00
304 6.1339445666e-01 8.9480078195e-02 2.2030790565e+00 7.3685577912e+00
305 6.1330430280e-01 8.9479888077e-02 2.2010662759e+00 7.3676269947e+00
306 6.1327710794e-01 8.9408484525e-02 2.2024660333e+00 7.3787487826e+00
307 6.1337592329e-01 8.9486740179e-02 2.2024267052e+00 7.3669595292e+00
308 6.1352304262e-01 9.0046049687e-02 2.2274287660e+00 7.5314457211e+00
309 6.1380991257e-01 9.0361906409e-02 2.2073357494e+00 7.4132275216e+00
310 6.1385631823e-01 9.0584763039e-02 2.2187483863e+00 7.5013965633e+00
311 6.1430574434e-01 9.1100120437e-02 2.1929077431e+00 7.3529486965e+00
312 6.1437816570e-01 9.0816910520e-02 2.1772348228e+00 7.2803656604e+00
313 6.1426986934e-01 9.0871573903e-02 2.1747145668e+00 7.2720194111e+00
314 6.1356635962e-01 8.9591477816e-02 2.1748191504e+00 7.2742776822e+00
315 6.1381287649e-01 8.9646102190e-02 2.1614447205e+00 7.2054179961e+00
316 6.1325938495e-01 8.9007058768e-02 2.1745441923e+00 7.2706411989e+00
317 6.1315555782e-01 8.8884835201e-02 2.1796727022e+00 7.3110140656e+00
318 6.1353585685e-01 8.9510412986e-02 2.1741408671e+00 7.2675357862e+00
319 6.1359104556e-01 8.9474984998e-02 2.1747596592e+00 7.2715907481e+00
320 6.1379407158e-01 8.9734253804e-02 2.1621603459e+00 7.2025660362e+00
321 6.1434224003e-01 9.0883730492e-02 2.1636028042e+00 7.1809525527e+00
322 6.1441362428e-01 9.1418300116e-02 2.1730637473e+00 7.2327337658e+00
323 6.1463264944e-01 9.1706627865e-02 2.1582191907e+00 7.1551694274e+00
324 6.1457218203e-01 9.1696148030e-02 2.1554566326e+00 7.1522498533e+00
325 6.1458173106e-01 9.1685953593e-02 2.1535967801e+00 7.1502776963e+00
326 6.1458200308e-01 9.1612740281e-02 2.1548248041e+00 7.1607237932e+00
327 6.1452690281e-01 9.1672345111e-02 2.1512902161e+00 7.1484059370e+00
328 6.1473080778e-01 9.1807704422e-02 2.1400084441e+00 7.0937068253e+00
329 6.1480388581e-01 9.2302391375e-02 2.1465331748e+00 7.1145677496e+00
330 6.1465666302e-01 9.1473392744e-02 2.1087418683e+00 6.9262008629e+00
331 6.1483588834e-01 9.2105537901e-02 2.1280971745e+00 7.0267571725e+00
332 6.1515537436e-01 9.2912413055e-02 2.1273588119e+00 7.0300510250e+00
333 6.1531832543e-01 9.3084583557e-02 2.1160695059e+00 6.9739416692e+00
334 6.1560606803e-01 9.3997653062e-02 2.1355984674e+00 7.0612841562e+00
335 6.1567268759e-01 9.3860812746e-02 2.1203572642e+00 6.9926659152e+00
336 6.1624603391e-01 9.4617546813e-02 2.0978425064e+00 6.8512853429e+00
337 6.1607717714e-01 9.4269381575e-02 2.0965431036e+00 6.8606996520e+00
338 6.1581550004e-01 9.4151419986e-02 2.1096998562e+00 6.9455606868e+00
339 6.1646480370e-01 9.4764879990e-02 2.0756900209e+00 6.7644686167e+00
340 6.1646573996e-01 9.4754371220e-02 2.0755478489e+00 6.7649338157e+00
341 6.1674011295e-01 9.5227856803e-02 2.0617958887e+00 6.6733073435e+00
342 6.1634390638e-01 9.4878688531e-02 2.0866042627e+00 6.7894797434e+00
343 6.1681415674e-01 9.5344063606e-02 2.0592215802e+00 6.6459924564e+00
344 6.1708821192e-01 9.5531647539e-02 2.0476457360e+00 6.5886904018e+00
345 6.1706507109e-01 9.5585394110e-02 2.0419812270e+00 6.5764026376e+00
346 6.1700104860e-01 9.5567442576e-02 2.0438040341e+00 6.5831037040e+00
347 6.1659088637e-01 9.4717513862e-02 2.0227815203e+00 6.4973592637e+00
348 6.1605463372e-01 9.3547391801e-02 2.0096263273e+00 6.4368383280e+00
349 6.1632116084e-01 9.3844588652e-02 1.9964610222e+00 6.3713599044e+00
350 6.1590426675e-01 9.3263613309e-02 2.0013104986e+00 6.4071824699e+00
351 6.1577528331e-01 9.2908369058e-02 1.9963681028e+00 6.3918223434e+00
352 6.1568304284e-01 9.3130014096e-02 2.0132758066e+00 6.4729134440e+00
353 6.1511049078e-01 9.2099198192e-02 2.0091879482e+00 6.4727731815e+00
354 6.1504359689e-01 9.2186585131e-02 2.0090220244e+00 6.4656959147e+00
355 6.1495364962e-01 9.2182010300e-02 2.0079844018e+00 6.4664110951e+00
356 6.1446158960e-01 9.1651825155e-02 2.0150322172e+00 6.5120828948e+00
357 6.1468227799e-01 9.1966428275e-02 2.0060990035e+00 6.4718526852e+00
358 6.1461214265e-01 9.1977759790e-02 2.0044323409e+00 6.4688387221e+00
359 6.1486208016e-01 9.2252072453e-02 1.9934851286e+00 6.4096724489e+00
360 6.1488958678e-01 9.2296121420e-02 1.9932533969e+00 6.4040964440e+00
361 6.1510155325e-01 9.2487543061e-02 1.9846253513e+00 6.3616820179e+00
362 6.1528750038e-01 9.3025838944e-02 1.9951454725e+00 6.4059810608e+00
363 6.1550914342e-01 9.3291155112e-02 1.9829873064e+00 6.3451545121e+00
364 6.1551962981e-01 9.3342530366e-02 1.9831411216e+00 6.3428063721e+00
365 6.1621266500e-01 9.4456423719e-02 1.9635549110e+00 6.2375414056e+00
