1 5.9282947138e-01 1.1102230246e-16 1.0000000000e+00 1.0000000000e+00
2 5.9310353458e-01 7.4145904203e-03 3.0921589191e+01 9.6906618064e+02
3 5.9297206899e-01 7.7890441170e-03 2.6390543764e+01 7.9949270539e+02
4 5.9300600820e-01 7.8649058594e-03 2.5602906084e+01 7.6874894331e+02
5 5.9341867387e-01 1.3175668076e-02 1.6323566782e+01 2.9043689581e+02
6 5.9325647566e-01 1.3495218341e-02 1.5073435156e+01 2.6515244670e+02
7 5.9318237575e-01 1.3633999581e-02 1.4577785331e+01 2.5502066205e+02
8 5.9322329645e-01 1.3630907092e-02 1.4584984168e+01 2.5506793293e+02
9 5.9343045359e-01 1.5614023143e-02 1.2936507751e+01 1.9673705614e+02
10 5.9346111686e-01 1.5670202685e-02 1.2797203484e+01 1.9384423710e+02
11 5.9345846044e-01 1.5704716647e-02 1.2711422507e+01 1.9216220930e+02
12 5.9344677494e-01 1.5750970667e-02 1.2594910355e+01 1.8996422199e+02
13 5.9363086990e-01 1.7458790576e-02 1.1550006514e+01 1.5675648975e+02
14 5.9347979449e-01 1.7684010262e-02 1.1086703256e+01 1.4944328417e+02
15 5.9350274187e-01 1.7720866374e-02 1.1013843755e+01 1.4815385976e+02
16 5.9351079896e-01 1.7726932119e-02 1.1001111965e+01 1.4793125381e+02
17 5.9356124336e-01 1.7746020092e-02 1.0959803092e+01 1.4717447845e+02
18 5.9374321097e-01 1.9236098861e-02 1.0330572864e+01 1.2743851017e+02
19 5.9377704243e-01 2.0794819842e-02 9.5221391418e+00 1.0882508158e+02
20 5.9396279378e-01 2.2171355076e-02 8.9565007625e+00 9.5941644860e+01
21 5.9397332469e-01 2.2200475031e-02 8.9195898487e+00 9.5425153808e+01
22 5.9396865317e-01 2.2267705363e-02 8.8304092694e+00 9.4310022997e+01
23 5.9418705126e-01 2.3457024841e-02 8.4895726260e+00 8.5803712862e+01
24 5.9423128874e-01 2.3498975444e-02 8.4326249952e+00 8.5151998261e+01
25 5.9417626665e-01 2.3584739621e-02 8.3383246589e+00 8.4019741688e+01
26 5.9420589531e-01 2.3592074229e-02 8.3270067941e+00 8.3873576582e+01
27 5.9473280693e-01 2.5762469017e-02 7.7847411894e+00 7.1390894259e+01
28 5.9468436784e-01 2.5832633849e-02 7.7194391076e+00 7.0689909479e+01
29 5.9469819678e-01 2.5859574175e-02 7.6932476642e+00 7.0384114716e+01
30 5.9466653381e-01 2.5877792686e-02 7.6310394115e+00 6.9735101098e+01
31 5.9495633591e-01 2.6912517838e-02 7.3861964055e+00 6.4729704505e+01
32 5.9510929492e-01 2.8000915555e-02 7.0894994289e+00 5.9718322069e+01
33 5.9534159395e-01 2.8941253042e-02 6.9028382146e+00 5.6137776637e+01
34 5.9531022413e-01 2.8944865043e-02 6.9049526548e+00 5.6135365474e+01
35 5.9558386067e-01 2.9874499810e-02 6.7124502735e+00 5.2761119035e+01
36 5.9542378770e-01 2.9991859073e-02 6.6377217381e+00 5.2101436777e+01
37 5.9544584035e-01 3.0010240340e-02 6.6231523641e+00 5.1954994441e+01
38 5.9570991307e-01 3.0906402675e-02 6.4520643737e+00 4.9047717694e+01
39 5.9571175783e-01 3.0924739132e-02 6.4407307893e+00 4.8927643302e+01
40 5.9565396584e-01 3.0980470889e-02 6.4068714401e+00 4.8631439350e+01
41 5.9598251673e-01 3.1840635820e-02 6.2486105851e+00 4.6053709984e+01
42 5.9622055913e-01 3.2685595473e-02 6.1016039758e+00 4.3737013340e+01
43 5.9619553383e-01 3.2700185322e-02 6.0948849922e+00 4.3678513876e+01
44 5.9621985815e-01 3.2654515938e-02 6.0614612958e+00 4.3414656704e+01
45 5.9646367561e-01 3.3465530769e-02 5.9304891016e+00 4.1398777782e+01
46 5.9637230863e-01 3.3524120213e-02 5.9027597101e+00 4.1181746815e+01
47 5.9638491365e-01 3.3528794447e-02 5.9003982229e+00 4.1147470894e+01
48 5.9634298552e-01 3.3512905826e-02 5.8579531749e+00 4.0816874396e+01
49 5.9607148018e-01 3.2832019170e-02 5.9001329591e+00 4.2156626986e+01
50 5.9617559535e-01 3.3525899925e-02 5.7441828768e+00 4.0033577755e+01
51 5.9617435072e-01 3.3536201579e-02 5.7389880605e+00 3.9985460251e+01
52 5.9640100812e-01 3.4319325961e-02 5.6343627797e+00 3.8311506585e+01
53 5.9634561387e-01 3.4361462274e-02 5.6146868564e+00 3.8165331322e+01
54 5.9654542560e-01 3.5174620329e-02 5.4914252681e+00 3.6444970589e+01
55 5.9669378210e-01 3.5975557061e-02 5.3751096740e+00 3.4869668732e+01
56 5.9665561951e-01 3.6011809007e-02 5.3604714896e+00 3.4754341874e+01
57 5.9686893096e-01 3.6789572596e-02 5.2484938644e+00 3.3293792369e+01
58 5.9673176924e-01 3.6847642675e-02 5.2151676158e+00 3.3048607551e+01
59 5.9693113750e-01 3.7416438492e-02 5.1196361751e+00 3.1817186054e+01
60 5.9719742872e-01 3.8196749140e-02 5.0424862769e+00 3.0738764677e+01
61 5.9716310534e-01 3.8260087450e-02 5.0168079126e+00 3.0558675431e+01
62 5.9730878685e-01 3.8996630922e-02 4.9249122304e+00 2.9425024084e+01
63 5.9753466850e-01 4.0183834803e-02 5.1553081450e+00 3.3044940092e+01
64 5.9751314847e-01 4.0281229227e-02 5.1563768401e+00 3.3034991879e+01
65 5.9752992991e-01 4.0286001766e-02 5.1532666664e+00 3.3010786693e+01
66 5.9744623052e-01 4.0356924848e-02 5.1280660852e+00 3.2828291833e+01
67 5.9746047440e-01 4.0371865477e-02 5.1198916878e+00 3.2775391666e+01
68 5.9776339253e-01 4.1083207182e-02 5.0380839822e+00 3.1594165895e+01
69 5.9774279167e-01 4.1021440786e-02 5.0347081918e+00 3.1600368051e+01
70 5.9817570902e-01 4.2145597875e-02 4.8865023597e+00 2.9624213699e+01
71 5.9796252381e-01 4.1601217500e-02 4.9581848411e+00 3.0595612681e+01
72 5.9809880222e-01 4.2716510103e-02 5.0845322184e+00 3.2482692643e+01
73 5.9837197823e-01 4.3474644347e-02 5.0081522861e+00 3.1349197555e+01
74 5.9843186587e-01 4.3448975576e-02 5.0140085614e+00 3.1394477139e+01
75 5.9856699779e-01 4.4008936329e-02 4.9236629780e+00 3.0273055267e+01
76 5.9852591998e-01 4.4045336655e-02 4.9125335560e+00 3.0193420562e+01
77 5.9853990001e-01 4.4051287163e-02 4.9095344257e+00 3.0170994314e+01
78 5.9846029045e-01 4.4096079424e-02 4.8978253794e+00 3.0086413425e+01
79 5.9841795310e-01 4.4108289992e-02 4.8699540772e+00 2.9940447507e+01
80 5.9865329248e-01 4.4757512819e-02 4.7996925678e+00 2.8967995994e+01
81 5.9875667604e-01 4.5367315644e-02 4.7092832214e+00 2.7965004490e+01
82 5.9870668224e-01 4.5400693858e-02 4.7004819918e+00 2.7905595958e+01
83 5.9918164426e-01 4.6520201600e-02 4.5710516205e+00 2.6261905701e+01
84 5.9921418213e-01 4.6520255854e-02 4.5698577797e+00 2.6247315225e+01
85 5.9939929268e-01 4.7149728045e-02 4.5083209430e+00 2.5465690834e+01
86 5.9948376602e-01 4.7136483864e-02 4.5072224714e+00 2.5461677549e+01
87 5.9970842619e-01 4.7682742218e-02 4.4460313325e+00 2.4734362740e+01
88 5.9983473852e-01 4.8691671069e-02 4.5443944676e+00 2.5940890009e+01
89 5.9969410227e-01 4.8811998647e-02 4.5115727118e+00 2.5750955867e+01
90 5.9970582869e-01 4.8830651222e-02 4.5056812826e+00 2.5707516114e+01
91 5.9970542220e-01 4.8841457464e-02 4.5023949064e+00 2.5685149750e+01
92 5.9994998569e-01 4.9268797237e-02 4.4356589652e+00 2.4982197499e+01
93 6.0018188352e-01 4.9894469248e-02 4.3700069201e+00 2.4238293125e+01
94 6.0028685344e-01 5.0332739753e-02 4.3101061210e+00 2.3609328488e+01
95 6.0032442644e-01 5.0321767016e-02 4.3118227122e+00 2.3615444672e+01
96 6.0014804678e-01 5.0394795790e-02 4.2918889332e+00 2.3494762323e+01
97 6.0054147379e-01 5.1491360371e-02 4.1773740456e+00 2.2257350043e+01
98 6.0081724873e-01 5.1980053834e-02 4.1261341463e+00 2.1696582621e+01
99 6.0076971359e-01 5.2046720512e-02 4.1101685292e+00 2.1604465041e+01
100 6.0125966889e-01 5.3040803424e-02 4.0110325190e+00 2.0569769995e+01
101 6.0123630545e-01 5.3071679528e-02 4.0049984572e+00 2.0529399499e+01
102 6.0137684955e-01 5.4030501129e-02 4.0870617752e+00 2.1510806821e+01
103 6.0136855475e-01 5.4023913191e-02 4.0899387677e+00 2.1521866964e+01
104 6.0136850039e-01 5.4019570695e-02 4.0911617180e+00 2.1528620019e+01
105 6.0128036734e-01 5.4074221000e-02 4.0817966223e+00 2.1470086715e+01
106 6.0101121555e-01 5.3708402038e-02 4.1217213810e+00 2.1940390019e+01
107 6.0088179149e-01 5.3637006537e-02 4.0381765279e+00 2.1077167626e+01
108 6.0086938797e-01 5.3683684309e-02 4.0315156898e+00 2.1034442752e+01
109 6.0084172709e-01 5.3656085410e-02 4.0270336409e+00 2.1022594209e+01
110 6.0083360227e-01 5.3712320250e-02 4.0281463493e+00 2.1013289790e+01
111 6.0105125806e-01 5.4212440833e-02 3.9786030348e+00 2.0505944105e+01
112 6.0094249029e-01 5.4034150931e-02 3.9581406721e+00 2.0349278851e+01
113 6.0137608745e-01 5.4868520654e-02 3.8712884314e+00 1.9465926617e+01
114 6.0133826070e-01 5.4833039213e-02 3.8674608063e+00 1.9459085097e+01
115 6.0124970189e-01 5.4737552928e-02 3.8498068989e+00 1.9252885847e+01
116 6.0107448426e-01 5.3900759177e-02 3.7709086177e+00 1.8507739826e+01
117 6.0084688589e-01 5.3062402253e-02 3.6662866270e+00 1.7368551093e+01
118 6.0101791337e-01 5.3576615913e-02 3.6279647130e+00 1.6991133206e+01
119 6.0099384763e-01 5.3622648826e-02 3.6173460624e+00 1.6943725111e+01
120 6.0095541028e-01 5.3665688817e-02 3.6084787543e+00 1.6903691025e+01
121 6.0096693890e-01 5.3726019256e-02 3.6088913905e+00 1.6900829477e+01
122 6.0116700313e-01 5.4157304428e-02 3.5720290419e+00 1.6551378934e+01
123 6.0124654632e-01 5.3831065245e-02 3.4632082054e+00 1.5443158214e+01
124 6.0116441831e-01 5.3891893102e-02 3.4544771941e+00 1.5396285581e+01
125 6.0186072734e-01 5.5618123531e-02 3.3903906200e+00 1.4754822970e+01
126 6.0177043981e-01 5.5679676706e-02 3.3821925962e+00 1.4713548456e+01
127 6.0196953531e-01 5.6643700551e-02 3.4805906984e+00 1.5806081343e+01
128 6.0191174541e-01 5.6531766665e-02 3.4705870552e+00 1.5776000282e+01
129 6.0193976990e-01 5.6584227721e-02 3.4564096454e+00 1.5717309226e+01
130 6.0194562166e-01 5.6615371756e-02 3.4489718208e+00 1.5683246725e+01
131 6.0191265315e-01 5.6651151623e-02 3.4429895996e+00 1.5652937697e+01
132 6.0187358292e-01 5.6679825496e-02 3.4388452880e+00 1.5631775276e+01
133 6.0248220207e-01 5.7856710667e-02 3.3442551233e+00 1.4781289635e+01
134 6.0278505937e-01 5.8921712368e-02 3.3414631620e+00 1.4733862063e+01
135 6.0325719927e-01 6.0146729790e-02 3.3648357060e+00 1.5004428649e+01
136 6.0372569491e-01 6.1182587400e-02 3.3061801064e+00 1.4466791370e+01
137 6.0367670868e-01 6.1209187390e-02 3.3032803346e+00 1.4453479743e+01
138 6.0363492637e-01 6.1209134324e-02 3.3019337951e+00 1.4446270169e+01
139 6.0383413130e-01 6.1700347881e-02 3.2675628440e+00 1.4161209307e+01
140 6.0391677053e-01 6.2387145215e-02 3.3135234268e+00 1.4555529717e+01
141 6.0414447944e-01 6.2817634410e-02 3.2842151560e+00 1.4293368570e+01
142 6.0418616062e-01 6.2830397404e-02 3.2801583311e+00 1.4273179835e+01
143 6.0456607782e-01 6.3595575911e-02 3.2221891110e+00 1.3785455902e+01
144 6.0452523413e-01 6.3619704625e-02 3.2200256759e+00 1.3773091168e+01
145 6.0449509709e-01 6.3583376268e-02 3.2199220710e+00 1.3780008251e+01
146 6.0444297586e-01 6.3620433287e-02 3.2152777689e+00 1.3760265274e+01
147 6.0446468365e-01 6.3661402865e-02 3.2168162381e+00 1.3762655910e+01
148 6.0443452091e-01 6.3697461710e-02 3.2115872697e+00 1.3738974159e+01
149 6.0412320197e-01 6.3374793570e-02 3.2336672222e+00 1.3951067695e+01
150 6.0427599322e-01 6.4101345689e-02 3.2639745928e+00 1.4231102732e+01
151 6.0436490144e-01 6.4194743110e-02 3.2672310547e+00 1.4232341114e+01
152 6.0400124220e-01 6.3926868406e-02 3.2794152642e+00 1.4408793092e+01
153 6.0409475471e-01 6.3776595854e-02 3.2328858970e+00 1.4068629037e+01
154 6.0428637619e-01 6.4159359707e-02 3.2030454866e+00 1.3822690959e+01
155 6.0429823594e-01 6.4191939998e-02 3.2029092883e+00 1.3818168222e+01
156 6.0452666578e-01 6.5100604910e-02 3.2440419831e+00 1.4143430296e+01
157 6.0460126761e-01 6.5112527362e-02 3.2414534377e+00 1.4135756873e+01
158 6.0460550864e-01 6.5114098507e-02 3.2409742538e+00 1.4133577937e+01
159 6.0461331518e-01 6.5135968118e-02 3.2413141957e+00 1.4135351450e+01
160 6.0463981279e-01 6.5185797306e-02 3.2411648806e+00 1.4131241674e+01
161 6.0434950567e-01 6.4683666501e-02 3.2634501946e+00 1.4362419816e+01
162 6.0447314164e-01 6.5114224281e-02 3.2280194210e+00 1.4086745550e+01
163 6.0488324885e-01 6.6177876448e-02 3.2370233397e+00 1.4143724935e+01
164 6.0491843029e-01 6.6167373522e-02 3.2373737881e+00 1.4145062781e+01
165 6.0505049386e-01 6.6920385420e-02 3.2799938061e+00 1.4532247652e+01
166 6.0524802891e-01 6.7358689993e-02 3.2481171733e+00 1.4265089400e+01
167 6.0524201942e-01 6.7376748184e-02 3.2455701954e+00 1.4251115205e+01
168 6.0523557907e-01 6.7325386903e-02 3.2459231488e+00 1.4271393780e+01
169 6.0501074289e-01 6.7111837839e-02 3.2641841199e+00 1.4444310543e+01
170 6.0514959565e-01 6.7947768145e-02 3.3090128300e+00 1.4841473024e+01
171 6.0512502818e-01 6.7473270450e-02 3.2314243961e+00 1.4187602946e+01
172 6.0482901218e-01 6.7052475631e-02 3.2559464173e+00 1.4424823670e+01
173 6.0482135236e-01 6.7061827606e-02 3.2543456205e+00 1.4419609134e+01
174 6.0505368256e-01 6.7341976352e-02 3.2396339508e+00 1.4329821575e+01
175 6.0498183258e-01 6.7367146419e-02 3.2385062041e+00 1.4322823041e+01
176 6.0548753142e-01 6.7786197994e-02 3.1142149299e+00 1.3258923563e+01
177 6.0535237689e-01 6.7176210789e-02 3.0776388991e+00 1.3011954255e+01
178 6.0552888375e-01 6.7460145010e-02 3.0542049603e+00 1.2825408802e+01
179 6.0545091447e-01 6.7538705986e-02 3.0431943758e+00 1.2786037599e+01
180 6.0541775642e-01 6.7536752016e-02 3.0457135606e+00 1.2791595654e+01
181 6.0536887161e-01 6.7580664355e-02 3.0427372021e+00 1.2773003843e+01
182 6.0576926130e-01 6.8510725728e-02 3.0551491667e+00 1.2860376217e+01
183 6.0538197858e-01 6.7480965197e-02 3.0403188561e+00 1.2788295085e+01
184 6.0558410033e-01 6.7932318165e-02 3.0099433874e+00 1.2551178672e+01
185 6.0580769679e-01 6.9080994305e-02 3.0123182999e+00 1.2540684176e+01
186 6.0566260002e-01 6.8514355897e-02 2.9768603218e+00 1.2259579491e+01
187 6.0598626262e-01 6.8561310506e-02 2.8919414732e+00 1.1610354221e+01
188 6.0623521230e-01 6.8856057422e-02 2.8695763002e+00 1.1445662486e+01
189 6.0632883615e-01 6.9420125765e-02 2.8871424646e+00 1.1565148695e+01
190 6.0630160598e-01 6.9502400540e-02 2.8824698825e+00 1.1536727054e+01
191 6.0653479758e-01 7.0003684677e-02 2.8678126566e+00 1.1423250448e+01
192 6.0647934787e-01 6.9947685248e-02 2.8657127679e+00 1.1428163432e+01
193 6.0666343374e-01 7.0243668421e-02 2.8454273197e+00 1.1275057948e+01
194 6.0710325006e-01 7.0861779713e-02 2.8027190064e+00 1.0967735368e+01
195 6.0712809190e-01 7.0832959375e-02 2.7919151741e+00 1.0889720502e+01
196 6.0758024340e-01 7.1841753003e-02 2.7577948440e+00 1.0600222289e+01
197 6.0727004891e-01 7.1409502770e-02 2.7765420215e+00 1.0754100582e+01
198 6.0698760147e-01 7.0970864048e-02 2.7678747118e+00 1.0727302649e+01
199 6.0726955437e-01 7.2426406760e-02 2.8627826117e+00 1.1559999044e+01
200 6.0719915711e-01 7.2265925361e-02 2.8614349651e+00 1.1588771639e+01
201 6.0733812654e-01 7.2965746659e-02 2.9010376492e+00 1.1913944821e+01
202 6.0720218742e-01 7.2979757364e-02 2.8989671133e+00 1.1912294117e+01
203 6.0716441833e-01 7.2987713700e-02 2.8978965089e+00 1.1906505366e+01
204 6.0715129947e-01 7.3011574824e-02 2.8953882927e+00 1.1893175687e+01
205 6.0692997718e-01 7.2769555826e-02 2.9220438209e+00 1.2101779348e+01
206 6.0685318047e-01 7.2801173376e-02 2.9208025462e+00 1.2093450179e+01
207 6.0667950733e-01 7.2395617373e-02 2.9389622791e+00 1.2264606969e+01
208 6.0686951167e-01 7.2977841888e-02 2.9504389087e+00 1.2322023857e+01
209 6.0674626724e-01 7.2408681897e-02 2.9326234564e+00 1.2227430781e+01
210 6.0658606224e-01 7.1773430959e-02 2.9063713074e+00 1.2033354114e+01
211 6.0675814473e-01 7.2147647241e-02 2.8820565880e+00 1.1848313048e+01
212 6.0698769022e-01 7.2491057515e-02 2.8597752687e+00 1.1677496355e+01
213 6.0672702509e-01 7.2061440250e-02 2.8284224982e+00 1.1488855577e+01
214 6.0668654427e-01 7.2081029558e-02 2.8274756558e+00 1.1483060801e+01
215 6.0688839850e-01 7.2721895933e-02 2.8505740505e+00 1.1625145709e+01
216 6.0713645944e-01 7.3085363900e-02 2.8290779842e+00 1.1457087728e+01
217 6.0702178150e-01 7.3111083353e-02 2.8247431792e+00 1.1448973540e+01
218 6.0733282281e-01 7.4408151599e-02 2.8874255045e+00 1.1897961040e+01
219 6.0737079344e-01 7.4419429415e-02 2.8839996011e+00 1.1885554822e+01
220 6.0736851234e-01 7.4420649613e-02 2.8838361830e+00 1.1885457234e+01
221 6.0730621049e-01 7.4202050549e-02 2.8377590616e+00 1.1565906215e+01
222 6.0725268798e-01 7.4224143947e-02 2.8346716080e+00 1.1553769722e+01
223 6.0726454543e-01 7.4225875921e-02 2.8340345031e+00 1.1550895897e+01
224 6.0717228256e-01 7.4106343727e-02 2.8239138944e+00 1.1505336248e+01
225 6.0763872299e-01 7.4753892172e-02 2.7843026503e+00 1.1200707251e+01
226 6.0763352641e-01 7.4705722328e-02 2.7800061996e+00 1.1160150267e+01
227 6.0776506590e-01 7.5269155895e-02 2.7883509974e+00 1.1184943892e+01
228 6.0789178597e-01 7.5087893027e-02 2.7592730775e+00 1.1013905568e+01
229 6.0821703079e-01 7.5394766483e-02 2.7368474535e+00 1.0855225969e+01
230 6.0818286389e-01 7.5619442899e-02 2.7900776571e+00 1.1282706865e+01
231 6.0834381044e-01 7.6243252782e-02 2.8201500091e+00 1.1492353764e+01
232 6.0836364814e-01 7.6253195643e-02 2.8197959404e+00 1.1488922417e+01
233 6.0831626666e-01 7.6267884806e-02 2.8197678022e+00 1.1487268271e+01
234 6.0879008424e-01 7.6902263028e-02 2.7764963022e+00 1.1171700270e+01
235 6.0878954216e-01 7.6898596832e-02 2.7771276424e+00 1.1173683919e+01
236 6.0855648084e-01 7.6601504216e-02 2.7956201657e+00 1.1318119703e+01
237 6.0898107655e-01 7.7285805172e-02 2.7941065788e+00 1.1272977349e+01
238 6.0899958073e-01 7.7222519456e-02 2.7837614320e+00 1.1169234157e+01
239 6.0890936909e-01 7.7303232044e-02 2.7762476978e+00 1.1138499869e+01
240 6.0903332244e-01 7.7865146470e-02 2.7948480569e+00 1.1235122298e+01
241 6.0911165350e-01 7.8026655489e-02 2.7988504750e+00 1.1259830889e+01
242 6.0881887881e-01 7.6829772156e-02 2.7549403063e+00 1.1022884202e+01
243 6.0891089430e-01 7.7370411500e-02 2.7654550532e+00 1.1058964240e+01
244 6.0847490102e-01 7.6502621456e-02 2.7644661291e+00 1.1087149229e+01
245 6.0847924371e-01 7.6503527121e-02 2.7641585189e+00 1.1086045954e+01
246 6.0812424978e-01 7.5622840834e-02 2.7640091110e+00 1.1129150785e+01
247 6.0833807931e-01 7.5974959997e-02 2.7449592827e+00 1.0977516434e+01
248 6.0833448721e-01 7.5996076705e-02 2.7448549777e+00 1.0973120572e+01
249 6.0834284036e-01 7.6492936633e-02 2.7565299028e+00 1.1016661614e+01
250 6.0857509129e-01 7.6856377142e-02 2.7405928897e+00 1.0901107107e+01
251 6.0858300489e-01 7.6902195610e-02 2.7424331999e+00 1.0907687122e+01
252 6.0852224252e-01 7.6942527277e-02 2.7414993447e+00 1.0898960918e+01
253 6.0849069551e-01 7.6962244765e-02 2.7404592672e+00 1.0892472948e+01
254 6.0862627281e-01 7.7246292250e-02 2.7204003156e+00 1.0755893821e+01
255 6.0901496330e-01 7.7907102984e-02 2.6819547280e+00 1.0476891983e+01
256 6.0900060462e-01 7.7884143701e-02 2.6816659730e+00 1.0480948792e+01
257 6.0903543952e-01 7.8073771156e-02 2.7018996262e+00 1.0690543898e+01
258 6.0916427667e-01 7.8314468221e-02 2.6856502810e+00 1.0576515631e+01
259 6.0919984873e-01 7.8304843625e-02 2.6841659341e+00 1.0571582858e+01
260 6.0910412945e-01 7.8175347647e-02 2.6873849678e+00 1.0606331010e+01
261 6.0885105682e-01 7.7898448845e-02 2.7037584593e+00 1.0733769848e+01
262 6.0922148732e-01 7.8799609784e-02 2.6933018429e+00 1.0603325542e+01
263 6.0911010137e-01 7.8836517795e-02 2.6915678890e+00 1.0594471765e+01
264 6.0944771184e-01 7.9575428452e-02 2.6866869647e+00 1.0535852670e+01
265 6.0916602643e-01 7.8972758811e-02 2.6765991352e+00 1.0428150295e+01
266 6.0937495500e-01 7.9268400873e-02 2.6592428226e+00 1.0301098266e+01
267 6.0965603059e-01 8.0310302047e-02 2.6909262161e+00 1.0484137828e+01
268 6.0970407404e-01 8.0310132403e-02 2.6891191405e+00 1.0477822643e+01
269 6.0919206397e-01 7.8850913571e-02 2.6741092812e+00 1.0438375379e+01
270 6.0908418270e-01 7.8408784741e-02 2.6669663734e+00 1.0411410143e+01
271 6.0890967449e-01 7.7328772098e-02 2.5916128910e+00 9.7776125696e+00
272 6.0892373583e-01 7.7196391043e-02 2.5844365260e+00 9.7293505850e+00
273 6.0879981123e-01 7.7265881261e-02 2.5840616258e+00 9.7573967382e+00
274 6.0884128903e-01 7.7266318031e-02 2.5823649807e+00 9.7518225550e+00
275 6.0880922718e-01 7.7328678267e-02 2.5798625397e+00 9.7355215463e+00
276 6.0928480051e-01 7.7912627517e-02 2.5451970767e+00 9.5012627510e+00
277 6.0887085222e-01 7.7139328520e-02 2.5413141419e+00 9.4817702959e+00
278 6.0867103602e-01 7.6846107620e-02 2.5566853692e+00 9.5939807201e+00
279 6.0861890775e-01 7.6793631203e-02 2.5474558061e+00 9.5227149966e+00
280 6.0887547961e-01 7.6966800876e-02 2.5325681735e+00 9.4290807973e+00
281 6.0909377275e-01 7.7281155742e-02 2.5178672015e+00 9.3203219654e+00
282 6.0906417740e-01 7.7382009686e-02 2.5172934011e+00 9.3082372804e+00
283 6.0952372966e-01 7.9271865463e-02 2.6105845492e+00 9.9829868596e+00
284 6.0954874183e-01 7.9277929273e-02 2.6088060058e+00 9.9769562866e+00
285 6.0954987637e-01 7.9344529725e-02 2.6055243614e+00 9.9567125414e+00
286 6.0956233936e-01 7.8979021133e-02 2.5675280614e+00 9.7244385605e+00
287 6.0918564406e-01 7.8110450453e-02 2.5646439213e+00 9.7454721533e+00
288 6.0917780552e-01 7.8112554496e-02 2.5646478252e+00 9.7455118383e+00
289 6.0928851894e-01 7.7870996172e-02 2.5230716084e+00 9.4753535056e+00
290 6.0919858469e-01 7.7414457517e-02 2.4988958636e+00 9.3252063764e+00
291 6.0923638584e-01 7.7922086015e-02 2.5192417152e+00 9.4556438496e+00
292 6.0943193515e-01 7.8179685994e-02 2.5025864356e+00 9.3472660607e+00
293 6.0870905301e-01 7.6991056569e-02 2.5111572909e+00 9.4269911064e+00
294 6.0891641126e-01 7.7212972754e-02 2.4963871226e+00 9.3317164031e+00
295 6.0876977812e-01 7.7271245173e-02 2.4952625649e+00 9.3233677204e+00
296 6.0881309112e-01 7.7344003651e-02 2.4962197180e+00 9.3219487375e+00
297 6.0881518669e-01 7.7347438572e-02 2.4958072126e+00 9.3199403351e+00
298 6.0906115439e-01 7.7538083892e-02 2.4795554958e+00 9.2224175720e+00
299 6.0921434572e-01 7.7952576067e-02 2.4633546462e+00 9.1016879246e+00
300 6.0925923917e-01 7.8084466575e-02 2.4647210237e+00 9.1042390431e+00
301 6.0922417990e-01 7.7990345485e-02 2.4464573572e+00 8.9354374202e+00
302 6.0949665737e-01 7.9146543007e-02 2.4929332340e+00 9.2305526268e+00
303 6.0954887518e-01 7.9300846920e-02 2.5023609233e+00 9.3219687536e+00
304 6.0902562094e-01 7.7850027011e-02 2.4647604767e+00 9.0673135749e+00
305 6.0864285965e-01 7.6888153923e-02 2.4471444691e+00 8.9452215685e+00
306 6.0857250366e-01 7.6944698005e-02 2.4413813867e+00 8.9316404809e+00
307 6.0816316829e-01 7.5990332296e-02 2.4178924380e+00 8.7735181065e+00
308 6.0815696835e-01 7.5813222946e-02 2.4204772767e+00 8.8036309766e+00
309 6.0816217768e-01 7.5794927436e-02 2.4207844054e+00 8.8068488343e+00
310 6.0807421234e-01 7.5904340118e-02 2.4090058020e+00 8.7753109847e+00
311 6.0803910337e-01 7.5926763910e-02 2.4072382018e+00 8.7711342553e+00
312 6.0796072489e-01 7.5984224786e-02 2.4033418254e+00 8.7563852519e+00
313 6.0790634965e-01 7.6020464886e-02 2.4012999110e+00 8.7470979814e+00
314 6.0854829307e-01 7.7126768170e-02 2.3950067109e+00 8.7030069988e+00
315 6.0813015873e-01 7.6721091451e-02 2.4016492677e+00 8.7521895558e+00
316 6.0811359002e-01 7.6769713668e-02 2.3960799737e+00 8.7343353477e+00
317 6.0811861965e-01 7.6818696108e-02 2.3945830137e+00 8.7256843419e+00
318 6.0821625339e-01 7.6696725076e-02 2.3617746293e+00 8.5126030051e+00
319 6.0840768170e-01 7.6932055581e-02 2.3471614605e+00 8.4240505936e+00
320 6.0838041614e-01 7.6945446401e-02 2.3468433235e+00 8.4216044873e+00
321 6.0829176851e-01 7.7253982204e-02 2.3946547806e+00 8.7589194732e+00
322 6.0850173788e-01 7.7544902439e-02 2.3815271714e+00 8.6650423163e+00
323 6.0808831061e-01 7.6568128920e-02 2.3596321197e+00 8.5195614173e+00
324 6.0842016441e-01 7.7770619256e-02 2.4237442229e+00 8.9668078082e+00
325 6.0894660835e-01 7.9001358754e-02 2.4055383466e+00 8.7997976806e+00
326 6.0906390910e-01 7.9535877127e-02 2.4239616690e+00 8.8996427249e+00
327 6.0834377509e-01 7.7821255791e-02 2.4052764326e+00 8.8065399189e+00
328 6.0831572525e-01 7.7829707765e-02 2.4037838266e+00 8.7975237924e+00
329 6.0825266126e-01 7.7844077026e-02 2.4045307996e+00 8.7991937208e+00
330 6.0813364794e-01 7.7765093170e-02 2.4025354698e+00 8.8013368089e+00
331 6.0818061811e-01 7.7443868625e-02 2.3682114556e+00 8.5910447072e+00
332 6.0816983831e-01 7.7575742644e-02 2.3628420770e+00 8.5790847823e+00
333 6.0832607257e-01 7.7838156524e-02 2.3452636885e+00 8.4790509197e+00
334 6.0805191268e-01 7.7770911358e-02 2.3794772667e+00 8.7412899652e+00
335 6.0822060168e-01 7.8429340408e-02 2.4254765813e+00 9.0908530608e+00
336 6.0851915202e-01 7.8691477647e-02 2.4084921675e+00 8.9796487682e+00
337 6.0827331262e-01 7.8339385770e-02 2.4226259440e+00 9.0883802370e+00
338 6.0846691289e-01 7.8782224354e-02 2.4028100477e+00 8.9526274536e+00
339 6.0845719599e-01 7.8825131672e-02 2.4029798780e+00 8.9493813335e+00
340 6.0856468396e-01 7.8466666969e-02 2.3411215865e+00 8.4759942991e+00
341 6.0841604373e-01 7.8524540300e-02 2.3400385422e+00 8.4703006029e+00
342 6.0882959508e-01 7.9558136579e-02 2.3616481027e+00 8.6259537919e+00
343 6.0876999288e-01 7.9588435000e-02 2.3640291312e+00 8.6331353018e+00
344 6.0884129140e-01 7.9653708879e-02 2.3631561584e+00 8.6261124820e+00
345 6.0872988754e-01 7.9745606440e-02 2.3626563101e+00 8.6278027390e+00
346 6.0892796787e-01 8.0048215142e-02 2.3483672640e+00 8.5287887678e+00
347 6.0899903174e-01 8.0046848292e-02 2.3498586211e+00 8.5320832514e+00
348 6.0899323736e-01 8.0109121942e-02 2.3475790550e+00 8.5209252596e+00
349 6.0899076778e-01 8.0099810033e-02 2.3477115954e+00 8.5230191594e+00
350 6.0921117218e-01 8.0494174113e-02 2.3373089103e+00 8.4818557331e+00
351 6.0919844287e-01 8.0512135794e-02 2.3365383932e+00 8.4754159342e+00
352 6.0939962602e-01 8.0831400671e-02 2.3196209579e+00 8.3695870275e+00
353 6.0934868617e-01 8.0938763827e-02 2.3149537813e+00 8.3458057980e+00
354 6.0930462525e-01 8.0962700287e-02 2.3114558656e+00 8.3381057793e+00
355 6.0944214419e-01 8.1299247779e-02 2.2931140488e+00 8.2323510299e+00
356 6.0945518742e-01 8.1339049414e-02 2.2898903204e+00 8.2223337722e+00
357 6.0969509916e-01 8.1783199022e-02 2.2820209280e+00 8.1682640543e+00
358 6.0944927016e-01 8.1525559687e-02 2.2934527206e+00 8.2502466380e+00
359 6.0966854775e-01 8.1910656778e-02 2.2810860324e+00 8.1961365699e+00
360 6.0928277765e-01 8.1212064067e-02 2.2718542361e+00 8.1391302655e+00
361 6.0917851520e-01 8.1252152381e-02 2.2717618411e+00 8.1349246507e+00
362 6.0916356142e-01 8.1371216667e-02 2.2752662968e+00 8.1578007191e+00
363 6.0914809600e-01 8.1363260458e-02 2.2743058976e+00 8.1588543047e+00
364 6.0890713997e-01 8.1042369227e-02 2.2868461800e+00 8.2495453044e+00
365 6.0886517667e-01 8.1022936867e-02 2.2969785560e+00 8.2822176389e+00
