1 5.9282947138e-01 1.1102230246e-16 1.0000000000e+00 1.0000000000e+00
2 5.9269908012e-01 2.4593164740e-03 -1.6368025190e+01 3.0780882326e+02
3 5.9313527873e-01 1.0730688019e-02 2.0153236142e+01 4.4240865973e+02
4 5.9318421632e-01 1.0790500765e-02 1.9801346623e+01 4.3235430907e+02
5 5.9380443664e-01 1.7875706789e-02 1.6473809380e+01 2.9986404072e+02
6 5.9376152199e-01 1.8143154680e-02 1.6095374254e+01 2.8901686753e+02
7 5.9378287579e-01 1.8150199067e-02 1.6083565065e+01 2.8846395650e+02
8 5.9353997026e-01 1.6721358227e-02 1.7926103106e+01 3.6454873943e+02
9 5.9355490413e-01 1.6791177997e-02 1.7707178181e+01 3.5848553958e+02
10 5.9357986421e-01 1.6803159108e-02 1.7664818806e+01 3.5735970603e+02
11 5.9405637801e-01 1.9751938012e-02 1.4050582663e+01 2.2397451745e+02
12 5.9405974776e-01 1.9753771197e-02 1.4046121394e+01 2.2388182372e+02
13 5.9401066547e-01 1.9824728344e-02 1.3898826368e+01 2.2084100849e+02
14 5.9440448653e-01 2.2440763866e-02 1.1720799403e+01 1.5644625871e+02
15 5.9396983248e-01 1.9010298815e-02 1.1038573094e+01 1.3817523023e+02
16 5.9391854142e-01 1.9092785870e-02 1.0886466205e+01 1.3596532792e+02
17 5.9444016330e-01 2.3073871404e-02 9.1348960339e+00 9.3844509883e+01
18 5.9445056482e-01 2.5201841959e-02 9.7600924620e+00 1.1285947046e+02
19 5.9492214726e-01 2.7285398368e-02 8.8577168548e+00 9.1852496799e+01
20 5.9486242802e-01 2.7348769964e-02 8.7956101236e+00 9.1093301201e+01
21 5.9504647802e-01 2.8380399252e-02 8.3838164824e+00 8.2725646979e+01
22 5.9505749470e-01 2.8397722967e-02 8.3654054401e+00 8.2513990884e+01
23 5.9499074443e-01 2.8527584926e-02 8.2831904692e+00 8.1453641422e+01
24 5.9495771707e-01 2.8555467910e-02 8.2608982145e+00 8.1175575825e+01
25 5.9481467934e-01 2.8677823453e-02 8.1576293063e+00 7.9982869825e+01
26 5.9475609689e-01 2.8744501322e-02 8.0978177850e+00 7.9328684166e+01
27 5.9479074438e-01 2.8751559469e-02 8.0889039932e+00 7.9212022228e+01
28 5.9502584441e-01 2.9858270347e-02 7.7684844203e+00 7.2640484097e+01
29 5.9496694240e-01 2.9899568811e-02 7.7376797380e+00 7.2308767055e+01
30 5.9512262357e-01 3.0862640310e-02 7.4325248692e+00 6.6681883344e+01
31 5.9535235489e-01 3.1707518288e-02 7.2185721208e+00 6.2438695246e+01
32 5.9554761207e-01 3.2592569584e-02 6.9775599521e+00 5.8263176780e+01
33 5.9577162375e-01 3.3427798486e-02 6.7743134423e+00 5.4722725908e+01
34 5.9589623655e-01 3.4317973241e-02 6.5412379325e+00 5.1198679207e+01
35 5.9562001631e-01 3.3504029613e-02 6.6725554369e+00 5.3846900197e+01
36 5.9561173601e-01 3.3521963053e-02 6.6620694394e+00 5.3738826203e+01
37 5.9587463194e-01 3.4366210851e-02 6.4574960973e+00 5.0467770133e+01
38 5.9587103471e-01 3.4382633360e-02 6.4475803870e+00 5.0375295788e+01
39 5.9629481348e-01 3.5902586615e-02 6.1517048961e+00 4.5440664786e+01
40 5.9643850928e-01 3.6701964220e-02 5.9855502076e+00 4.3050242270e+01
41 5.9664176099e-01 3.7466059438e-02 5.8371705074e+00 4.0923978460e+01
42 5.9689123160e-01 3.8183899185e-02 5.7106382896e+00 3.9079340343e+01
43 5.9658713037e-01 3.7532944403e-02 5.8098955439e+00 4.0669562043e+01
44 5.9653951356e-01 3.7577633325e-02 5.7901532235e+00 4.0509326237e+01
45 5.9652661488e-01 3.7619299683e-02 5.7670042482e+00 4.0349388308e+01
46 5.9669565081e-01 3.8354849806e-02 5.6386094856e+00 3.8521104151e+01
47 5.9692225724e-01 3.9121902797e-02 5.5319176298e+00 3.6919873883e+01
48 5.9709914952e-01 3.9807073925e-02 5.4269723419e+00 3.5438358193e+01
49 5.9692588099e-01 3.9920385681e-02 5.3867768265e+00 3.5140129785e+01
50 5.9712670581e-01 4.0676607880e-02 5.2619147075e+00 3.3582203048e+01
51 5.9703966615e-01 4.0742284862e-02 5.2377836308e+00 3.3420454013e+01
52 5.9718617194e-01 4.1805708094e-02 5.4084362177e+00 3.5932612853e+01
53 5.9732096901e-01 4.2480656917e-02 5.2983822765e+00 3.4476048386e+01
54 5.9733036396e-01 4.2496016597e-02 5.2918532503e+00 3.4421818859e+01
55 5.9762962527e-01 4.2971639172e-02 5.1995448134e+00 3.3255256901e+01
56 5.9747557427e-01 4.3044147264e-02 5.1803987913e+00 3.3109809549e+01
57 5.9723127986e-01 4.2437332093e-02 5.2674363697e+00 3.4328733913e+01
58 5.9772639303e-01 4.3669694512e-02 5.0850546805e+00 3.1883814402e+01
59 5.9768793720e-01 4.3751008233e-02 5.0524859707e+00 3.1677354425e+01
60 5.9762733472e-01 4.3763282619e-02 5.0528857142e+00 3.1668527298e+01
61 5.9789026085e-01 4.4355686718e-02 4.9713853058e+00 3.0591637827e+01
62 5.9785803228e-01 4.4433499696e-02 4.9750882228e+00 3.0591242871e+01
63 5.9835694153e-01 4.5815511884e-02 4.8192293861e+00 2.8531807224e+01
64 5.9864669837e-01 4.6648763847e-02 4.7767317414e+00 2.8018072464e+01
65 5.9882723843e-01 4.7306524645e-02 4.6982737966e+00 2.7082423935e+01
66 5.9904370363e-01 4.8268509434e-02 4.7939500996e+00 2.8243821183e+01
67 5.9939282060e-01 4.9017948658e-02 4.6288509697e+00 2.6211565995e+01
68 5.9974496211e-01 5.0481084031e-02 4.6445215191e+00 2.6391797485e+01
69 5.9972129480e-01 5.0485711759e-02 4.6366781048e+00 2.6351124054e+01
70 5.9998090998e-01 5.0938315171e-02 4.5723848111e+00 2.5641207018e+01
71 5.9993124949e-01 5.1050504697e-02 4.5600295243e+00 2.5547125704e+01
72 6.0022204658e-01 5.2453328315e-02 4.5278453867e+00 2.5184959371e+01
73 6.0016467512e-01 5.2461492978e-02 4.5158457095e+00 2.5115622960e+01
74 6.0014822214e-01 5.2478885219e-02 4.5116780906e+00 2.5088520924e+01
75 6.0043450316e-01 5.2974990403e-02 4.4472213405e+00 2.4394484823e+01
76 6.0044335689e-01 5.2935640537e-02 4.4311288837e+00 2.4350439559e+01
77 6.0079955759e-01 5.3778546716e-02 4.2870340451e+00 2.2851104082e+01
78 6.0142264487e-01 5.5153998764e-02 4.1316567478e+00 2.1241874973e+01
79 6.0170945974e-01 5.5625785705e-02 4.0779286906e+00 2.0710811435e+01
80 6.0172165590e-01 5.5630362989e-02 4.0761524090e+00 2.0700515536e+01
81 6.0167815722e-01 5.5596641741e-02 4.0749843164e+00 2.0709018343e+01
82 6.0151260996e-01 5.5667943909e-02 4.0661945848e+00 2.0653204330e+01
83 6.0155169618e-01 5.5384200745e-02 3.9525100338e+00 1.9516321427e+01
84 6.0179133551e-01 5.6752543174e-02 3.9493583963e+00 1.9588848213e+01
85 6.0199302435e-01 5.7299616761e-02 3.8988367278e+00 1.9116956113e+01
86 6.0199106262e-01 5.7363514514e-02 3.8926021128e+00 1.9071352143e+01
87 6.0164889262e-01 5.6499741937e-02 3.9125411305e+00 1.9354704988e+01
88 6.0151685714e-01 5.6555692439e-02 3.9061374265e+00 1.9316416624e+01
89 6.0201355060e-01 5.7611351295e-02 3.8244258669e+00 1.8468224861e+01
90 6.0220367649e-01 5.8077605003e-02 3.7791667415e+00 1.8054023826e+01
91 6.0238083472e-01 5.8510379236e-02 3.7386400644e+00 1.7676360513e+01
92 6.0204748756e-01 5.7205699586e-02 3.7026886773e+00 1.7284609693e+01
93 6.0191501480e-01 5.6345610533e-02 3.6360342467e+00 1.6600561912e+01
94 6.0180031620e-01 5.6316482515e-02 3.6249590889e+00 1.6564818517e+01
95 6.0179373343e-01 5.6380811431e-02 3.6102999700e+00 1.6495741394e+01
96 6.0192711532e-01 5.7139685920e-02 3.6630287717e+00 1.7007949118e+01
97 6.0193656350e-01 5.7146953616e-02 3.6609571667e+00 1.6996993874e+01
98 6.0187717124e-01 5.7190187036e-02 3.6539873023e+00 1.6962902644e+01
99 6.0235280202e-01 5.8220823550e-02 3.5901806279e+00 1.6322099392e+01
100 6.0260383288e-01 5.8661527980e-02 3.5561258685e+00 1.6006467165e+01
101 6.0254587758e-01 5.8705718869e-02 3.5498317004e+00 1.5973473083e+01
102 6.0251192377e-01 5.8726127291e-02 3.5471225946e+00 1.5960268946e+01
103 6.0249462235e-01 5.8740356052e-02 3.5451774753e+00 1.5949130571e+01
104 6.0244001879e-01 5.8778707863e-02 3.5444160973e+00 1.5941037512e+01
105 6.0248226530e-01 5.8775340841e-02 3.5428950718e+00 1.5934549658e+01
106 6.0244544850e-01 5.8779871911e-02 3.5436001727e+00 1.5938518975e+01
107 6.0248103959e-01 5.9300739682e-02 3.4995992275e+00 1.5581267281e+01
108 6.0261252519e-01 5.9682835471e-02 3.4613606966e+00 1.5277706177e+01
109 6.0253087354e-01 5.9748941746e-02 3.4515102146e+00 1.5231971808e+01
110 6.0278094946e-01 6.0215929229e-02 3.4194444735e+00 1.4944197814e+01
111 6.0276786252e-01 6.0230469034e-02 3.4169847198e+00 1.4933603434e+01
112 6.0274465931e-01 6.0040073835e-02 3.4199346582e+00 1.4982704169e+01
113 6.0295091923e-01 6.0494603017e-02 3.3812771519e+00 1.4678612053e+01
114 6.0304571139e-01 6.1207127867e-02 3.4347075323e+00 1.5192266810e+01
115 6.0368531614e-01 6.2572663323e-02 3.3508434507e+00 1.4415182552e+01
116 6.0396146225e-01 6.3045221327e-02 3.3136216684e+00 1.4123571589e+01
117 6.0393012471e-01 6.3012777751e-02 3.3129461991e+00 1.4127179180e+01
118 6.0389098604e-01 6.3082416328e-02 3.3111226311e+00 1.4112251000e+01
119 6.0389109024e-01 6.3884111221e-02 3.3452569795e+00 1.4457915303e+01
120 6.0364493988e-01 6.3071020571e-02 3.3016427032e+00 1.4098383523e+01
121 6.0344483918e-01 6.2735371855e-02 3.3296326920e+00 1.4331193362e+01
122 6.0368830021e-01 6.3100599016e-02 3.3018996986e+00 1.4092267100e+01
123 6.0355792493e-01 6.3149596200e-02 3.2959588369e+00 1.4067256429e+01
124 6.0378168508e-01 6.3600676354e-02 3.2687213175e+00 1.3826726972e+01
125 6.0374933197e-01 6.3563996360e-02 3.2689584084e+00 1.3834079248e+01
126 6.0399199907e-01 6.3869574190e-02 3.2429122915e+00 1.3628971798e+01
127 6.0396412992e-01 6.3893584334e-02 3.2398214204e+00 1.3614825544e+01
128 6.0405115769e-01 6.4352456538e-02 3.2059899491e+00 1.3355573603e+01
129 6.0448071322e-01 6.5048361889e-02 3.1501431897e+00 1.2924472140e+01
130 6.0447341659e-01 6.5032033802e-02 3.1467802171e+00 1.2913118449e+01
131 6.0474361474e-01 6.6544026036e-02 3.2479142207e+00 1.3861037953e+01
132 6.0476645192e-01 6.6158233871e-02 3.1887275900e+00 1.3414423535e+01
133 6.0472781510e-01 6.6233010294e-02 3.1852987023e+00 1.3394360433e+01
134 6.0409331477e-01 6.4486442214e-02 3.1515429298e+00 1.2980779137e+01
135 6.0408721162e-01 6.4534050114e-02 3.1522661563e+00 1.2978764867e+01
136 6.0424130145e-01 6.4972520386e-02 3.1202272891e+00 1.2739076083e+01
137 6.0428876139e-01 6.5721254820e-02 3.1576848638e+00 1.3084505967e+01
138 6.0421856296e-01 6.5743013759e-02 3.1573543324e+00 1.3080918382e+01
139 6.0402964632e-01 6.5446881805e-02 3.1805641058e+00 1.3273242558e+01
140 6.0405301466e-01 6.5491984315e-02 3.1809947649e+00 1.3271466158e+01
141 6.0381306168e-01 6.4646605515e-02 3.1420484247e+00 1.2947025462e+01
142 6.0384267959e-01 6.4625237410e-02 3.1447104089e+00 1.2957061649e+01
143 6.0402660374e-01 6.5133953369e-02 3.1190354205e+00 1.2739791279e+01
144 6.0422379709e-01 6.5961070555e-02 3.1916615323e+00 1.3488919255e+01
145 6.0460981245e-01 6.6973671587e-02 3.2114571327e+00 1.3673483889e+01
146 6.0510976390e-01 6.7768323021e-02 3.1582828139e+00 1.3226403484e+01
147 6.0505092788e-01 6.7819133659e-02 3.1521081665e+00 1.3199483739e+01
148 6.0499101695e-01 6.7936611512e-02 3.1484003614e+00 1.3168377705e+01
149 6.0521200527e-01 6.8320618520e-02 3.1184973876e+00 1.2945054529e+01
150 6.0542004292e-01 6.8715802951e-02 3.0897775437e+00 1.2721721037e+01
151 6.0566100401e-01 6.8984611807e-02 3.0651676981e+00 1.2542667246e+01
152 6.0598451229e-01 6.9203688213e-02 2.9936751462e+00 1.1987168583e+01
153 6.0586370516e-01 6.9606121610e-02 3.0606051280e+00 1.2576586550e+01
154 6.0592921966e-01 6.9639298304e-02 3.0602271703e+00 1.2570952821e+01
155 6.0579917852e-01 6.9783497482e-02 3.0551664439e+00 1.2580478119e+01
156 6.0597786210e-01 7.0099990817e-02 3.0339058902e+00 1.2411758328e+01
157 6.0634537303e-01 7.0783384168e-02 2.9852908895e+00 1.2044245623e+01
158 6.0658581674e-01 7.2056911927e-02 3.0354896293e+00 1.2439880865e+01
159 6.0656256059e-01 7.1990523451e-02 3.0157082007e+00 1.2266769395e+01
160 6.0654907380e-01 7.2008883084e-02 3.0132988689e+00 1.2257518240e+01
161 6.0647895602e-01 7.2053831498e-02 3.0087655785e+00 1.2241292802e+01
162 6.0662452606e-01 7.2576668236e-02 2.9786454324e+00 1.2024806718e+01
163 6.0657381611e-01 7.2588342423e-02 2.9789628249e+00 1.2025713786e+01
164 6.0653275123e-01 7.2644991043e-02 2.9733236083e+00 1.1996086583e+01
165 6.0610638858e-01 7.1721380226e-02 2.9978911561e+00 1.2257352501e+01
166 6.0616354618e-01 7.1703170982e-02 2.9969328982e+00 1.2251723396e+01
167 6.0625469533e-01 7.1102420072e-02 2.9426150579e+00 1.1831597572e+01
168 6.0642540047e-01 7.1510178967e-02 2.9156903875e+00 1.1640770193e+01
169 6.0653248676e-01 7.2172767101e-02 2.9390359843e+00 1.1826491465e+01
170 6.0649807859e-01 7.2183191475e-02 2.9389642436e+00 1.1825440387e+01
171 6.0647937342e-01 7.2262784472e-02 2.9329027003e+00 1.1797727089e+01
172 6.0663538652e-01 7.2692255014e-02 2.9111968071e+00 1.1620153154e+01
173 6.0672469373e-01 7.3263165764e-02 2.9323921046e+00 1.1787871164e+01
174 6.0629231264e-01 7.2367398305e-02 2.9180383804e+00 1.1663133156e+01
175 6.0606916551e-01 7.1794164766e-02 2.8856568248e+00 1.1441271998e+01
176 6.0642282984e-01 7.2688676700e-02 2.8895180835e+00 1.1449287683e+01
177 6.0668887741e-01 7.3025844066e-02 2.8655907408e+00 1.1279123773e+01
178 6.0662660950e-01 7.3121905713e-02 2.8607896117e+00 1.1255954798e+01
179 6.0691352296e-01 7.4475139739e-02 2.9232487027e+00 1.1742334253e+01
180 6.0682482011e-01 7.4518585989e-02 2.9207377755e+00 1.1729657281e+01
181 6.0682353428e-01 7.5209157797e-02 2.9349604763e+00 1.1832421405e+01
182 6.0648599914e-01 7.4593189905e-02 2.9362724947e+00 1.1825153007e+01
183 6.0639034683e-01 7.4803409390e-02 2.9325978422e+00 1.1778036744e+01
184 6.0661655829e-01 7.5079549805e-02 2.9123884253e+00 1.1627720058e+01
185 6.0680668109e-01 7.5413708086e-02 2.8905139645e+00 1.1465278334e+01
186 6.0681509372e-01 7.5415265476e-02 2.8899817303e+00 1.1463049075e+01
187 6.0705481531e-01 7.5783555704e-02 2.8679234570e+00 1.1300026035e+01
188 6.0668626121e-01 7.4947730133e-02 2.8705621173e+00 1.1336320454e+01
189 6.0682553588e-01 7.5504451775e-02 2.8864859337e+00 1.1423131372e+01
190 6.0756374701e-01 7.6435950962e-02 2.8254462814e+00 1.0977582720e+01
191 6.0753734857e-01 7.6381924626e-02 2.8191684854e+00 1.0936576623e+01
192 6.0747578460e-01 7.6338322220e-02 2.8187975797e+00 1.0945167535e+01
193 6.0786800116e-01 7.7234288428e-02 2.8272263132e+00 1.1019128336e+01
194 6.0779086908e-01 7.7254072019e-02 2.8277860679e+00 1.1019290175e+01
195 6.0812526788e-01 7.8122932461e-02 2.8246172912e+00 1.0968649858e+01
196 6.0835705319e-01 7.8481295127e-02 2.8035496068e+00 1.0815472508e+01
197 6.0836772939e-01 7.8903719006e-02 2.8053870170e+00 1.0813719117e+01
198 6.0829474481e-01 7.8925021486e-02 2.8119533101e+00 1.0864114518e+01
199 6.0867480250e-01 7.9838887438e-02 2.8029852784e+00 1.0787529186e+01
200 6.0864566395e-01 7.9855850582e-02 2.8019487432e+00 1.0782707607e+01
201 6.0860008767e-01 7.9880962259e-02 2.8005459319e+00 1.0775852969e+01
202 6.0847645618e-01 7.9277978241e-02 2.7807761139e+00 1.0678729218e+01
203 6.0850724755e-01 7.9269396452e-02 2.7682203301e+00 1.0572469574e+01
204 6.0854160672e-01 7.9376985136e-02 2.7687868923e+00 1.0571370054e+01
205 6.0895941245e-01 7.9959179064e-02 2.7307877518e+00 1.0314642262e+01
206 6.0883756959e-01 7.9428054691e-02 2.7164437056e+00 1.0229985040e+01
207 6.0942911305e-01 8.0366829198e-02 2.6594628631e+00 9.8485287749e+00
208 6.0941538148e-01 8.0409178378e-02 2.6588038375e+00 9.8402454575e+00
209 6.0951893419e-01 8.0999076793e-02 2.6588551271e+00 9.9095409816e+00
210 6.0947926873e-01 8.1020646958e-02 2.6586505609e+00 9.9089011811e+00
211 6.0950344427e-01 8.1051015945e-02 2.6578493980e+00 9.9018487326e+00
212 6.0940948138e-01 8.1090951240e-02 2.6566850894e+00 9.8951822827e+00
213 6.0932369544e-01 8.1108387659e-02 2.6510138979e+00 9.8720592117e+00
214 6.0929464195e-01 8.1100832409e-02 2.6483671253e+00 9.8655476873e+00
215 6.0938779013e-01 8.1659855403e-02 2.6632631443e+00 9.9511560596e+00
216 6.0884198742e-01 8.0364547614e-02 2.6492695241e+00 9.8944996926e+00
217 6.0900982121e-01 8.0628757126e-02 2.6309576258e+00 9.7826855649e+00
218 6.0899943427e-01 8.0639936583e-02 2.6300638532e+00 9.7787676371e+00
219 6.0913090516e-01 8.1257209149e-02 2.6495501570e+00 9.9122968123e+00
220 6.0891243106e-01 8.1011365537e-02 2.6605132735e+00 9.9672845878e+00
221 6.0858318237e-01 7.9812376443e-02 2.6123116710e+00 9.6398757163e+00
222 6.0856739087e-01 7.9789521159e-02 2.6142172884e+00 9.6479026441e+00
223 6.0850997296e-01 7.9807708279e-02 2.6141044661e+00 9.6472874567e+00
224 6.0878246115e-01 7.9942688504e-02 2.5996869293e+00 9.5635232029e+00
225 6.0921217929e-01 8.0892193112e-02 2.6094868097e+00 9.6447460310e+00
226 6.0912853499e-01 8.0943982499e-02 2.6063036537e+00 9.6321528181e+00
227 6.0938285702e-01 8.2073588369e-02 2.6281186586e+00 9.7588071378e+00
228 6.0908135555e-01 8.1839067941e-02 2.6428450472e+00 9.8618198142e+00
229 6.0949996089e-01 8.2530003901e-02 2.6065770302e+00 9.6122281239e+00
230 6.0915024698e-01 8.1822953003e-02 2.6163237947e+00 9.6967438566e+00
231 6.0915102934e-01 8.1865541925e-02 2.6137115316e+00 9.6880720710e+00
232 6.0914355681e-01 8.2789071001e-02 2.6537196124e+00 9.9206704226e+00
233 6.0941867351e-01 8.3848677599e-02 2.6750616848e+00 1.0017360158e+01
234 6.0934968438e-01 8.3800362184e-02 2.6739006669e+00 1.0031344284e+01
235 6.0935183372e-01 8.3840258598e-02 2.6735229976e+00 1.0025196008e+01
236 6.0869167218e-01 8.2536208446e-02 2.6607553795e+00 1.0001404810e+01
237 6.0869897323e-01 8.2570279010e-02 2.6543466708e+00 9.9794839926e+00
238 6.0869536267e-01 8.2555608830e-02 2.6546024734e+00 9.9821115040e+00
239 6.0884360048e-01 8.2902511988e-02 2.6368741411e+00 9.8561972861e+00
240 6.0874268096e-01 8.2988518890e-02 2.6299231278e+00 9.8308389350e+00
241 6.0811598602e-01 8.1704858357e-02 2.6330249395e+00 9.8462105479e+00
242 6.0830603099e-01 8.1911467113e-02 2.6174918771e+00 9.7521962654e+00
243 6.0787500877e-01 8.1039741400e-02 2.6171389683e+00 9.7834290681e+00
244 6.0756214134e-01 8.0893804503e-02 2.6344509917e+00 9.8979587240e+00
245 6.0738808412e-01 8.0360044365e-02 2.6173041827e+00 9.7945185565e+00
246 6.0717117916e-01 8.0019342387e-02 2.6340775362e+00 9.9178834471e+00
247 6.0748576258e-01 8.0622920200e-02 2.6281798691e+00 9.8694806733e+00
248 6.0754280180e-01 8.0602229503e-02 2.6282500545e+00 9.8721776229e+00
249 6.0754124511e-01 8.0651208497e-02 2.6273146451e+00 9.8640895471e+00
250 6.0726900263e-01 8.0449155640e-02 2.6543204180e+00 1.0060983500e+01
251 6.0727990191e-01 8.0451068414e-02 2.6536685908e+00 1.0058666031e+01
252 6.0731085899e-01 8.0503205375e-02 2.6501747982e+00 1.0038672119e+01
253 6.0730107332e-01 8.0545466986e-02 2.6447695308e+00 1.0021017689e+01
254 6.0692953476e-01 7.9646488263e-02 2.6465173485e+00 1.0054950773e+01
255 6.0690284027e-01 7.9632939826e-02 2.6475301092e+00 1.0058961150e+01
256 6.0693468842e-01 7.9780770165e-02 2.6506855104e+00 1.0083034667e+01
257 6.0736402572e-01 8.0405034163e-02 2.6139778274e+00 9.8305916519e+00
258 6.0727309198e-01 8.0461680683e-02 2.6108101568e+00 9.8155587446e+00
259 6.0778780110e-01 8.1413196100e-02 2.6101648521e+00 9.8074999397e+00
260 6.0808529977e-01 8.2629161872e-02 2.6553341282e+00 1.0096783274e+01
261 6.0825109021e-01 8.2744646499e-02 2.6332736831e+00 9.9466081772e+00
262 6.0822902168e-01 8.2782806012e-02 2.6364873667e+00 9.9747756577e+00
263 6.0817894278e-01 8.2816105727e-02 2.6345292120e+00 9.9656075207e+00
264 6.0806827090e-01 8.2831008063e-02 2.6311907298e+00 9.9650422515e+00
265 6.0767096156e-01 8.2082455826e-02 2.6336710962e+00 9.9973314594e+00
266 6.0788858183e-01 8.2375659227e-02 2.6158097398e+00 9.8757441334e+00
267 6.0807552226e-01 8.2740823059e-02 2.5979592192e+00 9.7543450435e+00
268 6.0809621359e-01 8.2790059440e-02 2.6023049036e+00 9.8032652062e+00
269 6.0761346120e-01 8.1439180655e-02 2.5890467882e+00 9.7576348129e+00
270 6.0797775278e-01 8.2561742017e-02 2.6183628613e+00 9.9073395431e+00
271 6.0761415184e-01 8.1717004746e-02 2.6064894728e+00 9.8109404513e+00
272 6.0802812296e-01 8.2540545784e-02 2.5967591991e+00 9.7161436283e+00
273 6.0810719387e-01 8.2604138481e-02 2.5963748685e+00 9.7081717012e+00
274 6.0793603817e-01 8.2056968084e-02 2.5776853835e+00 9.6170714690e+00
275 6.0813020078e-01 8.2223245340e-02 2.5580888079e+00 9.4904257297e+00
276 6.0808430625e-01 8.2365775715e-02 2.5563241175e+00 9.4691302260e+00
277 6.0832585507e-01 8.2696682148e-02 2.5383719833e+00 9.3492880536e+00
278 6.0824863630e-01 8.2722375708e-02 2.5381769079e+00 9.3476134815e+00
279 6.0801538204e-01 8.2607722555e-02 2.5495990993e+00 9.4151596279e+00
280 6.0849054476e-01 8.3938078025e-02 2.5638978148e+00 9.4759574939e+00
281 6.0790582428e-01 8.3518363009e-02 2.5892605892e+00 9.6667871393e+00
282 6.0792726571e-01 8.3519473527e-02 2.5891026220e+00 9.6649632283e+00
283 6.0790047054e-01 8.3517352002e-02 2.5904912843e+00 9.6689758545e+00
284 6.0829007342e-01 8.4417229845e-02 2.6024842967e+00 9.7655952078e+00
285 6.0834545283e-01 8.4416545955e-02 2.6006466638e+00 9.7590284953e+00
286 6.0838434634e-01 8.5055371714e-02 2.6008255868e+00 9.7376916307e+00
287 6.0793838363e-01 8.4150111099e-02 2.6038743742e+00 9.7881489707e+00
288 6.0852482909e-01 8.5141061349e-02 2.5814582049e+00 9.6306017959e+00
289 6.0819445020e-01 8.4174056662e-02 2.5575827677e+00 9.5113954810e+00
290 6.0835748527e-01 8.4340776658e-02 2.5409129862e+00 9.4260505874e+00
291 6.0840651885e-01 8.4335883180e-02 2.5398158406e+00 9.4222537402e+00
292 6.0850152885e-01 8.4834322880e-02 2.5523857822e+00 9.4814121959e+00
293 6.0865684956e-01 8.5378657963e-02 2.5681720918e+00 9.5729433663e+00
294 6.0858060350e-01 8.5437960801e-02 2.5642383228e+00 9.5567465834e+00
295 6.0881313294e-01 8.5699905001e-02 2.5478760950e+00 9.4504953540e+00
296 6.0850827559e-01 8.5303339435e-02 2.5503058401e+00 9.4612086509e+00
297 6.0850747946e-01 8.5319982783e-02 2.5485046363e+00 9.4542240173e+00
298 6.0845071211e-01 8.5372650976e-02 2.5443341323e+00 9.4396014955e+00
299 6.0838846335e-01 8.5413970675e-02 2.5416049078e+00 9.4303916172e+00
300 6.0828618030e-01 8.5458169451e-02 2.5420632474e+00 9.4263829581e+00
301 6.0832262591e-01 8.5432526454e-02 2.5411153443e+00 9.4261200177e+00
302 6.0833681913e-01 8.5514219621e-02 2.5421737133e+00 9.4406690939e+00
303 6.0819877549e-01 8.5038810171e-02 2.5277908029e+00 9.3877511217e+00
304 6.0775643617e-01 8.4205210192e-02 2.5234955701e+00 9.3897356785e+00
305 6.0770718342e-01 8.4211839330e-02 2.5202483131e+00 9.3819514709e+00
306 6.0789482037e-01 8.4573272562e-02 2.5053440574e+00 9.2689611414e+00
307 6.0787502578e-01 8.4568291503e-02 2.5064759671e+00 9.2734643074e+00
308 6.0770918915e-01 8.4080076394e-02 2.4987704870e+00 9.2502412844e+00
309 6.0771059137e-01 8.4043549079e-02 2.4998944083e+00 9.2609912100e+00
310 6.0745887797e-01 8.3698958752e-02 2.5152672150e+00 9.3735236253e+00
311 6.0746149138e-01 8.3702731136e-02 2.5147967096e+00 9.3715269111e+00
312 6.0767304081e-01 8.3896130773e-02 2.4970795878e+00 9.2647957727e+00
313 6.0813338316e-01 8.4886163494e-02 2.5284537845e+00 9.5385916059e+00
314 6.0828340275e-01 8.5149436223e-02 2.5111845576e+00 9.4292680435e+00
315 6.0813665016e-01 8.4634564162e-02 2.4930441343e+00 9.3247241590e+00
316 6.0807624542e-01 8.4643763741e-02 2.4940423976e+00 9.3278423083e+00
317 6.0837212230e-01 8.5629967983e-02 2.5203946814e+00 9.4619213612e+00
318 6.0857778918e-01 8.5507933124e-02 2.4503070717e+00 8.9221488921e+00
319 6.0879898158e-01 8.5843007900e-02 2.4327257031e+00 8.8107404795e+00
320 6.0899276638e-01 8.6073324132e-02 2.4133342084e+00 8.6786701653e+00
321 6.0864404943e-01 8.5224540893e-02 2.4022655894e+00 8.6540583603e+00
322 6.0860405374e-01 8.5144758345e-02 2.3972144693e+00 8.6051801322e+00
323 6.0870582654e-01 8.4715998944e-02 2.3801434197e+00 8.5293154795e+00
324 6.0897461613e-01 8.5072888422e-02 2.3748259591e+00 8.5099919930e+00
325 6.0917934613e-01 8.5318383048e-02 2.3608780373e+00 8.4224992272e+00
326 6.0916939679e-01 8.5410415031e-02 2.3619801826e+00 8.4421801172e+00
327 6.0916261785e-01 8.5477963784e-02 2.3594043203e+00 8.4269787380e+00
328 6.0959471312e-01 8.5903012898e-02 2.3332785546e+00 8.2670211641e+00
329 6.0956622594e-01 8.5875644433e-02 2.3279946096e+00 8.2353795498e+00
330 6.0954472582e-01 8.5854904348e-02 2.3297877166e+00 8.2432820181e+00
331 6.1023575022e-01 8.7557470204e-02 2.3337868109e+00 8.2669208160e+00
332 6.1018044394e-01 8.7626678819e-02 2.3320242668e+00 8.2568866286e+00
333 6.1031427146e-01 8.7884594091e-02 2.3150666983e+00 8.1382424290e+00
334 6.1071793060e-01 8.8590294797e-02 2.3035069070e+00 8.0361240394e+00
335 6.1053756188e-01 8.8038693213e-02 2.2875745027e+00 7.9459774792e+00
336 6.1055618057e-01 8.8035168800e-02 2.2880153595e+00 7.9492411442e+00
337 6.1071989623e-01 8.8546663736e-02 2.3269529339e+00 8.2912127619e+00
338 6.1017195828e-01 8.8026410534e-02 2.3544584176e+00 8.4552049335e+00
339 6.1018685340e-01 8.8104384502e-02 2.3541749078e+00 8.4465883118e+00
340 6.1038577907e-01 8.8193592702e-02 2.3419265428e+00 8.3866639904e+00
341 6.1059018579e-01 8.8674747587e-02 2.3546742109e+00 8.4477785107e+00
342 6.1035820095e-01 8.7624940380e-02 2.2749629215e+00 7.8874963683e+00
343 6.0992884126e-01 8.6633258376e-02 2.2284323858e+00 7.5943613747e+00
344 6.0993864442e-01 8.6641775415e-02 2.2274440581e+00 7.5903811760e+00
345 6.1009414307e-01 8.7100054092e-02 2.2393656082e+00 7.6517149764e+00
346 6.1017662639e-01 8.6892498427e-02 2.2240608408e+00 7.5880312373e+00
347 6.0989317624e-01 8.6738318033e-02 2.2334535009e+00 7.6504345518e+00
348 6.0956105316e-01 8.6480173455e-02 2.2373295430e+00 7.6744465895e+00
349 6.0949646567e-01 8.6358611316e-02 2.2360543147e+00 7.6844501107e+00
350 6.0969043680e-01 8.6674406324e-02 2.2228934460e+00 7.6039432396e+00
351 6.0988896956e-01 8.7173856211e-02 2.2389600448e+00 7.6934693144e+00
352 6.1021266226e-01 8.8113352387e-02 2.2403804709e+00 7.7055896535e+00
353 6.0995486222e-01 8.8039310894e-02 2.2766738696e+00 7.9882426682e+00
354 6.0987977320e-01 8.7902080796e-02 2.2690157599e+00 7.9416178835e+00
355 6.0995300346e-01 8.8526573783e-02 2.2886602871e+00 8.0419798841e+00
356 6.1033626223e-01 8.9132535560e-02 2.2605570724e+00 7.8476604077e+00
357 6.1048022860e-01 8.9708309717e-02 2.2800706376e+00 7.9680017064e+00
358 6.1038966863e-01 8.9757889171e-02 2.2781682654e+00 7.9606871983e+00
359 6.1067459352e-01 9.0043944676e-02 2.2667527785e+00 7.9038952655e+00
360 6.1088291866e-01 9.0357327514e-02 2.2514149313e+00 7.8152214576e+00
361 6.1088118627e-01 9.0444801037e-02 2.2499985960e+00 7.8053036125e+00
362 6.1068428625e-01 8.9975567726e-02 2.2367736201e+00 7.7429795418e+00
363 6.1089683673e-01 9.0884297150e-02 2.2567824722e+00 7.8178052196e+00
364 6.1074751301e-01 9.0307164843e-02 2.2519024716e+00 7.8062688650e+00
365 6.1066519723e-01 9.0206818080e-02 2.2367324917e+00 7.6907333378e+00
