1 5.9282947138e-01 1.1102230246e-16 1.0000000000e+00 1.0000000000e+00
2 5.9278755907e-01 1.4459648885e-03 -1.2722082316e+01 2.2553876861e+02
3 5.9294517288e-01 7.7220541156e-03 2.7037999386e+01 8.2778082679e+02
4 5.9288676687e-01 7.8390043718e-03 2.5812488868e+01 7.8043577550e+02
5 5.9281884323e-01 8.1727093278e-03 2.2396407734e+01 6.6377609985e+02
6 5.9274179178e-01 8.4784037265e-03 1.9867334222e+01 5.7514488411e+02
7 5.9271313485e-01 8.5432943668e-03 1.9423752374e+01 5.5824205409e+02
8 5.9319991634e-01 1.3480635500e-02 1.5167674677e+01 2.6639308344e+02
9 5.9370469234e-01 1.7239010674e-02 1.2501904886e+01 1.7227568967e+02
10 5.9395988025e-01 1.8804596553e-02 1.1483098087e+01 1.4427934030e+02
11 5.9388382378e-01 1.8912480815e-02 1.1275683800e+01 1.4125255046e+02
12 5.9392864471e-01 1.9027710302e-02 1.1054712746e+01 1.3781533710e+02
13 5.9409140483e-01 2.1415540934e-02 1.2255364935e+01 1.7589442963e+02
14 5.9393200132e-01 2.1572887946e-02 1.1994792038e+01 1.7121953110e+02
15 5.9357964669e-01 1.7825100578e-02 1.1272705245e+01 1.5134068235e+02
16 5.9347736647e-01 1.8012168438e-02 1.0918260807e+01 1.4547769248e+02
17 5.9362867480e-01 1.9635048348e-02 1.0026014176e+01 1.2237710523e+02
18 5.9386431886e-01 2.1021316169e-02 9.4714278879e+00 1.0761600730e+02
19 5.9396916489e-01 2.1085724311e-02 9.3787657668e+00 1.0613562115e+02
20 5.9419653301e-01 2.2129692060e-02 8.8585884247e+00 9.4395584751e+01
21 5.9465919260e-01 2.4496060530e-02 8.1567063305e+00 7.8234473995e+01
22 5.9465222980e-01 2.4515266379e-02 8.1370514116e+00 7.8000740705e+01
23 5.9458845829e-01 2.4545776073e-02 8.1125503770e+00 7.7699805941e+01
24 5.9481591598e-01 2.5740158166e-02 7.8553661303e+00 7.2000357809e+01
25 5.9483268988e-01 2.5758234357e-02 7.8393291276e+00 7.1772249606e+01
26 5.9476576263e-01 2.5887300583e-02 7.7154806713e+00 7.0461478495e+01
27 5.9475338319e-01 2.5940532051e-02 7.6687601261e+00 6.9902667684e+01
28 5.9489893861e-01 2.6947816774e-02 7.4136486911e+00 6.4835197325e+01
29 5.9499186621e-01 2.8047690873e-02 7.0708316962e+00 5.9413057454e+01
30 5.9544973653e-01 2.9798520143e-02 6.7102050903e+00 5.2685115476e+01
31 5.9573710964e-01 3.0661510273e-02 6.5574853700e+00 4.9930035737e+01
32 5.9617586733e-01 3.2387014571e-02 6.2382084541e+00 4.4859399512e+01
33 5.9619463886e-01 3.2413848581e-02 6.2217987956e+00 4.4697824439e+01
34 5.9621131654e-01 3.2479783077e-02 6.1785093427e+00 4.4330496749e+01
35 5.9613130747e-01 3.2550101896e-02 6.1408582770e+00 4.4016087879e+01
36 5.9643831310e-01 3.4186027352e-02 5.8210346506e+00 3.9640627945e+01
37 5.9642282243e-01 3.4234316741e-02 5.7944956098e+00 3.9433364848e+01
38 5.9642252176e-01 3.4256033336e-02 5.7831069211e+00 3.9334414336e+01
39 5.9630379227e-01 3.4349117493e-02 5.7391694224e+00 3.8999648749e+01
40 5.9644062160e-01 3.5169131422e-02 5.6067693629e+00 3.7221175760e+01
41 5.9665412706e-01 3.5863036204e-02 5.5040103585e+00 3.5817300441e+01
42 5.9663626508e-01 3.5881951054e-02 5.4976261843e+00 3.5750374533e+01
43 5.9669910244e-01 3.5819680837e-02 5.4803369091e+00 3.5620306739e+01
44 5.9680528159e-01 3.6607190188e-02 5.3747457614e+00 3.4231301489e+01
45 5.9679932636e-01 3.6537906039e-02 5.3528853532e+00 3.4174624232e+01
46 5.9705427433e-01 3.7243713193e-02 5.2670475468e+00 3.2939039420e+01
47 5.9709058526e-01 3.7278788212e-02 5.2498141891e+00 3.2793648702e+01
48 5.9709389040e-01 3.7279929565e-02 5.2491464508e+00 3.2787693995e+01
49 5.9730325666e-01 3.7989523018e-02 5.1614791921e+00 3.1604143685e+01
50 5.9739884458e-01 3.9336233211e-02 5.4183560465e+00 3.6146822449e+01
51 5.9767673478e-01 3.9998156460e-02 5.3191217346e+00 3.4726744592e+01
52 5.9788414991e-01 4.0700296279e-02 5.2071461597e+00 3.3274578739e+01
53 5.9856039352e-01 4.2641265554e-02 4.9330179730e+00 2.9756193433e+01
54 5.9847123081e-01 4.2687264334e-02 4.9217358399e+00 2.9670799290e+01
55 5.9842712586e-01 4.2734285329e-02 4.9061612723e+00 2.9563546300e+01
56 5.9861821295e-01 4.3348173110e-02 4.8310282728e+00 2.8595635709e+01
57 5.9853885624e-01 4.3380642069e-02 4.8247482804e+00 2.8546946171e+01
58 5.9886859405e-01 4.4115304406e-02 4.7596570030e+00 2.7673385575e+01
59 5.9883493163e-01 4.4258109729e-02 4.7353501338e+00 2.7502988990e+01
60 5.9874205270e-01 4.4295630291e-02 4.7282102846e+00 2.7450825321e+01
61 5.9877598162e-01 4.4330045300e-02 4.7151594938e+00 2.7352501720e+01
62 5.9930671379e-01 4.5541255530e-02 4.5832781752e+00 2.5727294822e+01
63 5.9924987851e-01 4.5604720240e-02 4.5632041045e+00 2.5614943336e+01
64 5.9950276482e-01 4.6164414761e-02 4.5010450630e+00 2.4875538635e+01
65 5.9973519653e-01 4.6728154094e-02 4.4407899127e+00 2.4179710834e+01
66 6.0034358867e-01 4.8350968727e-02 4.2670354368e+00 2.2281498266e+01
67 6.0033961158e-01 4.8435417787e-02 4.2501490065e+00 2.2172901653e+01
68 6.0080738917e-01 4.9469304854e-02 4.1507370822e+00 2.1079500155e+01
69 6.0083093881e-01 4.9464993314e-02 4.1503994280e+00 2.1078926293e+01
70 6.0105303775e-01 4.9853840811e-02 4.0938488550e+00 2.0550772443e+01
71 6.0108997768e-01 4.9904177066e-02 4.0881016024e+00 2.0498473570e+01
72 6.0121892798e-01 5.0551130801e-02 4.0249273892e+00 1.9918402067e+01
73 6.0092477619e-01 5.0123111890e-02 4.0534695343e+00 2.0303493848e+01
74 6.0110028302e-01 5.1110076732e-02 4.1697243704e+00 2.1778877885e+01
75 6.0158837911e-01 5.1895008674e-02 4.0657670659e+00 2.0764503238e+01
76 6.0178428629e-01 5.2380301712e-02 4.0153683520e+00 2.0254054617e+01
77 6.0182506257e-01 5.2355008329e-02 4.0051679474e+00 2.0213182947e+01
78 6.0179765714e-01 5.2384886720e-02 3.9990439762e+00 2.0176325533e+01
79 6.0203814383e-01 5.2887068676e-02 3.9471661815e+00 1.9672036647e+01
80 6.0201464203e-01 5.2923824630e-02 3.9392109254e+00 1.9625914841e+01
81 6.0192209458e-01 5.2971453694e-02 3.9322965133e+00 1.9584330582e+01
82 6.0219130946e-01 5.3437861179e-02 3.8886859763e+00 1.9138553203e+01
83 6.0241769991e-01 5.3945256263e-02 3.8455026887e+00 1.8699332030e+01
84 6.0238184626e-01 5.3967308469e-02 3.8420520673e+00 1.8679626776e+01
85 6.0239944460e-01 5.3970215848e-02 3.8403345949e+00 1.8670820356e+01
86 6.0242759117e-01 5.3983094914e-02 3.8357598157e+00 1.8645348646e+01
87 6.0244383964e-01 5.3975124751e-02 3.8365990859e+00 1.8651658363e+01
88 6.0262791938e-01 5.4405642321e-02 3.7868589390e+00 1.8197862072e+01
89 6.0263021405e-01 5.4424706927e-02 3.7824545465e+00 1.8172077116e+01
90 6.0288375111e-01 5.4827390063e-02 3.7416876210e+00 1.7794449881e+01
91 6.0276765802e-01 5.4865630067e-02 3.7392901460e+00 1.7777054305e+01
92 6.0293336176e-01 5.5423818262e-02 3.6950399324e+00 1.7369587077e+01
93 6.0280411182e-01 5.5602652008e-02 3.7088428327e+00 1.7612735960e+01
94 6.0275008085e-01 5.5652699274e-02 3.7015112260e+00 1.7573796298e+01
95 6.0291862714e-01 5.6490588223e-02 3.7634329457e+00 1.8226650789e+01
96 6.0308704291e-01 5.6950185695e-02 3.7150756395e+00 1.7806885927e+01
97 6.0325763897e-01 5.7438662898e-02 3.6730810892e+00 1.7409902391e+01
98 6.0302013384e-01 5.6562779777e-02 3.5756866334e+00 1.6317594093e+01
99 6.0304272967e-01 5.6701615721e-02 3.5806266562e+00 1.6483753133e+01
100 6.0319116944e-01 5.7040307815e-02 3.5487285470e+00 1.6196316041e+01
101 6.0380859770e-01 5.8635016062e-02 3.5420058646e+00 1.6192006050e+01
102 6.0394758784e-01 5.9182368459e-02 3.4977601580e+00 1.5818818016e+01
103 6.0398125906e-01 5.9181041747e-02 3.4963247194e+00 1.5812273742e+01
104 6.0364203290e-01 5.8016479290e-02 3.4707555015e+00 1.5518370270e+01
105 6.0390770966e-01 5.8446416212e-02 3.4358206148e+00 1.5212742820e+01
106 6.0387920685e-01 5.8431265291e-02 3.4369434760e+00 1.5220697977e+01
107 6.0415318539e-01 5.8869316178e-02 3.4067553133e+00 1.4941682792e+01
108 6.0402034962e-01 5.9019162486e-02 3.4002273703e+00 1.4907654760e+01
109 6.0414592323e-01 5.9768083742e-02 3.4491798145e+00 1.5379391155e+01
110 6.0421609267e-01 5.9754807307e-02 3.4481721171e+00 1.5376749230e+01
111 6.0393655549e-01 5.9028954915e-02 3.3886218759e+00 1.4790265771e+01
112 6.0416173462e-01 5.9351943463e-02 3.3525594783e+00 1.4512505371e+01
113 6.0411680697e-01 5.9360008052e-02 3.3532951854e+00 1.4514884536e+01
114 6.0453629851e-01 6.0273654393e-02 3.2885260169e+00 1.3980261050e+01
115 6.0481579942e-01 6.0647263552e-02 3.2556994618e+00 1.3725348067e+01
116 6.0505392390e-01 6.1081216193e-02 3.2286941648e+00 1.3493304667e+01
117 6.0503979762e-01 6.1136992213e-02 3.2293341073e+00 1.3489804049e+01
118 6.0555507897e-01 6.2770966691e-02 3.2326219052e+00 1.3617098196e+01
119 6.0568168724e-01 6.3101939184e-02 3.1879438083e+00 1.3304499011e+01
120 6.0554290348e-01 6.3193899596e-02 3.1807402271e+00 1.3272849441e+01
121 6.0524542401e-01 6.2932106783e-02 3.2054018471e+00 1.3468186488e+01
122 6.0523647436e-01 6.2939723226e-02 3.2045687056e+00 1.3463618469e+01
123 6.0524135239e-01 6.2929483499e-02 3.2065258642e+00 1.3470736279e+01
124 6.0521622329e-01 6.2956821981e-02 3.2059824473e+00 1.3465252917e+01
125 6.0550315317e-01 6.2879073539e-02 3.0991665638e+00 1.2529815120e+01
126 6.0574701526e-01 6.3405531681e-02 3.0750678506e+00 1.2338359521e+01
127 6.0614477056e-01 6.4070975186e-02 3.0196040216e+00 1.1930498021e+01
128 6.0605079333e-01 6.4155303813e-02 3.0147145279e+00 1.1911495815e+01
129 6.0603166423e-01 6.4127648857e-02 3.0141855483e+00 1.1919722209e+01
130 6.0645454252e-01 6.5326599563e-02 3.0393501346e+00 1.2148156134e+01
131 6.0602545687e-01 6.4294871504e-02 3.0128334566e+00 1.1905931691e+01
132 6.0602409585e-01 6.4314686909e-02 3.0096844753e+00 1.1889810690e+01
133 6.0604603731e-01 6.4337323246e-02 3.0049034552e+00 1.1869540000e+01
134 6.0624261030e-01 6.4672264001e-02 2.9746805040e+00 1.1668919551e+01
135 6.0624995870e-01 6.4672576707e-02 2.9742208991e+00 1.1667427030e+01
136 6.0635398291e-01 6.4864692321e-02 2.9479023959e+00 1.1500628726e+01
137 6.0627761261e-01 6.4819953015e-02 2.9393187241e+00 1.1470251783e+01
138 6.0676730944e-01 6.6337183181e-02 2.9844520784e+00 1.1897291176e+01
139 6.0690075770e-01 6.6929461505e-02 3.0231947789e+00 1.2237895342e+01
140 6.0693391119e-01 6.6893982508e-02 3.0199239037e+00 1.2230810925e+01
141 6.0687695639e-01 6.6837392651e-02 3.0152529332e+00 1.2222991457e+01
142 6.0673248370e-01 6.6166077257e-02 2.9732989288e+00 1.1876146850e+01
143 6.0665483435e-01 6.6158148189e-02 2.9718826345e+00 1.1873691233e+01
144 6.0689513292e-01 6.6428974558e-02 2.9438512283e+00 1.1692692122e+01
145 6.0692566407e-01 6.6338340601e-02 2.9447316219e+00 1.1694288733e+01
146 6.0689557063e-01 6.6079816966e-02 2.8765243719e+00 1.1134314777e+01
147 6.0662474410e-01 6.5866731820e-02 2.8901445103e+00 1.1258230904e+01
148 6.0646162433e-01 6.5857403318e-02 2.8850252413e+00 1.1235098258e+01
149 6.0658333727e-01 6.5895202010e-02 2.8819200038e+00 1.1219043886e+01
150 6.0653438832e-01 6.5903760987e-02 2.8755520281e+00 1.1203968562e+01
151 6.0649721329e-01 6.5934463321e-02 2.8674438796e+00 1.1169371698e+01
152 6.0673880120e-01 6.6474501868e-02 2.8544977065e+00 1.1046147865e+01
153 6.0672564773e-01 6.6417110228e-02 2.8532398407e+00 1.1059680129e+01
154 6.0694831731e-01 6.6837357597e-02 2.8347858507e+00 1.0911534224e+01
155 6.0690094183e-01 6.6864246242e-02 2.8328892518e+00 1.0902483190e+01
156 6.0689166148e-01 6.6922619312e-02 2.8317932281e+00 1.0894827917e+01
157 6.0732962605e-01 6.7624893402e-02 2.7922611456e+00 1.0599308184e+01
158 6.0752295854e-01 6.8308166736e-02 2.8149043754e+00 1.0758400308e+01
159 6.0755985841e-01 6.8329753766e-02 2.8155672347e+00 1.0755645140e+01
160 6.0733469168e-01 6.7338803233e-02 2.7552855201e+00 1.0221381993e+01
161 6.0734927644e-01 6.7337352027e-02 2.7547797723e+00 1.0219962076e+01
162 6.0752365553e-01 6.7755277175e-02 2.7385501895e+00 1.0090075885e+01
163 6.0778177730e-01 6.8164975663e-02 2.7216151593e+00 9.9600533714e+00
164 6.0795883443e-01 6.9062328439e-02 2.7737485396e+00 1.0434689884e+01
165 6.0780845804e-01 6.8606269107e-02 2.7425654379e+00 1.0241978771e+01
166 6.0779598357e-01 6.8628974148e-02 2.7398292181e+00 1.0231101627e+01
167 6.0771750195e-01 6.8660343379e-02 2.7370797620e+00 1.0220277117e+01
168 6.0779601991e-01 6.8977271181e-02 2.7125063708e+00 1.0076486190e+01
169 6.0827816029e-01 6.9481305338e-02 2.6769065880e+00 9.8518747937e+00
170 6.0824867141e-01 6.9551926412e-02 2.6695766073e+00 9.8263720524e+00
171 6.0822525343e-01 6.9873983649e-02 2.7351342364e+00 1.0344425665e+01
172 6.0851726814e-01 7.1212143298e-02 2.8046988574e+00 1.0921714973e+01
173 6.0852243252e-01 7.1228273666e-02 2.8021779706e+00 1.0911327418e+01
174 6.0869024616e-01 7.1930055555e-02 2.8466359878e+00 1.1289795862e+01
175 6.0845164004e-01 7.1418444252e-02 2.8062449806e+00 1.0980892984e+01
176 6.0913354243e-01 7.2507592592e-02 2.7429378492e+00 1.0519975803e+01
177 6.0920423384e-01 7.2561362354e-02 2.7479273115e+00 1.0570759360e+01
178 6.0894330948e-01 7.2435306385e-02 2.7999572734e+00 1.1062766479e+01
179 6.0881933433e-01 7.2495276979e-02 2.7962645864e+00 1.1045385033e+01
180 6.0894354615e-01 7.2074578943e-02 2.7299702515e+00 1.0529609680e+01
181 6.0893879281e-01 7.2091142279e-02 2.7275703225e+00 1.0521520214e+01
182 6.0909272486e-01 7.2385504371e-02 2.7026606323e+00 1.0368071530e+01
183 6.0887414126e-01 7.2090767075e-02 2.7210768568e+00 1.0501842846e+01
184 6.0905897504e-01 7.2546229227e-02 2.6975240376e+00 1.0341466227e+01
185 6.0922652001e-01 7.2826486931e-02 2.6781122729e+00 1.0210074709e+01
186 6.0932765668e-01 7.3241510426e-02 2.6622487372e+00 1.0076092624e+01
187 6.0946448201e-01 7.3652226653e-02 2.6363756530e+00 9.9194285599e+00
188 6.0938852360e-01 7.3542244990e-02 2.6364804110e+00 9.9329337356e+00
189 6.0951410290e-01 7.4210724299e-02 2.6630675332e+00 1.0120780496e+01
190 6.0968947852e-01 7.4510098240e-02 2.6427163372e+00 9.9875432979e+00
191 6.0992295372e-01 7.4840287389e-02 2.6225193611e+00 9.8516949567e+00
192 6.1027324272e-01 7.5621710432e-02 2.6402477391e+00 9.9948117464e+00
193 6.1002735292e-01 7.5442121848e-02 2.6513346448e+00 1.0070871684e+01
194 6.0995603017e-01 7.5466892169e-02 2.6488760714e+00 1.0061966983e+01
195 6.1010726447e-01 7.6190948133e-02 2.6984042101e+00 1.0484080951e+01
196 6.0993630871e-01 7.5643070935e-02 2.6769932522e+00 1.0339105886e+01
197 6.0990239320e-01 7.5679736879e-02 2.6731584396e+00 1.0325541721e+01
198 6.1032911865e-01 7.6513914354e-02 2.6373109855e+00 1.0044714293e+01
199 6.1028955407e-01 7.6590899580e-02 2.6341332490e+00 1.0029288446e+01
200 6.1021244816e-01 7.5894293633e-02 2.5891591030e+00 9.6739914212e+00
201 6.1019790780e-01 7.5852634122e-02 2.5899831690e+00 9.6811985839e+00
202 6.1017038423e-01 7.5847372848e-02 2.5888932907e+00 9.6812717655e+00
203 6.1029679032e-01 7.6478514940e-02 2.6081155737e+00 9.8138821627e+00
204 6.1026820964e-01 7.6538688264e-02 2.6070164708e+00 9.8050749724e+00
205 6.0988540561e-01 7.5700060575e-02 2.5928421735e+00 9.7410592828e+00
206 6.0994993775e-01 7.6387755989e-02 2.6272249506e+00 1.0003487304e+01
207 6.1026558168e-01 7.7219267280e-02 2.6132530835e+00 9.8811868800e+00
208 6.1028225403e-01 7.7218379455e-02 2.6128823078e+00 9.8791726978e+00
209 6.1026748914e-01 7.7131722508e-02 2.6132744525e+00 9.8899951649e+00
210 6.1041234303e-01 7.7671306210e-02 2.6308573661e+00 9.9902039781e+00
211 6.1041210737e-01 7.7644204819e-02 2.6333291872e+00 1.0011297878e+01
212 6.1036269215e-01 7.7673543657e-02 2.6295814144e+00 9.9993642740e+00
213 6.1009066970e-01 7.7308616568e-02 2.6342339269e+00 1.0021790283e+01
214 6.0939178286e-01 7.5635062667e-02 2.5789329582e+00 9.6082337911e+00
215 6.0919173841e-01 7.5346277516e-02 2.5940477041e+00 9.7201345833e+00
216 6.0888412802e-01 7.5234260899e-02 2.6140631709e+00 9.8550591823e+00
217 6.0914947044e-01 7.6274211727e-02 2.6432869218e+00 1.0014911110e+01
218 6.0912477304e-01 7.6281606059e-02 2.6443295922e+00 1.0013330494e+01
219 6.0909442162e-01 7.6320715113e-02 2.6407978633e+00 9.9980854964e+00
220 6.0913826538e-01 7.6354728402e-02 2.6383936140e+00 9.9828206332e+00
221 6.0933324405e-01 7.7007288301e-02 2.6908006069e+00 1.0435351348e+01
222 6.0958230488e-01 7.7394349577e-02 2.6710858921e+00 1.0289560091e+01
223 6.0938274381e-01 7.7174293555e-02 2.6839695302e+00 1.0372486697e+01
224 6.0935604099e-01 7.7097014799e-02 2.6771584410e+00 1.0310088286e+01
225 6.0938447698e-01 7.7151982427e-02 2.6756017181e+00 1.0297705199e+01
226 6.0889822191e-01 7.6047444034e-02 2.6332960213e+00 9.9763468964e+00
227 6.0894678400e-01 7.6071079251e-02 2.6354108689e+00 9.9892152320e+00
228 6.0895104301e-01 7.5757396768e-02 2.6029807459e+00 9.8111298108e+00
229 6.0917914262e-01 7.6098804789e-02 2.5716995141e+00 9.5403245844e+00
230 6.0913511210e-01 7.6151560869e-02 2.5721054119e+00 9.5363968028e+00
231 6.0880491324e-01 7.5320208918e-02 2.5751190920e+00 9.5500900694e+00
232 6.0882176488e-01 7.5487854004e-02 2.5734133297e+00 9.5190160917e+00
233 6.0850081737e-01 7.5251812703e-02 2.6031581994e+00 9.7886075638e+00
234 6.0862531746e-01 7.4637849261e-02 2.5455963041e+00 9.4083656438e+00
235 6.0835829702e-01 7.4566434768e-02 2.5315333714e+00 9.2876405087e+00
236 6.0861304999e-01 7.4810858915e-02 2.5142502264e+00 9.1755041767e+00
237 6.0848606684e-01 7.4320409695e-02 2.4875343001e+00 8.9890871212e+00
238 6.0844419207e-01 7.4325885323e-02 2.4836723750e+00 8.9787998359e+00
239 6.0859544150e-01 7.4940137327e-02 2.5245108013e+00 9.3036121501e+00
240 6.0885066931e-01 7.5211610038e-02 2.5063802013e+00 9.1878310446e+00
241 6.0911920060e-01 7.5624754828e-02 2.4869823832e+00 9.0598584695e+00
242 6.0938699004e-01 7.5882161934e-02 2.4686647652e+00 8.9492913806e+00
243 6.0985914429e-01 7.7349056713e-02 2.5053614534e+00 9.2216893962e+00
244 6.0985595323e-01 7.7442309504e-02 2.5189919942e+00 9.3626539453e+00
245 6.0982095591e-01 7.7466903035e-02 2.5146517463e+00 9.3454769942e+00
246 6.0984434829e-01 7.7484480060e-02 2.5105976139e+00 9.3325624592e+00
247 6.0981511529e-01 7.7435478228e-02 2.5062424946e+00 9.2869782110e+00
248 6.1013243996e-01 7.8363007602e-02 2.5034198438e+00 9.2445101118e+00
249 6.1084556587e-01 7.9267063906e-02 2.4549467692e+00 8.9165184766e+00
250 6.1084566588e-01 7.9162443862e-02 2.4587918845e+00 8.9350655059e+00
251 6.1096949005e-01 7.9540863013e-02 2.4340070260e+00 8.8002836075e+00
252 6.1116636620e-01 7.9756776849e-02 2.4201425275e+00 8.7128501865e+00
253 6.1139138700e-01 8.1340750179e-02 2.5038461176e+00 9.2561276107e+00
254 6.1100184342e-01 8.0531425682e-02 2.4902863004e+00 9.1850147862e+00
255 6.1098366065e-01 8.0540162312e-02 2.4899906086e+00 9.1833930021e+00
256 6.1074186395e-01 8.0284107928e-02 2.5031916241e+00 9.2806294414e+00
257 6.1093218323e-01 8.0591934953e-02 2.4859994553e+00 9.1672642881e+00
258 6.1141782779e-01 8.1180941299e-02 2.4553347645e+00 8.9566306499e+00
259 6.1133705989e-01 8.1246001565e-02 2.4535646607e+00 8.9435771452e+00
260 6.1131387981e-01 8.1167375782e-02 2.4555641669e+00 8.9679618768e+00
261 6.1150649570e-01 8.1594446897e-02 2.4611916257e+00 8.9764073881e+00
262 6.1196200594e-01 8.2168097519e-02 2.4295773404e+00 8.7690207369e+00
263 6.1170065124e-01 8.1975529656e-02 2.4494813010e+00 8.8973509885e+00
264 6.1148182948e-01 8.2308686423e-02 2.4897986624e+00 9.1821833023e+00
265 6.1172630492e-01 8.2512547163e-02 2.4685986557e+00 9.0233593228e+00
266 6.1131511182e-01 8.1661199062e-02 2.4619102154e+00 8.9802800287e+00
267 6.1132934793e-01 8.1644560804e-02 2.4601339399e+00 8.9775633693e+00
268 6.1091494973e-01 8.0852833461e-02 2.4573741686e+00 8.9892865604e+00
269 6.1099314829e-01 8.0470369385e-02 2.4107382773e+00 8.6684563317e+00
270 6.1120673471e-01 8.0744034587e-02 2.3924183687e+00 8.5647627643e+00
271 6.1127353357e-01 8.1325293753e-02 2.4123808658e+00 8.6829586106e+00
272 6.1157081397e-01 8.1554759463e-02 2.3925050020e+00 8.5595179143e+00
273 6.1161735155e-01 8.1629506755e-02 2.3898915007e+00 8.5527312655e+00
274 6.1171135479e-01 8.2182641460e-02 2.4155848599e+00 8.7181920199e+00
275 6.1189553195e-01 8.2335278140e-02 2.3891257839e+00 8.5424798055e+00
276 6.1216182668e-01 8.3928858234e-02 2.4792412426e+00 9.1451487077e+00
277 6.1213064305e-01 8.3970179023e-02 2.4792364987e+00 9.1401226225e+00
278 6.1216786272e-01 8.3954236631e-02 2.4785074036e+00 9.1399464919e+00
279 6.1174547221e-01 8.3436090953e-02 2.4837570631e+00 9.2113179788e+00
280 6.1198517965e-01 8.3769773489e-02 2.4668463343e+00 9.0969910170e+00
281 6.1194274155e-01 8.3776134537e-02 2.4675919296e+00 9.0993716964e+00
282 6.1241180796e-01 8.4132463161e-02 2.4458489441e+00 8.9585170385e+00
283 6.1255971222e-01 8.4369185455e-02 2.4297927830e+00 8.8660134099e+00
284 6.1245682267e-01 8.4038926497e-02 2.4161558970e+00 8.7895653785e+00
285 6.1246007963e-01 8.4045668986e-02 2.4155308755e+00 8.7863006963e+00
286 6.1247058436e-01 8.4060222893e-02 2.4115577250e+00 8.7715710103e+00
287 6.1268996792e-01 8.4393920169e-02 2.3991632475e+00 8.6749023909e+00
288 6.1229955771e-01 8.4002771142e-02 2.3807010639e+00 8.5966308428e+00
289 6.1272847073e-01 8.4591727142e-02 2.3510002448e+00 8.4061859608e+00
290 6.1268860008e-01 8.4161707509e-02 2.3365207632e+00 8.3463326346e+00
291 6.1289239657e-01 8.4422741154e-02 2.3239576047e+00 8.2613398763e+00
292 6.1245575253e-01 8.3265461373e-02 2.2876405307e+00 7.9797039532e+00
293 6.1250830556e-01 8.3309366567e-02 2.2853286290e+00 7.9714091297e+00
294 6.1211315291e-01 8.2541290578e-02 2.2709704325e+00 7.9026695917e+00
295 6.1225647763e-01 8.3065213818e-02 2.2927285665e+00 8.0412482026e+00
296 6.1222292602e-01 8.3067467919e-02 2.2895894612e+00 8.0161761209e+00
297 6.1171187317e-01 8.1980449243e-02 2.2923991079e+00 8.0346278378e+00
298 6.1208039431e-01 8.2565725755e-02 2.2623936124e+00 7.8573484655e+00
299 6.1211042021e-01 8.2585757129e-02 2.2634664852e+00 7.8586151706e+00
300 6.1208184146e-01 8.2578992303e-02 2.2652935916e+00 7.8636474151e+00
301 6.1212538704e-01 8.2599116059e-02 2.2616221587e+00 7.8517445259e+00
302 6.1196988400e-01 8.2025764469e-02 2.2419829721e+00 7.7377226391e+00
303 6.1252039919e-01 8.3108724306e-02 2.2340474884e+00 7.6822735470e+00
304 6.1293072304e-01 8.3905413716e-02 2.2383167514e+00 7.6953838013e+00
305 6.1290884333e-01 8.3869822043e-02 2.2398176944e+00 7.7033568057e+00
306 6.1326797901e-01 8.4609041161e-02 2.2380050160e+00 7.7102991262e+00
307 6.1326948969e-01 8.4613468669e-02 2.2377035380e+00 7.7081419993e+00
308 6.1318939126e-01 8.4641429939e-02 2.2309236813e+00 7.6992694697e+00
309 6.1358392230e-01 8.5465428564e-02 2.2250776209e+00 7.6277169699e+00
310 6.1350018820e-01 8.5434295657e-02 2.2417823403e+00 7.7630053878e+00
311 6.1344685382e-01 8.5370014564e-02 2.2425594134e+00 7.7714543533e+00
312 6.1367541189e-01 8.5743849962e-02 2.2317458827e+00 7.7167460519e+00
313 6.1302714349e-01 8.4908841322e-02 2.2451631636e+00 7.8004706966e+00
314 6.1306749132e-01 8.4524915378e-02 2.1995451189e+00 7.4956421004e+00
315 6.1305423205e-01 8.4530203739e-02 2.1995123618e+00 7.4952151843e+00
316 6.1323903765e-01 8.4930094202e-02 2.1822010618e+00 7.3986792666e+00
317 6.1345256663e-01 8.5163171730e-02 2.1689857986e+00 7.3245042716e+00
318 6.1348145325e-01 8.5106731632e-02 2.1732931609e+00 7.3371465091e+00
319 6.1381914138e-01 8.5115765156e-02 2.1302502260e+00 7.0964697322e+00
320 6.1396332283e-01 8.5687552752e-02 2.1487446615e+00 7.2002983331e+00
321 6.1420164257e-01 8.5931648876e-02 2.1356712867e+00 7.1266330631e+00
322 6.1423417928e-01 8.5971877050e-02 2.1339402856e+00 7.1180155955e+00
323 6.1463790863e-01 8.6837948170e-02 2.1643491929e+00 7.3725715173e+00
324 6.1452115314e-01 8.6279122056e-02 2.1429711242e+00 7.2457259389e+00
325 6.1438931255e-01 8.5924038848e-02 2.1260260003e+00 7.1559677915e+00
326 6.1443302947e-01 8.6048277325e-02 2.1286009648e+00 7.1628332089e+00
327 6.1444872536e-01 8.6650460493e-02 2.1407373879e+00 7.2448936252e+00
328 6.1446183045e-01 8.6649385227e-02 2.1396956285e+00 7.2416278386e+00
329 6.1504571349e-01 8.7684153651e-02 2.1336550680e+00 7.2110258180e+00
330 6.1505608885e-01 8.7781262851e-02 2.1342530091e+00 7.2044758834e+00
331 6.1453258009e-01 8.7196503988e-02 2.1444739486e+00 7.2448905088e+00
332 6.1476025153e-01 8.7525823907e-02 2.1294656799e+00 7.1617324637e+00
333 6.1461986757e-01 8.7342749258e-02 2.1375501497e+00 7.2175975310e+00
334 6.1466184807e-01 8.7404153849e-02 2.1348247876e+00 7.2062005684e+00
335 6.1511232524e-01 8.8060769886e-02 2.1344327253e+00 7.1860035872e+00
336 6.1464824838e-01 8.7470158967e-02 2.1336682222e+00 7.2029247740e+00
337 6.1470099226e-01 8.7487965108e-02 2.1326505304e+00 7.2042472657e+00
338 6.1490324723e-01 8.8120579484e-02 2.1604579473e+00 7.3931776126e+00
339 6.1527558419e-01 8.8937534203e-02 2.1695374358e+00 7.4385918857e+00
340 6.1547113583e-01 8.9114009877e-02 2.1580437525e+00 7.3768195288e+00
341 6.1508300250e-01 8.8045419213e-02 2.1320562620e+00 7.1807927401e+00
342 6.1542705109e-01 8.8748922024e-02 2.1497537005e+00 7.3001460936e+00
343 6.1546781465e-01 8.8770264417e-02 2.1490547043e+00 7.2959600753e+00
344 6.1537897367e-01 8.8751625490e-02 2.1497492230e+00 7.3033309138e+00
345 6.1443377675e-01 8.6735692174e-02 2.1371305735e+00 7.2125462058e+00
346 6.1395093589e-01 8.5970817777e-02 2.1095014264e+00 6.9948493961e+00
347 6.1388580194e-01 8.5980774914e-02 2.1045412635e+00 6.9836225110e+00
348 6.1372091559e-01 8.6314267512e-02 2.1358907514e+00 7.1876607251e+00
349 6.1382950469e-01 8.6334555012e-02 2.1340071719e+00 7.1813781207e+00
350 6.1360983320e-01 8.6185183207e-02 2.1503482102e+00 7.2886496294e+00
351 6.1382986879e-01 8.6591789495e-02 2.1391173243e+00 7.2100488960e+00
352 6.1324568026e-01 8.6082410779e-02 2.1607596245e+00 7.3466965736e+00
353 6.1347929810e-01 8.6293483228e-02 2.1479860792e+00 7.2768633984e+00
354 6.1359045321e-01 8.6936073865e-02 2.1738491801e+00 7.4573338771e+00
355 6.1350892979e-01 8.6969761342e-02 2.1738573727e+00 7.4534842166e+00
356 6.1348548452e-01 8.6972956460e-02 2.1728917146e+00 7.4556008745e+00
357 6.1338550205e-01 8.6520790203e-02 2.1565940874e+00 7.3717087309e+00
358 6.1313858131e-01 8.6302272183e-02 2.1664320671e+00 7.4254039700e+00
359 6.1247525645e-01 8.5661645672e-02 2.1785433931e+00 7.5067686012e+00
360 6.1308389590e-01 8.7358732127e-02 2.2232938416e+00 7.7626178056e+00
361 6.1288330560e-01 8.6844906822e-02 2.1984457413e+00 7.6319608220e+00
362 6.1282047030e-01 8.6889324001e-02 2.1982351571e+00 7.6276593627e+00
363 6.1288464490e-01 8.6851881710e-02 2.1995525751e+00 7.6336353004e+00
364 6.1288521670e-01 8.6871504503e-02 2.1972757384e+00 7.6282407779e+00
365 6.1288277519e-01 8.7034426219e-02 2.1934380607e+00 7.5981030862e+00
