1 5.9282947138e-01 1.1102230246e-16 1.0000000000e+00 1.0000000000e+00
2 5.9273879522e-01 1.9448815041e-03 -1.8682015861e+01 4.2369707187e+02
3 5.9264259372e-01 2.7159704454e-03 -1.3682353470e+01 2.2051388209e+02
4 5.9260254744e-01 3.1333593332e-03 -1.0451856939e+01 1.3878663744e+02
5 5.9255597942e-01 4.0187491276e-03 -7.8569129857e+00 9.4931718009e+01
6 5.9282448043e-01 8.5981518693e-03 1.9043557623e+01 5.4335731090e+02
7 5.9268978154e-01 8.8612169680e-03 1.7220183729e+01 4.8374548294e+02
8 5.9258299950e-01 9.1519989755e-03 1.5476590573e+01 4.2683165862e+02
9 5.9258357146e-01 9.5041398332e-03 1.3613670424e+01 3.6844313923e+02
10 5.9277824493e-01 1.2275511321e-02 1.3006106754e+01 2.6220195433e+02
11 5.9274532078e-01 1.2445799244e-02 1.2464366142e+01 2.4857496137e+02
12 5.9289211733e-01 1.4631376733e-02 1.1610632236e+01 1.9419338525e+02
13 5.9316813198e-01 1.6428576716e-02 1.0999902810e+01 1.6179118368e+02
14 5.9314871451e-01 1.6498946490e-02 1.0871485877e+01 1.5915776459e+02
15 5.9315579857e-01 1.6538863728e-02 1.0791932104e+01 1.5761756892e+02
16 5.9335491880e-01 1.8343147122e-02 1.0252878268e+01 1.3579459839e+02
17 5.9338943904e-01 1.8413350325e-02 1.0116675685e+01 1.3372116867e+02
18 5.9330716703e-01 1.8443563310e-02 1.0074280346e+01 1.3303975547e+02
19 5.9323556593e-01 1.8468737610e-02 9.9119233383e+00 1.3053580134e+02
20 5.9339106170e-01 2.0044844100e-02 9.2671677933e+00 1.1196238419e+02
21 5.9356714334e-01 2.1434576006e-02 8.8010904811e+00 9.9243684803e+01
22 5.9380395689e-01 2.2718107472e-02 8.4208703092e+00 8.9220045207e+01
23 5.9379058551e-01 2.2615469880e-02 8.3733159279e+00 8.8695131751e+01
24 5.9373694685e-01 2.2673527410e-02 8.3096845165e+00 8.7878443862e+01
25 5.9400957921e-01 2.3880452927e-02 7.9985247292e+00 7.9962297456e+01
26 5.9423466909e-01 2.4996429318e-02 7.7431952819e+00 7.3717516577e+01
27 5.9423196728e-01 2.5002670196e-02 7.7358518453e+00 7.3647867084e+01
28 5.9464575948e-01 2.7035463885e-02 7.2169450893e+00 6.3116522844e+01
29 5.9461824880e-01 2.7071296340e-02 7.1884971021e+00 6.2816013923e+01
30 5.9463080733e-01 2.8249693192e-02 6.8519542546e+00 5.7475655817e+01
31 5.9490448562e-01 2.9135286571e-02 6.6701321349e+00 5.4024977627e+01
32 5.9512251150e-01 3.0299365446e-02 6.5560783264e+00 5.1712157196e+01
33 5.9584562166e-01 3.2926135898e-02 6.1326903616e+00 4.4324858087e+01
34 5.9576022468e-01 3.3547617468e-02 6.6472673787e+00 5.3733101462e+01
35 5.9592074652e-01 3.4354784064e-02 6.4744631765e+00 5.0745826064e+01
36 5.9591815831e-01 3.4407986820e-02 6.4395191867e+00 5.0446241035e+01
37 5.9639951919e-01 3.5927762559e-02 6.1392270427e+00 4.5454715485e+01
38 5.9634837002e-01 3.5985880285e-02 6.1119352336e+00 4.5196321205e+01
39 5.9631221871e-01 3.6010090986e-02 6.1019629388e+00 4.5099880782e+01
40 5.9628894378e-01 3.6065336964e-02 6.0750794989e+00 4.4841308949e+01
41 5.9627451470e-01 3.6162943377e-02 6.0169674686e+00 4.4394001175e+01
42 5.9650990276e-01 3.6910037231e-02 5.8795316414e+00 4.2251445612e+01
43 5.9647910851e-01 3.6957045659e-02 5.8538951742e+00 4.2070331378e+01
44 5.9662278904e-01 3.7653578159e-02 5.7102496670e+00 4.0054248510e+01
45 5.9688892163e-01 3.8400156172e-02 5.5876682717e+00 3.8244745891e+01
46 5.9686781416e-01 3.8409104844e-02 5.5852089115e+00 3.8221501727e+01
47 5.9679458628e-01 3.8485047555e-02 5.5530311912e+00 3.7969565348e+01
48 5.9681376642e-01 3.8528253577e-02 5.5325720481e+00 3.7789997858e+01
49 5.9670971419e-01 3.8589841034e-02 5.5105417190e+00 3.7613135186e+01
50 5.9670182698e-01 3.8598852149e-02 5.5070721722e+00 3.7582653052e+01
51 5.9746433334e-01 4.0496358257e-02 5.2167745782e+00 3.3407747347e+01
52 5.9736306614e-01 4.0509133320e-02 5.2088459274e+00 3.3352127576e+01
53 5.9735501739e-01 4.0520380616e-02 5.2042160422e+00 3.3320710968e+01
54 5.9736164102e-01 4.0529459748e-02 5.2005510406e+00 3.3287945459e+01
55 5.9719088372e-01 4.0730906678e-02 5.1548976116e+00 3.2935718793e+01
56 5.9718627741e-01 4.0744735960e-02 5.1496075659e+00 3.2893689787e+01
57 5.9714971827e-01 4.0764465282e-02 5.1441323067e+00 3.2849047268e+01
58 5.9745875663e-01 4.2579019582e-02 5.2056367314e+00 3.3897327263e+01
59 5.9767507265e-01 4.3210552458e-02 5.1120820370e+00 3.2636112207e+01
60 5.9791295436e-01 4.3773473166e-02 5.0188782160e+00 3.1468619494e+01
61 5.9802635216e-01 4.4483959298e-02 4.9280472619e+00 3.0318898702e+01
62 5.9828501266e-01 4.5136585146e-02 4.8512082158e+00 2.9297980318e+01
63 5.9849924821e-01 4.5794545060e-02 4.7744630280e+00 2.8319235603e+01
64 5.9855013403e-01 4.5877369481e-02 4.7672390806e+00 2.8241960561e+01
65 5.9846754035e-01 4.5936274931e-02 4.7520135437e+00 2.8133885855e+01
66 5.9845203556e-01 4.5744365599e-02 4.7457521038e+00 2.8174234091e+01
67 5.9848652923e-01 4.5747864785e-02 4.7430128260e+00 2.8151631136e+01
68 5.9829703171e-01 4.5914457951e-02 4.6900933781e+00 2.7850517296e+01
69 5.9830460644e-01 4.5913907772e-02 4.6892344393e+00 2.7848491333e+01
70 5.9785408630e-01 4.4356035367e-02 4.5992061833e+00 2.6756771669e+01
71 5.9783164866e-01 4.4403328276e-02 4.5835027501e+00 2.6657332102e+01
72 5.9803622431e-01 4.4958094002e-02 4.5104742955e+00 2.5810620423e+01
73 5.9794118353e-01 4.5018851040e-02 4.4956598067e+00 2.5712714386e+01
74 5.9832659054e-01 4.6593159930e-02 4.5756378522e+00 2.6713032950e+01
75 5.9799308738e-01 4.5873863140e-02 4.6353091859e+00 2.7591823515e+01
76 5.9794970706e-01 4.5910860031e-02 4.6251714087e+00 2.7522464721e+01
77 5.9790747460e-01 4.5925181365e-02 4.6232162826e+00 2.7505382163e+01
78 5.9805404946e-01 4.6937987340e-02 4.7398252283e+00 2.8920427309e+01
79 5.9799327563e-01 4.6956823248e-02 4.7370512122e+00 2.8899323150e+01
80 5.9847992164e-01 4.7912136615e-02 4.5843305996e+00 2.6872802029e+01
81 5.9835622166e-01 4.7968174840e-02 4.5737992445e+00 2.6796704815e+01
82 5.9830306241e-01 4.7631682140e-02 4.5297225731e+00 2.6249142642e+01
83 5.9846974595e-01 4.8233375078e-02 4.4664959087e+00 2.5501696369e+01
84 5.9866260941e-01 4.8798471034e-02 4.4008591070e+00 2.4743226038e+01
85 5.9859293820e-01 4.8724847433e-02 4.4033809083e+00 2.4818714985e+01
86 5.9820544621e-01 4.7228459525e-02 4.3387936802e+00 2.4067594575e+01
87 5.9861174230e-01 4.8330212073e-02 4.2311013129e+00 2.2783386933e+01
88 5.9882664106e-01 4.8778767696e-02 4.1794094266e+00 2.2202951866e+01
89 5.9906669037e-01 4.9340227214e-02 4.1285817472e+00 2.1631237870e+01
90 5.9907637764e-01 4.9478821627e-02 4.1466265986e+00 2.1931018515e+01
91 5.9909805982e-01 4.9517540884e-02 4.1343539585e+00 2.1857187180e+01
92 5.9923754550e-01 5.0083169626e-02 4.0775389642e+00 2.1263209805e+01
93 5.9919504686e-01 5.0202912646e-02 4.0625456725e+00 2.1180563246e+01
94 5.9920215159e-01 5.0224421142e-02 4.0569421521e+00 2.1142317303e+01
95 5.9919235707e-01 5.0381983532e-02 4.0573133958e+00 2.1128248717e+01
96 5.9940538340e-01 5.0961816389e-02 4.0113003166e+00 2.0602082297e+01
97 5.9988106903e-01 5.1813370082e-02 3.9206025660e+00 1.9658535186e+01
98 6.0012999985e-01 5.2364959723e-02 3.8780420431e+00 1.9200770822e+01
99 6.0005869200e-01 5.2435797775e-02 3.8653927538e+00 1.9120537940e+01
100 6.0021346835e-01 5.2193156686e-02 3.7620574043e+00 1.8079189272e+01
101 5.9991849992e-01 5.1628885183e-02 3.7912733214e+00 1.8458376456e+01
102 6.0050036631e-01 5.3579781677e-02 3.8382996025e+00 1.9148321416e+01
103 6.0068970931e-01 5.4085729138e-02 3.7919610382e+00 1.8690913219e+01
104 6.0076249119e-01 5.4960271388e-02 3.8464080766e+00 1.9294942209e+01
105 6.0075199735e-01 5.4879467897e-02 3.8170452353e+00 1.8974880241e+01
106 6.0068012874e-01 5.4925719625e-02 3.8090118797e+00 1.8934414736e+01
107 6.0059169532e-01 5.5012864799e-02 3.7910028521e+00 1.8846246441e+01
108 6.0051882157e-01 5.5112515102e-02 3.7827669627e+00 1.8786479844e+01
109 6.0050677450e-01 5.5126578395e-02 3.7804393703e+00 1.8770799596e+01
110 6.0052990829e-01 5.5133617802e-02 3.7775055857e+00 1.8755054567e+01
111 6.0050809945e-01 5.5117159415e-02 3.7698377666e+00 1.8730032220e+01
112 6.0071780368e-01 5.5585855038e-02 3.7302322556e+00 1.8319500517e+01
113 6.0064775801e-01 5.5682147042e-02 3.7098863060e+00 1.8219417048e+01
114 6.0063496529e-01 5.5645361455e-02 3.7074662495e+00 1.8215760130e+01
115 6.0067777245e-01 5.5652936737e-02 3.7238640467e+00 1.8471741146e+01
116 6.0116203425e-01 5.6763632914e-02 3.6497164548e+00 1.7679272035e+01
117 6.0105157419e-01 5.6871489623e-02 3.6292388387e+00 1.7583154212e+01
118 6.0079326767e-01 5.6442003488e-02 3.6655216695e+00 1.7949668284e+01
119 6.0080017073e-01 5.6446824670e-02 3.6643969561e+00 1.7941521731e+01
120 6.0079403239e-01 5.6458335939e-02 3.6623656698e+00 1.7928134371e+01
121 6.0099261358e-01 5.6854913204e-02 3.6274974912e+00 1.7583400382e+01
122 6.0048098635e-01 5.4822559606e-02 3.4783485220e+00 1.6108748256e+01
123 6.0047587241e-01 5.4830862510e-02 3.4768657202e+00 1.6100398349e+01
124 6.0042928519e-01 5.4853303141e-02 3.4744010831e+00 1.6086452340e+01
125 6.0041222254e-01 5.4773446906e-02 3.4738843235e+00 1.6109779595e+01
126 6.0046020943e-01 5.4819861793e-02 3.4726613886e+00 1.6102537897e+01
127 6.0064513403e-01 5.5291076491e-02 3.4420573603e+00 1.5790089615e+01
128 6.0059347114e-01 5.5333423943e-02 3.4351291297e+00 1.5757461182e+01
129 6.0101335694e-01 5.5990378916e-02 3.3818211612e+00 1.5254000705e+01
130 6.0126008613e-01 5.6558681791e-02 3.3539028107e+00 1.4975105548e+01
131 6.0146558273e-01 5.7036829962e-02 3.3168946125e+00 1.4679477144e+01
132 6.0179145215e-01 5.8741538996e-02 3.4602323474e+00 1.6073716257e+01
133 6.0174922200e-01 5.8727264007e-02 3.4602784156e+00 1.6080012550e+01
134 6.0178612556e-01 5.9349916646e-02 3.4638857161e+00 1.6043133370e+01
135 6.0179598440e-01 5.9351068023e-02 3.4631639873e+00 1.6039604145e+01
136 6.0192724339e-01 5.9853216447e-02 3.4185352386e+00 1.5679620438e+01
137 6.0184585071e-01 5.9930163100e-02 3.4048090543e+00 1.5625763794e+01
138 6.0214944500e-01 6.1479625085e-02 3.5041077788e+00 1.6569323456e+01
139 6.0229822690e-01 6.2275105351e-02 3.5601001332e+00 1.7075819809e+01
140 6.0214630061e-01 6.1518401673e-02 3.5063585739e+00 1.6624705823e+01
141 6.0232514672e-01 6.1737618653e-02 3.4716113697e+00 1.6346152461e+01
142 6.0222857729e-01 6.1780432788e-02 3.4673630840e+00 1.6324433240e+01
143 6.0218347478e-01 6.1788072806e-02 3.4681711326e+00 1.6326236424e+01
144 6.0231341597e-01 6.1507966501e-02 3.3807344846e+00 1.5525353076e+01
145 6.0225185894e-01 6.1586831560e-02 3.3775478275e+00 1.5496326449e+01
146 6.0226608806e-01 6.1589170438e-02 3.3762923007e+00 1.5491022483e+01
147 6.0235349776e-01 6.2184325950e-02 3.3448398489e+00 1.5177710017e+01
148 6.0233334271e-01 6.2197130823e-02 3.3437488976e+00 1.5169346240e+01
149 6.0230192877e-01 6.2235287989e-02 3.3373144473e+00 1.5141424728e+01
150 6.0218452441e-01 6.2272221915e-02 3.3362931299e+00 1.5131153528e+01
151 6.0210964205e-01 6.2317395068e-02 3.3310547167e+00 1.5105130686e+01
152 6.0200544770e-01 6.2360783406e-02 3.3279808956e+00 1.5086300420e+01
153 6.0226597021e-01 6.2888659594e-02 3.2910128094e+00 1.4768195198e+01
154 6.0247107808e-01 6.3206924557e-02 3.2626210891e+00 1.4527273275e+01
155 6.0299413846e-01 6.4631986331e-02 3.2362229087e+00 1.4270759205e+01
156 6.0345643428e-01 6.5311216021e-02 3.1925009840e+00 1.3937164881e+01
157 6.0337180022e-01 6.5251217881e-02 3.1939292911e+00 1.3959019527e+01
158 6.0326490732e-01 6.5300411326e-02 3.1904751925e+00 1.3938769104e+01
159 6.0365890968e-01 6.5829903735e-02 3.1451537099e+00 1.3560893554e+01
160 6.0390136435e-01 6.6059101426e-02 3.1229646269e+00 1.3385380159e+01
161 6.0383499753e-01 6.6149376381e-02 3.1213879068e+00 1.3366071334e+01
162 6.0387889184e-01 6.5645593588e-02 3.0462628320e+00 1.2746913488e+01
163 6.0379836204e-01 6.5691318867e-02 3.0421928635e+00 1.2727755489e+01
164 6.0380658288e-01 6.6450271071e-02 3.0775919072e+00 1.3062728959e+01
165 6.0380642738e-01 6.6457365822e-02 3.0763538741e+00 1.3057563246e+01
166 6.0370987917e-01 6.6525341475e-02 3.0696883326e+00 1.3023422440e+01
167 6.0368323796e-01 6.6530680646e-02 3.0700772576e+00 1.3024188602e+01
168 6.0362167571e-01 6.6592094927e-02 3.0547709527e+00 1.2936011252e+01
169 6.0362751462e-01 6.6504577899e-02 3.0459682077e+00 1.2854720462e+01
170 6.0365036177e-01 6.6490108281e-02 3.0455511825e+00 1.2849823374e+01
171 6.0363093159e-01 6.6289313794e-02 2.9809053489e+00 1.2336957852e+01
172 6.0355968605e-01 6.6373500145e-02 2.9777609158e+00 1.2314311744e+01
173 6.0337924478e-01 6.6434050398e-02 2.9688826238e+00 1.2278968706e+01
174 6.0374773004e-01 6.7435068190e-02 2.9251149216e+00 1.1890403216e+01
175 6.0362480957e-01 6.7625566412e-02 2.9654489917e+00 1.2214469333e+01
176 6.0364688045e-01 6.7707032080e-02 2.9594738235e+00 1.2182548035e+01
177 6.0363614046e-01 6.7719183321e-02 2.9580865241e+00 1.2175862163e+01
178 6.0382474869e-01 6.8092082482e-02 2.9372700330e+00 1.2001169123e+01
179 6.0454243511e-01 6.9660356662e-02 2.9280819055e+00 1.1908341791e+01
180 6.0408080691e-01 6.8786463465e-02 2.9089861942e+00 1.1783705410e+01
181 6.0407781659e-01 6.8823537654e-02 2.9030424672e+00 1.1761201730e+01
182 6.0395329128e-01 6.8865862187e-02 2.8954270103e+00 1.1733215148e+01
183 6.0359026664e-01 6.7925671503e-02 2.8906304119e+00 1.1726421995e+01
184 6.0333012868e-01 6.7677848396e-02 2.9018717683e+00 1.1854951337e+01
185 6.0294924492e-01 6.6363602170e-02 2.8174566393e+00 1.1174107620e+01
186 6.0284187164e-01 6.6610577909e-02 2.8717584794e+00 1.1599744460e+01
187 6.0289685794e-01 6.6650351561e-02 2.8705303239e+00 1.1590792952e+01
188 6.0304962075e-01 6.7410097518e-02 2.9209776553e+00 1.2011377121e+01
189 6.0343075439e-01 6.8287179271e-02 2.8783818002e+00 1.1688952396e+01
190 6.0385837067e-01 6.9016380242e-02 2.8256083938e+00 1.1237668486e+01
191 6.0386405211e-01 6.9019248156e-02 2.8250451013e+00 1.1234697946e+01
192 6.0379214607e-01 6.9065694164e-02 2.8209710109e+00 1.1218008649e+01
193 6.0382544218e-01 6.9097095268e-02 2.8153304264e+00 1.1192767081e+01
194 6.0374736768e-01 6.9073773758e-02 2.8139461298e+00 1.1187656538e+01
195 6.0386890077e-01 6.9777935840e-02 2.8477849597e+00 1.1463631918e+01
196 6.0420761651e-01 7.0970576640e-02 2.9027935321e+00 1.1835218964e+01
197 6.0412743355e-01 7.1027212515e-02 2.8979410639e+00 1.1811868525e+01
198 6.0410699183e-01 7.1159128655e-02 2.8960274310e+00 1.1779413150e+01
199 6.0386962848e-01 7.0661884283e-02 2.8911448222e+00 1.1784559209e+01
200 6.0384909846e-01 7.0678760530e-02 2.8929751755e+00 1.1794523841e+01
201 6.0392953738e-01 7.1306417189e-02 2.9273283349e+00 1.2054133014e+01
202 6.0380858514e-01 7.1393866434e-02 2.9274600118e+00 1.2047552715e+01
203 6.0383506159e-01 7.1401477636e-02 2.9255392104e+00 1.2038120236e+01
204 6.0388993072e-01 7.2093639029e-02 2.9472709804e+00 1.2191794738e+01
205 6.0366074501e-01 7.1562299407e-02 2.9197932146e+00 1.2038214629e+01
206 6.0367037619e-01 7.1613738967e-02 2.9172369241e+00 1.2022506292e+01
207 6.0370455481e-01 7.1669511747e-02 2.9138079076e+00 1.1998300042e+01
208 6.0344326312e-01 7.1064581429e-02 2.8852182487e+00 1.1800639209e+01
209 6.0315160831e-01 7.0726809286e-02 2.9040607432e+00 1.1971597482e+01
210 6.0291070708e-01 7.0309989719e-02 2.9234815734e+00 1.2148654533e+01
211 6.0288542145e-01 7.0358154987e-02 2.9167834036e+00 1.2121617125e+01
212 6.0313646253e-01 7.0677443283e-02 2.8924146571e+00 1.1937116003e+01
213 6.0353792829e-01 7.1328494000e-02 2.8479829418e+00 1.1601466866e+01
214 6.0322724565e-01 7.1005961570e-02 2.8640258034e+00 1.1747053360e+01
215 6.0346936284e-01 7.1365166639e-02 2.8431024069e+00 1.1575908322e+01
216 6.0343432108e-01 7.1273946285e-02 2.8445344572e+00 1.1593274837e+01
217 6.0354484371e-01 7.1712562325e-02 2.8179604053e+00 1.1396808338e+01
218 6.0374857065e-01 7.2134223334e-02 2.7936436154e+00 1.1214324428e+01
219 6.0374533282e-01 7.2164812264e-02 2.7887110690e+00 1.1198483889e+01
220 6.0391414716e-01 7.2555550232e-02 2.7645304719e+00 1.1022213634e+01
221 6.0363334845e-01 7.2062401808e-02 2.7822743310e+00 1.1188462217e+01
222 6.0354263990e-01 7.2003010821e-02 2.7882491563e+00 1.1220000969e+01
223 6.0339259209e-01 7.1324146119e-02 2.7535706223e+00 1.0964290553e+01
224 6.0295766908e-01 7.0503315869e-02 2.7450526785e+00 1.0922100004e+01
225 6.0295654878e-01 7.0525624501e-02 2.7414999655e+00 1.0909841543e+01
226 6.0279991141e-01 7.0428501172e-02 2.7593773030e+00 1.1025723029e+01
227 6.0308500790e-01 7.1845284435e-02 2.8472824308e+00 1.1738852879e+01
228 6.0350331311e-01 7.2426801453e-02 2.8081011846e+00 1.1435293899e+01
229 6.0379178080e-01 7.2678177012e-02 2.7865531816e+00 1.1285002240e+01
230 6.0385190794e-01 7.3018157126e-02 2.7682750103e+00 1.1135497616e+01
231 6.0376699252e-01 7.3072209889e-02 2.7670764358e+00 1.1123388238e+01
232 6.0422248909e-01 7.3870130329e-02 2.7247176092e+00 1.0798366004e+01
233 6.0420421236e-01 7.3883196426e-02 2.7236381368e+00 1.0793856500e+01
234 6.0420740206e-01 7.3884899452e-02 2.7232714735e+00 1.0792430732e+01
235 6.0376782439e-01 7.2994364326e-02 2.7028949383e+00 1.0694791813e+01
236 6.0395489672e-01 7.3324876062e-02 2.6847664607e+00 1.0552931163e+01
237 6.0412375670e-01 7.3959323896e-02 2.7136391903e+00 1.0732197887e+01
238 6.0449556837e-01 7.4864553768e-02 2.7186116742e+00 1.0720964087e+01
239 6.0450235096e-01 7.4910542538e-02 2.7187627381e+00 1.0717635372e+01
240 6.0453003187e-01 7.4902703128e-02 2.7186015897e+00 1.0718055328e+01
241 6.0454163736e-01 7.4901647773e-02 2.7183970426e+00 1.0716808194e+01
242 6.0421482998e-01 7.4152771511e-02 2.7291735516e+00 1.0850079980e+01
243 6.0439207484e-01 7.4612955453e-02 2.7079197422e+00 1.0686737274e+01
244 6.0408460077e-01 7.4320603500e-02 2.7231929595e+00 1.0818077021e+01
245 6.0437308730e-01 7.5288732650e-02 2.7313377252e+00 1.0855302431e+01
246 6.0478561964e-01 7.6135766482e-02 2.6945969576e+00 1.0528229912e+01
247 6.0527657227e-01 7.6901798134e-02 2.6562922398e+00 1.0237515874e+01
248 6.0523674148e-01 7.6914771279e-02 2.6563187187e+00 1.0236207358e+01
249 6.0525417545e-01 7.6911463839e-02 2.6560578585e+00 1.0235397195e+01
250 6.0540388341e-01 7.7566825264e-02 2.6832947259e+00 1.0413338436e+01
251 6.0557913922e-01 7.7983397940e-02 2.7109284857e+00 1.0630616943e+01
252 6.0497405710e-01 7.6490816896e-02 2.6826625570e+00 1.0467330442e+01
253 6.0519694278e-01 7.6744925110e-02 2.6648817730e+00 1.0343595575e+01
254 6.0515497754e-01 7.6778904131e-02 2.6614074067e+00 1.0333914238e+01
255 6.0532768122e-01 7.7129571465e-02 2.6424530681e+00 1.0196922034e+01
256 6.0535610272e-01 7.7102627014e-02 2.6386137117e+00 1.0184275296e+01
257 6.0493957378e-01 7.6236853784e-02 2.6355462049e+00 1.0182216564e+01
258 6.0515846975e-01 7.6617385792e-02 2.6168338827e+00 1.0045740526e+01
259 6.0497521205e-01 7.5916274863e-02 2.5841861308e+00 9.8203349105e+00
260 6.0509549451e-01 7.6297929862e-02 2.5629228321e+00 9.6825564998e+00
261 6.0506815780e-01 7.6334587057e-02 2.5609053597e+00 9.6734808520e+00
262 6.0497811437e-01 7.6260498904e-02 2.5545369739e+00 9.6699606066e+00
263 6.0537192048e-01 7.7129974044e-02 2.5636632570e+00 9.7251908635e+00
264 6.0555048478e-01 7.7594206832e-02 2.5396939568e+00 9.5742744142e+00
265 6.0591992872e-01 7.8482043816e-02 2.5371245220e+00 9.5439458255e+00
266 6.0603447679e-01 7.8784991948e-02 2.5158299410e+00 9.4213381855e+00
267 6.0604705942e-01 7.9288373515e-02 2.5243229494e+00 9.4460474218e+00
268 6.0662826927e-01 8.0358072279e-02 2.5042036225e+00 9.2807910457e+00
269 6.0647989942e-01 8.0482435128e-02 2.5340185431e+00 9.4625032126e+00
270 6.0640099186e-01 8.0821685092e-02 2.5726385525e+00 9.7309099714e+00
271 6.0647519974e-01 8.1293714835e-02 2.5744287548e+00 9.7051246247e+00
272 6.0646867859e-01 8.1308389333e-02 2.5728595531e+00 9.6994296723e+00
273 6.0664957376e-01 8.1615776424e-02 2.5514370487e+00 9.5722410363e+00
274 6.0665008560e-01 8.1620275498e-02 2.5508632753e+00 9.5701775570e+00
275 6.0651357709e-01 8.1037808882e-02 2.5276336821e+00 9.4216714951e+00
276 6.0676706227e-01 8.1399780657e-02 2.5124417025e+00 9.3046461192e+00
277 6.0695400220e-01 8.1745251439e-02 2.4936884105e+00 9.1849267541e+00
278 6.0691978035e-01 8.1735284853e-02 2.4920238468e+00 9.1825485755e+00
279 6.0693451885e-01 8.1715978466e-02 2.4913600244e+00 9.1830562808e+00
280 6.0684398894e-01 8.1776888011e-02 2.4873653091e+00 9.1687149161e+00
281 6.0687466486e-01 8.1835316662e-02 2.4856352709e+00 9.1635752333e+00
282 6.0682843234e-01 8.2031906863e-02 2.4878044078e+00 9.2011846167e+00
283 6.0732920510e-01 8.2574178331e-02 2.4552556830e+00 8.9936825919e+00
284 6.0732874358e-01 8.2565526507e-02 2.4572153223e+00 9.0016165061e+00
285 6.0775899103e-01 8.3296964137e-02 2.4264708474e+00 8.7839282080e+00
286 6.0803149189e-01 8.3615720567e-02 2.4122081680e+00 8.7013175896e+00
287 6.0824839727e-01 8.3831907886e-02 2.3980907130e+00 8.6145373246e+00
288 6.0879483867e-01 8.5238914934e-02 2.4270998259e+00 8.7956849842e+00
289 6.0838308254e-01 8.4557044339e-02 2.4270078952e+00 8.8278886137e+00
290 6.0855093057e-01 8.4836087044e-02 2.4102541961e+00 8.7321875551e+00
291 6.0853594080e-01 8.4837330632e-02 2.4106784124e+00 8.7333808534e+00
292 6.0820916056e-01 8.4033420207e-02 2.4072542000e+00 8.7353544856e+00
293 6.0818848141e-01 8.4012264564e-02 2.4096259704e+00 8.7424188319e+00
294 6.0839308172e-01 8.4532376704e-02 2.4253966490e+00 8.8304687726e+00
295 6.0802502509e-01 8.4231817103e-02 2.4406489469e+00 8.9365271334e+00
296 6.0827018658e-01 8.4541606059e-02 2.4234109300e+00 8.8259072324e+00
297 6.0775815584e-01 8.3642646248e-02 2.4062292960e+00 8.7371618952e+00
298 6.0775714678e-01 8.3670294523e-02 2.4060833271e+00 8.7337391873e+00
299 6.0817495768e-01 8.4201455741e-02 2.3891453083e+00 8.6504153176e+00
300 6.0814584418e-01 8.4343362226e-02 2.3882392991e+00 8.6511430816e+00
301 6.0842140653e-01 8.4703809665e-02 2.3734609871e+00 8.5485414004e+00
302 6.0831246311e-01 8.4755004166e-02 2.3719047484e+00 8.5410637675e+00
303 6.0831048108e-01 8.5404456358e-02 2.3865357688e+00 8.6311763872e+00
304 6.0805296006e-01 8.5285344502e-02 2.3980995759e+00 8.7022060544e+00
305 6.0826357293e-01 8.6368631922e-02 2.4251940225e+00 8.8449239895e+00
306 6.0823666136e-01 8.6363526614e-02 2.4259572906e+00 8.8471459587e+00
307 6.0807433959e-01 8.6285549502e-02 2.4272266950e+00 8.8658114883e+00
308 6.0782940412e-01 8.6126098516e-02 2.4626097935e+00 9.1826044528e+00
309 6.0736028035e-01 8.4935821367e-02 2.4229730324e+00 8.8627538118e+00
310 6.0722245786e-01 8.5262476999e-02 2.4514907291e+00 9.0383405629e+00
311 6.0747891567e-01 8.5531479237e-02 2.4350885977e+00 8.9349856881e+00
312 6.0743276870e-01 8.5518682244e-02 2.4322297541e+00 8.9314735899e+00
313 6.0745064690e-01 8.5558006665e-02 2.4372977042e+00 8.9671547468e+00
314 6.0747294646e-01 8.5603954092e-02 2.4314260652e+00 8.9470867012e+00
315 6.0739398372e-01 8.5608314829e-02 2.4335642268e+00 8.9542370939e+00
316 6.0776462721e-01 8.5985373917e-02 2.4044901422e+00 8.7876382716e+00
317 6.0776628610e-01 8.6207603849e-02 2.4066402691e+00 8.8051793200e+00
318 6.0749338683e-01 8.5942160729e-02 2.4179811999e+00 8.8970567763e+00
319 6.0776693524e-01 8.6819209343e-02 2.4262074689e+00 8.9473624061e+00
320 6.0789589580e-01 8.7373233556e-02 2.4360673981e+00 8.9933549441e+00
321 6.0791794296e-01 8.7271999130e-02 2.4233314929e+00 8.9018688998e+00
322 6.0809917798e-01 8.7871347092e-02 2.4338957645e+00 8.9337199055e+00
323 6.0829552819e-01 8.8339565244e-02 2.4493544202e+00 9.0099255267e+00
324 6.0799303670e-01 8.7638709938e-02 2.4493391791e+00 9.0295458777e+00
325 6.0825676051e-01 8.8071917999e-02 2.4364107802e+00 8.9257689392e+00
326 6.0802606980e-01 8.7922241366e-02 2.4481559669e+00 8.9986253201e+00
327 6.0807184792e-01 8.7913855798e-02 2.4480125365e+00 8.9976027352e+00
328 6.0801781594e-01 8.7990393818e-02 2.4460143919e+00 8.9881381627e+00
329 6.0811348682e-01 8.8586521338e-02 2.4648180522e+00 9.0899666822e+00
330 6.0760790383e-01 8.7530137739e-02 2.4613939967e+00 9.1326275220e+00
331 6.0709074513e-01 8.6976221794e-02 2.4916812791e+00 9.3379867371e+00
332 6.0723512410e-01 8.7283093853e-02 2.4745882375e+00 9.2378656213e+00
333 6.0735606573e-01 8.7885577398e-02 2.4871928269e+00 9.3042460244e+00
334 6.0745730367e-01 8.8485353606e-02 2.5038132101e+00 9.3938011666e+00
335 6.0787004045e-01 8.8774124190e-02 2.4770762499e+00 9.2428534727e+00
336 6.0784038871e-01 8.8750712605e-02 2.4752787960e+00 9.2487616949e+00
337 6.0726992381e-01 8.7454122965e-02 2.4663690811e+00 9.2350818769e+00
338 6.0680099901e-01 8.7005665530e-02 2.4993444213e+00 9.4474746469e+00
339 6.0617969143e-01 8.5548531401e-02 2.4796663927e+00 9.3743228015e+00
340 6.0602450510e-01 8.4876680191e-02 2.4603603398e+00 9.2787267517e+00
341 6.0591735192e-01 8.4923320144e-02 2.4593423854e+00 9.2712541517e+00
342 6.0611930530e-01 8.5519475450e-02 2.4614077938e+00 9.2770050209e+00
343 6.0590521168e-01 8.4893039537e-02 2.4392632691e+00 9.1614011768e+00
344 6.0589573260e-01 8.4858182983e-02 2.4386990973e+00 9.1565923963e+00
345 6.0614442994e-01 8.5904592885e-02 2.4608808037e+00 9.2419972303e+00
346 6.0564293549e-01 8.5018283432e-02 2.4464852589e+00 9.1862334887e+00
347 6.0555421716e-01 8.4661559982e-02 2.4051504897e+00 8.9507793699e+00
348 6.0552923580e-01 8.4627628314e-02 2.3996328540e+00 8.8928537465e+00
349 6.0563339357e-01 8.4509564163e-02 2.3741182231e+00 8.7509600442e+00
350 6.0561857363e-01 8.4529551769e-02 2.3723462894e+00 8.7450653072e+00
351 6.0583156262e-01 8.4879244523e-02 2.3591630980e+00 8.6451188070e+00
352 6.0587447685e-01 8.4816774334e-02 2.3586239972e+00 8.6534976113e+00
353 6.0571448564e-01 8.4240143799e-02 2.3099674372e+00 8.4078689696e+00
354 6.0598192658e-01 8.4255073200e-02 2.2614910770e+00 8.0990470025e+00
355 6.0596207394e-01 8.4200851231e-02 2.2612678080e+00 8.1055282389e+00
356 6.0608769981e-01 8.4828839745e-02 2.2853645423e+00 8.2551979246e+00
357 6.0580890124e-01 8.4578814706e-02 2.3005781251e+00 8.3457147747e+00
358 6.0595958827e-01 8.4895305492e-02 2.2874485642e+00 8.2539671566e+00
359 6.0622731197e-01 8.5107175298e-02 2.2721802356e+00 8.1705077748e+00
360 6.0622093197e-01 8.5299556656e-02 2.2738283936e+00 8.1676503292e+00
361 6.0610883431e-01 8.5368911950e-02 2.2698546488e+00 8.1566638986e+00
362 6.0589916775e-01 8.5436519568e-02 2.2703754168e+00 8.1546704123e+00
363 6.0605034537e-01 8.5659727637e-02 2.2558638423e+00 8.0744207725e+00
364 6.0642173182e-01 8.6442861831e-02 2.2583840672e+00 8.0649311782e+00
365 6.0633639357e-01 8.5953691986e-02 2.2331451557e+00 7.9413729908e+00
