1 5.9282947138e-01 1.1102230246e-16 1.0000000000e+00 1.0000000000e+00
2 5.9299228167e-01 7.6614353888e-03 2.7968958024e+01 8.5222074688e+02
3 5.9317634180e-01 1.0704939612e-02 2.0452959359e+01 4.4567362337e+02
4 5.9359514220e-01 1.4951452189e-02 1.4943472712e+01 2.3250392684e+02
5 5.9376721826e-01 1.6707242361e-02 1.3354662128e+01 1.8585180384e+02
6 5.9371776744e-01 1.6790783842e-02 1.3139693905e+01 1.8240975457e+02
7 5.9382966063e-01 1.8415568541e-02 1.1928751963e+01 1.5098551252e+02
8 5.9420886531e-01 2.2397096795e-02 1.2104616524e+01 1.6199913884e+02
9 5.9421133902e-01 2.2425551333e-02 1.2057488386e+01 1.6117562567e+02
10 5.9413116701e-01 2.2483744952e-02 1.1970181538e+01 1.5968914177e+02
11 5.9414293616e-01 2.2528018050e-02 1.1897800928e+01 1.5841577937e+02
12 5.9415459396e-01 2.2671034850e-02 1.1854065905e+01 1.5697866086e+02
13 5.9411672374e-01 2.2752017859e-02 1.1720489055e+01 1.5485943852e+02
14 5.9433724822e-01 2.3964092123e-02 1.0897795923e+01 1.3417059092e+02
15 5.9452773685e-01 2.5134643740e-02 1.0194423269e+01 1.1776015479e+02
16 5.9475342159e-01 2.6214796572e-02 9.6445050304e+00 1.0523877269e+02
17 5.9475305803e-01 2.6244784796e-02 9.6110764533e+00 1.0476069823e+02
18 5.9544666756e-01 2.9158381794e-02 8.4276235040e+00 7.9765728005e+01
19 5.9566547166e-01 3.0311376848e-02 8.0139108881e+00 7.2493278667e+01
20 5.9564113595e-01 3.0369072703e-02 7.9655883431e+00 7.1977877636e+01
21 5.9585543624e-01 3.1242770933e-02 7.6940455980e+00 6.6988824407e+01
22 5.9619982986e-01 3.3555756980e-02 7.6592807316e+00 6.6959740439e+01
23 5.9604591716e-01 3.3558051871e-02 7.6164830941e+00 6.6654176608e+01
24 5.9601309573e-01 3.3402078953e-02 7.5564336649e+00 6.6540770392e+01
25 5.9653622339e-01 3.4796798096e-02 7.1404260611e+00 5.9257857148e+01
26 5.9613415319e-01 3.2701505830e-02 7.0412318059e+00 5.7688800820e+01
27 5.9601851334e-01 3.2838243952e-02 6.9535867869e+00 5.6850510029e+01
28 5.9625652848e-01 3.3658610479e-02 6.7530593880e+00 5.3486646392e+01
29 5.9621087966e-01 3.3666447118e-02 6.7533595588e+00 5.3470653503e+01
30 5.9618208293e-01 3.3711240440e-02 6.7218879330e+00 5.3228094105e+01
31 5.9621724512e-01 3.3882407709e-02 6.6709166445e+00 5.2678144156e+01
32 5.9629041558e-01 3.3929609582e-02 6.6355059964e+00 5.2335158639e+01
33 5.9632949617e-01 3.3930970771e-02 6.6312833871e+00 5.2296207613e+01
34 5.9630193516e-01 3.3965703191e-02 6.6120696628e+00 5.2105167297e+01
35 5.9640773447e-01 3.4741204808e-02 6.3825758247e+00 4.8917486038e+01
36 5.9664200738e-01 3.5457584129e-02 6.2098820679e+00 4.6324454256e+01
37 5.9663347217e-01 3.5460575438e-02 6.2090145212e+00 4.6314778818e+01
38 5.9652275260e-01 3.5523530783e-02 6.1812223115e+00 4.6069734037e+01
39 5.9693615101e-01 3.7058397898e-02 5.9100965100e+00 4.1814901977e+01
40 5.9715019161e-01 3.7758729276e-02 5.7781392967e+00 3.9909301600e+01
41 5.9711272422e-01 3.7791346050e-02 5.7655501292e+00 3.9795661968e+01
42 5.9712556284e-01 3.7807948446e-02 5.7562948757e+00 3.9718673864e+01
43 5.9755173185e-01 3.9357560897e-02 5.5430801951e+00 3.6534971986e+01
44 5.9750675735e-01 3.9395567548e-02 5.5288308288e+00 3.6421005074e+01
45 5.9751239087e-01 3.9414489925e-02 5.5198970267e+00 3.6348587939e+01
46 5.9752240741e-01 3.9415756534e-02 5.5185945214e+00 3.6338310632e+01
47 5.9751050952e-01 3.9442253401e-02 5.5074107253e+00 3.6248213603e+01
48 5.9739496893e-01 3.9419766867e-02 5.4711475520e+00 3.6007589039e+01
49 5.9767169437e-01 4.1293360358e-02 5.5207351814e+00 3.7028522570e+01
50 5.9761913699e-01 4.1340227640e-02 5.5025963700e+00 3.6893713740e+01
51 5.9830643238e-01 4.3125018833e-02 5.2196794161e+00 3.3009386253e+01
52 5.9851524585e-01 4.3648007831e-02 5.1031358509e+00 3.1423518409e+01
53 5.9879906925e-01 4.5671629568e-02 5.2925562350e+00 3.3824845583e+01
54 5.9890024547e-01 4.6348717978e-02 5.1940961900e+00 3.2562422760e+01
55 5.9884641563e-01 4.6516376074e-02 5.1547374663e+00 3.2271951622e+01
56 5.9857182515e-01 4.5594928760e-02 5.0741347712e+00 3.1387747032e+01
57 5.9856171132e-01 4.5617476786e-02 5.0670946080e+00 3.1331274390e+01
58 5.9850715900e-01 4.5674195180e-02 5.0504098187e+00 3.1203154938e+01
59 5.9853803762e-01 4.5048451767e-02 4.8612591281e+00 2.8839803943e+01
60 5.9836299279e-01 4.5172577646e-02 4.8388118477e+00 2.8682326016e+01
61 5.9837655847e-01 4.5193469439e-02 4.8308439392e+00 2.8623922446e+01
62 5.9855990076e-01 4.5784369854e-02 4.7559461095e+00 2.7706836379e+01
63 5.9864770383e-01 4.6421911371e-02 4.6631593006e+00 2.6713364471e+01
64 5.9869789464e-01 4.6417339254e-02 4.6616034301e+00 2.6703596802e+01
65 5.9865789811e-01 4.6449882404e-02 4.6529167015e+00 2.6646565994e+01
66 5.9864070903e-01 4.6496144253e-02 4.6364303029e+00 2.6554271067e+01
67 5.9886637098e-01 4.7136031633e-02 4.5754243610e+00 2.5784051321e+01
68 5.9897560755e-01 4.8049265256e-02 4.6267549071e+00 2.6362509853e+01
69 5.9891829151e-01 4.8084779786e-02 4.6185379029e+00 2.6308423143e+01
70 5.9937602361e-01 4.9160553278e-02 4.4900624975e+00 2.4818843018e+01
71 5.9955964147e-01 4.9727559929e-02 4.4192824953e+00 2.4072945003e+01
72 5.9995105746e-01 5.0842004534e-02 4.3025702679e+00 2.2780653046e+01
73 6.0004638242e-01 5.1775902186e-02 4.3754106924e+00 2.3648808034e+01
74 5.9997146329e-01 5.1797519894e-02 4.3735646168e+00 2.3635144974e+01
75 6.0017653904e-01 5.2312063151e-02 4.3134207101e+00 2.2998933988e+01
76 6.0015315366e-01 5.2275973213e-02 4.3121373523e+00 2.3011068592e+01
77 6.0002285753e-01 5.2362792181e-02 4.2949213087e+00 2.2905029681e+01
78 6.0000040606e-01 5.2388220149e-02 4.2893100663e+00 2.2868401942e+01
79 6.0045362125e-01 5.3294541797e-02 4.1764853579e+00 2.1732300598e+01
80 6.0040335030e-01 5.3327034298e-02 4.1707694280e+00 2.1695822069e+01
81 6.0053821242e-01 5.4138269063e-02 4.2177976485e+00 2.2151237909e+01
82 6.0062482284e-01 5.5036109343e-02 4.2631795238e+00 2.2663322865e+01
83 6.0081115954e-01 5.5526047984e-02 4.2069551841e+00 2.2088427759e+01
84 6.0078315987e-01 5.5534154835e-02 4.2064139880e+00 2.2084118505e+01
85 6.0078124750e-01 5.5540545368e-02 4.2050797785e+00 2.2074428759e+01
86 6.0097809342e-01 5.5956325262e-02 4.1558389007e+00 2.1574227553e+01
87 6.0087874360e-01 5.6017078614e-02 4.1459045063e+00 2.1511753973e+01
88 6.0074365834e-01 5.5204945880e-02 4.0857283716e+00 2.0929954766e+01
89 6.0052036631e-01 5.4823849974e-02 4.1259340714e+00 2.1370970407e+01
90 6.0061951766e-01 5.5338175903e-02 4.0722287214e+00 2.0834468557e+01
91 6.0050850106e-01 5.5376716558e-02 4.0687839492e+00 2.0809757280e+01
92 6.0046698438e-01 5.5484890927e-02 4.0581219426e+00 2.0743752329e+01
93 6.0082193524e-01 5.6791416539e-02 4.0596179433e+00 2.0765252982e+01
94 6.0122349748e-01 5.7553330046e-02 3.9717240781e+00 1.9917142396e+01
95 6.0142751380e-01 5.8062314457e-02 3.9195106778e+00 1.9442699628e+01
96 6.0122981083e-01 5.8164692138e-02 3.9008718564e+00 1.9346749098e+01
97 6.0123544850e-01 5.8160756316e-02 3.9017211481e+00 1.9349907144e+01
98 6.0097353800e-01 5.7756786211e-02 3.9381227046e+00 1.9740926027e+01
99 6.0087302755e-01 5.7769940540e-02 3.9296968445e+00 1.9720282076e+01
100 6.0087706464e-01 5.7776313446e-02 3.9286217163e+00 1.9708875216e+01
101 6.0110702949e-01 5.8317370877e-02 3.8738245778e+00 1.9203979141e+01
102 6.0123259660e-01 5.8586484231e-02 3.8185350220e+00 1.8723739504e+01
103 6.0189767736e-01 5.9962942397e-02 3.6937322830e+00 1.7539711030e+01
104 6.0196110568e-01 5.9644688480e-02 3.6065113072e+00 1.6724295519e+01
105 6.0228825956e-01 6.0810921107e-02 3.6112336006e+00 1.6758331537e+01
106 6.0218319623e-01 6.0697738500e-02 3.6073261451e+00 1.6766284878e+01
107 6.0240505067e-01 6.1126462301e-02 3.5692415454e+00 1.6428594328e+01
108 6.0230669372e-01 6.0971261793e-02 3.5529000656e+00 1.6246675804e+01
109 6.0254597105e-01 6.1213308378e-02 3.5190980649e+00 1.5975024729e+01
110 6.0255371165e-01 6.1555755168e-02 3.5480777528e+00 1.6327440908e+01
111 6.0275391487e-01 6.1875471842e-02 3.5058102233e+00 1.5929724900e+01
112 6.0272049517e-01 6.1802681595e-02 3.5082944343e+00 1.5964641537e+01
113 6.0254753599e-01 6.1008865426e-02 3.4480561018e+00 1.5370261773e+01
114 6.0241991162e-01 6.1055542868e-02 3.4452768716e+00 1.5352950194e+01
115 6.0238034227e-01 6.1066340596e-02 3.4458493060e+00 1.5350098089e+01
116 6.0259871584e-01 6.1513552307e-02 3.4074224961e+00 1.5035532965e+01
117 6.0229425574e-01 6.1134116788e-02 3.4369850720e+00 1.5303548253e+01
118 6.0224151266e-01 6.1159403775e-02 3.4348356496e+00 1.5290381594e+01
119 6.0306417046e-01 6.3127788617e-02 3.3839851677e+00 1.4871810633e+01
120 6.0331944253e-01 6.3461016327e-02 3.3565726735e+00 1.4632115871e+01
121 6.0313119431e-01 6.2835464270e-02 3.3217575864e+00 1.4383328257e+01
122 6.0330203646e-01 6.3162674618e-02 3.2983821148e+00 1.4174611748e+01
123 6.0331189324e-01 6.2884948093e-02 3.2367961444e+00 1.3722308752e+01
124 6.0331471518e-01 6.2988451413e-02 3.2305859378e+00 1.3686949947e+01
125 6.0353185917e-01 6.3320536189e-02 3.1995519325e+00 1.3454023871e+01
126 6.0353253126e-01 6.3335570673e-02 3.1967046006e+00 1.3441842821e+01
127 6.0349618157e-01 6.3353470074e-02 3.1954227252e+00 1.3434151382e+01
128 6.0360004060e-01 6.4018846226e-02 3.2205110773e+00 1.3626711141e+01
129 6.0365337732e-01 6.4028826098e-02 3.2163670470e+00 1.3607592394e+01
130 6.0399038836e-01 6.5589421604e-02 3.3005480717e+00 1.4356064296e+01
131 6.0377102934e-01 6.5067572913e-02 3.2575195685e+00 1.3999544058e+01
132 6.0385578322e-01 6.5098158006e-02 3.2575091855e+00 1.3995027106e+01
133 6.0373189776e-01 6.5121061721e-02 3.2595142130e+00 1.4000210620e+01
134 6.0414212993e-01 6.6139121367e-02 3.2493759340e+00 1.3867711856e+01
135 6.0421797346e-01 6.6991557922e-02 3.3028515765e+00 1.4361994311e+01
136 6.0438665995e-01 6.7572103697e-02 3.3164388433e+00 1.4455605292e+01
137 6.0448020511e-01 6.8073480847e-02 3.2865781729e+00 1.4228371474e+01
138 6.0447954309e-01 6.8020808111e-02 3.2820515773e+00 1.4220310531e+01
139 6.0545507620e-01 6.9767914982e-02 3.2099356530e+00 1.3650300176e+01
140 6.0572404718e-01 7.0159663009e-02 3.1820301687e+00 1.3419973337e+01
141 6.0593279460e-01 7.0463632491e-02 3.1575946634e+00 1.3227927134e+01
142 6.0596711415e-01 7.0444982190e-02 3.1591244291e+00 1.3235354885e+01
143 6.0578436119e-01 6.9739452218e-02 3.1327633194e+00 1.3058106909e+01
144 6.0590740262e-01 7.0411446919e-02 3.1557859061e+00 1.3236404927e+01
145 6.0593444633e-01 7.0450785553e-02 3.1552785863e+00 1.3227268188e+01
146 6.0533433881e-01 6.9083638117e-02 3.1755631198e+00 1.3401937816e+01
147 6.0540626536e-01 6.9062598602e-02 3.1762543537e+00 1.3403864504e+01
148 6.0474752620e-01 6.7378662354e-02 3.1303817395e+00 1.3075087378e+01
149 6.0508042747e-01 6.8500800946e-02 3.1410317086e+00 1.3202739673e+01
150 6.0534440743e-01 6.8497994157e-02 3.0607935577e+00 1.2565886192e+01
151 6.0530922751e-01 6.8510065170e-02 3.0605457045e+00 1.2562625346e+01
152 6.0542766983e-01 6.9162511222e-02 3.0871925801e+00 1.2764745792e+01
153 6.0553289488e-01 6.9260351358e-02 3.0835114471e+00 1.2737571577e+01
154 6.0555483026e-01 6.9300363326e-02 3.0821699727e+00 1.2724554165e+01
155 6.0583449331e-01 6.9504271593e-02 3.0405785777e+00 1.2345110929e+01
156 6.0576281655e-01 6.9428706207e-02 3.0423258829e+00 1.2366526830e+01
157 6.0573493084e-01 6.9421906349e-02 3.0425290465e+00 1.2367505207e+01
158 6.0556506932e-01 6.8792427414e-02 3.0069973878e+00 1.2098529116e+01
159 6.0555866817e-01 6.8760263017e-02 3.0065586585e+00 1.2102215755e+01
160 6.0524221117e-01 6.8425670442e-02 3.0293874619e+00 1.2284398502e+01
161 6.0548525953e-01 6.8814434804e-02 3.0208416104e+00 1.2274710972e+01
162 6.0601993719e-01 6.9897728860e-02 3.0008018037e+00 1.2130185495e+01
163 6.0580898785e-01 6.9652329527e-02 3.0241254927e+00 1.2304667908e+01
164 6.0569238771e-01 6.9705650676e-02 3.0192277924e+00 1.2282951627e+01
165 6.0568244992e-01 6.9732272507e-02 3.0227193947e+00 1.2290237545e+01
166 6.0558970486e-01 6.9647322993e-02 3.0257915010e+00 1.2321933976e+01
167 6.0561140776e-01 6.9606771701e-02 3.0234206153e+00 1.2315023017e+01
168 6.0533950424e-01 6.9070537211e-02 3.0037915237e+00 1.2199546429e+01
169 6.0522109122e-01 6.9375612058e-02 3.0572639046e+00 1.2636126961e+01
170 6.0535924788e-01 6.9878680356e-02 3.0609652130e+00 1.2591254011e+01
171 6.0522229544e-01 6.9856298974e-02 3.0547763042e+00 1.2585259966e+01
172 6.0478885671e-01 6.9038992554e-02 3.0591827780e+00 1.2653998876e+01
173 6.0476465064e-01 6.9091841302e-02 3.0567092489e+00 1.2641793296e+01
174 6.0465777546e-01 6.9151627292e-02 3.0515423852e+00 1.2619053272e+01
175 6.0461750814e-01 6.9260199485e-02 3.0525396320e+00 1.2611713465e+01
176 6.0508183659e-01 6.9949652464e-02 3.0076065070e+00 1.2260498684e+01
177 6.0496963630e-01 7.0335195511e-02 3.0606510790e+00 1.2652256304e+01
178 6.0517153044e-01 7.0652515428e-02 3.0354851508e+00 1.2463681601e+01
179 6.0514794634e-01 7.0714018735e-02 3.0343665553e+00 1.2453485156e+01
180 6.0554507168e-01 7.1624986514e-02 3.0396353960e+00 1.2494272146e+01
181 6.0546720883e-01 7.1720643358e-02 3.0361370119e+00 1.2461337275e+01
182 6.0549068966e-01 7.1744850965e-02 3.0384864582e+00 1.2460924409e+01
183 6.0597507965e-01 7.2270244019e-02 2.9933357530e+00 1.2131617268e+01
184 6.0592407506e-01 7.2321587164e-02 2.9922538488e+00 1.2120130845e+01
185 6.0606182104e-01 7.2701255756e-02 2.9723747464e+00 1.1950686716e+01
186 6.0632283650e-01 7.3211577242e-02 2.9461626533e+00 1.1738068429e+01
187 6.0632464292e-01 7.3208326642e-02 2.9469429071e+00 1.1738920659e+01
188 6.0634316291e-01 7.3182001804e-02 2.9476363505e+00 1.1743270732e+01
189 6.0638943010e-01 7.3622756387e-02 2.9152936884e+00 1.1536973178e+01
190 6.0636306434e-01 7.3656856028e-02 2.9117563185e+00 1.1520461776e+01
191 6.0634480640e-01 7.3555096771e-02 2.9128232168e+00 1.1544974448e+01
192 6.0632084453e-01 7.3412010315e-02 2.8970277962e+00 1.1399528794e+01
193 6.0623888083e-01 7.3389483728e-02 2.8915029242e+00 1.1386917634e+01
194 6.0619734339e-01 7.3440306965e-02 2.8833095937e+00 1.1357973363e+01
195 6.0624252615e-01 7.3434086653e-02 2.8822973937e+00 1.1354693032e+01
196 6.0646491605e-01 7.3852878238e-02 2.8622620699e+00 1.1191309371e+01
197 6.0665532118e-01 7.3627811962e-02 2.8027725845e+00 1.0798494650e+01
198 6.0687563620e-01 7.4073558335e-02 2.7956968617e+00 1.0780894261e+01
199 6.0675786903e-01 7.4094237912e-02 2.7915785535e+00 1.0767698301e+01
200 6.0673794183e-01 7.4129488221e-02 2.7873596514e+00 1.0751330433e+01
201 6.0662928156e-01 7.4218400722e-02 2.7778774884e+00 1.0722588889e+01
202 6.0657183544e-01 7.4261380240e-02 2.7738857840e+00 1.0708355634e+01
203 6.0658226304e-01 7.4289227501e-02 2.7796804466e+00 1.0749156213e+01
204 6.0631476322e-01 7.4457932117e-02 2.8420975535e+00 1.1200971316e+01
205 6.0625960968e-01 7.4564864465e-02 2.8334945170e+00 1.1162518303e+01
206 6.0588407719e-01 7.3638029782e-02 2.8274662916e+00 1.1136125185e+01
207 6.0577158998e-01 7.3679526990e-02 2.8264550527e+00 1.1128908389e+01
208 6.0576663837e-01 7.3407987496e-02 2.7871376391e+00 1.0870331275e+01
209 6.0558542284e-01 7.2831931967e-02 2.7603963091e+00 1.0689012258e+01
210 6.0563482140e-01 7.2916760449e-02 2.7634019685e+00 1.0726277410e+01
211 6.0624041682e-01 7.3850483616e-02 2.6998563111e+00 1.0289898285e+01
212 6.0598667812e-01 7.3167686634e-02 2.6566296137e+00 9.9588848348e+00
213 6.0606849525e-01 7.3966327623e-02 2.6927101840e+00 1.0231298138e+01
214 6.0640328773e-01 7.4713711449e-02 2.6854737690e+00 1.0154104408e+01
215 6.0629279322e-01 7.4797553572e-02 2.6770420691e+00 1.0074835719e+01
216 6.0606885209e-01 7.4618197160e-02 2.6969810050e+00 1.0216565007e+01
217 6.0555809084e-01 7.3815978156e-02 2.6904228096e+00 1.0170064045e+01
218 6.0552150337e-01 7.3841073820e-02 2.6863044297e+00 1.0158368190e+01
219 6.0539173437e-01 7.3298778867e-02 2.6522765554e+00 9.8938961324e+00
220 6.0537946783e-01 7.3338470018e-02 2.6471414265e+00 9.8759205336e+00
221 6.0534781837e-01 7.3293898296e-02 2.6504664909e+00 9.8943804225e+00
222 6.0552889603e-01 7.3659606805e-02 2.6324636899e+00 9.7656486876e+00
223 6.0543286157e-01 7.3634300964e-02 2.6296434792e+00 9.7647161771e+00
224 6.0555274084e-01 7.4110262903e-02 2.6094038781e+00 9.6223190258e+00
225 6.0551206642e-01 7.4117318182e-02 2.6102813612e+00 9.6243142306e+00
226 6.0581100416e-01 7.4794472738e-02 2.5747648244e+00 9.3849460791e+00
227 6.0592110451e-01 7.5489041081e-02 2.6062870998e+00 9.6441446012e+00
228 6.0601858823e-01 7.5999276674e-02 2.6378691395e+00 9.9011991801e+00
229 6.0587323931e-01 7.5994563180e-02 2.6349315320e+00 9.8993953585e+00
230 6.0606748531e-01 7.6087259589e-02 2.6178914884e+00 9.7828906918e+00
231 6.0614931254e-01 7.6660988836e-02 2.6485541625e+00 9.9890540302e+00
232 6.0559296181e-01 7.6122370024e-02 2.6867571465e+00 1.0278173079e+01
233 6.0574916821e-01 7.6491250606e-02 2.6639305893e+00 1.0129341650e+01
234 6.0568162622e-01 7.6527875046e-02 2.6620223687e+00 1.0120010235e+01
235 6.0558248724e-01 7.6560788049e-02 2.6619801399e+00 1.0116640979e+01
236 6.0558822454e-01 7.6548274471e-02 2.6618496368e+00 1.0117673648e+01
237 6.0535479680e-01 7.6160801983e-02 2.6796117743e+00 1.0259877622e+01
238 6.0497073595e-01 7.5379140726e-02 2.6774087248e+00 1.0259959994e+01
239 6.0538363836e-01 7.5871525386e-02 2.6444686413e+00 1.0033713028e+01
240 6.0495304470e-01 7.5102307350e-02 2.6448995302e+00 1.0070718352e+01
241 6.0491732214e-01 7.5077977072e-02 2.6437292160e+00 1.0070452815e+01
242 6.0473442210e-01 7.5094013152e-02 2.6429789093e+00 1.0073177883e+01
243 6.0465709824e-01 7.5150705630e-02 2.6379308614e+00 1.0056521102e+01
244 6.0478299878e-01 7.5566133083e-02 2.6179222105e+00 9.9131211358e+00
245 6.0458421952e-01 7.4808642312e-02 2.5822065808e+00 9.6683901458e+00
246 6.0460514212e-01 7.4869200941e-02 2.5932515296e+00 9.7689624952e+00
247 6.0455306460e-01 7.4835200992e-02 2.5911147437e+00 9.7695680368e+00
248 6.0460233405e-01 7.5861029249e-02 2.6533057804e+00 1.0184341502e+01
249 6.0366683974e-01 7.3293624871e-02 2.6051928416e+00 9.8679697179e+00
250 6.0345092243e-01 7.2544217342e-02 2.5631164093e+00 9.5378041901e+00
251 6.0367611383e-01 7.3143322180e-02 2.5956901446e+00 9.7826853258e+00
252 6.0398174586e-01 7.4352323785e-02 2.6533817794e+00 1.0180264341e+01
253 6.0370804767e-01 7.4174703296e-02 2.6692450468e+00 1.0287410666e+01
254 6.0365803285e-01 7.4219470322e-02 2.6654813797e+00 1.0270593150e+01
255 6.0357818908e-01 7.4053201486e-02 2.6703785847e+00 1.0311395118e+01
256 6.0348207106e-01 7.4078763485e-02 2.6711256879e+00 1.0311253190e+01
257 6.0317985432e-01 7.3505702785e-02 2.6400884649e+00 1.0086090009e+01
258 6.0328080397e-01 7.3850035327e-02 2.6176244469e+00 9.9411230592e+00
259 6.0355069284e-01 7.5008321400e-02 2.6713986876e+00 1.0331752108e+01
260 6.0351350510e-01 7.5032089041e-02 2.6697235624e+00 1.0324567349e+01
261 6.0351177479e-01 7.5005692355e-02 2.6682598855e+00 1.0324587991e+01
262 6.0329685168e-01 7.4548040485e-02 2.6823703903e+00 1.0455850945e+01
263 6.0346479613e-01 7.4955340191e-02 2.6585940690e+00 1.0291696368e+01
264 6.0340357130e-01 7.4949654862e-02 2.6579543658e+00 1.0293725705e+01
265 6.0331091753e-01 7.5095660243e-02 2.6551687206e+00 1.0269247409e+01
266 6.0350204906e-01 7.5442778022e-02 2.6341972729e+00 1.0123092430e+01
267 6.0324878328e-01 7.5120093675e-02 2.6523877268e+00 1.0257354626e+01
268 6.0292206667e-01 7.4215534273e-02 2.6393269206e+00 1.0187103896e+01
269 6.0347630307e-01 7.5117218881e-02 2.5887588773e+00 9.8186558944e+00
270 6.0365276797e-01 7.5391090091e-02 2.5594291169e+00 9.5731335663e+00
271 6.0396268582e-01 7.6291333578e-02 2.5917628248e+00 9.8740974056e+00
272 6.0412868906e-01 7.6869378108e-02 2.6012656686e+00 9.9003420563e+00
273 6.0412131784e-01 7.6885273525e-02 2.5997247033e+00 9.8935467934e+00
274 6.0413082420e-01 7.6823481432e-02 2.6026183391e+00 9.9081722579e+00
275 6.0440619410e-01 7.7994072592e-02 2.6413011249e+00 1.0150185284e+01
276 6.0434200984e-01 7.8025506677e-02 2.6401009858e+00 1.0142789999e+01
277 6.0434874182e-01 7.7925094711e-02 2.6429916844e+00 1.0164713061e+01
278 6.0429918647e-01 7.7970718267e-02 2.6392882116e+00 1.0148508845e+01
279 6.0424959655e-01 7.7993885423e-02 2.6403017823e+00 1.0151589370e+01
280 6.0422170716e-01 7.8229268304e-02 2.6464342987e+00 1.0221233029e+01
281 6.0423348616e-01 7.8174774443e-02 2.6479243870e+00 1.0232136463e+01
282 6.0436682514e-01 7.8123418847e-02 2.6230406220e+00 1.0086537856e+01
283 6.0441768613e-01 7.8099963395e-02 2.6197766289e+00 1.0078346475e+01
284 6.0441482829e-01 7.8107121129e-02 2.6190941234e+00 1.0075043356e+01
285 6.0467169408e-01 7.8426010177e-02 2.6015825854e+00 9.9487171291e+00
286 6.0403943284e-01 7.7411920725e-02 2.6156970531e+00 1.0074487940e+01
287 6.0400162700e-01 7.7432186344e-02 2.6146073689e+00 1.0069547324e+01
288 6.0391283697e-01 7.7327235344e-02 2.6151147301e+00 1.0091711778e+01
289 6.0356418243e-01 7.6679805989e-02 2.5975708549e+00 9.9849080349e+00
290 6.0340723378e-01 7.6006110017e-02 2.5606235236e+00 9.7249771417e+00
291 6.0366657883e-01 7.6382754969e-02 2.5416829573e+00 9.5907261503e+00
292 6.0384051078e-01 7.6618534728e-02 2.5265259154e+00 9.5182913850e+00
293 6.0403939498e-01 7.6901353249e-02 2.5116490651e+00 9.4145810533e+00
294 6.0402309150e-01 7.6898303472e-02 2.5127475859e+00 9.4181155780e+00
295 6.0405120053e-01 7.6787158907e-02 2.5159667010e+00 9.4418403781e+00
296 6.0399359512e-01 7.6808094764e-02 2.5158456428e+00 9.4394118356e+00
297 6.0397369943e-01 7.6786241799e-02 2.5151804535e+00 9.4383997627e+00
298 6.0350517731e-01 7.5985384982e-02 2.5101071532e+00 9.4300008689e+00
299 6.0376492220e-01 7.7169887407e-02 2.5565201634e+00 9.7393640805e+00
300 6.0363698211e-01 7.6616563928e-02 2.5358638950e+00 9.6194542986e+00
301 6.0346959004e-01 7.6641613580e-02 2.5332243794e+00 9.6168432199e+00
302 6.0340768628e-01 7.6663772893e-02 2.5330604028e+00 9.6141758389e+00
303 6.0302325516e-01 7.5716871485e-02 2.5155174677e+00 9.4936338576e+00
304 6.0291659325e-01 7.5745713702e-02 2.5162814674e+00 9.4937216345e+00
305 6.0303233429e-01 7.6376619644e-02 2.5403307229e+00 9.6636224271e+00
306 6.0298337589e-01 7.6434980968e-02 2.5335494113e+00 9.6406455622e+00
307 6.0359917753e-01 7.7242630124e-02 2.4818256801e+00 9.2999968771e+00
308 6.0349748174e-01 7.7610738829e-02 2.5230856065e+00 9.5647526935e+00
309 6.0342913684e-01 7.7685157960e-02 2.5236671453e+00 9.5598727009e+00
310 6.0386448245e-01 7.8414062538e-02 2.4923697636e+00 9.3231675172e+00
311 6.0379271689e-01 7.8358526124e-02 2.4934081723e+00 9.3378437766e+00
312 6.0387595624e-01 7.8749830352e-02 2.4976461686e+00 9.3330933467e+00
313 6.0369623636e-01 7.8283067798e-02 2.4719519953e+00 9.1637267881e+00
314 6.0384535882e-01 7.8794649370e-02 2.4853752355e+00 9.2301625274e+00
315 6.0359908514e-01 7.8403419825e-02 2.4810749491e+00 9.1857604085e+00
316 6.0354637845e-01 7.8415763678e-02 2.4817553377e+00 9.1867842680e+00
317 6.0374040449e-01 7.8315326960e-02 2.4144205522e+00 8.7005629647e+00
318 6.0359613134e-01 7.8555010394e-02 2.4344040506e+00 8.8242553531e+00
319 6.0380060080e-01 7.8794654344e-02 2.4184967376e+00 8.7239729483e+00
320 6.0399640402e-01 7.9123946588e-02 2.4123642162e+00 8.7033798790e+00
321 6.0407142668e-01 7.8971872664e-02 2.3803422835e+00 8.5178757847e+00
322 6.0420188038e-01 7.9695358897e-02 2.4264730586e+00 8.8541275251e+00
323 6.0416219732e-01 7.9668153261e-02 2.4213574914e+00 8.8446589145e+00
324 6.0418597170e-01 8.0052566823e-02 2.4328553369e+00 8.8909663946e+00
325 6.0420188004e-01 8.0725124317e-02 2.4530939073e+00 9.0395577779e+00
326 6.0403030518e-01 8.0399295466e-02 2.4688753755e+00 9.1498590319e+00
327 6.0325103870e-01 7.8995137074e-02 2.4748189963e+00 9.2398326275e+00
328 6.0322153359e-01 7.8967205538e-02 2.4740052309e+00 9.2413573206e+00
329 6.0338695078e-01 7.9505220698e-02 2.4994887341e+00 9.4134288227e+00
330 6.0335305167e-01 7.9369257754e-02 2.4961247492e+00 9.3973598737e+00
331 6.0375488968e-01 8.0173922501e-02 2.5078200831e+00 9.4765038470e+00
332 6.0398254867e-01 8.0476595834e-02 2.4923864608e+00 9.3728110749e+00
333 6.0395618816e-01 8.0476854941e-02 2.4932907230e+00 9.3759179550e+00
334 6.0346636967e-01 7.9526593179e-02 2.4755230497e+00 9.2874947799e+00
335 6.0348475005e-01 7.9470748709e-02 2.4773221233e+00 9.2979503072e+00
336 6.0348010591e-01 7.9500672193e-02 2.4755631950e+00 9.2916893992e+00
337 6.0309858270e-01 7.9005970978e-02 2.5111815976e+00 9.5248542086e+00
338 6.0307006850e-01 7.9082057390e-02 2.5168094907e+00 9.5628737278e+00
339 6.0299326972e-01 7.9144730660e-02 2.5165470146e+00 9.5597193017e+00
340 6.0264553807e-01 7.8524657106e-02 2.4738401326e+00 9.1864354864e+00
341 6.0265818968e-01 7.8674274724e-02 2.4780379494e+00 9.2064652016e+00
342 6.0276653963e-01 7.9230799958e-02 2.4906246780e+00 9.2685173778e+00
343 6.0276780487e-01 7.9233526212e-02 2.4899583922e+00 9.2677506201e+00
344 6.0260346523e-01 7.9227418558e-02 2.4846341125e+00 9.2385573095e+00
345 6.0258371176e-01 7.9249935329e-02 2.4830663650e+00 9.2307324375e+00
346 6.0259027200e-01 7.9346841948e-02 2.4815256431e+00 9.2164329204e+00
347 6.0216051309e-01 7.8738985971e-02 2.4890628150e+00 9.2908093628e+00
348 6.0188661522e-01 7.8091798613e-02 2.4886724004e+00 9.3306226454e+00
349 6.0146441152e-01 7.7462864746e-02 2.4867831280e+00 9.3302811752e+00
350 6.0123015651e-01 7.7195319658e-02 2.5030481344e+00 9.4400317947e+00
351 6.0133963739e-01 7.7543980865e-02 2.4838950331e+00 9.3153634201e+00
352 6.0154566988e-01 7.7858612586e-02 2.4653606767e+00 9.1975842043e+00
353 6.0185810637e-01 7.8800367502e-02 2.4663186799e+00 9.2359446267e+00
354 6.0181772683e-01 7.8779896728e-02 2.4630319035e+00 9.2355019863e+00
355 6.0175509079e-01 7.8837004547e-02 2.4585937664e+00 9.2183171727e+00
356 6.0203062830e-01 7.9072177038e-02 2.4404493167e+00 9.1101269132e+00
357 6.0217518334e-01 7.9324282990e-02 2.4238003422e+00 9.0095666721e+00
358 6.0193435360e-01 7.8866964934e-02 2.4039414092e+00 8.9157665637e+00
359 6.0188983398e-01 7.8837956948e-02 2.4055570466e+00 8.9275588031e+00
360 6.0187234971e-01 7.8914081934e-02 2.4059278514e+00 8.9273104849e+00
361 6.0186556682e-01 7.8800521538e-02 2.3991504204e+00 8.8849038354e+00
362 6.0208381810e-01 7.9037401630e-02 2.3818967469e+00 8.7843322192e+00
363 6.0197031481e-01 7.8960064578e-02 2.3648186756e+00 8.6625374506e+00
364 6.0168859983e-01 7.8785921954e-02 2.3687588349e+00 8.6820174878e+00
365 6.0194526543e-01 7.9920030325e-02 2.4183112661e+00 8.9921906204e+00
