1 5.9282947138e-01 1.1102230246e-16 1.0000000000e+00 1.0000000000e+00
2 5.9284267583e-01 1.1688324281e-03 -5.2595590769e+00 2.3661742374e+02
3 5.9286930240e-01 1.7706928055e-03 -6.3290785913e-01 1.1998917000e+02
4 5.9315730729e-01 7.6597690832e-03 2.8012352830e+01 8.5040099580e+02
5 5.9314189728e-01 7.7992991857e-03 2.6510974897e+01 7.9165487456e+02
6 5.9336321870e-01 1.0907441658e-02 1.9259036690e+01 4.1259358164e+02
7 5.9360315958e-01 1.3223237605e-02 1.6180881215e+01 2.8521973141e+02
8 5.9398881458e-01 1.6746288786e-02 1.2782080887e+01 1.7618089850e+02
9 5.9404147759e-01 1.6786359173e-02 1.2686720216e+01 1.7435301983e+02
10 5.9397570068e-01 1.6889171000e-02 1.2439893392e+01 1.7041897314e+02
11 5.9389160553e-01 1.7070316620e-02 1.2019639134e+01 1.6369203344e+02
12 5.9386251275e-01 1.7144453013e-02 1.1861833007e+01 1.6097726563e+02
13 5.9380646956e-01 1.7234138477e-02 1.1663291936e+01 1.5786715632e+02
14 5.9399390286e-01 1.8819144897e-02 1.0761327251e+01 1.3382638284e+02
15 5.9399301875e-01 1.8936998392e-02 1.0545937742e+01 1.3058124147e+02
16 5.9415202590e-01 2.0354058426e-02 9.9407940079e+00 1.1433835954e+02
17 5.9433850337e-01 2.1691956842e-02 9.3927915573e+00 1.0132469772e+02
18 5.9427624579e-01 2.1776640431e-02 9.2783709228e+00 9.9893614860e+01
19 5.9450888941e-01 2.3051958479e-02 8.8095931277e+00 8.9383455003e+01
20 5.9445997191e-01 2.3117251229e-02 8.7297205649e+00 8.8476405390e+01
21 5.9493005029e-01 2.5331705793e-02 8.1010786320e+00 7.4656129505e+01
22 5.9536147024e-01 2.7367581711e-02 7.5751885562e+00 6.4438804656e+01
23 5.9530194012e-01 2.7425486251e-02 7.5280379839e+00 6.3974208207e+01
24 5.9548070826e-01 2.8283709277e-02 7.2681633228e+00 5.9591402872e+01
25 5.9551694234e-01 2.8295176099e-02 7.2547588868e+00 5.9458388013e+01
26 5.9551422103e-01 2.8297857832e-02 7.2533057759e+00 5.9438123970e+01
27 5.9610599954e-01 3.1621504650e-02 7.2389703331e+00 6.1368831210e+01
28 5.9631578037e-01 3.2476344311e-02 7.0143070316e+00 5.7478275956e+01
29 5.9631958702e-01 3.2483374971e-02 7.0093372509e+00 5.7425322975e+01
30 5.9628083199e-01 3.2516851481e-02 6.9904940556e+00 5.7223410619e+01
31 5.9631262076e-01 3.2570283140e-02 6.9504178704e+00 5.6826664918e+01
32 5.9670662290e-01 3.4664745627e-02 7.0278447735e+00 5.8377848124e+01
33 5.9663527144e-01 3.4693285995e-02 7.0149139165e+00 5.8245644604e+01
34 5.9663454170e-01 3.4741214501e-02 6.9837272379e+00 5.7930812186e+01
35 5.9663619848e-01 3.4755131376e-02 6.9745886833e+00 5.7837232266e+01
36 5.9662530437e-01 3.4767242510e-02 6.9677362047e+00 5.7765821063e+01
37 5.9655472357e-01 3.4811915902e-02 6.9438001530e+00 5.7530647569e+01
38 5.9652651793e-01 3.4861389789e-02 6.9138569080e+00 5.7231658467e+01
39 5.9675637477e-01 3.5616631858e-02 6.7303201526e+00 5.4070021595e+01
40 5.9674059072e-01 3.5687560448e-02 6.6857696186e+00 5.3664091551e+01
41 5.9695113000e-01 3.6546923876e-02 6.4888184705e+00 5.0502244644e+01
42 5.9690484069e-01 3.6600618960e-02 6.4604829855e+00 5.0244084851e+01
43 5.9710994043e-01 3.7359121695e-02 6.2857523610e+00 4.7559369376e+01
44 5.9713718037e-01 3.7370718915e-02 6.2779464983e+00 4.7482298979e+01
45 5.9712663056e-01 3.7479077036e-02 6.2635142436e+00 4.7280933094e+01
46 5.9712512637e-01 3.7503831563e-02 6.2506797281e+00 4.7157859500e+01
47 5.9727577269e-01 3.8183143151e-02 6.0879930036e+00 4.4821646829e+01
48 5.9720417773e-01 3.8236022959e-02 6.0661762619e+00 4.4622178501e+01
49 5.9723560231e-01 3.8226308537e-02 6.0690898605e+00 4.4646784379e+01
50 5.9752009774e-01 3.8914130881e-02 5.9333490013e+00 4.2588134635e+01
51 5.9771042404e-01 3.9580018201e-02 5.8035339289e+00 4.0699642850e+01
52 5.9782320347e-01 4.0304983649e-02 5.6617833198e+00 3.8822792120e+01
53 5.9784395770e-01 4.0335945941e-02 5.6472934599e+00 3.8692787103e+01
54 5.9783000612e-01 4.0482647110e-02 5.6142818951e+00 3.8388472267e+01
55 5.9832634188e-01 4.1845434115e-02 5.4133255077e+00 3.5472591098e+01
56 5.9827644324e-01 4.1871371157e-02 5.4056810571e+00 3.5411808132e+01
57 5.9834585882e-01 4.1853160592e-02 5.4094432765e+00 3.5435382898e+01
58 5.9834514086e-01 4.1899097403e-02 5.3898730354e+00 3.5283484896e+01
59 5.9837409277e-01 4.1925403414e-02 5.3873990413e+00 3.5250534008e+01
60 5.9863439494e-01 4.2703742315e-02 5.2927397879e+00 3.3906799464e+01
61 5.9866619654e-01 4.2703510234e-02 5.2908359744e+00 3.3891719955e+01
62 5.9858827050e-01 4.2788034576e-02 5.2609410085e+00 3.3668082471e+01
63 5.9855531817e-01 4.2822261534e-02 5.2486262637e+00 3.3579267459e+01
64 5.9879680438e-01 4.3445523199e-02 5.1526624367e+00 3.2327882521e+01
65 5.9908958454e-01 4.4070158756e-02 5.0524337786e+00 3.1104791389e+01
66 5.9906743599e-01 4.4107447392e-02 5.0391907437e+00 3.1012236003e+01
67 5.9905127345e-01 4.4070485034e-02 5.0300880922e+00 3.0973789476e+01
68 5.9922529930e-01 4.5130640091e-02 5.1396130183e+00 3.2451898474e+01
69 5.9921622270e-01 4.5141126300e-02 5.1361214076e+00 3.2426556292e+01
70 5.9923792827e-01 4.5175108981e-02 5.1226449729e+00 3.2319830852e+01
71 5.9920170893e-01 4.5131326430e-02 5.1198401129e+00 3.2334684047e+01
72 5.9919359203e-01 4.5139602939e-02 5.1171891033e+00 3.2315002648e+01
73 5.9920880274e-01 4.5256815126e-02 5.0937398954e+00 3.2109378275e+01
74 5.9945994210e-01 4.5826526879e-02 5.0104739527e+00 3.1029262506e+01
75 5.9994554874e-01 4.6928045459e-02 4.8521209813e+00 2.9053094932e+01
76 6.0013244549e-01 4.7686851864e-02 4.7603688322e+00 2.7984470452e+01
77 6.0028510076e-01 4.8239919630e-02 4.6828259498e+00 2.7105928485e+01
78 6.0071940678e-01 4.9197686504e-02 4.5577727312e+00 2.5630501553e+01
79 6.0067599915e-01 4.9312622414e-02 4.5423875667e+00 2.5516166380e+01
80 6.0089373474e-01 4.9826921096e-02 4.4758316977e+00 2.4786124924e+01
81 6.0101869926e-01 5.0753018366e-02 4.5527912427e+00 2.5663316102e+01
82 6.0121581209e-01 5.1282748907e-02 4.4843036718e+00 2.4920489207e+01
83 6.0119413776e-01 5.1325753126e-02 4.4741139999e+00 2.4846032596e+01
84 6.0121853928e-01 5.1330111605e-02 4.4715355219e+00 2.4829119883e+01
85 6.0088237118e-01 5.0001609209e-02 4.4494233687e+00 2.4581138773e+01
86 6.0085656273e-01 5.0045525316e-02 4.4377558253e+00 2.4505776982e+01
87 6.0119296469e-01 5.0559153863e-02 4.3720911499e+00 2.3799844119e+01
88 6.0141649790e-01 5.1004568546e-02 4.3159518940e+00 2.3201726953e+01
89 6.0138358514e-01 5.1023691400e-02 4.3123986246e+00 2.3178659439e+01
90 6.0137981612e-01 5.1020561882e-02 4.3143370067e+00 2.3184476559e+01
91 6.0215375251e-01 5.3363246545e-02 4.2262574672e+00 2.2246476498e+01
92 6.0243641654e-01 5.3948790764e-02 4.1761717778e+00 2.1683164476e+01
93 6.0254625991e-01 5.4525572909e-02 4.1024273251e+00 2.1035284843e+01
94 6.0296739377e-01 5.5502789316e-02 4.0011023575e+00 2.0030585042e+01
95 6.0296273018e-01 5.5528681418e-02 3.9983116387e+00 2.0017921388e+01
96 6.0256926662e-01 5.4246291534e-02 3.9783499875e+00 1.9794815590e+01
97 6.0260385868e-01 5.4250365362e-02 3.9754910922e+00 1.9778797492e+01
98 6.0261249349e-01 5.4145098806e-02 3.9724334832e+00 1.9788833849e+01
99 6.0254673491e-01 5.4181897733e-02 3.9666012101e+00 1.9756276258e+01
100 6.0259640611e-01 5.4195692299e-02 3.9608879513e+00 1.9722748186e+01
101 6.0284889646e-01 5.4710433900e-02 3.9161374736e+00 1.9264886678e+01
102 6.0296804318e-01 5.5530397955e-02 3.9622997033e+00 1.9732793897e+01
103 6.0294764963e-01 5.5564825747e-02 3.9460865681e+00 1.9572970590e+01
104 6.0274985662e-01 5.5129115681e-02 3.9844372925e+00 1.9990296267e+01
105 6.0271850827e-01 5.5055998814e-02 3.9794148679e+00 1.9996715083e+01
106 6.0287589543e-01 5.5511560850e-02 3.9258875654e+00 1.9512231036e+01
107 6.0290572474e-01 5.5496437389e-02 3.9276733653e+00 1.9524773422e+01
108 6.0284552524e-01 5.5537018818e-02 3.9209488803e+00 1.9486185061e+01
109 6.0327832942e-01 5.6663286654e-02 3.9222487939e+00 1.9475174489e+01
110 6.0367295566e-01 5.7826295384e-02 3.9446893976e+00 1.9739240962e+01
111 6.0381114836e-01 5.8601086032e-02 3.9766073274e+00 2.0018170511e+01
112 6.0388344044e-01 5.8599220229e-02 3.9738644418e+00 2.0000366537e+01
113 6.0380125810e-01 5.8648861429e-02 3.9705049012e+00 1.9972660170e+01
114 6.0401225701e-01 5.9061584783e-02 3.9233809498e+00 1.9538430247e+01
115 6.0401831293e-01 5.9053970741e-02 3.9249781789e+00 1.9546409435e+01
116 6.0410569556e-01 5.9816702072e-02 3.9569671222e+00 1.9856834903e+01
117 6.0413596312e-01 5.9942540788e-02 3.9648193915e+00 1.9946245034e+01
118 6.0411055314e-01 5.9971774593e-02 3.9593114070e+00 1.9915052212e+01
119 6.0410502887e-01 5.9977361623e-02 3.9583388172e+00 1.9909142244e+01
120 6.0407832468e-01 6.0015488869e-02 3.9504191986e+00 1.9868249041e+01
121 6.0389264792e-01 5.9657902764e-02 3.9914274098e+00 2.0260950313e+01
122 6.0377216292e-01 5.8783492220e-02 3.9667851967e+00 2.0111412678e+01
123 6.0386605193e-01 5.8389308200e-02 3.8694100969e+00 1.9155639669e+01
124 6.0381268107e-01 5.8515384354e-02 3.8597496201e+00 1.9087516210e+01
125 6.0391328452e-01 5.9475115048e-02 3.9061140264e+00 1.9540888409e+01
126 6.0337220998e-01 5.7506310039e-02 3.8532017911e+00 1.9119173446e+01
127 6.0304932628e-01 5.6361558088e-02 3.8517148908e+00 1.9154463230e+01
128 6.0322406738e-01 5.7034504796e-02 3.8698193540e+00 1.9242245226e+01
129 6.0290397760e-01 5.6516085248e-02 3.8956550920e+00 1.9613631360e+01
130 6.0303159317e-01 5.7292603856e-02 3.9466111697e+00 2.0110166186e+01
131 6.0305113866e-01 5.6888623586e-02 3.8381550388e+00 1.9016606967e+01
132 6.0340145363e-01 5.7175729133e-02 3.7055521957e+00 1.7736118435e+01
133 6.0332413570e-01 5.7391996434e-02 3.6977659096e+00 1.7725868079e+01
134 6.0335740059e-01 5.7440039117e-02 3.7168410651e+00 1.8011043253e+01
135 6.0353145486e-01 5.7968705188e-02 3.6845479468e+00 1.7781541536e+01
136 6.0367103741e-01 5.8422810984e-02 3.6468961690e+00 1.7412668634e+01
137 6.0371147746e-01 5.8520982414e-02 3.6462995601e+00 1.7389028263e+01
138 6.0388446559e-01 5.8999898752e-02 3.6031335744e+00 1.7000349145e+01
139 6.0433005368e-01 5.9880022696e-02 3.5358396757e+00 1.6341176812e+01
140 6.0424275102e-01 5.9894367822e-02 3.5364869883e+00 1.6347721704e+01
141 6.0441348422e-01 6.0251173863e-02 3.4959274771e+00 1.6036645291e+01
142 6.0444033167e-01 6.0260293157e-02 3.4929734989e+00 1.6020924708e+01
143 6.0402880627e-01 5.8943133198e-02 3.4384582021e+00 1.5465572131e+01
144 6.0426542481e-01 5.9461343536e-02 3.4189105940e+00 1.5351786674e+01
145 6.0425361837e-01 5.9470619036e-02 3.4179611575e+00 1.5344947102e+01
146 6.0433818439e-01 5.9529864549e-02 3.4151568925e+00 1.5329535157e+01
147 6.0429939825e-01 5.8572387183e-02 3.2962624000e+00 1.4244368218e+01
148 6.0454012867e-01 5.8907701574e-02 3.2672199386e+00 1.4010564996e+01
149 6.0485615127e-01 5.9746170228e-02 3.2025868305e+00 1.3500399617e+01
150 6.0502157528e-01 6.0469375478e-02 3.2521454972e+00 1.3955615804e+01
151 6.0476144979e-01 6.0039023154e-02 3.2742895675e+00 1.4179220400e+01
152 6.0464637551e-01 6.0088436019e-02 3.2703556199e+00 1.4159117944e+01
153 6.0497096688e-01 6.0576958411e-02 3.2403931063e+00 1.3909089789e+01
154 6.0503445445e-01 6.0604696620e-02 3.2329574919e+00 1.3870473713e+01
155 6.0529069962e-01 6.1045355842e-02 3.2039454499e+00 1.3620741589e+01
156 6.0525890955e-01 6.1004482288e-02 3.2047361246e+00 1.3632347300e+01
157 6.0538001782e-01 6.1485185064e-02 3.1679678950e+00 1.3353742625e+01
158 6.0562933128e-01 6.1893505650e-02 3.1389068955e+00 1.3115093806e+01
159 6.0585346685e-01 6.2261051539e-02 3.1095262387e+00 1.2887657823e+01
160 6.0584831356e-01 6.2411676331e-02 3.1110575893e+00 1.2881060921e+01
161 6.0581167664e-01 6.2560890064e-02 3.1024523148e+00 1.2835550524e+01
162 6.0609967470e-01 6.2921618757e-02 3.0707655341e+00 1.2605764980e+01
163 6.0637386596e-01 6.3364084748e-02 3.0462543368e+00 1.2399678887e+01
164 6.0635474855e-01 6.3267326325e-02 3.0499887952e+00 1.2428052991e+01
165 6.0635126996e-01 6.3254432981e-02 3.0504803543e+00 1.2432369203e+01
166 6.0682844897e-01 6.3929657968e-02 3.0014738726e+00 1.2050777120e+01
167 6.0682758952e-01 6.3927058729e-02 2.9994138127e+00 1.2039427629e+01
168 6.0719831973e-01 6.4529914243e-02 2.9544943782e+00 1.1697003675e+01
169 6.0718505846e-01 6.4565901904e-02 2.9497067999e+00 1.1673873557e+01
170 6.0742331375e-01 6.5002993856e-02 2.9277689071e+00 1.1495337747e+01
171 6.0742310898e-01 6.5010296156e-02 2.9270158751e+00 1.1489869290e+01
172 6.0734657242e-01 6.4975826402e-02 2.9212612613e+00 1.1476445636e+01
173 6.0778264121e-01 6.5656169252e-02 2.8748960523e+00 1.1135946286e+01
174 6.0777303494e-01 6.5729414030e-02 2.8708878207e+00 1.1114536756e+01
175 6.0757384954e-01 6.5493187647e-02 2.8835961171e+00 1.1238595101e+01
176 6.0755492479e-01 6.5505951589e-02 2.8823477999e+00 1.1233574564e+01
177 6.0780213593e-01 6.5821378446e-02 2.8604436261e+00 1.1071611367e+01
178 6.0795583702e-01 6.6236568270e-02 2.8322537614e+00 1.0880676185e+01
179 6.0819823333e-01 6.6558528321e-02 2.8089612445e+00 1.0720744864e+01
180 6.0823820115e-01 6.6597772638e-02 2.8086814746e+00 1.0712858498e+01
181 6.0803545205e-01 6.6198960211e-02 2.8268365888e+00 1.0861693699e+01
182 6.0800124216e-01 6.6169232219e-02 2.8265485204e+00 1.0864625577e+01
183 6.0797778196e-01 6.6124197481e-02 2.8274001395e+00 1.0873113201e+01
184 6.0789851972e-01 6.6219544741e-02 2.8158672119e+00 1.0827149946e+01
185 6.0814625735e-01 6.6682993016e-02 2.7987344010e+00 1.0680051183e+01
186 6.0817594274e-01 6.6748649448e-02 2.7978489074e+00 1.0670656730e+01
187 6.0817270585e-01 6.6838226665e-02 2.7979293097e+00 1.0664305105e+01
188 6.0820754643e-01 6.6929038284e-02 2.7986616531e+00 1.0661300642e+01
189 6.0794949486e-01 6.6635178402e-02 2.8205566249e+00 1.0811492541e+01
190 6.0834003958e-01 6.7675277564e-02 2.8234447124e+00 1.0832652363e+01
191 6.0847563255e-01 6.8166333261e-02 2.8407961109e+00 1.0929709909e+01
192 6.0916159790e-01 6.9032673620e-02 2.7823987086e+00 1.0508620342e+01
193 6.0872150103e-01 6.7999811958e-02 2.7494060927e+00 1.0197448448e+01
194 6.0859525224e-01 6.8033240994e-02 2.7474152900e+00 1.0188069016e+01
195 6.0823847904e-01 6.7080493845e-02 2.7343911861e+00 1.0070424767e+01
196 6.0831448382e-01 6.7067851464e-02 2.7328690110e+00 1.0065443394e+01
197 6.0823634836e-01 6.7122606300e-02 2.7273974994e+00 1.0048604590e+01
198 6.0879333774e-01 6.8017947208e-02 2.6738307506e+00 9.6722558511e+00
199 6.0885682465e-01 6.8712781942e-02 2.7144659019e+00 1.0016978350e+01
200 6.0905960055e-01 6.9034852443e-02 2.6929379765e+00 9.8766293261e+00
201 6.0879837404e-01 6.8585774189e-02 2.7087753695e+00 1.0001044762e+01
202 6.0899846775e-01 6.8902185841e-02 2.6886697829e+00 9.8646658993e+00
203 6.0900500760e-01 6.8914956980e-02 2.6866779993e+00 9.8564695274e+00
204 6.0931678377e-01 7.0189705721e-02 2.7532955143e+00 1.0421541488e+01
205 6.0927962209e-01 7.0217328054e-02 2.7506662743e+00 1.0412109943e+01
206 6.0933853776e-01 7.0202854489e-02 2.7502223138e+00 1.0411085441e+01
207 6.0931563064e-01 7.0322521185e-02 2.7445116986e+00 1.0391647307e+01
208 6.0927952895e-01 7.0323845964e-02 2.7570800862e+00 1.0509901309e+01
209 6.0944967189e-01 7.0676025062e-02 2.7302796730e+00 1.0348193358e+01
210 6.0974546063e-01 7.1066888807e-02 2.7098813436e+00 1.0196193157e+01
211 6.0969382078e-01 7.1009463344e-02 2.7093013271e+00 1.0204158408e+01
212 6.0959029140e-01 7.1010183238e-02 2.7017719513e+00 1.0185610999e+01
213 6.0950816664e-01 7.1238907145e-02 2.7544316654e+00 1.0598657040e+01
214 6.0985016850e-01 7.2164687206e-02 2.7644589219e+00 1.0679989690e+01
215 6.1005414978e-01 7.2442581044e-02 2.7479586999e+00 1.0557103270e+01
216 6.0996257444e-01 7.2401110323e-02 2.7392638905e+00 1.0487792057e+01
217 6.1010114770e-01 7.2735206595e-02 2.7199414278e+00 1.0350780336e+01
218 6.1033599552e-01 7.3092399677e-02 2.7011639601e+00 1.0210532507e+01
219 6.1017229966e-01 7.2499448263e-02 2.6705957011e+00 9.9926383989e+00
220 6.1016558487e-01 7.3105188508e-02 2.6804184132e+00 1.0068558116e+01
221 6.1045843262e-01 7.4325040872e-02 2.7168717100e+00 1.0304664037e+01
222 6.1089783391e-01 7.4846693449e-02 2.6836963812e+00 1.0116586803e+01
223 6.1085409440e-01 7.4885899097e-02 2.6799428803e+00 1.0103129206e+01
224 6.1076568472e-01 7.4914508926e-02 2.6799071229e+00 1.0100708148e+01
225 6.1070376009e-01 7.4969451888e-02 2.6788764995e+00 1.0089288712e+01
226 6.1060863870e-01 7.5030352338e-02 2.6574082853e+00 9.9839059440e+00
227 6.1058889626e-01 7.5072528118e-02 2.6576046776e+00 9.9787686858e+00
228 6.1062006085e-01 7.5033190137e-02 2.6555512178e+00 9.9736788120e+00
229 6.1036567340e-01 7.4831915141e-02 2.6702798051e+00 1.0077609339e+01
230 6.1028563016e-01 7.4777837330e-02 2.6548161605e+00 9.9349039791e+00
231 6.1028289039e-01 7.4811711811e-02 2.6493778911e+00 9.9132880776e+00
232 6.1019192675e-01 7.4900287909e-02 2.6480537930e+00 9.9043688255e+00
233 6.1029052526e-01 7.5411164961e-02 2.6585065749e+00 9.9492580439e+00
234 6.1033945983e-01 7.5529852384e-02 2.6556644708e+00 9.9244076887e+00
235 6.1036174428e-01 7.5513636930e-02 2.6570081257e+00 9.9290580795e+00
236 6.1057594728e-01 7.5708095753e-02 2.6361959419e+00 9.8165792870e+00
237 6.1049011230e-01 7.5721585235e-02 2.6313056555e+00 9.8022148583e+00
238 6.1095134777e-01 7.6281276188e-02 2.5951903453e+00 9.5651104386e+00
239 6.1131654030e-01 7.7217446057e-02 2.5996454647e+00 9.5838431043e+00
240 6.1151513312e-01 7.7548713349e-02 2.5813876465e+00 9.4595257976e+00
241 6.1144876701e-01 7.7589238800e-02 2.5781557681e+00 9.4489942780e+00
242 6.1195834825e-01 7.8350082716e-02 2.5561423865e+00 9.3204887088e+00
243 6.1162190904e-01 7.8038448708e-02 2.5751785570e+00 9.4466315417e+00
244 6.1167960676e-01 7.8680321453e-02 2.5980902458e+00 9.6118874269e+00
245 6.1148259043e-01 7.8375138535e-02 2.6158372180e+00 9.7310974594e+00
246 6.1150245310e-01 7.8345639017e-02 2.6164936543e+00 9.7452661418e+00
247 6.1128426504e-01 7.7763833403e-02 2.5992033486e+00 9.6357587806e+00
248 6.1119015859e-01 7.7757373722e-02 2.5985642608e+00 9.6351414709e+00
249 6.1121161443e-01 7.7835779053e-02 2.6103298879e+00 9.7329902198e+00
250 6.1090356179e-01 7.7611773632e-02 2.6243608995e+00 9.8395463682e+00
251 6.1035230252e-01 7.6423136927e-02 2.6023609718e+00 9.7421810583e+00
252 6.1057267348e-01 7.6640404838e-02 2.5861870963e+00 9.6374107381e+00
253 6.1071610145e-01 7.7156789584e-02 2.5993479938e+00 9.7121144547e+00
254 6.1098625625e-01 7.7413435099e-02 2.5815278177e+00 9.5939136744e+00
255 6.1093309873e-01 7.7622307502e-02 2.6179290415e+00 9.8381230575e+00
256 6.1114311068e-01 7.7923372348e-02 2.5995572912e+00 9.7140049631e+00
257 6.1088228509e-01 7.7697394764e-02 2.6143099924e+00 9.8177297644e+00
258 6.1131269866e-01 7.8205794269e-02 2.5810334430e+00 9.5812498643e+00
259 6.1175332777e-01 7.9082742355e-02 2.5654211403e+00 9.4929703422e+00
260 6.1110062170e-01 7.7934630796e-02 2.5720535348e+00 9.5457332655e+00
261 6.1123396732e-01 7.8384657962e-02 2.5567198737e+00 9.4318364003e+00
262 6.1138455078e-01 7.8694391848e-02 2.5466197446e+00 9.3738371057e+00
263 6.1152421227e-01 7.8663576812e-02 2.5139690810e+00 9.1438962425e+00
264 6.1149682318e-01 7.8750030280e-02 2.5179744300e+00 9.1720216613e+00
265 6.1122703825e-01 7.8415559787e-02 2.4936669981e+00 9.0531428090e+00
266 6.1120969711e-01 7.8426544950e-02 2.4945509236e+00 9.0659010093e+00
267 6.1106482648e-01 7.7618150674e-02 2.4243675358e+00 8.5880143392e+00
268 6.1124744436e-01 7.7841075403e-02 2.4093507829e+00 8.4969758764e+00
269 6.1140623931e-01 7.8345378824e-02 2.4365819163e+00 8.6980168384e+00
270 6.1164296940e-01 7.8555427558e-02 2.4219791421e+00 8.6096589347e+00
271 6.1163190336e-01 7.8556997620e-02 2.4223309486e+00 8.6102058002e+00
272 6.1183204928e-01 7.9042914045e-02 2.4310845711e+00 8.6512905295e+00
273 6.1185143749e-01 7.9040663550e-02 2.4306232420e+00 8.6498864406e+00
274 6.1191035600e-01 7.9074937300e-02 2.4289611391e+00 8.6418163942e+00
275 6.1214378626e-01 7.9310214334e-02 2.4137094417e+00 8.5482904925e+00
276 6.1299038022e-01 8.0881197721e-02 2.3930179626e+00 8.4236161916e+00
277 6.1300095615e-01 8.0924245005e-02 2.3971103470e+00 8.4548755179e+00
278 6.1293806400e-01 8.1013039004e-02 2.4117008171e+00 8.5934993789e+00
279 6.1293731039e-01 8.0998750447e-02 2.4116381663e+00 8.5934812529e+00
280 6.1276660640e-01 8.1377362455e-02 2.4672903999e+00 9.0269109769e+00
281 6.1236274382e-01 8.0937200822e-02 2.5002442064e+00 9.2549521923e+00
282 6.1261362926e-01 8.1650419017e-02 2.5214690048e+00 9.4056355836e+00
283 6.1309796571e-01 8.2232590409e-02 2.4893875253e+00 9.1867488458e+00
284 6.1323392944e-01 8.2523979961e-02 2.4724369425e+00 8.9591969312e+00
285 6.1325057812e-01 8.2744933972e-02 2.4673730016e+00 8.9326998708e+00
286 6.1317429708e-01 8.2762835662e-02 2.4651804514e+00 8.9281908535e+00
287 6.1315692514e-01 8.2761750635e-02 2.4623459951e+00 8.9219636540e+00
288 6.1350207869e-01 8.3829944874e-02 2.4861773144e+00 9.0345367835e+00
289 6.1329870980e-01 8.3519309077e-02 2.5016247325e+00 9.1430830358e+00
290 6.1331426662e-01 8.3526286587e-02 2.5006971777e+00 9.1376259608e+00
291 6.1327460077e-01 8.3813473263e-02 2.5232213815e+00 9.2626335702e+00
292 6.1335651778e-01 8.4088344028e-02 2.5343072697e+00 9.3270841546e+00
293 6.1356197400e-01 8.4248470678e-02 2.5205952764e+00 9.2464719225e+00
294 6.1362299171e-01 8.4345028331e-02 2.5197333790e+00 9.2357130035e+00
295 6.1366172321e-01 8.4298522873e-02 2.5200664624e+00 9.2425726772e+00
296 6.1363691259e-01 8.4322014455e-02 2.5180889900e+00 9.2361967120e+00
297 6.1299269971e-01 8.3185695525e-02 2.5234807224e+00 9.2543927414e+00
298 6.1319948078e-01 8.3441531051e-02 2.5070111370e+00 9.1522398229e+00
299 6.1284587623e-01 8.2785015752e-02 2.5142952883e+00 9.2150991571e+00
300 6.1307789928e-01 8.3102148517e-02 2.5032307649e+00 9.1516638550e+00
301 6.1306601690e-01 8.3110421392e-02 2.5027825416e+00 9.1495254989e+00
302 6.1288527899e-01 8.2926495614e-02 2.5143977139e+00 9.2266322893e+00
303 6.1295582067e-01 8.2942992862e-02 2.5101717549e+00 9.2109384302e+00
304 6.1225260411e-01 8.1479839351e-02 2.5174321433e+00 9.3154683641e+00
305 6.1220331107e-01 8.1613326071e-02 2.5151624359e+00 9.2959005039e+00
306 6.1225747792e-01 8.1680258357e-02 2.5167816908e+00 9.3030477304e+00
307 6.1214397661e-01 8.1689144420e-02 2.5129663545e+00 9.2768168878e+00
308 6.1265776727e-01 8.2807344200e-02 2.5169222994e+00 9.2556855689e+00
309 6.1243006150e-01 8.2619650667e-02 2.5346872851e+00 9.3737001495e+00
310 6.1245102850e-01 8.2609796500e-02 2.5351637884e+00 9.3753286622e+00
311 6.1208626234e-01 8.1756695090e-02 2.5334530843e+00 9.3816004013e+00
312 6.1231559118e-01 8.2059106641e-02 2.5130377941e+00 9.2591807586e+00
313 6.1231323887e-01 8.2035897174e-02 2.5121023581e+00 9.2596155052e+00
314 6.1225012917e-01 8.2096467269e-02 2.5077635886e+00 9.2415936581e+00
315 6.1271602200e-01 8.3794911834e-02 2.5554719077e+00 9.5124503451e+00
316 6.1299272391e-01 8.4020362669e-02 2.5377235496e+00 9.4071466290e+00
317 6.1305513503e-01 8.4018305259e-02 2.5359287016e+00 9.4003929088e+00
318 6.1309820317e-01 8.4156216974e-02 2.5318924015e+00 9.3911261779e+00
319 6.1328741880e-01 8.4623457696e-02 2.5392942144e+00 9.4137226995e+00
320 6.1315683328e-01 8.4769498695e-02 2.5356303161e+00 9.3893890150e+00
321 6.1316002604e-01 8.4779647468e-02 2.5343531647e+00 9.3847358151e+00
322 6.1315508623e-01 8.4774691423e-02 2.5364397522e+00 9.4010304989e+00
323 6.1316438295e-01 8.4821013000e-02 2.5321543404e+00 9.3828263320e+00
324 6.1332493524e-01 8.4998180260e-02 2.5186498990e+00 9.3018530776e+00
325 6.1344501962e-01 8.5560260335e-02 2.5394275432e+00 9.4388402683e+00
326 6.1342299735e-01 8.5812396612e-02 2.5675569503e+00 9.5991512577e+00
327 6.1376908499e-01 8.6800060348e-02 2.5674539492e+00 9.5616595107e+00
328 6.1358305222e-01 8.6257663651e-02 2.5613608143e+00 9.5533834296e+00
329 6.1350531588e-01 8.6307862951e-02 2.5584074178e+00 9.5415157045e+00
330 6.1364967342e-01 8.5900785923e-02 2.5099455895e+00 9.2991902314e+00
331 6.1370255028e-01 8.6364699399e-02 2.5181841966e+00 9.3469006007e+00
332 6.1366733630e-01 8.6369519767e-02 2.5191070053e+00 9.3486368244e+00
333 6.1354571581e-01 8.6025707412e-02 2.5081104198e+00 9.2893160445e+00
334 6.1303199211e-01 8.4797816152e-02 2.5087691549e+00 9.3517519871e+00
335 6.1313627759e-01 8.4543084847e-02 2.4824563756e+00 9.2043310423e+00
336 6.1308267034e-01 8.4575429728e-02 2.4807311267e+00 9.1971775112e+00
337 6.1288188987e-01 8.4322481459e-02 2.4958453823e+00 9.2971315900e+00
338 6.1305041808e-01 8.4627735733e-02 2.4812520011e+00 9.1947934605e+00
339 6.1258103231e-01 8.3582880994e-02 2.4726331631e+00 9.1662620873e+00
340 6.1263734514e-01 8.4272040550e-02 2.5041038266e+00 9.4100675876e+00
341 6.1264599093e-01 8.4330445871e-02 2.5026648720e+00 9.4023664241e+00
342 6.1273519119e-01 8.4118576395e-02 2.4591418828e+00 9.1174615158e+00
343 6.1310756624e-01 8.4820859555e-02 2.4227887794e+00 8.8663753767e+00
344 6.1269486834e-01 8.3995292822e-02 2.4200171683e+00 8.8657585195e+00
345 6.1263717468e-01 8.4019751811e-02 2.4173807826e+00 8.8580398582e+00
346 6.1252397122e-01 8.4253906529e-02 2.4490820956e+00 9.0410136136e+00
347 6.1238371946e-01 8.3699415045e-02 2.4348360448e+00 8.9697664749e+00
348 6.1254362083e-01 8.4087104961e-02 2.4382651566e+00 8.9572811208e+00
349 6.1213732232e-01 8.3226177603e-02 2.4425027557e+00 9.0197946335e+00
350 6.1241720665e-01 8.4091190971e-02 2.4469755443e+00 9.0281624757e+00
351 6.1188715385e-01 8.3092525533e-02 2.4622062001e+00 9.1500256165e+00
352 6.1190881589e-01 8.3078056417e-02 2.4631003589e+00 9.1534221471e+00
353 6.1213450468e-01 8.4072941936e-02 2.4865711667e+00 9.2600341220e+00
354 6.1253372429e-01 8.4365662170e-02 2.4580336375e+00 9.0810158583e+00
355 6.1303252508e-01 8.5042761607e-02 2.4302471042e+00 8.8781881059e+00
356 6.1320120372e-01 8.5506239043e-02 2.4134966935e+00 8.7637751828e+00
357 6.1316552223e-01 8.5536411988e-02 2.4100633341e+00 8.7552033252e+00
358 6.1330593990e-01 8.5861283048e-02 2.3933436347e+00 8.6507594939e+00
359 6.1322960241e-01 8.5918343421e-02 2.3896389252e+00 8.6381179250e+00
360 6.1276853474e-01 8.5045029612e-02 2.3840556153e+00 8.6118946557e+00
361 6.1220054387e-01 8.3821540463e-02 2.3684620498e+00 8.5529083235e+00
362 6.1211079647e-01 8.3793785111e-02 2.3692033386e+00 8.5632101945e+00
363 6.1188656123e-01 8.3469105774e-02 2.3846899368e+00 8.6673580079e+00
364 6.1211119960e-01 8.3631261044e-02 2.3697109103e+00 8.5861979657e+00
365 6.1209194669e-01 8.3673535999e-02 2.3742017823e+00 8.6336423965e+00
