1 5.9282947138e-01 1.1102230246e-16 1.0000000000e+00 1.0000000000e+00
2 5.9280274251e-01 1.6340406822e-03 -2.5369849190e+01 7.6516618479e+02
3 5.9290358833e-01 2.7013893921e-03 -7.2707635233e-02 1.8708189484e+02
4 5.9288039877e-01 3.0140157663e-03 -5.0093744711e-01 1.3289546029e+02
5 5.9355870434e-01 1.3114342009e-02 1.6625149312e+01 2.9508653852e+02
6 5.9374777425e-01 1.5113724289e-02 1.4414864279e+01 2.2235858852e+02
7 5.9369646066e-01 1.5383190399e-02 1.4264088570e+01 2.1948987102e+02
8 5.9373713622e-01 1.5546660008e-02 1.3797823447e+01 2.1039662575e+02
9 5.9385883729e-01 1.7323221020e-02 1.2322421083e+01 1.6837834904e+02
10 5.9384453641e-01 1.7349351895e-02 1.2266229108e+01 1.6741128386e+02
11 5.9394232283e-01 1.8969386772e-02 1.1169195645e+01 1.3929756089e+02
12 5.9394296603e-01 1.9001370694e-02 1.1112344847e+01 1.3836578010e+02
13 5.9385161161e-01 1.9164982865e-02 1.0795638594e+01 1.3405243790e+02
14 5.9412010777e-01 2.0530648421e-02 1.0185374658e+01 1.1752701841e+02
15 5.9403134781e-01 2.0673397923e-02 9.9595094310e+00 1.1455389600e+02
16 5.9406965954e-01 2.0681576160e-02 9.9426318309e+00 1.1429885859e+02
17 5.9457822501e-01 2.3135540619e-02 9.0446079788e+00 9.2297279923e+01
18 5.9454991422e-01 2.3170739439e-02 9.0053861345e+00 9.1783627081e+01
19 5.9495203709e-01 2.5533009948e-02 8.1376217224e+00 7.5255027573e+01
20 5.9518012772e-01 2.6473794803e-02 7.8332480498e+00 6.9451212311e+01
21 5.9512798835e-01 2.6497949188e-02 7.8161400735e+00 6.9261258869e+01
22 5.9508760993e-01 2.6575711807e-02 7.7440320009e+00 6.8518283816e+01
23 5.9491119127e-01 2.5566382735e-02 7.9852230645e+00 7.3593216082e+01
24 5.9505829004e-01 2.6676810830e-02 7.6513720118e+00 6.7534585546e+01
25 5.9506256326e-01 2.6741051539e-02 7.5953204456e+00 6.6888515643e+01
26 5.9514142279e-01 2.6767239478e-02 7.5666213640e+00 6.6540551323e+01
27 5.9529870795e-01 2.7801990423e-02 7.2997979255e+00 6.1751999451e+01
28 5.9554831025e-01 2.8835289213e-02 7.0279615377e+00 5.7206521354e+01
29 5.9556449009e-01 2.8860078790e-02 7.0070011897e+00 5.6996227923e+01
30 5.9558541171e-01 2.8871154573e-02 6.9962289216e+00 5.6889273818e+01
31 5.9554502572e-01 2.8921423768e-02 6.9583777799e+00 5.6543420789e+01
32 5.9555720258e-01 3.0608183765e-02 7.3952056709e+00 6.6404238429e+01
33 5.9553753087e-01 3.0677943537e-02 7.3422373634e+00 6.5829984875e+01
34 5.9546046557e-01 3.0785929196e-02 7.2582041075e+00 6.5017342280e+01
35 5.9568995408e-01 3.1652056158e-02 7.0409103631e+00 6.0785253016e+01
36 5.9564611564e-01 3.1698059592e-02 7.0100552178e+00 6.0478945221e+01
37 5.9557820961e-01 3.1723545295e-02 6.9983528324e+00 6.0345736522e+01
38 5.9587193561e-01 3.2572295736e-02 6.7924631655e+00 5.6546242634e+01
39 5.9580984924e-01 3.2616188738e-02 6.7696649644e+00 5.6294676735e+01
40 5.9577425259e-01 3.2734801128e-02 6.7573102570e+00 5.6088450380e+01
41 5.9598782902e-01 3.3532633660e-02 6.5699342473e+00 5.2807414169e+01
42 5.9630047869e-01 3.4328892965e-02 6.3971195678e+00 4.9850328544e+01
43 5.9618378583e-01 3.4456086543e-02 6.3304220490e+00 4.9213980382e+01
44 5.9617529864e-01 3.4488614530e-02 6.3125867170e+00 4.9035608513e+01
45 5.9618382651e-01 3.4549736434e-02 6.2748478686e+00 4.8690072245e+01
46 5.9635231948e-01 3.5174258657e-02 6.1064247678e+00 4.6158137898e+01
47 5.9637260133e-01 3.5198023278e-02 6.0926920368e+00 4.6019804295e+01
48 5.9621325401e-01 3.3814152689e-02 5.7357841920e+00 3.9755493046e+01
49 5.9662418913e-01 3.5287963048e-02 5.5175515785e+00 3.6477305762e+01
50 5.9683495114e-01 3.6136971844e-02 5.4189878906e+00 3.5039120591e+01
51 5.9693107779e-01 3.6994695095e-02 5.3146234874e+00 3.3636860103e+01
52 5.9708085206e-01 3.7665621751e-02 5.2152098542e+00 3.2365247760e+01
53 5.9725185696e-01 3.8917339530e-02 5.4681026830e+00 3.6463002934e+01
54 5.9732625036e-01 3.9096175525e-02 5.4616840338e+00 3.6374364236e+01
55 5.9756879822e-01 3.9771061275e-02 5.3585672034e+00 3.4925336604e+01
56 5.9805585557e-01 4.0808934251e-02 5.2007108674e+00 3.2685364418e+01
57 5.9804411698e-01 4.0827445855e-02 5.1940051575e+00 3.2632449450e+01
58 5.9801675539e-01 4.0920158100e-02 5.1764682316e+00 3.2500980456e+01
59 5.9805732055e-01 4.0964963126e-02 5.1536054206e+00 3.2347136741e+01
60 5.9806803740e-01 4.0970520890e-02 5.1506003621e+00 3.2324246148e+01
61 5.9800648260e-01 4.1028214720e-02 5.1294657029e+00 3.2178880055e+01
62 5.9870772795e-01 4.2940796841e-02 4.8994191364e+00 2.9062261837e+01
63 5.9865026779e-01 4.3013509979e-02 4.8752360194e+00 2.8896130167e+01
64 5.9863246262e-01 4.3046175334e-02 4.8645134889e+00 2.8817857671e+01
65 5.9866098485e-01 4.3134287189e-02 4.8549998365e+00 2.8744360892e+01
66 5.9873247660e-01 4.3147092694e-02 4.8468805281e+00 2.8678498108e+01
67 5.9863961926e-01 4.3197356475e-02 4.8340081671e+00 2.8589543890e+01
68 5.9853967406e-01 4.3312861961e-02 4.8302508754e+00 2.8564619219e+01
69 5.9843560470e-01 4.3343724018e-02 4.8254340881e+00 2.8531016343e+01
70 5.9838621902e-01 4.3292019226e-02 4.8200270232e+00 2.8503618027e+01
71 5.9861986037e-01 4.4005898973e-02 4.7331974965e+00 2.7485010702e+01
72 5.9862993070e-01 4.4019483306e-02 4.7273756387e+00 2.7447882551e+01
73 5.9863148424e-01 4.4077907907e-02 4.7065101375e+00 2.7305083989e+01
74 5.9849646722e-01 4.4168494660e-02 4.6822520231e+00 2.7144399736e+01
75 5.9874470304e-01 4.4696352953e-02 4.6123267763e+00 2.6316550759e+01
76 5.9896937857e-01 4.5308123106e-02 4.5370626004e+00 2.5466156375e+01
77 5.9897636998e-01 4.5401444137e-02 4.5296769238e+00 2.5421816364e+01
78 5.9914634231e-01 4.6036373767e-02 4.4508401442e+00 2.4575162192e+01
79 5.9963871350e-01 4.7241372307e-02 4.3457474255e+00 2.3291292922e+01
80 5.9971728985e-01 4.7928559063e-02 4.2764567752e+00 2.2573666278e+01
81 5.9954488653e-01 4.8069782256e-02 4.2412929683e+00 2.2382370488e+01
82 5.9956829526e-01 4.8144388711e-02 4.2385661045e+00 2.2356043212e+01
83 5.9954975754e-01 4.8184045671e-02 4.2276015270e+00 2.2290804733e+01
84 5.9983604069e-01 4.8730113638e-02 4.1695503922e+00 2.1671473364e+01
85 5.9982823945e-01 4.8827687086e-02 4.1649603718e+00 2.1651591595e+01
86 5.9987762272e-01 4.9696371969e-02 4.2297806959e+00 2.2344496610e+01
87 5.9986965534e-01 4.9815944417e-02 4.2155489580e+00 2.2236572585e+01
88 5.9977442880e-01 4.9836713317e-02 4.2153018482e+00 2.2232153156e+01
89 5.9977123737e-01 4.9910481566e-02 4.2102994239e+00 2.2183449310e+01
90 5.9968530539e-01 4.9895851471e-02 4.1970934084e+00 2.2111737639e+01
91 5.9960436848e-01 4.9943178604e-02 4.1887992347e+00 2.2055628678e+01
92 5.9959811775e-01 5.0046606870e-02 4.1780687176e+00 2.1981620168e+01
93 5.9973667969e-01 5.0604680855e-02 4.1202948585e+00 2.1379981652e+01
94 5.9989351120e-01 5.1087849667e-02 4.0666841492e+00 2.0837854513e+01
95 5.9990089703e-01 5.1127754131e-02 4.0574344788e+00 2.0682719836e+01
96 5.9976480605e-01 5.1174295718e-02 4.0531093081e+00 2.0651579267e+01
97 5.9979722961e-01 5.1207207619e-02 4.0425794577e+00 2.0589342397e+01
98 5.9991645355e-01 5.1900851518e-02 3.9663068776e+00 1.9931531844e+01
99 5.9991674768e-01 5.1886744417e-02 3.9696653424e+00 1.9952664019e+01
100 5.9989193001e-01 5.1863417157e-02 3.9667741444e+00 1.9941826867e+01
101 6.0027544677e-01 5.2178514100e-02 3.8344958048e+00 1.8615864137e+01
102 6.0025343733e-01 5.2184833886e-02 3.8289682434e+00 1.8585472633e+01
103 5.9986996385e-01 5.1704265434e-02 3.8497677600e+00 1.8928096580e+01
104 5.9985064333e-01 5.1719006433e-02 3.8473041046e+00 1.8912395030e+01
105 5.9984896656e-01 5.1702876289e-02 3.8512946374e+00 1.8936216678e+01
106 6.0023008978e-01 5.2802266687e-02 3.7642601601e+00 1.8072036038e+01
107 6.0022798009e-01 5.2812065201e-02 3.7623180820e+00 1.8059285659e+01
108 6.0018885275e-01 5.2855848505e-02 3.7543371327e+00 1.8011469320e+01
109 6.0044109250e-01 5.3366195470e-02 3.7169338784e+00 1.7626392122e+01
110 6.0071064952e-01 5.3949251030e-02 3.6818927527e+00 1.7257541182e+01
111 6.0068134450e-01 5.4063033194e-02 3.6711901084e+00 1.7197317064e+01
112 6.0067585534e-01 5.4142137123e-02 3.6709516287e+00 1.7197311851e+01
113 6.0057756462e-01 5.4295500778e-02 3.6526259022e+00 1.7111155180e+01
114 6.0072409048e-01 5.5040032363e-02 3.6917114359e+00 1.7446574233e+01
115 6.0047703519e-01 5.4681195207e-02 3.7390685137e+00 1.8001862688e+01
116 6.0036637881e-01 5.4754540157e-02 3.7264216763e+00 1.7940819058e+01
117 6.0050520709e-01 5.5209129139e-02 3.6839540184e+00 1.7556024891e+01
118 6.0062845911e-01 5.5734381071e-02 3.6503847235e+00 1.7203634237e+01
119 6.0056253898e-01 5.5586480190e-02 3.6479187399e+00 1.7217210126e+01
120 6.0054035968e-01 5.5594317592e-02 3.6472073093e+00 1.7213461621e+01
121 6.0039492265e-01 5.4805467875e-02 3.5465897305e+00 1.6110474114e+01
122 6.0035344383e-01 5.4822462681e-02 3.5452258515e+00 1.6101409611e+01
123 6.0056105626e-01 5.5324290753e-02 3.5041439465e+00 1.5750042934e+01
124 6.0102655959e-01 5.6165920591e-02 3.4375229087e+00 1.5147405431e+01
125 6.0079076331e-01 5.5812954949e-02 3.4604887652e+00 1.5385370306e+01
126 6.0070223187e-01 5.5903557788e-02 3.4447392498e+00 1.5312469250e+01
127 6.0070248912e-01 5.5940105434e-02 3.4368306787e+00 1.5274011340e+01
128 6.0128869927e-01 5.7399254269e-02 3.3331268373e+00 1.4391136916e+01
129 6.0151811706e-01 5.7897884790e-02 3.2920777998e+00 1.4079056845e+01
130 6.0149647442e-01 5.7748495329e-02 3.2911253001e+00 1.4094254742e+01
131 6.0149456503e-01 5.7752500029e-02 3.2904601282e+00 1.4090817931e+01
132 6.0142373320e-01 5.7791197814e-02 3.2851838580e+00 1.4072682618e+01
133 6.0134326607e-01 5.7857342831e-02 3.2820491251e+00 1.4058933137e+01
134 6.0126870629e-01 5.7835408431e-02 3.2795555031e+00 1.4052127523e+01
135 6.0128279643e-01 5.7851190544e-02 3.2759249870e+00 1.4033765794e+01
136 6.0127153949e-01 5.7900439021e-02 3.2662545250e+00 1.3991172060e+01
137 6.0125605760e-01 5.7862827075e-02 3.2669807638e+00 1.3996379331e+01
138 6.0125752282e-01 5.7939882718e-02 3.2622148796e+00 1.3979863036e+01
139 6.0123695728e-01 5.7900756702e-02 3.2618195759e+00 1.3983066570e+01
140 6.0118127982e-01 5.7987738468e-02 3.2486320203e+00 1.3914594190e+01
141 6.0112074228e-01 5.7989534179e-02 3.2471803689e+00 1.3905191896e+01
142 6.0131904830e-01 5.8502159023e-02 3.2184329736e+00 1.3652403598e+01
143 6.0156433361e-01 5.9009480509e-02 3.1874365368e+00 1.3398155008e+01
144 6.0199485903e-01 5.9727421384e-02 3.1301999039e+00 1.2944681764e+01
145 6.0199146630e-01 5.9816191757e-02 3.1254861398e+00 1.2929652095e+01
146 6.0216321613e-01 6.0599110520e-02 3.1867385457e+00 1.3544341316e+01
147 6.0216125126e-01 6.0602112907e-02 3.1863921917e+00 1.3542078472e+01
148 6.0234560780e-01 6.0971176350e-02 3.1531358869e+00 1.3289251924e+01
149 6.0254951919e-01 6.1403797845e-02 3.1242980379e+00 1.3053172016e+01
150 6.0264974511e-01 6.2168209457e-02 3.1802475429e+00 1.3575350115e+01
151 6.0249470743e-01 6.1470802686e-02 3.1248230202e+00 1.3050039167e+01
152 6.0316454705e-01 6.3066140185e-02 3.1647890463e+00 1.3582379948e+01
153 6.0348926565e-01 6.3633909020e-02 3.1125896006e+00 1.3177699947e+01
154 6.0369342751e-01 6.4053582258e-02 3.0910650424e+00 1.2994164226e+01
155 6.0368548997e-01 6.4089540759e-02 3.0846608038e+00 1.2968439130e+01
156 6.0375421646e-01 6.4774351297e-02 3.1187222962e+00 1.3277707035e+01
157 6.0425496031e-01 6.5596121439e-02 3.0717948338e+00 1.2857913177e+01
158 6.0422432045e-01 6.5643415307e-02 3.0652291711e+00 1.2828505690e+01
159 6.0416824904e-01 6.5730091893e-02 3.0645213315e+00 1.2815661318e+01
160 6.0413544094e-01 6.5764898139e-02 3.0600326419e+00 1.2795783997e+01
161 6.0411396785e-01 6.5827700540e-02 3.0522133916e+00 1.2752203262e+01
162 6.0417572160e-01 6.6019875568e-02 3.0677181970e+00 1.2888463538e+01
163 6.0417815220e-01 6.6109479057e-02 3.0648245443e+00 1.2881383486e+01
164 6.0460138504e-01 6.7047448607e-02 3.0191793112e+00 1.2466875449e+01
165 6.0475661239e-01 6.7458519175e-02 2.9891967950e+00 1.2255287398e+01
166 6.0482972067e-01 6.7497134118e-02 2.9873436451e+00 1.2243428198e+01
167 6.0483005880e-01 6.7494157674e-02 2.9879205183e+00 1.2245268718e+01
168 6.0472361229e-01 6.7583789170e-02 2.9805601001e+00 1.2206527370e+01
169 6.0469280990e-01 6.7622160131e-02 2.9760220236e+00 1.2184965515e+01
170 6.0485194587e-01 6.7942730051e-02 2.9512680979e+00 1.2002891911e+01
171 6.0479312134e-01 6.7932376671e-02 2.9519700795e+00 1.2007225485e+01
172 6.0475680474e-01 6.7945728352e-02 2.9484885427e+00 1.1994247210e+01
173 6.0471255130e-01 6.7956020214e-02 2.9489281828e+00 1.1994705462e+01
174 6.0496732609e-01 6.8418982713e-02 2.9249196641e+00 1.1798396814e+01
175 6.0496883782e-01 6.8492238073e-02 2.9215925002e+00 1.1780518434e+01
176 6.0480446972e-01 6.8098413819e-02 2.9396843573e+00 1.1946117968e+01
177 6.0496798300e-01 6.8433814167e-02 2.9197908042e+00 1.1781975818e+01
178 6.0500000858e-01 6.8343499812e-02 2.9190443125e+00 1.1793807763e+01
179 6.0456218612e-01 6.7423245992e-02 2.9062682068e+00 1.1708483210e+01
180 6.0481495436e-01 6.7846725663e-02 2.8819386592e+00 1.1515748201e+01
181 6.0450744770e-01 6.7711966393e-02 2.9648943142e+00 1.2208392620e+01
182 6.0454999569e-01 6.7757288856e-02 2.9649721432e+00 1.2206669612e+01
183 6.0479788329e-01 6.8115736873e-02 2.9417331065e+00 1.2020002228e+01
184 6.0483588652e-01 6.8049571322e-02 2.9450395802e+00 1.2039263109e+01
185 6.0474359081e-01 6.7960108835e-02 2.9394265360e+00 1.2036664714e+01
186 6.0518647311e-01 6.8767963072e-02 2.8967054423e+00 1.1680895568e+01
187 6.0516607812e-01 6.8699314854e-02 2.8974704659e+00 1.1696720368e+01
188 6.0586258552e-01 6.9762885990e-02 2.8347736891e+00 1.1203954820e+01
189 6.0580436172e-01 6.9823385592e-02 2.8281954213e+00 1.1176352052e+01
190 6.0578637126e-01 6.9847930582e-02 2.8257334147e+00 1.1163945797e+01
191 6.0555667267e-01 6.9620869438e-02 2.8418610623e+00 1.1294114784e+01
192 6.0559168231e-01 6.9620290706e-02 2.8406842232e+00 1.1288447077e+01
193 6.0570054640e-01 7.0195632716e-02 2.8664416246e+00 1.1475698348e+01
194 6.0561596837e-01 7.0226247322e-02 2.8600017995e+00 1.1451313055e+01
195 6.0585325334e-01 7.0493197477e-02 2.8406196454e+00 1.1302751630e+01
196 6.0624627215e-01 7.1313624947e-02 2.8381079541e+00 1.1275607394e+01
197 6.0676009551e-01 7.1964772103e-02 2.7981323572e+00 1.0968559652e+01
198 6.0698397256e-01 7.2361983701e-02 2.7775195324e+00 1.0808844948e+01
199 6.0688224318e-01 7.2327240910e-02 2.7775877095e+00 1.0819739183e+01
200 6.0651151779e-01 7.1989320484e-02 2.7971979349e+00 1.0974866389e+01
201 6.0642654476e-01 7.1996955808e-02 2.7931176789e+00 1.0963774281e+01
202 6.0666457397e-01 7.2162112335e-02 2.7623836655e+00 1.0712705514e+01
203 6.0687665883e-01 7.2675738648e-02 2.7455901259e+00 1.0558793154e+01
204 6.0691162537e-01 7.2683474575e-02 2.7440341038e+00 1.0551495042e+01
205 6.0690322765e-01 7.2705397361e-02 2.7440365030e+00 1.0549543881e+01
206 6.0729999436e-01 7.3656539185e-02 2.7381442105e+00 1.0484631436e+01
207 6.0728033664e-01 7.3691455329e-02 2.7358553252e+00 1.0478015134e+01
208 6.0729207816e-01 7.3632807525e-02 2.7478428516e+00 1.0595763550e+01
209 6.0717420375e-01 7.3690925944e-02 2.7448307736e+00 1.0581015964e+01
210 6.0697671336e-01 7.3177858635e-02 2.7251054731e+00 1.0467514127e+01
211 6.0733790371e-01 7.4036425968e-02 2.7420089125e+00 1.0644952022e+01
212 6.0722466961e-01 7.3992353855e-02 2.7393574807e+00 1.0642143599e+01
213 6.0695179459e-01 7.3786944024e-02 2.7530498728e+00 1.0753576095e+01
214 6.0694317392e-01 7.3753278634e-02 2.7511086559e+00 1.0747123120e+01
215 6.0688464639e-01 7.3704461111e-02 2.7499516798e+00 1.0751886867e+01
216 6.0692177109e-01 7.3746521443e-02 2.7483110194e+00 1.0741261457e+01
217 6.0670281667e-01 7.3502757781e-02 2.7631761717e+00 1.0862931682e+01
218 6.0677921125e-01 7.4032148088e-02 2.7745050974e+00 1.0907183298e+01
219 6.0683969249e-01 7.4017442729e-02 2.7717715272e+00 1.0900564769e+01
220 6.0637307900e-01 7.3062466932e-02 2.7372047355e+00 1.0603538397e+01
221 6.0658627548e-01 7.3438555649e-02 2.7207605530e+00 1.0476100215e+01
222 6.0657147326e-01 7.3344413529e-02 2.7243093736e+00 1.0503943499e+01
223 6.0684727926e-01 7.3608195156e-02 2.7055870379e+00 1.0373054110e+01
224 6.0688397899e-01 7.3728729000e-02 2.7049874460e+00 1.0362490843e+01
225 6.0688652958e-01 7.3732598540e-02 2.7044618196e+00 1.0359855221e+01
226 6.0709098790e-01 7.4077667052e-02 2.6835971465e+00 1.0214677443e+01
227 6.0708142732e-01 7.4111564181e-02 2.6820586486e+00 1.0211174191e+01
228 6.0744288346e-01 7.5289543775e-02 2.7232723726e+00 1.0477861017e+01
229 6.0721750397e-01 7.4924446194e-02 2.7486440373e+00 1.0693381551e+01
230 6.0733703429e-01 7.5121271711e-02 2.7298607087e+00 1.0571695707e+01
231 6.0711561419e-01 7.4594785197e-02 2.7182997038e+00 1.0506638145e+01
232 6.0711646673e-01 7.4532360283e-02 2.7206374015e+00 1.0518061126e+01
233 6.0767407850e-01 7.5684247964e-02 2.6583879057e+00 1.0077547390e+01
234 6.0754879408e-01 7.5761715254e-02 2.6505237712e+00 1.0050886282e+01
235 6.0770338916e-01 7.6088271233e-02 2.6337938587e+00 9.9257382948e+00
236 6.0735035264e-01 7.5148662654e-02 2.6264183849e+00 9.8897413902e+00
237 6.0743814243e-01 7.5828590151e-02 2.6584607391e+00 1.0115893525e+01
238 6.0752199873e-01 7.6155755136e-02 2.6536754399e+00 1.0064905567e+01
239 6.0698832558e-01 7.5073229809e-02 2.6692081200e+00 1.0165260073e+01
240 6.0687727904e-01 7.5118082693e-02 2.6681708106e+00 1.0157156875e+01
241 6.0727366950e-01 7.5612657817e-02 2.6308920317e+00 9.9183711433e+00
242 6.0726327792e-01 7.5621697515e-02 2.6301485648e+00 9.9152152331e+00
243 6.0732252100e-01 7.5790211110e-02 2.6311330439e+00 9.8989392008e+00
244 6.0734418373e-01 7.5803261328e-02 2.6287241467e+00 9.8892634036e+00
245 6.0765498672e-01 7.6944758281e-02 2.6628892698e+00 1.0112308959e+01
246 6.0779334393e-01 7.7294755755e-02 2.6388059228e+00 9.9632931190e+00
247 6.0788884233e-01 7.7036458309e-02 2.5972503605e+00 9.7056688894e+00
248 6.0801101936e-01 7.7354496216e-02 2.5784801055e+00 9.5813403531e+00
249 6.0827441671e-01 7.8555653696e-02 2.6186558733e+00 9.8275765054e+00
250 6.0835786351e-01 7.8285968540e-02 2.5900842161e+00 9.6665750708e+00
251 6.0828558297e-01 7.8290710512e-02 2.5885783962e+00 9.6643965030e+00
252 6.0810660188e-01 7.8423869990e-02 2.5783321140e+00 9.6269684058e+00
253 6.0796984892e-01 7.8493287547e-02 2.5748619082e+00 9.6131153064e+00
254 6.0793459873e-01 7.8549410687e-02 2.5713161051e+00 9.5972337783e+00
255 6.0802915456e-01 7.9077325022e-02 2.5804355057e+00 9.6404906344e+00
256 6.0763463639e-01 7.8346367043e-02 2.5744712015e+00 9.6016092019e+00
257 6.0850573446e-01 7.9333566351e-02 2.5137958214e+00 9.1959197722e+00
258 6.0887470551e-01 8.0347714020e-02 2.5194632386e+00 9.2225873407e+00
259 6.0871044899e-01 8.0261602429e-02 2.5302723476e+00 9.2848334191e+00
260 6.0831110904e-01 7.9562115067e-02 2.5302275211e+00 9.3247611038e+00
261 6.0803073981e-01 7.9295267581e-02 2.5446510717e+00 9.4292814829e+00
262 6.0833746431e-01 7.9307740982e-02 2.4893525972e+00 9.0720129190e+00
263 6.0832105269e-01 7.9347439319e-02 2.4900600547e+00 9.0703525332e+00
264 6.0821609822e-01 7.9495982508e-02 2.4862132230e+00 9.0400772153e+00
265 6.0821074139e-01 7.9413323680e-02 2.4852976728e+00 9.0439737741e+00
266 6.0821952862e-01 7.9410653280e-02 2.4852773964e+00 9.0440887420e+00
267 6.0833578441e-01 7.9516044484e-02 2.4798167390e+00 9.0074837128e+00
268 6.0826779719e-01 7.9613018148e-02 2.4771117327e+00 8.9914462865e+00
269 6.0823679374e-01 7.9635570129e-02 2.4753889577e+00 8.9860436375e+00
270 6.0803379735e-01 7.8887139628e-02 2.4474710918e+00 8.8165624909e+00
271 6.0808743691e-01 7.8959813882e-02 2.4509817192e+00 8.8280791068e+00
272 6.0813802483e-01 7.8911745860e-02 2.4530845105e+00 8.8385255751e+00
273 6.0839746985e-01 7.9204594259e-02 2.4372737794e+00 8.7337475146e+00
274 6.0872335171e-01 8.0014380139e-02 2.4441488948e+00 8.7923153502e+00
275 6.0835673912e-01 7.9125435426e-02 2.4356610048e+00 8.7379968437e+00
276 6.0862756395e-01 7.9461569518e-02 2.4163591448e+00 8.6191309516e+00
277 6.0880901936e-01 7.9795638797e-02 2.3965937867e+00 8.5038532628e+00
278 6.0882092305e-01 8.0368946888e-02 2.4107800913e+00 8.5800388490e+00
279 6.0879508966e-01 8.0420829708e-02 2.4062676787e+00 8.5701386651e+00
280 6.0887154681e-01 8.0904446675e-02 2.4266988555e+00 8.7095524234e+00
281 6.0904314935e-01 8.1456781877e-02 2.4459824841e+00 8.8293002673e+00
282 6.0899110553e-01 8.1358359562e-02 2.4443514321e+00 8.8295699676e+00
283 6.0933905458e-01 8.2349302297e-02 2.4546944562e+00 8.8879945719e+00
284 6.0935387660e-01 8.2334878989e-02 2.4558610374e+00 8.8919822396e+00
285 6.0962532451e-01 8.3136984824e-02 2.4467492370e+00 8.7953003181e+00
286 6.0959051073e-01 8.2942111105e-02 2.4396870174e+00 8.7422564523e+00
287 6.0975928289e-01 8.3200984976e-02 2.4255326922e+00 8.6475594180e+00
288 6.0981133362e-01 8.3215041367e-02 2.4214744044e+00 8.6373457858e+00
289 6.0977421879e-01 8.3238742054e-02 2.4199610123e+00 8.6326283282e+00
290 6.0994943345e-01 8.3543246360e-02 2.4057104541e+00 8.5357339950e+00
291 6.1022409809e-01 8.4713334181e-02 2.4464726189e+00 8.7949118163e+00
292 6.1049200279e-01 8.5035465639e-02 2.4286244838e+00 8.6839650688e+00
293 6.1084566860e-01 8.5416418100e-02 2.4010003090e+00 8.5277518934e+00
294 6.1071161034e-01 8.4860159935e-02 2.3775801474e+00 8.3808025393e+00
295 6.1074621072e-01 8.4842916694e-02 2.3787959783e+00 8.3822002839e+00
296 6.1063768921e-01 8.4418688704e-02 2.3647066032e+00 8.3073344807e+00
297 6.1033533659e-01 8.3738968350e-02 2.3658014919e+00 8.3323897426e+00
298 6.1024300630e-01 8.3779813380e-02 2.3650497973e+00 8.3269269859e+00
299 6.1063040694e-01 8.4188643111e-02 2.3381864268e+00 8.1699260064e+00
300 6.1058332451e-01 8.4240309202e-02 2.3421997823e+00 8.1909206839e+00
301 6.1091079344e-01 8.5235019383e-02 2.3793091093e+00 8.4350339688e+00
302 6.1057407243e-01 8.4588649222e-02 2.3684520840e+00 8.3347839901e+00
303 6.1089097565e-01 8.5032980137e-02 2.3429937881e+00 8.1797177585e+00
304 6.1109471305e-01 8.5253438966e-02 2.3265607727e+00 8.0943145996e+00
305 6.1064734617e-01 8.4432294050e-02 2.3194744198e+00 8.0631890666e+00
306 6.1070895338e-01 8.4741488436e-02 2.3007719746e+00 7.9625469086e+00
307 6.1064053241e-01 8.4632687109e-02 2.3022898142e+00 7.9791307981e+00
308 6.1076011203e-01 8.5177114659e-02 2.3183253003e+00 8.0706009290e+00
309 6.1057079753e-01 8.4700659533e-02 2.3039945594e+00 8.0013722655e+00
310 6.1084499083e-01 8.5587496271e-02 2.3271326303e+00 8.1267965586e+00
311 6.1081745226e-01 8.5557351131e-02 2.3273338904e+00 8.1286365106e+00
312 6.1040376192e-01 8.4723868378e-02 2.3189872511e+00 8.0756479233e+00
313 6.1062972057e-01 8.4958744204e-02 2.3024463737e+00 7.9850064332e+00
314 6.1079145256e-01 8.5063212710e-02 2.2901607094e+00 7.9266352598e+00
315 6.1102684214e-01 8.5403306225e-02 2.2780054600e+00 7.8429890038e+00
316 6.1116852554e-01 8.5447993483e-02 2.2572440842e+00 7.7196655639e+00
317 6.1186727485e-01 8.6036514147e-02 2.2218836247e+00 7.5138451758e+00
318 6.1187262553e-01 8.6024586050e-02 2.2192516109e+00 7.5087858270e+00
319 6.1213633067e-01 8.6318017342e-02 2.2063526912e+00 7.4318714714e+00
320 6.1217154683e-01 8.6252733463e-02 2.2057494056e+00 7.4333600668e+00
321 6.1213852588e-01 8.6298586844e-02 2.2017525420e+00 7.4235209107e+00
322 6.1191517558e-01 8.5907785713e-02 2.2119697823e+00 7.4980730819e+00
323 6.1182153260e-01 8.5906249108e-02 2.2147069565e+00 7.5398584569e+00
324 6.1185963792e-01 8.5691410719e-02 2.1847345123e+00 7.3603522375e+00
325 6.1157003752e-01 8.5496521413e-02 2.1978045060e+00 7.4478371591e+00
326 6.1173085566e-01 8.6079014453e-02 2.2066217332e+00 7.4952799470e+00
327 6.1168385520e-01 8.6087750846e-02 2.2063324941e+00 7.4939355054e+00
328 6.1170172744e-01 8.6501504952e-02 2.2441518556e+00 7.8133990445e+00
329 6.1167067153e-01 8.6492271701e-02 2.2461449839e+00 7.8196856392e+00
330 6.1190251918e-01 8.6718352490e-02 2.2329711837e+00 7.7412779399e+00
331 6.1186142124e-01 8.6678646450e-02 2.2342989211e+00 7.7526304575e+00
332 6.1200044940e-01 8.7170078823e-02 2.2536883804e+00 7.8684019107e+00
333 6.1160647582e-01 8.6398087136e-02 2.2418695915e+00 7.7874908898e+00
334 6.1154538031e-01 8.6478552882e-02 2.2358657099e+00 7.7361017946e+00
335 6.1157879645e-01 8.6462461306e-02 2.2363571311e+00 7.7379484451e+00
336 6.1154255935e-01 8.6627201543e-02 2.2492964090e+00 7.8542700036e+00
337 6.1161916252e-01 8.6589575346e-02 2.2516741120e+00 7.8614065263e+00
338 6.1145158873e-01 8.6169133359e-02 2.2477006120e+00 7.8698967154e+00
339 6.1147588464e-01 8.6137719964e-02 2.2460711969e+00 7.8671101116e+00
340 6.1165878235e-01 8.6227484017e-02 2.2326319107e+00 7.7944890477e+00
341 6.1146305256e-01 8.5718063166e-02 2.2115661965e+00 7.6763902509e+00
342 6.1111825824e-01 8.5020827901e-02 2.2084768496e+00 7.6752846375e+00
343 6.1133067755e-01 8.5314565467e-02 2.1964038410e+00 7.5983628310e+00
344 6.1109080762e-01 8.5022890038e-02 2.2096773701e+00 7.6810673211e+00
345 6.1065137547e-01 8.4381840939e-02 2.2043827758e+00 7.6775059795e+00
346 6.1034108028e-01 8.4085945336e-02 2.2194094509e+00 7.7653802338e+00
347 6.1022758834e-01 8.4139886660e-02 2.2180964949e+00 7.7583981628e+00
348 6.1014210113e-01 8.4051977566e-02 2.2188109541e+00 7.7717234569e+00
349 6.1028609876e-01 8.4225536224e-02 2.2043856761e+00 7.7023391997e+00
350 6.1017739193e-01 8.4328463042e-02 2.2003510716e+00 7.6865436754e+00
351 6.1015639062e-01 8.4339777535e-02 2.1998781156e+00 7.6850997469e+00
352 6.1026492865e-01 8.4607876053e-02 2.1867939444e+00 7.6085030029e+00
353 6.1046291266e-01 8.4952513426e-02 2.1751578017e+00 7.5238424250e+00
354 6.1046195791e-01 8.5003908618e-02 2.1759971344e+00 7.5282198509e+00
355 6.1080493695e-01 8.5790017438e-02 2.1781144081e+00 7.5237946567e+00
356 6.1043078009e-01 8.5202219388e-02 2.1835331162e+00 7.5737245489e+00
357 6.1052290389e-01 8.4928951081e-02 2.1360862716e+00 7.2432323637e+00
358 6.1046892544e-01 8.5037169755e-02 2.1320751218e+00 7.2260331551e+00
359 6.1010997870e-01 8.4255683421e-02 2.1223928300e+00 7.1691547862e+00
360 6.1012557388e-01 8.4282344215e-02 2.1196467108e+00 7.1593997520e+00
361 6.1022017644e-01 8.4792432317e-02 2.1350126336e+00 7.2301251069e+00
362 6.0958833450e-01 8.3839422587e-02 2.1429093913e+00 7.2806531807e+00
363 6.0952935640e-01 8.3784212066e-02 2.1433671709e+00 7.2897991259e+00
364 6.0953785525e-01 8.3819930918e-02 2.1409432366e+00 7.2815913285e+00
365 6.0928311111e-01 8.3538132708e-02 2.1497640350e+00 7.3474676687e+00
