1 5.9282947138e-01 1.1102230246e-16 1.0000000000e+00 1.0000000000e+00
2 5.9289711972e-01 1.7678134293e-03 9.1501286630e+00 2.5335952153e+02
3 5.9307723182e-01 8.2025892635e-03 2.2423888129e+01 6.5197028104e+02
4 5.9310545693e-01 8.5424007914e-03 1.9761007818e+01 5.5555597382e+02
5 5.9335364052e-01 1.1337871236e-02 1.7024460342e+01 3.5479537605e+02
6 5.9390234280e-01 1.5438863454e-02 1.3466626198e+01 2.0393474106e+02
7 5.9397979209e-01 1.5491938097e-02 1.3321216336e+01 2.0089892156e+02
8 5.9396021270e-01 1.5520740313e-02 1.3246877068e+01 1.9948568977e+02
9 5.9390918698e-01 1.5582064659e-02 1.3084966023e+01 1.9656452602e+02
10 5.9390261820e-01 1.5610971031e-02 1.3009135800e+01 1.9514151504e+02
11 5.9386872536e-01 1.5756457353e-02 1.2604372572e+01 1.8832067445e+02
12 5.9391805586e-01 1.5843769059e-02 1.2395423562e+01 1.8407913659e+02
13 5.9378192578e-01 1.6046670064e-02 1.1890511619e+01 1.7553877124e+02
14 5.9408870800e-01 1.7788272375e-02 1.0894119184e+01 1.4451655486e+02
15 5.9424220399e-01 1.9481783036e-02 9.9241145680e+00 1.2024328267e+02
16 5.9418635028e-01 1.9650767874e-02 9.6751197346e+00 1.1629386113e+02
17 5.9417031147e-01 1.9817332018e-02 9.4095835707e+00 1.1255155420e+02
18 5.9440819504e-01 2.1243616904e-02 8.8902772234e+00 9.8993476689e+01
19 5.9445795793e-01 2.1261780942e-02 8.8636080446e+00 9.8574592366e+01
20 5.9461261223e-01 2.3438041859e-02 1.0036993413e+01 1.2917304815e+02
21 5.9492441565e-01 2.5801659737e-02 8.9020683596e+00 1.0044692995e+02
22 5.9493898650e-01 2.5825410780e-02 8.8741917785e+00 1.0006030613e+02
23 5.9501135901e-01 2.7764495289e-02 9.1846313881e+00 1.0653801103e+02
24 5.9502770141e-01 2.7758684588e-02 9.1845000549e+00 1.0659980131e+02
25 5.9502832522e-01 2.7804171113e-02 9.1346882391e+00 1.0591367982e+02
26 5.9476203118e-01 2.6902452272e-02 9.4782537322e+00 1.1582355085e+02
27 5.9480521442e-01 2.6940146411e-02 9.4327603221e+00 1.1511837893e+02
28 5.9499026514e-01 2.8001370692e-02 8.9364950074e+00 1.0303681710e+02
29 5.9472888682e-01 2.6274376475e-02 8.3669405198e+00 9.3289808684e+01
30 5.9494139500e-01 2.7331431828e-02 8.0076862822e+00 8.4539190199e+01
31 5.9492052268e-01 2.7461317401e-02 7.8772587069e+00 8.3032472312e+01
32 5.9489412967e-01 2.7644250685e-02 7.8167646706e+00 8.2007031183e+01
33 5.9512445595e-01 2.8617970872e-02 7.5466752428e+00 7.5393846208e+01
34 5.9508046307e-01 2.8653263530e-02 7.5220009769e+00 7.5069792926e+01
35 5.9512240794e-01 2.8716406573e-02 7.4640899654e+00 7.4381082462e+01
36 5.9549793362e-01 3.1159983267e-02 7.6409486882e+00 7.5956678315e+01
37 5.9556633433e-01 3.1213644246e-02 7.5982158397e+00 7.5374057630e+01
38 5.9554447566e-01 3.1229196541e-02 7.5885705501e+00 7.5245482678e+01
39 5.9549789089e-01 3.1268854471e-02 7.5602561462e+00 7.4915730535e+01
40 5.9539978224e-01 3.1323324611e-02 7.5235890631e+00 7.4497050826e+01
41 5.9537540463e-01 3.1359229881e-02 7.4966718868e+00 7.4185941693e+01
42 5.9539745531e-01 3.1389087856e-02 7.4746608111e+00 7.3885574534e+01
43 5.9541426031e-01 3.1405212174e-02 7.4624031445e+00 7.3719121454e+01
44 5.9556642611e-01 3.2356805461e-02 7.1603351645e+00 6.7869114299e+01
45 5.9573946725e-01 3.3252084373e-02 6.9039705908e+00 6.3022593016e+01
46 5.9571457894e-01 3.3289500016e-02 6.8836631115e+00 6.2763173177e+01
47 5.9585371517e-01 3.4017030779e-02 6.6435834058e+00 5.8723601907e+01
48 5.9583476613e-01 3.4063326131e-02 6.6148965538e+00 5.8424939827e+01
49 5.9581096144e-01 3.4086424961e-02 6.6035235891e+00 5.8284633480e+01
50 5.9603108336e-01 3.5064029655e-02 6.4331975721e+00 5.4706342894e+01
51 5.9608728120e-01 3.5046249735e-02 6.4409902897e+00 5.4772036808e+01
52 5.9623644598e-01 3.5777506884e-02 6.2434722836e+00 5.1587887649e+01
53 5.9620178240e-01 3.5794492353e-02 6.2367201628e+00 5.1515255934e+01
54 5.9667055445e-01 3.7305407221e-02 5.9551405137e+00 4.6347741291e+01
55 5.9709386086e-01 3.8705339026e-02 5.7125588875e+00 4.2201770660e+01
56 5.9756978745e-01 4.0020439146e-02 5.4727318941e+00 3.8585643105e+01
57 5.9759511200e-01 4.0048866034e-02 5.4598692856e+00 3.8463252970e+01
58 5.9757191616e-01 4.0080762041e-02 5.4471941173e+00 3.8355944105e+01
59 5.9763676829e-01 4.0067399940e-02 5.4235437282e+00 3.8165584380e+01
60 5.9785148998e-01 4.0732291953e-02 5.3222989978e+00 3.6603453720e+01
61 5.9785184518e-01 4.0746152971e-02 5.3166303542e+00 3.6554120527e+01
62 5.9798593418e-01 4.1807474255e-02 5.4283320112e+00 3.8014102346e+01
63 5.9845583788e-01 4.2499706886e-02 5.0293379086e+00 3.2572956160e+01
64 5.9869706729e-01 4.3094696156e-02 4.9537996675e+00 3.1473352120e+01
65 5.9882468541e-01 4.3528610947e-02 4.8752446196e+00 3.0525162225e+01
66 5.9886997978e-01 4.3617859664e-02 4.8434127412e+00 3.0260778938e+01
67 5.9882528437e-01 4.3569698471e-02 4.8431458350e+00 3.0293016055e+01
68 5.9880089741e-01 4.3648698884e-02 4.8157031043e+00 3.0090347657e+01
69 5.9873413017e-01 4.3733667554e-02 4.8081881805e+00 3.0019550087e+01
70 5.9874506839e-01 4.3742674407e-02 4.8047888242e+00 2.9989216656e+01
71 5.9907271447e-01 4.4436813430e-02 4.7267348889e+00 2.8922548584e+01
72 5.9914991363e-01 4.4596643639e-02 4.7262416100e+00 2.8877625961e+01
73 5.9917943816e-01 4.4719026853e-02 4.7123773642e+00 2.8774839727e+01
74 5.9944598408e-01 4.5718435698e-02 4.8315720739e+00 3.0319182125e+01
75 5.9968476214e-01 4.6288399008e-02 4.7567989441e+00 2.9326261263e+01
76 5.9980441776e-01 4.6858039957e-02 4.6686929103e+00 2.8315188876e+01
77 6.0003747983e-01 4.7576879329e-02 4.6052395490e+00 2.7407303430e+01
78 6.0020291514e-01 4.8144467255e-02 4.5349269300e+00 2.6560253621e+01
79 6.0019201130e-01 4.8148863548e-02 4.5342032797e+00 2.6554812959e+01
80 6.0016961331e-01 4.8118905154e-02 4.5271710564e+00 2.6533834791e+01
81 6.0064335906e-01 4.9665396798e-02 4.5209515998e+00 2.6187476515e+01
82 6.0068153533e-01 4.9851176869e-02 4.5010117824e+00 2.5996564227e+01
83 6.0087716368e-01 5.0542570079e-02 4.4846793095e+00 2.5949443566e+01
84 6.0084976008e-01 5.0667069565e-02 4.4656625841e+00 2.5803373050e+01
85 6.0067521550e-01 5.0774064141e-02 4.4424812544e+00 2.5654210791e+01
86 6.0065634889e-01 5.0769202865e-02 4.4454451753e+00 2.5669754167e+01
87 6.0088841421e-01 5.1302181148e-02 4.3766088639e+00 2.4915391347e+01
88 6.0096055802e-01 5.1287006474e-02 4.3769608077e+00 2.4919358798e+01
89 6.0099256823e-01 5.1320484960e-02 4.3774994570e+00 2.4906928846e+01
90 6.0090717946e-01 5.1472245541e-02 4.3380938248e+00 2.4652620086e+01
91 6.0091351670e-01 5.1336807550e-02 4.3446190508e+00 2.4749425805e+01
92 6.0068595940e-01 5.1024439981e-02 4.3855137401e+00 2.5239989237e+01
93 6.0052234045e-01 5.1087686903e-02 4.3770738138e+00 2.5173909186e+01
94 6.0085576719e-01 5.2595232660e-02 4.3800444938e+00 2.5132442783e+01
95 6.0120970520e-01 5.4013901935e-02 4.3786821945e+00 2.4946429544e+01
96 6.0119969988e-01 5.4051247038e-02 4.3693150389e+00 2.4882005251e+01
97 6.0123597512e-01 5.4057533621e-02 4.3661924677e+00 2.4858290394e+01
98 6.0143329088e-01 5.4657519685e-02 4.3117746056e+00 2.4179239413e+01
99 6.0165372850e-01 5.5274617248e-02 4.2516425374e+00 2.3485973648e+01
100 6.0165242348e-01 5.5476172561e-02 4.2563665706e+00 2.3475388999e+01
101 6.0193034640e-01 5.5949499733e-02 4.2026756430e+00 2.2885956110e+01
102 6.0155099294e-01 5.4642395230e-02 4.1928743713e+00 2.2905086215e+01
103 6.0155428519e-01 5.4704050931e-02 4.1923031380e+00 2.2884487107e+01
104 6.0155698651e-01 5.4752007477e-02 4.1799803061e+00 2.2804770412e+01
105 6.0168318911e-01 5.4498656874e-02 4.0613908544e+00 2.1621829294e+01
106 6.0183847855e-01 5.5005077152e-02 4.0073349585e+00 2.1068549505e+01
107 6.0190529323e-01 5.4415864209e-02 3.9067140764e+00 2.0075347062e+01
108 6.0204081285e-01 5.4981145360e-02 3.8625403331e+00 1.9600086655e+01
109 6.0223820175e-01 5.5448947604e-02 3.8201254832e+00 1.9157754521e+01
110 6.0292083072e-01 5.6756848319e-02 3.7083346352e+00 1.8010368077e+01
111 6.0290222936e-01 5.6765400260e-02 3.7074735002e+00 1.8004450030e+01
112 6.0295641402e-01 5.7060577614e-02 3.6690703562e+00 1.7691543238e+01
113 6.0294621117e-01 5.7555433295e-02 3.7609550756e+00 1.8586310453e+01
114 6.0342004354e-01 5.8456693078e-02 3.6862962948e+00 1.7821070550e+01
115 6.0343447921e-01 5.8461009416e-02 3.6844533573e+00 1.7812525207e+01
116 6.0366367694e-01 5.9125327050e-02 3.6467933189e+00 1.7413535550e+01
117 6.0398060138e-01 6.0086430554e-02 3.6409772817e+00 1.7328564803e+01
118 6.0403348402e-01 6.0545937040e-02 3.5961825638e+00 1.6941443694e+01
119 6.0423950855e-01 6.0833042222e-02 3.5629738649e+00 1.6643268686e+01
120 6.0447309750e-01 6.1229821430e-02 3.5315084015e+00 1.6338357787e+01
121 6.0436720653e-01 6.1264708379e-02 3.5125536820e+00 1.6206862254e+01
122 6.0446678414e-01 6.1667023314e-02 3.4716206445e+00 1.5880015423e+01
123 6.0470724421e-01 6.1978262965e-02 3.4383270970e+00 1.5605585116e+01
124 6.0469259425e-01 6.1928515674e-02 3.4357657755e+00 1.5617202888e+01
125 6.0462658340e-01 6.1842485470e-02 3.4277228665e+00 1.5522193089e+01
126 6.0430156171e-01 6.0600940287e-02 3.4104413666e+00 1.5396539502e+01
127 6.0447909919e-01 6.0966560554e-02 3.3661764110e+00 1.5049689916e+01
128 6.0449602480e-01 6.0939092260e-02 3.3613530394e+00 1.5029403556e+01
129 6.0425271047e-01 5.9946995706e-02 3.3492126921e+00 1.4960785960e+01
130 6.0426588995e-01 5.9944094461e-02 3.3490677497e+00 1.4960744069e+01
131 6.0420643784e-01 5.9985317090e-02 3.3457830898e+00 1.4939607199e+01
132 6.0408135794e-01 5.9288703859e-02 3.3105410660e+00 1.4653417753e+01
133 6.0400136898e-01 5.9220743115e-02 3.3090614821e+00 1.4671500261e+01
134 6.0415686133e-01 5.9657985505e-02 3.2797817270e+00 1.4402966802e+01
135 6.0402689115e-01 5.9685991099e-02 3.2807007807e+00 1.4405518507e+01
136 6.0471488181e-01 6.0887383501e-02 3.1994583832e+00 1.3682755314e+01
137 6.0478409097e-01 6.0922717858e-02 3.1931567361e+00 1.3650919366e+01
138 6.0501300981e-01 6.1352844842e-02 3.1647428162e+00 1.3407222607e+01
139 6.0487065383e-01 6.0563039448e-02 3.0741560732e+00 1.2479014436e+01
140 6.0470140869e-01 5.9999061918e-02 3.0876815718e+00 1.2626015615e+01
141 6.0481108378e-01 5.9997243949e-02 3.0809708907e+00 1.2599418356e+01
142 6.0486538691e-01 6.0066899135e-02 3.0750903044e+00 1.2580718415e+01
143 6.0478759557e-01 6.0094062986e-02 3.0740177466e+00 1.2574431436e+01
144 6.0499432756e-01 6.0461085382e-02 3.0480925919e+00 1.2364654746e+01
145 6.0522674963e-01 6.0930488236e-02 3.0235893217e+00 1.2155932890e+01
146 6.0523419727e-01 6.0891911323e-02 3.0232552240e+00 1.2160121225e+01
147 6.0547678087e-01 6.1115387874e-02 2.9982049938e+00 1.1990402758e+01
148 6.0565321758e-01 6.2720399268e-02 3.1044829343e+00 1.3017747112e+01
149 6.0580498122e-01 6.3390791927e-02 3.1437328638e+00 1.3337786930e+01
150 6.0621009730e-01 6.4437149047e-02 3.0840108255e+00 1.2876777464e+01
151 6.0619194991e-01 6.4472656151e-02 3.0792074170e+00 1.2853019692e+01
152 6.0622061505e-01 6.4530816643e-02 3.0738043087e+00 1.2830722958e+01
153 6.0666905658e-01 6.5725246977e-02 3.1284488775e+00 1.3461838268e+01
154 6.0665204148e-01 6.4679696334e-02 3.0278001351e+00 1.2564962590e+01
155 6.0635781678e-01 6.3620867022e-02 3.0042304396e+00 1.2344647297e+01
156 6.0655754956e-01 6.4005792019e-02 2.9827629982e+00 1.2164100714e+01
157 6.0652219694e-01 6.4063519787e-02 2.9747029104e+00 1.2128553824e+01
158 6.0672100358e-01 6.4496488774e-02 2.9522248529e+00 1.1937290243e+01
159 6.0687408994e-01 6.5228396141e-02 3.0016844103e+00 1.2379321224e+01
160 6.0692024652e-01 6.5229212465e-02 2.9996032660e+00 1.2370138452e+01
161 6.0663654339e-01 6.4570559863e-02 2.9451623856e+00 1.1898991457e+01
162 6.0667559478e-01 6.4555054658e-02 2.9462822720e+00 1.1902313558e+01
163 6.0674862867e-01 6.4549655472e-02 2.9403878127e+00 1.1876083222e+01
164 6.0672526643e-01 6.4611999626e-02 2.9377614491e+00 1.1856714850e+01
165 6.0650282295e-01 6.4011903648e-02 2.8970533356e+00 1.1562404420e+01
166 6.0704860231e-01 6.5462615243e-02 2.8602194381e+00 1.1260573182e+01
167 6.0717905222e-01 6.6018920558e-02 2.8428269831e+00 1.1105125266e+01
168 6.0751226687e-01 6.7103018660e-02 2.8649999904e+00 1.1298732789e+01
169 6.0746020928e-01 6.6999297241e-02 2.8610875519e+00 1.1300294607e+01
170 6.0750241070e-01 6.7682602027e-02 2.8970681125e+00 1.1613766733e+01
171 6.0729982095e-01 6.7361831365e-02 2.9200932844e+00 1.1819724016e+01
172 6.0751863162e-01 6.7716081099e-02 2.8983377068e+00 1.1645103578e+01
173 6.0755752428e-01 6.7710406198e-02 2.8974020433e+00 1.1642327021e+01
174 6.0758797934e-01 6.7713544103e-02 2.8953580105e+00 1.1635335968e+01
175 6.0821498131e-01 6.9249754835e-02 2.8966199843e+00 1.1598901938e+01
176 6.0804388875e-01 6.8612302378e-02 2.8607354338e+00 1.1316322714e+01
177 6.0810211360e-01 6.8616128065e-02 2.8634020338e+00 1.1319162627e+01
178 6.0836066614e-01 6.8912801330e-02 2.8393552331e+00 1.1156069502e+01
179 6.0830538684e-01 6.8814089953e-02 2.8332550001e+00 1.1149268241e+01
180 6.0884663224e-01 7.0101528379e-02 2.8502640789e+00 1.1380197650e+01
181 6.0857830660e-01 6.8955225635e-02 2.8018471918e+00 1.0954092206e+01
182 6.0854708736e-01 6.9094204764e-02 2.7879363289e+00 1.0918549097e+01
183 6.0848016237e-01 6.9126882608e-02 2.7864619485e+00 1.0911830543e+01
184 6.0873831704e-01 6.9474762698e-02 2.7643333423e+00 1.0749393725e+01
185 6.0902328023e-01 6.9942374689e-02 2.7428026207e+00 1.0580137118e+01
186 6.0906302067e-01 6.9961838211e-02 2.7385641968e+00 1.0562561454e+01
187 6.0927337766e-01 7.0578183387e-02 2.7805468746e+00 1.0901334691e+01
188 6.0995788445e-01 7.1841774392e-02 2.7286571365e+00 1.0517805798e+01
189 6.1005808473e-01 7.1853969410e-02 2.7226449621e+00 1.0495995605e+01
190 6.1008912866e-01 7.1855928311e-02 2.7207097467e+00 1.0491131563e+01
191 6.1009473394e-01 7.1866507719e-02 2.7191797715e+00 1.0484173069e+01
192 6.0996931475e-01 7.1840475858e-02 2.7170842198e+00 1.0485128312e+01
193 6.1002401978e-01 7.1904171788e-02 2.7194468068e+00 1.0497010819e+01
194 6.1021452326e-01 7.2519734968e-02 2.7452005884e+00 1.0689903999e+01
195 6.1067557134e-01 7.3069797957e-02 2.7002755809e+00 1.0350476725e+01
196 6.1063419013e-01 7.3090454729e-02 2.6985865612e+00 1.0344683748e+01
197 6.1058225388e-01 7.3053949947e-02 2.6999295079e+00 1.0352277906e+01
198 6.1021792755e-01 7.2100463274e-02 2.6844801670e+00 1.0218154119e+01
199 6.1044502091e-01 7.2504975057e-02 2.6597435000e+00 1.0059544392e+01
200 6.1068972429e-01 7.2789377466e-02 2.6407627874e+00 9.9298056807e+00
201 6.1084025323e-01 7.3227638500e-02 2.6198756940e+00 9.7857741897e+00
202 6.1081516658e-01 7.3413772320e-02 2.6231430060e+00 9.7827230823e+00
203 6.1079799349e-01 7.3415550947e-02 2.6237401852e+00 9.7839870768e+00
204 6.1100642631e-01 7.3663275895e-02 2.6065572824e+00 9.6711679090e+00
205 6.1113293561e-01 7.4276036113e-02 2.6286799887e+00 9.8272408054e+00
206 6.1150153426e-01 7.5102410392e-02 2.6326410645e+00 9.8405636867e+00
207 6.1149964080e-01 7.4953165169e-02 2.6254861730e+00 9.7779046121e+00
208 6.1190997674e-01 7.5609504014e-02 2.5886623029e+00 9.5258773998e+00
209 6.1216108290e-01 7.5920276714e-02 2.5704324670e+00 9.4007885878e+00
210 6.1225742656e-01 7.6474451506e-02 2.5846979113e+00 9.4779152476e+00
211 6.1211508175e-01 7.5983814599e-02 2.5624531411e+00 9.3494086077e+00
212 6.1236062848e-01 7.6204972893e-02 2.5448256141e+00 9.2405817740e+00
213 6.1229272091e-01 7.6261344178e-02 2.5408517089e+00 9.2231202078e+00
214 6.1265796656e-01 7.7170954133e-02 2.5527511083e+00 9.3175783149e+00
215 6.1242136952e-01 7.6828975259e-02 2.5684516026e+00 9.4332928608e+00
216 6.1272077972e-01 7.7176049442e-02 2.5471623083e+00 9.3072241864e+00
217 6.1327688347e-01 7.8053478510e-02 2.4917909650e+00 8.9726022482e+00
218 6.1333896221e-01 7.9105638563e-02 2.5284165929e+00 9.2390049030e+00
219 6.1391563372e-01 8.0114323558e-02 2.5091754507e+00 9.1113235085e+00
220 6.1357514577e-01 7.9296311032e-02 2.5029424695e+00 9.0889720616e+00
221 6.1343433057e-01 7.8989376034e-02 2.4870433218e+00 8.9847591508e+00
222 6.1304636708e-01 7.8178946785e-02 2.4723697658e+00 8.8872170467e+00
223 6.1324523098e-01 7.8326037457e-02 2.4594209178e+00 8.8118925135e+00
224 6.1318271687e-01 7.8366816042e-02 2.4853018031e+00 8.9837857591e+00
225 6.1319125340e-01 7.8363656078e-02 2.4853014168e+00 8.9841643302e+00
226 6.1303045657e-01 7.7870989777e-02 2.4666109230e+00 8.8755370578e+00
227 6.1282002235e-01 7.7628685954e-02 2.4851260854e+00 8.9936615123e+00
228 6.1276624441e-01 7.7868735345e-02 2.4794895405e+00 8.9544047321e+00
229 6.1267182738e-01 7.7181326551e-02 2.4504562298e+00 8.7567563213e+00
230 6.1220471074e-01 7.6723715910e-02 2.4816706141e+00 8.9601399669e+00
231 6.1236873013e-01 7.6978653893e-02 2.4594013443e+00 8.8510813977e+00
232 6.1231209806e-01 7.6448837609e-02 2.4279784781e+00 8.6192946828e+00
233 6.1264917926e-01 7.6793936094e-02 2.4107797717e+00 8.4980646968e+00
234 6.1284288634e-01 7.7395247521e-02 2.4255507796e+00 8.5706699486e+00
235 6.1313273873e-01 7.8568708624e-02 2.4648190661e+00 8.8432222717e+00
236 6.1333361863e-01 7.8868388796e-02 2.4498021337e+00 8.7401795358e+00
237 6.1376323949e-01 7.9396520219e-02 2.4227865628e+00 8.5642295243e+00
238 6.1397529118e-01 7.9658675671e-02 2.4089994130e+00 8.4736262569e+00
239 6.1401755601e-01 7.9725805082e-02 2.4037904271e+00 8.4521226911e+00
240 6.1399253292e-01 7.9779235272e-02 2.4014386902e+00 8.4393008484e+00
241 6.1416754008e-01 8.0232674642e-02 2.4081659076e+00 8.4594656599e+00
242 6.1435684300e-01 8.0777863670e-02 2.3920186573e+00 8.3580975844e+00
243 6.1464200329e-01 8.0904611967e-02 2.3782189495e+00 8.2853014843e+00
244 6.1469451526e-01 8.0863091253e-02 2.3769022241e+00 8.2852723266e+00
245 6.1465259083e-01 8.0879477500e-02 2.3750952548e+00 8.2822476050e+00
246 6.1510861501e-01 8.1543505229e-02 2.3476252214e+00 8.0993439873e+00
247 6.1524924855e-01 8.1794170572e-02 2.3337343127e+00 8.0158838081e+00
248 6.1576448101e-01 8.2422391323e-02 2.3089586982e+00 7.8485466470e+00
249 6.1619854991e-01 8.2988637849e-02 2.2797328132e+00 7.6767964841e+00
250 6.1692840123e-01 8.4303439396e-02 2.2774308429e+00 7.6493023212e+00
251 6.1670611458e-01 8.3948149175e-02 2.2904208600e+00 7.7311281594e+00
252 6.1664279497e-01 8.3987020184e-02 2.2885170514e+00 7.7248914413e+00
253 6.1653605218e-01 8.3612284544e-02 2.2986925717e+00 7.8031120006e+00
254 6.1650058278e-01 8.3605012660e-02 2.3005847741e+00 7.8096526238e+00
255 6.1644748611e-01 8.3712987419e-02 2.2946846686e+00 7.7902898767e+00
256 6.1660814104e-01 8.3384719132e-02 2.2646352312e+00 7.6304529637e+00
257 6.1666975203e-01 8.3513956319e-02 2.2630878258e+00 7.6204881982e+00
258 6.1688588165e-01 8.3875255365e-02 2.2489314322e+00 7.5375133424e+00
259 6.1714498633e-01 8.4177538497e-02 2.2341151940e+00 7.4527443634e+00
260 6.1691875679e-01 8.3774923281e-02 2.2253370628e+00 7.4175862705e+00
261 6.1690230351e-01 8.3841831782e-02 2.2264347312e+00 7.4170572524e+00
262 6.1702577597e-01 8.3995332021e-02 2.2174867293e+00 7.3852858209e+00
263 6.1751340638e-01 8.4451649238e-02 2.1908990264e+00 7.2422821535e+00
264 6.1748498320e-01 8.4497956065e-02 2.1904677892e+00 7.2375061203e+00
265 6.1740131666e-01 8.4489979355e-02 2.1848007823e+00 7.2091224822e+00
266 6.1697474871e-01 8.3742460798e-02 2.1423846801e+00 6.9389630395e+00
267 6.1696660265e-01 8.3774164072e-02 2.1386248762e+00 6.9323207960e+00
268 6.1720190868e-01 8.4214530553e-02 2.1285475912e+00 6.8698521237e+00
269 6.1737653481e-01 8.4534792327e-02 2.1105980403e+00 6.7885306223e+00
270 6.1777458192e-01 8.5172452126e-02 2.0812528940e+00 6.6476009731e+00
271 6.1765648658e-01 8.4699004988e-02 2.0724496795e+00 6.6029674276e+00
272 6.1778644674e-01 8.4659954160e-02 2.0636769091e+00 6.5622367782e+00
273 6.1774110230e-01 8.4646104867e-02 2.0634531261e+00 6.5611334809e+00
274 6.1757696455e-01 8.4389687104e-02 2.0559825583e+00 6.5173472632e+00
275 6.1771122403e-01 8.4854091345e-02 2.0746761115e+00 6.6249679379e+00
276 6.1749702065e-01 8.4238388854e-02 2.0552484843e+00 6.5110782477e+00
277 6.1784241682e-01 8.4922009703e-02 2.0680711477e+00 6.6134886960e+00
278 6.1777573763e-01 8.4877444356e-02 2.0696057961e+00 6.6243282808e+00
279 6.1753235724e-01 8.4245561818e-02 2.0713755797e+00 6.6520825947e+00
280 6.1775693154e-01 8.4596375638e-02 2.0621095973e+00 6.5916045859e+00
281 6.1773669639e-01 8.4461625782e-02 2.0549511299e+00 6.5407788952e+00
282 6.1762942873e-01 8.4471166536e-02 2.0560276232e+00 6.5443193610e+00
283 6.1769809866e-01 8.4471898295e-02 2.0572621498e+00 6.5464783183e+00
284 6.1795000350e-01 8.5006209417e-02 2.0782907121e+00 6.6766371385e+00
285 6.1816769935e-01 8.5295846020e-02 2.0665855018e+00 6.6096904024e+00
286 6.1813951764e-01 8.5306158823e-02 2.0666640189e+00 6.6093346280e+00
287 6.1836743664e-01 8.5807129921e-02 2.0710905063e+00 6.6257748659e+00
288 6.1871505144e-01 8.6624228851e-02 2.0811635016e+00 6.6997808003e+00
289 6.1892066741e-01 8.7008081214e-02 2.0693939219e+00 6.6344536130e+00
290 6.1905887626e-01 8.7207575358e-02 2.0554324496e+00 6.5690729301e+00
291 6.1903640823e-01 8.7024664039e-02 2.0510078023e+00 6.5514067527e+00
292 6.1877236178e-01 8.6838193758e-02 2.0624249828e+00 6.6116355315e+00
293 6.1861922547e-01 8.6462867148e-02 2.0520283962e+00 6.5718615172e+00
294 6.1839403561e-01 8.6138793252e-02 2.0616935523e+00 6.6362085240e+00
295 6.1870373069e-01 8.6880983781e-02 2.0667578883e+00 6.6766456953e+00
296 6.1867742956e-01 8.6934091893e-02 2.0672520781e+00 6.6748397060e+00
297 6.1827914795e-01 8.6912247398e-02 2.0895305313e+00 6.7896969724e+00
298 6.1828863460e-01 8.6964414079e-02 2.0914141997e+00 6.7970044649e+00
299 6.1868869430e-01 8.7450728909e-02 2.0819962395e+00 6.7437316528e+00
300 6.1869084779e-01 8.7357806481e-02 2.0780872716e+00 6.7149649183e+00
301 6.1866465576e-01 8.7479572269e-02 2.0752200455e+00 6.6975412880e+00
302 6.1860431422e-01 8.7472930417e-02 2.0728500650e+00 6.6800738809e+00
303 6.1905251706e-01 8.8090035510e-02 2.0789537524e+00 6.7120983416e+00
304 6.1913641119e-01 8.8618298600e-02 2.1125716882e+00 6.9719717383e+00
305 6.1915037474e-01 8.8660022381e-02 2.1124957802e+00 6.9715879316e+00
306 6.1935923633e-01 8.9134434329e-02 2.1194659918e+00 7.0035263488e+00
307 6.1939050376e-01 8.9274000024e-02 2.1202325351e+00 7.0105265191e+00
308 6.1942203402e-01 8.9289417126e-02 2.1141160353e+00 6.9943603822e+00
309 6.1870861540e-01 8.8603425410e-02 2.1283532794e+00 7.0758805313e+00
310 6.1867980788e-01 8.8634894868e-02 2.1271069326e+00 7.0750568994e+00
311 6.1850322791e-01 8.8006669551e-02 2.0887566338e+00 6.7980358597e+00
312 6.1776383849e-01 8.7234055892e-02 2.1151000742e+00 6.9475457094e+00
313 6.1823861084e-01 8.7780631830e-02 2.0904791929e+00 6.8101462523e+00
314 6.1808157499e-01 8.7334786737e-02 2.0749453276e+00 6.7240574111e+00
315 6.1808194763e-01 8.7269268226e-02 2.0696021342e+00 6.6974368011e+00
316 6.1786675284e-01 8.6961337051e-02 2.0808532334e+00 6.7679627565e+00
317 6.1828357295e-01 8.7862441007e-02 2.1029862745e+00 6.9350130971e+00
318 6.1827663943e-01 8.7858167018e-02 2.1035368006e+00 6.9370255399e+00
319 6.1855572140e-01 8.8070345602e-02 2.0923568791e+00 6.8734893647e+00
320 6.1862957043e-01 8.7848414857e-02 2.0637051277e+00 6.7324044829e+00
321 6.1901768489e-01 8.8574008680e-02 2.0646274758e+00 6.7289614363e+00
322 6.1820665797e-01 8.7122240754e-02 2.0559427223e+00 6.6720370583e+00
323 6.1827091704e-01 8.7115261574e-02 2.0514868814e+00 6.6606405367e+00
324 6.1850379167e-01 8.7583196166e-02 2.0648723431e+00 6.7251786678e+00
325 6.1840470041e-01 8.7652168288e-02 2.0616968394e+00 6.7126551038e+00
326 6.1874973714e-01 8.8725839085e-02 2.1049300037e+00 6.9841460892e+00
327 6.1887838973e-01 8.9371017803e-02 2.1208390522e+00 7.0971092250e+00
328 6.1901682449e-01 8.9582203395e-02 2.1094071539e+00 7.0352473831e+00
329 6.1866045842e-01 8.9029184014e-02 2.1092302439e+00 7.0581248809e+00
330 6.1886836747e-01 8.9403964209e-02 2.0922304944e+00 6.9366801707e+00
331 6.1858088363e-01 8.9070961390e-02 2.1063200749e+00 7.0300195017e+00
332 6.1873020219e-01 8.9611080568e-02 2.1143740640e+00 7.0795956400e+00
333 6.1871123133e-01 8.9615592999e-02 2.1146770541e+00 7.0799161969e+00
334 6.1883343272e-01 8.9971826357e-02 2.0976875577e+00 6.9958063230e+00
335 6.1886250663e-01 8.9963267485e-02 2.0974161175e+00 6.9957038959e+00
336 6.1883883986e-01 9.0018006985e-02 2.0915730223e+00 6.9800645218e+00
337 6.1904836720e-01 9.0302408462e-02 2.0767005254e+00 6.9043660080e+00
338 6.1941887575e-01 9.0943306541e-02 2.0852255059e+00 6.9526107389e+00
339 6.1996587334e-01 9.1559853439e-02 2.0471100533e+00 6.7019168353e+00
340 6.2029721688e-01 9.1951105867e-02 2.0158378435e+00 6.5260473055e+00
341 6.2036083002e-01 9.2117377315e-02 2.0182933232e+00 6.5446039349e+00
342 6.2055919190e-01 9.2368344755e-02 2.0062430526e+00 6.4811356428e+00
343 6.2002079051e-01 9.1689601998e-02 2.0199966299e+00 6.5808321715e+00
344 6.2014360173e-01 9.2291053792e-02 2.0296214710e+00 6.6237878336e+00
345 6.2011789332e-01 9.2333990154e-02 2.0280637473e+00 6.6171511734e+00
346 6.1994909918e-01 9.2079770709e-02 2.0154406259e+00 6.5377345232e+00
347 6.1993134342e-01 9.2034850639e-02 2.0149698905e+00 6.5365905690e+00
348 6.1997435288e-01 9.2022661845e-02 2.0175917934e+00 6.5657299677e+00
349 6.1929557190e-01 9.1032789351e-02 2.0244038287e+00 6.6130691093e+00
350 6.1906150529e-01 9.0814544356e-02 2.0360411404e+00 6.6678536605e+00
351 6.1884144857e-01 9.0864799493e-02 2.0436054477e+00 6.6998471735e+00
352 6.1897369663e-01 9.1178792625e-02 2.0652370903e+00 6.8699710407e+00
353 6.1917743910e-01 9.1516830491e-02 2.0526063928e+00 6.7951440473e+00
354 6.1933003798e-01 9.1964546157e-02 2.0702471080e+00 6.8939850371e+00
355 6.1923990278e-01 9.2588495321e-02 2.1181412794e+00 7.1979444521e+00
356 6.1948876803e-01 9.2849594424e-02 2.1090779861e+00 7.1551600479e+00
357 6.1944852782e-01 9.2795161923e-02 2.1077542651e+00 7.1594825842e+00
358 6.1983626557e-01 9.3346875095e-02 2.1006311461e+00 7.1014655197e+00
359 6.1991462915e-01 9.3352097702e-02 2.1014984152e+00 7.1056475192e+00
360 6.2009929658e-01 9.3758900837e-02 2.0862473699e+00 7.0175943682e+00
361 6.2045195370e-01 9.4336150561e-02 2.0893754410e+00 7.0284794474e+00
362 6.2062948686e-01 9.4638939819e-02 2.0875983261e+00 6.9981380228e+00
363 6.2063632290e-01 9.4630966625e-02 2.0880823453e+00 6.9997487042e+00
364 6.2087926894e-01 9.4795077457e-02 2.0763294543e+00 6.9462421282e+00
365 6.2091983326e-01 9.4846010009e-02 2.0707144291e+00 6.9312733422e+00
