1 5.9282947138e-01 1.1102230246e-16 1.0000000000e+00 1.0000000000e+00
2 5.9297018607e-01 7.7398466393e-03 2.6681246581e+01 8.2109672978e+02
3 5.9293711196e-01 7.9334067903e-03 2.4557061359e+01 7.4566608195e+02
4 5.9298182096e-01 1.1248608228e-02 1.7208596638e+01 3.6886326249e+02
5 5.9298867247e-01 1.1313877065e-02 1.6911872437e+01 3.6042655851e+02
6 5.9301621341e-01 1.1408416528e-02 1.6511319586e+01 3.4858998866e+02
7 5.9299378666e-01 1.1472338784e-02 1.6225448008e+01 3.4105203316e+02
8 5.9290493687e-01 1.1602981044e-02 1.5662721614e+01 3.2652045190e+02
9 5.9280334065e-01 1.1691067427e-02 1.5310334472e+01 3.1737595235e+02
10 5.9305990134e-01 1.3897132277e-02 1.3761982805e+01 2.3691516059e+02
11 5.9302616332e-01 1.4023893319e-02 1.3359183652e+01 2.2875402248e+02
12 5.9328753826e-01 1.5882295143e-02 1.2293882228e+01 1.8434290038e+02
13 5.9320298184e-01 1.5995489718e-02 1.2039035345e+01 1.7946180862e+02
14 5.9308658575e-01 1.6187339967e-02 1.1578545695e+01 1.7160804214e+02
15 5.9303813095e-01 1.6314344579e-02 1.1283354199e+01 1.6664392912e+02
16 5.9329536814e-01 1.8079936893e-02 1.0743607640e+01 1.4369140475e+02
17 5.9314747214e-01 1.8211463811e-02 1.0508199418e+01 1.3999082338e+02
18 5.9364883819e-01 2.0973181252e-02 9.5357575015e+00 1.0891591343e+02
19 5.9387646012e-01 2.2242689352e-02 9.1001317357e+00 9.7580860815e+01
20 5.9382012256e-01 2.2312391950e-02 9.0110324191e+00 9.6483221445e+01
21 5.9420120356e-01 2.4662736105e-02 8.2830924506e+00 7.9766739840e+01
22 5.9459897109e-01 2.6866000063e-02 7.6297822530e+00 6.7252445534e+01
23 5.9457854445e-01 2.6884408861e-02 7.6154454053e+00 6.7092480187e+01
24 5.9443390417e-01 2.6969193355e-02 7.5556077715e+00 6.6419665774e+01
25 5.9465970209e-01 2.7946912956e-02 7.3329254790e+00 6.2055657471e+01
26 5.9469784324e-01 2.7958524605e-02 7.3202380287e+00 6.1913115495e+01
27 5.9483480684e-01 2.8993848402e-02 7.0446744239e+00 5.7448801182e+01
28 5.9478741743e-01 2.9034862447e-02 7.0181285175e+00 5.7172990969e+01
29 5.9475559759e-01 2.9109338913e-02 6.9614819893e+00 5.6632205497e+01
30 5.9500238425e-01 3.0025708857e-02 6.7733439502e+00 5.3308068295e+01
31 5.9493020278e-01 3.0093271018e-02 6.7293031310e+00 5.2904244041e+01
32 5.9487933414e-01 3.0143038704e-02 6.6958432889e+00 5.2609424298e+01
33 5.9487019939e-01 3.0207317562e-02 6.6494242775e+00 5.2179757022e+01
34 5.9525856266e-01 3.1979200085e-02 6.3169951953e+00 4.6669460481e+01
35 5.9521065572e-01 3.2076712399e-02 6.2516542307e+00 4.6170413094e+01
36 5.9542353997e-01 3.2895413473e-02 6.1243340588e+00 4.3985787821e+01
37 5.9529400554e-01 3.2984328255e-02 6.0792767782e+00 4.3620099643e+01
38 5.9539851602e-01 3.3848920472e-02 5.9268365892e+00 4.1412006063e+01
39 5.9561669066e-01 3.5311100740e-02 6.2524583191e+00 4.7309995590e+01
40 5.9552121660e-01 3.5385744508e-02 6.2150640839e+00 4.6989074219e+01
41 5.9569257100e-01 3.6002467753e-02 6.0628394474e+00 4.4743941919e+01
42 5.9565547081e-01 3.6039455751e-02 6.0457405463e+00 4.4587512238e+01
43 5.9656807636e-01 3.8794845799e-02 5.5594426641e+00 3.7256410670e+01
44 5.9677975835e-01 3.9516065129e-02 5.4368985292e+00 3.5627765154e+01
45 5.9670276480e-01 3.9575529764e-02 5.4171231472e+00 3.5457996015e+01
46 5.9664946059e-01 3.9618782813e-02 5.4014554190e+00 3.5334264566e+01
47 5.9697095901e-01 4.1371523428e-02 5.4797677024e+00 3.6619360362e+01
48 5.9689612300e-01 4.1321243644e-02 5.4739431893e+00 3.6610378332e+01
49 5.9692261054e-01 4.1352214309e-02 5.4593066522e+00 3.6487369480e+01
50 5.9710602074e-01 4.2010841035e-02 5.3541198803e+00 3.5039481654e+01
51 5.9728891695e-01 4.2668601855e-02 5.2498321229e+00 3.3663973117e+01
52 5.9708291278e-01 4.2765907945e-02 5.2224834347e+00 3.3465867867e+01
53 5.9706624871e-01 4.2809067757e-02 5.2070510125e+00 3.3340479786e+01
54 5.9742301326e-01 4.4060442514e-02 5.0284973900e+00 3.1001299894e+01
55 5.9720202154e-01 4.3045560891e-02 4.8595987547e+00 2.8776166323e+01
56 5.9716737751e-01 4.3081080980e-02 4.8481088200e+00 2.8699217203e+01
57 5.9733158158e-01 4.3695176356e-02 4.7510314667e+00 2.7650394848e+01
58 5.9743054883e-01 4.4313143059e-02 4.6591066291e+00 2.6665176149e+01
59 5.9757503065e-01 4.4985249743e-02 4.5694761524e+00 2.5718332806e+01
60 5.9777147384e-01 4.5531102835e-02 4.5025671483e+00 2.4964954597e+01
61 5.9790572696e-01 4.6534902402e-02 4.6411848507e+00 2.6732878808e+01
62 5.9778572335e-01 4.6604313800e-02 4.6255926547e+00 2.6624302497e+01
63 5.9753147814e-01 4.6088480265e-02 4.6765663057e+00 2.7343053401e+01
64 5.9773786629e-01 4.6680112515e-02 4.6036475832e+00 2.6473503009e+01
65 5.9773677811e-01 4.6785805114e-02 4.5937884895e+00 2.6371640845e+01
66 5.9761033850e-01 4.6798821293e-02 4.5763538522e+00 2.6280294405e+01
67 5.9753734878e-01 4.6842888162e-02 4.5664893407e+00 2.6211718104e+01
68 5.9782470874e-01 4.8289178944e-02 4.6075886971e+00 2.6777996295e+01
69 5.9802161853e-01 4.8996837282e-02 4.5596313597e+00 2.6317636238e+01
70 5.9792151788e-01 4.9010722988e-02 4.5418085155e+00 2.6235929983e+01
71 5.9774819769e-01 4.8108852075e-02 4.4215327557e+00 2.4907687691e+01
72 5.9763556040e-01 4.8169286338e-02 4.4106630017e+00 2.4825506869e+01
73 5.9760753038e-01 4.8251114345e-02 4.4078099394e+00 2.4786799208e+01
74 5.9755052089e-01 4.8288204391e-02 4.3996733869e+00 2.4733083471e+01
75 5.9754747859e-01 4.8295032556e-02 4.3978679207e+00 2.4720270807e+01
76 5.9743028965e-01 4.8153708821e-02 4.3915843293e+00 2.4750118763e+01
77 5.9713358181e-01 4.7657501920e-02 4.4357942180e+00 2.5385865307e+01
78 5.9708883643e-01 4.7681074295e-02 4.4311271548e+00 2.5353151059e+01
79 5.9733731370e-01 4.8225706641e-02 4.3744840678e+00 2.4641032152e+01
80 5.9728410791e-01 4.8159804630e-02 4.3786175925e+00 2.4691833059e+01
81 5.9725772341e-01 4.8160289974e-02 4.3812772869e+00 2.4699173553e+01
82 5.9728709442e-01 4.8179038761e-02 4.3746535417e+00 2.4650338469e+01
83 5.9732871121e-01 4.8169388177e-02 4.3752588343e+00 2.4654423019e+01
84 5.9748113191e-01 4.9129794460e-02 4.4818321994e+00 2.5885695777e+01
85 5.9798836520e-01 4.9985988752e-02 4.3748259528e+00 2.4614751811e+01
86 5.9793229449e-01 5.0010660470e-02 4.3708377801e+00 2.4586548869e+01
87 5.9811723876e-01 5.0698882921e-02 4.3071167020e+00 2.3843299199e+01
88 5.9808854466e-01 5.0711994056e-02 4.3052020804e+00 2.3828673846e+01
89 5.9801511438e-01 5.0737182491e-02 4.3024332643e+00 2.3806670137e+01
90 5.9797258185e-01 5.0781743918e-02 4.2910050586e+00 2.3741600448e+01
91 5.9789730205e-01 5.0798656568e-02 4.2907589432e+00 2.3735601388e+01
92 5.9796478053e-01 5.1734254890e-02 4.3707944446e+00 2.4598507052e+01
93 5.9803579345e-01 5.1856314275e-02 4.3632616963e+00 2.4493789042e+01
94 5.9765049126e-01 5.1585570197e-02 4.3917047916e+00 2.4941847329e+01
95 5.9786884291e-01 5.1968224412e-02 4.3410524619e+00 2.4362140023e+01
96 5.9773339216e-01 5.1071990981e-02 4.2561987438e+00 2.3470667973e+01
97 5.9760250337e-01 5.0126598686e-02 4.1224883170e+00 2.1936513233e+01
98 5.9744879317e-01 5.0195548853e-02 4.1118348198e+00 2.1869758082e+01
99 5.9746309209e-01 5.0390338092e-02 4.1171406671e+00 2.2123688286e+01
100 5.9737725105e-01 5.0607953322e-02 4.1282664863e+00 2.2442634433e+01
101 5.9743126961e-01 5.1100682694e-02 4.0629583827e+00 2.1816224127e+01
102 5.9739307415e-01 5.1142464956e-02 4.0525107925e+00 2.1761554562e+01
103 5.9784661396e-01 5.2226678368e-02 3.9495593836e+00 2.0640724038e+01
104 5.9788722850e-01 5.2205418365e-02 3.9497479691e+00 2.0648217806e+01
105 5.9782360079e-01 5.2214328605e-02 3.9511233298e+00 2.0653439782e+01
106 5.9772094088e-01 5.2277640281e-02 3.9395036059e+00 2.0589003988e+01
107 5.9765826047e-01 5.2187291823e-02 3.9392944520e+00 2.0635014147e+01
108 5.9760364664e-01 5.2195099211e-02 3.9360267725e+00 2.0621377039e+01
109 5.9751877170e-01 5.2164615563e-02 3.9212616473e+00 2.0450587560e+01
110 5.9752876517e-01 5.2168455969e-02 3.9195986305e+00 2.0441994204e+01
111 5.9755367657e-01 5.2208952256e-02 3.9074406409e+00 2.0376061649e+01
112 5.9757692017e-01 5.2220935101e-02 3.9032340494e+00 2.0350895215e+01
113 5.9758668494e-01 5.2225473323e-02 3.9018063660e+00 2.0340903574e+01
114 5.9759021662e-01 5.2244382365e-02 3.8967105126e+00 2.0311190541e+01
115 5.9775897572e-01 5.3088601322e-02 3.9617355467e+00 2.0968244834e+01
116 5.9789609716e-01 5.3562373301e-02 3.9083535657e+00 2.0444283711e+01
117 5.9813326802e-01 5.3883394890e-02 3.8225779992e+00 1.9384307694e+01
118 5.9802329216e-01 5.3986665947e-02 3.8035904495e+00 1.9272389771e+01
119 5.9802151860e-01 5.3998074946e-02 3.8013909587e+00 1.9256429315e+01
120 5.9795929579e-01 5.4140775260e-02 3.7742092914e+00 1.9104247890e+01
121 5.9797985463e-01 5.4133129214e-02 3.7748938875e+00 1.9109273269e+01
122 5.9816195055e-01 5.4799834331e-02 3.7220942319e+00 1.8598638763e+01
123 5.9804238955e-01 5.4843154803e-02 3.7179883881e+00 1.8573924531e+01
124 5.9827745779e-01 5.5375174897e-02 3.6809829238e+00 1.8163538653e+01
125 5.9873170111e-01 5.6148362781e-02 3.6097660205e+00 1.7449700379e+01
126 5.9888719283e-01 5.6977902028e-02 3.6791128332e+00 1.8139091413e+01
127 5.9924460721e-01 5.8652045031e-02 3.7994890009e+00 1.9332606035e+01
128 5.9942745314e-01 5.9136990784e-02 3.7515891333e+00 1.8877761291e+01
129 5.9939085427e-01 5.9215967248e-02 3.7466456183e+00 1.8831322400e+01
130 5.9924947412e-01 5.9304816261e-02 3.7338054970e+00 1.8757712710e+01
131 5.9938592743e-01 6.0288449067e-02 3.7918299734e+00 1.9312549754e+01
132 5.9944619489e-01 6.0706748602e-02 3.7445039790e+00 1.8894101846e+01
133 6.0012996427e-01 6.2377576791e-02 3.7087305506e+00 1.8411815701e+01
134 6.0024867176e-01 6.2748726116e-02 3.6610683117e+00 1.7940543927e+01
135 5.9982608877e-01 6.1623208478e-02 3.6532349786e+00 1.7967879592e+01
136 5.9980180404e-01 6.1648022679e-02 3.6490074205e+00 1.7946209755e+01
137 5.9978116910e-01 6.1655490699e-02 3.6485423351e+00 1.7942488866e+01
138 5.9999393729e-01 6.2129126298e-02 3.6200390363e+00 1.7693040276e+01
139 6.0004988234e-01 6.2085448543e-02 3.6270791934e+00 1.7726968913e+01
140 5.9998369974e-01 6.2128716908e-02 3.6219493081e+00 1.7693773957e+01
141 6.0038077592e-01 6.2948239922e-02 3.5554192779e+00 1.7031178383e+01
142 6.0052808913e-01 6.3359499714e-02 3.5157048013e+00 1.6689278297e+01
143 6.0068856520e-01 6.3726779660e-02 3.4816793488e+00 1.6386249705e+01
144 6.0108761534e-01 6.4377755871e-02 3.4240071996e+00 1.5869624249e+01
145 6.0119984277e-01 6.5169959851e-02 3.4635469782e+00 1.6235046595e+01
146 6.0090796369e-01 6.4785635177e-02 3.4974119551e+00 1.6542261518e+01
147 6.0085586420e-01 6.4798985558e-02 3.4961213044e+00 1.6541890035e+01
148 6.0099889070e-01 6.5507574147e-02 3.5288204652e+00 1.6773411257e+01
149 6.0098459245e-01 6.5557479484e-02 3.5197940105e+00 1.6728817160e+01
150 6.0135755311e-01 6.6209833326e-02 3.4539114059e+00 1.6132824360e+01
151 6.0127763912e-01 6.6257285168e-02 3.4484685280e+00 1.6105239901e+01
152 6.0120429339e-01 6.6346639655e-02 3.4361849467e+00 1.6035939021e+01
153 6.0118232585e-01 6.6369360402e-02 3.4332593940e+00 1.6018901020e+01
154 6.0072116207e-01 6.5496077356e-02 3.4958160982e+00 1.6630205104e+01
155 6.0087352254e-01 6.5957826566e-02 3.4532507448e+00 1.6275516279e+01
156 6.0133073276e-01 6.6761520753e-02 3.3819124409e+00 1.5577895873e+01
157 6.0093099224e-01 6.5664563715e-02 3.3751053991e+00 1.5604087526e+01
158 6.0092220979e-01 6.5705601258e-02 3.3767683328e+00 1.5600527459e+01
159 6.0090447332e-01 6.5749245920e-02 3.3750441122e+00 1.5578831578e+01
160 6.0101061290e-01 6.5381646952e-02 3.2844487928e+00 1.4753141806e+01
161 6.0102448947e-01 6.5427529587e-02 3.2764810119e+00 1.4709987010e+01
162 6.0144715082e-01 6.6189734800e-02 3.2053635516e+00 1.4168308610e+01
163 6.0104411106e-01 6.5163049751e-02 3.1959548019e+00 1.4137137246e+01
164 6.0134488818e-01 6.6403639612e-02 3.1973336540e+00 1.4128283593e+01
165 6.0153280350e-01 6.6898896530e-02 3.1695828170e+00 1.3874376411e+01
166 6.0154356616e-01 6.6874255421e-02 3.1659671668e+00 1.3861482812e+01
167 6.0145032776e-01 6.6929887663e-02 3.1603230497e+00 1.3835287494e+01
168 6.0123420211e-01 6.6519780703e-02 3.1839512748e+00 1.4061757965e+01
169 6.0155914453e-01 6.7692021413e-02 3.1958149010e+00 1.4090079849e+01
170 6.0156447884e-01 6.8469471224e-02 3.1993196717e+00 1.4151449597e+01
171 6.0161475296e-01 6.8556550885e-02 3.2003419811e+00 1.4139151020e+01
172 6.0138932904e-01 6.7916689584e-02 3.1654139966e+00 1.3892173197e+01
173 6.0127336247e-01 6.7976081233e-02 3.1604602540e+00 1.3867056254e+01
174 6.0155545532e-01 6.9281775127e-02 3.2170895297e+00 1.4261236654e+01
175 6.0144387675e-01 6.9381147537e-02 3.2107568026e+00 1.4220320284e+01
176 6.0164979521e-01 6.9884248862e-02 3.1837242629e+00 1.3970676631e+01
177 6.0124879255e-01 6.8801779967e-02 3.1808599590e+00 1.4004888932e+01
178 6.0095918186e-01 6.8247207116e-02 3.1468791306e+00 1.3759943049e+01
179 6.0093335629e-01 6.8255099022e-02 3.1468146212e+00 1.3758390827e+01
180 6.0093585449e-01 6.8261924041e-02 3.1455842632e+00 1.3752587718e+01
181 6.0136091161e-01 6.8739070604e-02 3.0990002728e+00 1.3380656099e+01
182 6.0093315329e-01 6.7773945406e-02 3.0898373556e+00 1.3362299380e+01
183 6.0088752879e-01 6.7790784570e-02 3.0892207892e+00 1.3357605354e+01
184 6.0090303132e-01 6.7555546100e-02 3.0274011704e+00 1.2907855675e+01
185 6.0066483155e-01 6.6995988311e-02 2.9902829715e+00 1.2653422663e+01
186 6.0065324551e-01 6.6986253853e-02 2.9917442543e+00 1.2662699731e+01
187 6.0074775545e-01 6.7070948736e-02 2.9964772966e+00 1.2735117059e+01
188 6.0068361592e-01 6.7126260201e-02 2.9895464082e+00 1.2708540395e+01
189 6.0090029907e-01 6.7614192054e-02 2.9751647336e+00 1.2535936627e+01
190 6.0104573546e-01 6.7970393599e-02 2.9456682172e+00 1.2329535038e+01
191 6.0103790752e-01 6.8124603781e-02 2.9452725200e+00 1.2308590212e+01
192 6.0115993207e-01 6.8531071895e-02 2.9169289317e+00 1.2100815640e+01
193 6.0105330803e-01 6.8679308426e-02 2.9235962274e+00 1.2182108980e+01
194 6.0098539528e-01 6.8548683275e-02 2.9109776581e+00 1.2045257560e+01
195 6.0129487313e-01 6.9466740861e-02 2.9176381338e+00 1.2090389749e+01
196 6.0160083098e-01 7.0408224529e-02 2.9082304803e+00 1.1963775129e+01
197 6.0161793426e-01 7.0409077097e-02 2.9073405587e+00 1.1960435617e+01
198 6.0159811635e-01 7.0399942088e-02 2.9038628546e+00 1.1949375291e+01
199 6.0155711050e-01 7.0417326895e-02 2.9005071549e+00 1.1936927050e+01
200 6.0144800040e-01 7.0349837447e-02 2.8995582661e+00 1.1956340575e+01
201 6.0104469196e-01 6.9269023954e-02 2.8758897173e+00 1.1779270708e+01
202 6.0126599649e-01 6.9632357383e-02 2.8550392302e+00 1.1607527132e+01
203 6.0129687204e-01 6.9688052909e-02 2.8524465786e+00 1.1592956354e+01
204 6.0122781018e-01 6.9766741431e-02 2.8487635245e+00 1.1568330850e+01
205 6.0109150742e-01 6.9702786878e-02 2.8381750392e+00 1.1500061713e+01
206 6.0106647560e-01 6.9793829217e-02 2.8311361291e+00 1.1463229702e+01
207 6.0121657865e-01 7.0251533774e-02 2.8033848228e+00 1.1267739643e+01
208 6.0073377967e-01 6.9627535022e-02 2.8362951378e+00 1.1564570846e+01
209 6.0078761341e-01 6.9643671605e-02 2.8341676869e+00 1.1553710401e+01
210 6.0068974146e-01 6.9561827107e-02 2.8242004917e+00 1.1482395210e+01
211 6.0049802180e-01 6.9091335982e-02 2.8418061701e+00 1.1658902600e+01
212 6.0024635624e-01 6.8368668070e-02 2.7944703127e+00 1.1241846985e+01
213 6.0038055717e-01 6.8747927744e-02 2.7751017293e+00 1.1106583187e+01
214 6.0034633393e-01 6.8753213946e-02 2.7767791896e+00 1.1106892948e+01
215 6.0030130044e-01 6.8793163272e-02 2.7708648808e+00 1.1095381216e+01
216 6.0069563126e-01 6.9947656614e-02 2.7957421789e+00 1.1294241449e+01
217 6.0106271380e-01 7.1007973242e-02 2.8065270431e+00 1.1413943697e+01
218 6.0091841592e-01 7.0412852863e-02 2.7811120403e+00 1.1256233459e+01
219 6.0089236906e-01 7.0332758461e-02 2.7809594755e+00 1.1269059700e+01
220 6.0051514560e-01 6.9436390765e-02 2.7708171954e+00 1.1228618713e+01
221 6.0049090147e-01 6.9464293481e-02 2.7682314809e+00 1.1214782558e+01
222 6.0075247933e-01 6.9766926547e-02 2.7452145872e+00 1.1053706220e+01
223 6.0084715518e-01 7.0018528860e-02 2.7227953820e+00 1.0905458085e+01
224 6.0072475738e-01 7.0037431906e-02 2.7173318373e+00 1.0875108860e+01
225 6.0048354749e-01 6.9699566898e-02 2.7318898532e+00 1.1016436372e+01
226 6.0043265606e-01 6.9757334762e-02 2.7263442142e+00 1.0988850179e+01
227 6.0038636195e-01 6.9733655009e-02 2.7265352506e+00 1.0993692218e+01
228 6.0077356092e-01 7.0275837792e-02 2.6706697179e+00 1.0568526783e+01
229 6.0072911966e-01 7.0377978772e-02 2.6776461195e+00 1.0628823833e+01
230 6.0084533248e-01 7.0708499830e-02 2.6553821832e+00 1.0476762628e+01
231 6.0097603183e-01 7.1362995003e-02 2.6944382159e+00 1.0764480853e+01
232 6.0143680370e-01 7.2201952356e-02 2.6601676175e+00 1.0465494233e+01
233 6.0162755900e-01 7.2609987820e-02 2.6411974793e+00 1.0315343722e+01
234 6.0116420376e-01 7.2003667089e-02 2.6876098460e+00 1.0728110769e+01
235 6.0091303620e-01 7.1788389769e-02 2.7008718803e+00 1.0806213344e+01
236 6.0151816700e-01 7.3119574082e-02 2.6897876723e+00 1.0649997908e+01
237 6.0152803782e-01 7.3168842202e-02 2.6896730349e+00 1.0646167670e+01
238 6.0174405109e-01 7.4310032535e-02 2.7380340201e+00 1.0980073577e+01
239 6.0210540707e-01 7.5458448240e-02 2.7464057492e+00 1.0985032446e+01
240 6.0207598971e-01 7.5490130537e-02 2.7429043010e+00 1.0972089110e+01
241 6.0176051821e-01 7.4870337280e-02 2.7510546836e+00 1.1082313887e+01
242 6.0162641458e-01 7.4527363458e-02 2.7534323638e+00 1.1141483450e+01
243 6.0186107468e-01 7.4845053252e-02 2.7330797134e+00 1.0988485679e+01
244 6.0213398760e-01 7.5311217657e-02 2.7131218064e+00 1.0823327164e+01
245 6.0209203545e-01 7.5330392348e-02 2.7123006779e+00 1.0818707295e+01
246 6.0209143702e-01 7.5185437512e-02 2.7009498781e+00 1.0726488445e+01
247 6.0227142014e-01 7.5858166016e-02 2.7241020604e+00 1.0878524948e+01
248 6.0211605003e-01 7.5935760703e-02 2.7197421923e+00 1.0858754514e+01
249 6.0223720148e-01 7.6588015528e-02 2.7466029546e+00 1.1054587117e+01
250 6.0214212575e-01 7.6582078555e-02 2.7458634363e+00 1.1057390054e+01
251 6.0221989765e-01 7.6674065906e-02 2.7443496287e+00 1.1037873363e+01
252 6.0227042787e-01 7.7414608237e-02 2.7979893142e+00 1.1513384465e+01
253 6.0222126515e-01 7.7459198022e-02 2.7991786677e+00 1.1510366206e+01
254 6.0254576758e-01 7.8398740923e-02 2.7886739977e+00 1.1361739897e+01
255 6.0256976042e-01 7.8391722504e-02 2.7886937895e+00 1.1362213913e+01
256 6.0291080116e-01 7.8468561047e-02 2.7485335745e+00 1.1097002113e+01
257 6.0312793878e-01 7.8819390843e-02 2.7293522914e+00 1.0950109733e+01
258 6.0306696052e-01 7.8724502622e-02 2.6977913425e+00 1.0694097958e+01
259 6.0314961011e-01 7.9119343775e-02 2.7009556744e+00 1.0667435654e+01
260 6.0325351243e-01 7.8949875088e-02 2.6740912465e+00 1.0498349153e+01
261 6.0272578435e-01 7.8203825426e-02 2.6707837582e+00 1.0522924442e+01
262 6.0270913591e-01 7.8202842983e-02 2.6717456427e+00 1.0525242911e+01
263 6.0279816678e-01 7.7697364977e-02 2.6266572083e+00 1.0231835666e+01
264 6.0274481823e-01 7.7723508038e-02 2.6256344739e+00 1.0225689166e+01
265 6.0334955738e-01 7.8871153997e-02 2.6034623545e+00 1.0021849140e+01
266 6.0345099634e-01 7.9527906058e-02 2.6300824592e+00 1.0198476108e+01
267 6.0344277265e-01 7.9547477076e-02 2.6281502767e+00 1.0189693050e+01
268 6.0363827453e-01 7.9731035370e-02 2.6123858684e+00 1.0090154635e+01
269 6.0372482059e-01 8.0353380277e-02 2.6340053432e+00 1.0223892276e+01
270 6.0410124320e-01 8.1172551809e-02 2.6427178500e+00 1.0299421139e+01
271 6.0368362142e-01 7.9974643021e-02 2.6054777797e+00 1.0025624997e+01
272 6.0366767850e-01 7.9883262098e-02 2.6050649113e+00 1.0033963155e+01
273 6.0382139737e-01 8.0168122546e-02 2.5872317161e+00 9.9095552727e+00
274 6.0394108903e-01 8.0729555505e-02 2.6026721463e+00 9.9930072474e+00
275 6.0405792007e-01 8.1084754086e-02 2.5815287547e+00 9.8514174011e+00
276 6.0401018497e-01 8.1106927894e-02 2.5805923678e+00 9.8473405562e+00
277 6.0440397155e-01 8.1931206498e-02 2.5873127519e+00 9.8886192362e+00
278 6.0477636093e-01 8.2748573226e-02 2.5802265549e+00 9.8061738140e+00
279 6.0442703484e-01 8.1811264149e-02 2.5508262218e+00 9.6117120300e+00
280 6.0436597544e-01 8.1910849636e-02 2.5444511640e+00 9.5840739876e+00
281 6.0458479041e-01 8.2192221905e-02 2.5296505113e+00 9.4760486635e+00
282 6.0470537376e-01 8.2677963121e-02 2.5327017901e+00 9.4672393509e+00
283 6.0465833007e-01 8.2698050475e-02 2.5319384454e+00 9.4645399046e+00
284 6.0500384379e-01 8.3560569765e-02 2.5338148380e+00 9.4780365701e+00
285 6.0503815904e-01 8.3556060126e-02 2.5332186748e+00 9.4757650016e+00
286 6.0507869417e-01 8.3558326897e-02 2.5316248379e+00 9.4698211300e+00
287 6.0503135412e-01 8.3541946420e-02 2.5355729673e+00 9.4817049863e+00
288 6.0520585376e-01 8.4092050454e-02 2.5558036102e+00 9.6089337067e+00
289 6.0480061357e-01 8.3269686095e-02 2.5515184954e+00 9.5896444823e+00
290 6.0485512297e-01 8.3251829043e-02 2.5517314500e+00 9.5906621753e+00
291 6.0488066730e-01 8.3344652274e-02 2.5500577598e+00 9.5756536426e+00
292 6.0467417522e-01 8.2828182971e-02 2.5275981191e+00 9.4332436492e+00
293 6.0488869444e-01 8.3092871087e-02 2.5113030939e+00 9.3279868865e+00
294 6.0441036067e-01 8.2423516644e-02 2.5149623113e+00 9.3738538007e+00
295 6.0445332620e-01 8.2413631042e-02 2.5134013281e+00 9.3685531739e+00
296 6.0499383844e-01 8.3583725085e-02 2.5137351670e+00 9.3142448782e+00
297 6.0479819073e-01 8.3596658323e-02 2.5125984457e+00 9.3175129812e+00
298 6.0452095764e-01 8.3367033660e-02 2.5271488910e+00 9.4152222719e+00
299 6.0419017399e-01 8.2552557292e-02 2.5250097949e+00 9.4233576944e+00
300 6.0408362616e-01 8.2008094669e-02 2.5043228822e+00 9.3077154183e+00
301 6.0380123287e-01 8.1785651562e-02 2.5180855080e+00 9.4045202909e+00
302 6.0357954033e-01 8.1520476484e-02 2.5301681187e+00 9.5039968793e+00
303 6.0393995479e-01 8.2285077642e-02 2.5188160845e+00 9.3915370009e+00
304 6.0403837365e-01 8.2684994027e-02 2.5087827997e+00 9.3182024756e+00
305 6.0378907094e-01 8.2533176954e-02 2.5244865499e+00 9.4287530581e+00
306 6.0373828744e-01 8.2575200195e-02 2.5262503084e+00 9.4285571470e+00
307 6.0339462539e-01 8.2467307498e-02 2.5347165632e+00 9.4979326169e+00
308 6.0342232060e-01 8.2566655284e-02 2.5395475897e+00 9.5496167497e+00
309 6.0376960757e-01 8.3374648375e-02 2.5391798972e+00 9.5366758305e+00
310 6.0367293489e-01 8.3519632312e-02 2.5375559875e+00 9.5196077731e+00
311 6.0330845695e-01 8.2527091530e-02 2.5197208906e+00 9.3847522512e+00
312 6.0347115017e-01 8.3222696095e-02 2.5480660970e+00 9.5976210360e+00
313 6.0364713806e-01 8.3834047119e-02 2.5730955397e+00 9.7653577663e+00
314 6.0364980364e-01 8.3821521317e-02 2.5716895935e+00 9.7668155714e+00
315 6.0347679764e-01 8.3270949732e-02 2.5617876828e+00 9.7474353174e+00
316 6.0372698556e-01 8.3493048823e-02 2.5458235353e+00 9.6451391677e+00
317 6.0389856771e-01 8.4196230857e-02 2.5561826623e+00 9.6595614445e+00
318 6.0381833901e-01 8.4177072499e-02 2.5550748162e+00 9.6627858222e+00
319 6.0319465968e-01 8.2839959893e-02 2.5672957670e+00 9.7959120060e+00
320 6.0317231825e-01 8.2892921909e-02 2.5617015346e+00 9.7753660819e+00
321 6.0306075958e-01 8.2408944841e-02 2.5505571562e+00 9.7420844253e+00
322 6.0243801460e-01 8.0892080989e-02 2.5199142140e+00 9.5719117236e+00
323 6.0204589885e-01 8.0027463709e-02 2.5127575261e+00 9.5539809615e+00
324 6.0201987969e-01 8.0180165489e-02 2.5129292942e+00 9.5583491975e+00
325 6.0215061578e-01 8.0714167974e-02 2.5281735638e+00 9.6363343579e+00
326 6.0174101794e-01 7.9997157546e-02 2.5295166131e+00 9.6862115026e+00
327 6.0180724594e-01 8.0682975363e-02 2.5676977064e+00 9.9855429192e+00
328 6.0177401359e-01 8.0716439594e-02 2.5674478619e+00 9.9838869203e+00
329 6.0197116101e-01 8.1071315846e-02 2.5497777998e+00 9.8666159645e+00
330 6.0157815721e-01 8.0227274660e-02 2.5508000620e+00 9.9135047907e+00
331 6.0180715815e-01 8.1416261294e-02 2.5925932869e+00 1.0154024862e+01
332 6.0193593079e-01 8.1973044428e-02 2.6081777584e+00 1.0223851561e+01
333 6.0211909992e-01 8.2170017921e-02 2.5905250649e+00 1.0120980005e+01
334 6.0207836141e-01 8.2174155609e-02 2.5918051075e+00 1.0123742554e+01
335 6.0226097669e-01 8.2558700398e-02 2.5767286377e+00 1.0002252509e+01
336 6.0226769058e-01 8.2757316238e-02 2.5893537549e+00 1.0135818613e+01
337 6.0247421442e-01 8.2993233066e-02 2.5707102221e+00 1.0025455892e+01
338 6.0200977599e-01 8.2308503480e-02 2.5756930009e+00 1.0100037059e+01
339 6.0193731246e-01 8.2284197988e-02 2.5688014754e+00 1.0084129724e+01
340 6.0190642142e-01 8.2147628336e-02 2.5396760243e+00 9.8809382711e+00
341 6.0185661031e-01 8.2070812318e-02 2.5359159159e+00 9.8730577458e+00
342 6.0218587387e-01 8.3029337150e-02 2.5438096761e+00 9.9122844409e+00
343 6.0221378584e-01 8.3055301383e-02 2.5452270688e+00 9.9115500969e+00
344 6.0221460024e-01 8.3079455331e-02 2.5427217714e+00 9.9002559226e+00
345 6.0217282961e-01 8.3053619759e-02 2.5438459198e+00 9.9086816764e+00
346 6.0154310734e-01 8.1799539052e-02 2.5206830295e+00 9.8143788426e+00
347 6.0160949073e-01 8.1595614838e-02 2.4990901263e+00 9.7003658183e+00
348 6.0140823815e-01 8.0928484527e-02 2.4709416361e+00 9.5021630584e+00
349 6.0157201637e-01 8.1144318598e-02 2.4569189961e+00 9.4083147611e+00
350 6.0193602755e-01 8.2259007250e-02 2.4836277686e+00 9.5899184945e+00
351 6.0161748306e-01 8.1455544875e-02 2.4885674663e+00 9.6645469265e+00
352 6.0163717446e-01 8.1512077457e-02 2.4882973746e+00 9.6543102370e+00
353 6.0157323584e-01 8.1566240517e-02 2.4847175246e+00 9.6375975791e+00
354 6.0144514735e-01 8.1535814629e-02 2.4818102089e+00 9.6355372011e+00
355 6.0196359731e-01 8.2831228335e-02 2.4744879109e+00 9.5385257842e+00
356 6.0195975779e-01 8.2818547180e-02 2.4763469460e+00 9.5440731489e+00
357 6.0217616547e-01 8.3080350021e-02 2.4595388283e+00 9.4353478123e+00
358 6.0246116544e-01 8.3287225571e-02 2.4399894745e+00 9.3006825317e+00
359 6.0204959438e-01 8.2360851751e-02 2.4301596391e+00 9.2602937418e+00
360 6.0203012161e-01 8.2373019747e-02 2.4295797268e+00 9.2576934517e+00
361 6.0179693797e-01 8.1935130789e-02 2.4156224529e+00 9.2070834391e+00
362 6.0190591904e-01 8.2131858639e-02 2.3975612108e+00 9.0946118977e+00
363 6.0173882580e-01 8.1643339722e-02 2.3776003226e+00 9.0023188225e+00
364 6.0174999468e-01 8.1612388805e-02 2.3771781379e+00 9.0054410255e+00
365 6.0211606804e-01 8.2593717012e-02 2.3959096344e+00 9.1394352999e+00
