1 5.9282947138e-01 1.1102230246e-16 1.0000000000e+00 1.0000000000e+00
2 5.9305893400e-01 7.5923913652e-03 2.8799772901e+01 8.8282606837e+02
3 5.9330799546e-01 1.0603968350e-02 2.1065704127e+01 4.6183670178e+02
4 5.9348585247e-01 1.2986991203e-02 1.7138982880e+01 3.0695566263e+02
5 5.9348596123e-01 1.2996356629e-02 1.7102247440e+01 3.0607190398e+02
6 5.9375494916e-01 1.4956484508e-02 1.4915750189e+01 2.3157031603e+02
7 5.9383971884e-01 1.7929382729e-02 1.6344070131e+01 2.9613207420e+02
8 5.9375950710e-01 1.7975278613e-02 1.6226260910e+01 2.9341694072e+02
9 5.9373425224e-01 1.7994108061e-02 1.6176934548e+01 2.9228513220e+02
10 5.9374807473e-01 1.8018562911e-02 1.6106714935e+01 2.9065597577e+02
11 5.9380462237e-01 1.8043150036e-02 1.6048300907e+01 2.8885878599e+02
12 5.9377632669e-01 1.8126937720e-02 1.5811741492e+01 2.8370875042e+02
13 5.9363304671e-01 1.8305258066e-02 1.5333894626e+01 2.7340581040e+02
14 5.9357523238e-01 1.8373563048e-02 1.5169440042e+01 2.6956363036e+02
15 5.9356416582e-01 1.8446441364e-02 1.4973788025e+01 2.6541499755e+02
16 5.9344421253e-01 1.8604806166e-02 1.4572174746e+01 2.5697765336e+02
17 5.9388774329e-01 2.1326170643e-02 1.2195524115e+01 1.7598351185e+02
18 5.9388420422e-01 2.1373035817e-02 1.2112112831e+01 1.7446246020e+02
19 5.9387988590e-01 2.1386929521e-02 1.2088365342e+01 1.7402020155e+02
20 5.9423848636e-01 2.3611559551e-02 1.0517006600e+01 1.3143182223e+02
21 5.9444232574e-01 2.4740471330e-02 9.9353264907e+00 1.1637387215e+02
22 5.9433736178e-01 2.4862340607e-02 9.7853090436e+00 1.1430771583e+02
23 5.9479351783e-01 2.6945676133e-02 8.9040805195e+00 9.3116478656e+01
24 5.9495267284e-01 2.7980032451e-02 8.4946387770e+00 8.4543528966e+01
25 5.9514082345e-01 2.8960669560e-02 8.1453254236e+00 7.7483795542e+01
26 5.9500657071e-01 2.8948058709e-02 8.0837605797e+00 7.6963235181e+01
27 5.9515664306e-01 2.9950005439e-02 7.7348218400e+00 7.0546994527e+01
28 5.9504907861e-01 3.0039065910e-02 7.6672868916e+00 6.9840003536e+01
29 5.9497728947e-01 3.0082104584e-02 7.6391241027e+00 6.9516357102e+01
30 5.9519735592e-01 3.1080536250e-02 7.3083659346e+00 6.3853083337e+01
31 5.9516367522e-01 3.1111776324e-02 7.2882813348e+00 6.3629746273e+01
32 5.9514069129e-01 3.1155652897e-02 7.2554797685e+00 6.3300461342e+01
33 5.9518855777e-01 3.2137397792e-02 6.9623886176e+00 5.8542219865e+01
34 5.9562622680e-01 3.3775598099e-02 6.5920437085e+00 5.1987577121e+01
35 5.9560113109e-01 3.3839884339e-02 6.5540449816e+00 5.1619180268e+01
36 5.9547845271e-01 3.3927476795e-02 6.5086151606e+00 5.1189607965e+01
37 5.9549518453e-01 3.3931347477e-02 6.5049190575e+00 5.1153438713e+01
38 5.9547146228e-01 3.3973157815e-02 6.4768239652e+00 5.0929029275e+01
39 5.9560690748e-01 3.4946958961e-02 6.2567892349e+00 4.7780912279e+01
40 5.9579047326e-01 3.5746861897e-02 6.0935789646e+00 4.5243328151e+01
41 5.9566678556e-01 3.5805500775e-02 6.0702905987e+00 4.5036253292e+01
42 5.9589014919e-01 3.6549712233e-02 5.9376752164e+00 4.2903502567e+01
43 5.9606409620e-01 3.7813911255e-02 6.1599956778e+00 4.6461651201e+01
44 5.9601955114e-01 3.7992189015e-02 6.1100046059e+00 4.5963677551e+01
45 5.9593431307e-01 3.8072550444e-02 6.0732430719e+00 4.5638033095e+01
46 5.9591120924e-01 3.8137563729e-02 6.0370833382e+00 4.5356225002e+01
47 5.9589072851e-01 3.8153713758e-02 6.0303896334e+00 4.5292932873e+01
48 5.9630141403e-01 4.0041922068e-02 6.1111379611e+00 4.6439805095e+01
49 5.9619619732e-01 4.0118630178e-02 6.0792554632e+00 4.6155467645e+01
50 5.9617625827e-01 4.0114086094e-02 6.0840760246e+00 4.6185715095e+01
51 5.9605913617e-01 4.0225245213e-02 6.0333465228e+00 4.5763980666e+01
52 5.9594260831e-01 4.0304884707e-02 6.0015379203e+00 4.5478760899e+01
53 5.9602176642e-01 4.1048921287e-02 5.8449872284e+00 4.3214040402e+01
54 5.9626223999e-01 4.1605533020e-02 5.7388657165e+00 4.1554026406e+01
55 5.9620916452e-01 4.1642779640e-02 5.7252010394e+00 4.1437295051e+01
56 5.9656305879e-01 4.3311416393e-02 5.7288626771e+00 4.1143633072e+01
57 5.9639802320e-01 4.3409845232e-02 5.6966915643e+00 4.0863375306e+01
58 5.9678239537e-01 4.4680656522e-02 5.4657637694e+00 3.7612493063e+01
59 5.9672690896e-01 4.4560569840e-02 5.4702322401e+00 3.7767465777e+01
60 5.9667800466e-01 4.4596943161e-02 5.4578716042e+00 3.7671630296e+01
61 5.9710976899e-01 4.5792843283e-02 5.2692546115e+00 3.4992908971e+01
62 5.9662974818e-01 4.4006470105e-02 5.2093618455e+00 3.4446532902e+01
63 5.9698965281e-01 4.5128407211e-02 5.0259141933e+00 3.2130715869e+01
64 5.9698083511e-01 4.5206097057e-02 5.0169971461e+00 3.2019081463e+01
65 5.9692611449e-01 4.5264314645e-02 4.9994542606e+00 3.1881485613e+01
66 5.9690789404e-01 4.5295047117e-02 4.9899372598e+00 3.1803701315e+01
67 5.9727221009e-01 4.6259103249e-02 4.8370915904e+00 2.9877458381e+01
68 5.9718946414e-01 4.6285440215e-02 4.8257142021e+00 2.9806854263e+01
69 5.9739762156e-01 4.6855235750e-02 4.7541203865e+00 2.8864983763e+01
70 5.9721162037e-01 4.6811663653e-02 4.7386083087e+00 2.8824122722e+01
71 5.9740530767e-01 4.7378021342e-02 4.6703852034e+00 2.7935277076e+01
72 5.9736084515e-01 4.7466069456e-02 4.6407853535e+00 2.7756110616e+01
73 5.9755591854e-01 4.8064503901e-02 4.5701701804e+00 2.6876690223e+01
74 5.9820433090e-01 4.9434461513e-02 4.3978386130e+00 2.4812780562e+01
75 5.9829801856e-01 5.0027870948e-02 4.3288826905e+00 2.4054431086e+01
76 5.9847805707e-01 5.0579810688e-02 4.2731479334e+00 2.3409878402e+01
77 5.9858080052e-01 5.1394967479e-02 4.3356887217e+00 2.4067840553e+01
78 5.9860332830e-01 5.1405622854e-02 4.3315500183e+00 2.4040422514e+01
79 5.9841210947e-01 5.1557882050e-02 4.3155296968e+00 2.3915394629e+01
80 5.9817303647e-01 5.1094669559e-02 4.3684533484e+00 2.4533320823e+01
81 5.9813667041e-01 5.1126936212e-02 4.3614419945e+00 2.4484624700e+01
82 5.9810196461e-01 5.1144362383e-02 4.3587188393e+00 2.4463243758e+01
83 5.9773161906e-01 4.9713123742e-02 4.3200873223e+00 2.4100917282e+01
84 5.9794790432e-01 5.0300325081e-02 4.2667442365e+00 2.3444221465e+01
85 5.9767291279e-01 5.0459270315e-02 4.2362343763e+00 2.3249552471e+01
86 5.9760099785e-01 5.0500580372e-02 4.2282071919e+00 2.3199960384e+01
87 5.9750762204e-01 5.0545797719e-02 4.2208965722e+00 2.3149649692e+01
88 5.9761701262e-01 5.1127961106e-02 4.1571436970e+00 2.2479726896e+01
89 5.9781811507e-01 5.1654764511e-02 4.1105790513e+00 2.1925231097e+01
90 5.9785587551e-01 5.1207465575e-02 3.9681428325e+00 2.0336610912e+01
91 5.9785947149e-01 5.1215409883e-02 3.9661368324e+00 2.0323127634e+01
92 5.9775336331e-01 5.0250727843e-02 3.8476807941e+00 1.9005056490e+01
93 5.9775191844e-01 5.0233874891e-02 3.8532074009e+00 1.9028395322e+01
94 5.9773448568e-01 5.0253458642e-02 3.8489442099e+00 1.9004822141e+01
95 5.9800487787e-01 5.0888579907e-02 3.8046663448e+00 1.8535705159e+01
96 5.9816961347e-01 5.1431207204e-02 3.7614752352e+00 1.8103092314e+01
97 5.9839473280e-01 5.1942346469e-02 3.7223703473e+00 1.7704864418e+01
98 5.9843269424e-01 5.2009284077e-02 3.7172473963e+00 1.7662343612e+01
99 5.9837582200e-01 5.2054705885e-02 3.7085287660e+00 1.7620017573e+01
100 5.9827427932e-01 5.2125908610e-02 3.7025174058e+00 1.7583674962e+01
101 5.9821333163e-01 5.2221695989e-02 3.6990711435e+00 1.7561724872e+01
102 5.9812915285e-01 5.2162354277e-02 3.6976415373e+00 1.7568474571e+01
103 5.9799068535e-01 5.2215337965e-02 3.6926951195e+00 1.7537855322e+01
104 5.9815500282e-01 5.3100294945e-02 3.7913613971e+00 1.8651613217e+01
105 5.9831017899e-01 5.3712958062e-02 3.7518120069e+00 1.8229271128e+01
106 5.9841998729e-01 5.4198172053e-02 3.7033878545e+00 1.7792006844e+01
107 5.9836954962e-01 5.4231085504e-02 3.6981961396e+00 1.7763877693e+01
108 5.9823570429e-01 5.4341468989e-02 3.6778453873e+00 1.7663189061e+01
109 5.9817322668e-01 5.4415001000e-02 3.6612112147e+00 1.7594675452e+01
110 5.9813957133e-01 5.4314050966e-02 3.6609619296e+00 1.7618606694e+01
111 5.9863149639e-01 5.6340937142e-02 3.7641202552e+00 1.8717575815e+01
112 5.9889944010e-01 5.6824157056e-02 3.7259246193e+00 1.8311392962e+01
113 5.9888586187e-01 5.6883814499e-02 3.7256968646e+00 1.8298983637e+01
114 5.9885336727e-01 5.6911973261e-02 3.7210148026e+00 1.8272133123e+01
115 5.9874508340e-01 5.6960507316e-02 3.7157390181e+00 1.8239440286e+01
116 5.9873256449e-01 5.6969316803e-02 3.7145439524e+00 1.8231502117e+01
117 5.9866892078e-01 5.7001853113e-02 3.7105997359e+00 1.8207260940e+01
118 5.9867766638e-01 5.7004162011e-02 3.7096523556e+00 1.8202057485e+01
119 5.9864396954e-01 5.7023970315e-02 3.7069509204e+00 1.8186123100e+01
120 5.9877543345e-01 5.7288252223e-02 3.6735350998e+00 1.7884436072e+01
121 5.9887813281e-01 5.7148939978e-02 3.5849262497e+00 1.7014004954e+01
122 5.9938684953e-01 5.8100326455e-02 3.5161225246e+00 1.6334268278e+01
123 5.9962585917e-01 5.8517854068e-02 3.4762235132e+00 1.5996470164e+01
124 5.9988850418e-01 5.9025583380e-02 3.4389070294e+00 1.5662407862e+01
125 6.0015550626e-01 5.9586424727e-02 3.4122926765e+00 1.5378997205e+01
126 6.0019807024e-01 5.9311001487e-02 3.3175115689e+00 1.4470121288e+01
127 6.0010272347e-01 5.9202482378e-02 3.3152761332e+00 1.4484244134e+01
128 6.0002356524e-01 5.9244429949e-02 3.3099517622e+00 1.4464199417e+01
129 5.9993391913e-01 5.9289995620e-02 3.3054956148e+00 1.4440953756e+01
130 6.0012492366e-01 5.9622769070e-02 3.2791537894e+00 1.4206783637e+01
131 6.0028879829e-01 6.0104109180e-02 3.2441647881e+00 1.3921772910e+01
132 6.0021575516e-01 6.0214786599e-02 3.2351007098e+00 1.3878048219e+01
133 6.0030518137e-01 6.0770221115e-02 3.2006915319e+00 1.3599844178e+01
134 6.0028985733e-01 6.0782670153e-02 3.1989513374e+00 1.3592529150e+01
135 6.0052470324e-01 6.1251031378e-02 3.1733612313e+00 1.3361774125e+01
136 6.0095191046e-01 6.3110767561e-02 3.2713032639e+00 1.4355358578e+01
137 6.0107710521e-01 6.3507040403e-02 3.2416903225e+00 1.4105548207e+01
138 6.0156253881e-01 6.4274142129e-02 3.1853084151e+00 1.3636508725e+01
139 6.0153266241e-01 6.4316996645e-02 3.1781868223e+00 1.3609271552e+01
140 6.0157728127e-01 6.5140654846e-02 3.2169994306e+00 1.3952689658e+01
141 6.0130586308e-01 6.4744809759e-02 3.2389074459e+00 1.4174057920e+01
142 6.0125168272e-01 6.4737174571e-02 3.2366691099e+00 1.4171802883e+01
143 6.0080678781e-01 6.3726394269e-02 3.2177638850e+00 1.4044737765e+01
144 6.0081214061e-01 6.3613661600e-02 3.2143540893e+00 1.4039615278e+01
145 6.0072026627e-01 6.3728361218e-02 3.2041871246e+00 1.3994639380e+01
146 6.0083413049e-01 6.4401856032e-02 3.2278952910e+00 1.4163343708e+01
147 6.0085986081e-01 6.4419034579e-02 3.2271058000e+00 1.4157901460e+01
148 6.0125452301e-01 6.5381758097e-02 3.2268706793e+00 1.4095209123e+01
149 6.0122089480e-01 6.5051168327e-02 3.1575262660e+00 1.3512984595e+01
150 6.0144596736e-01 6.5464251860e-02 3.1265593048e+00 1.3273123653e+01
151 6.0136333037e-01 6.5514697460e-02 3.1213909366e+00 1.3250071893e+01
152 6.0153895502e-01 6.5738126430e-02 3.0967529361e+00 1.3084709007e+01
153 6.0144857762e-01 6.5832387381e-02 3.0901677642e+00 1.3046907414e+01
154 6.0144619770e-01 6.5864066574e-02 3.0891521887e+00 1.3042943435e+01
155 6.0141921643e-01 6.5925014948e-02 3.0883734640e+00 1.3032539893e+01
156 6.0168097652e-01 6.6412249807e-02 3.0621088893e+00 1.2806311090e+01
157 6.0189106857e-01 6.6773007785e-02 3.0386241167e+00 1.2610183900e+01
158 6.0220976478e-01 6.7866873932e-02 3.0629640942e+00 1.2818608036e+01
159 6.0250377369e-01 6.7988522683e-02 2.9943530021e+00 1.2292027394e+01
160 6.0247372583e-01 6.8046743842e-02 2.9944694013e+00 1.2285560280e+01
161 6.0274225456e-01 6.8457055406e-02 2.9732409791e+00 1.2135662894e+01
162 6.0275122115e-01 6.7906148714e-02 2.8983878345e+00 1.1517665774e+01
163 6.0313409220e-01 6.9005202853e-02 2.9084173963e+00 1.1568716504e+01
164 6.0332793658e-01 6.9356094257e-02 2.8796874609e+00 1.1339501684e+01
165 6.0367195859e-01 7.0176326977e-02 2.8291304826e+00 1.0983544518e+01
166 6.0366557542e-01 7.0165250572e-02 2.8274429215e+00 1.0975578816e+01
167 6.0367711023e-01 7.0165258399e-02 2.8269499017e+00 1.0973714816e+01
168 6.0375865292e-01 7.0808166860e-02 2.8655296532e+00 1.1287352322e+01
169 6.0379279543e-01 7.0804071988e-02 2.8650275519e+00 1.1283606039e+01
170 6.0420829818e-01 7.1750971903e-02 2.8753381948e+00 1.1364835781e+01
171 6.0458400767e-01 7.2333782748e-02 2.8334610262e+00 1.1070474416e+01
172 6.0455411336e-01 7.2396678762e-02 2.8328518647e+00 1.1064426578e+01
173 6.0439220009e-01 7.2480372077e-02 2.8278000973e+00 1.1040222551e+01
174 6.0418681562e-01 7.1991616323e-02 2.8291630773e+00 1.0992747984e+01
175 6.0441909336e-01 7.2252069083e-02 2.8083750443e+00 1.0850934474e+01
176 6.0461408646e-01 7.3285083628e-02 2.8484133633e+00 1.1132457076e+01
177 6.0457708261e-01 7.3320784164e-02 2.8477093339e+00 1.1121813274e+01
178 6.0500861644e-01 7.3994469096e-02 2.8044364325e+00 1.0810087611e+01
179 6.0468967173e-01 7.2566604637e-02 2.7401263644e+00 1.0324502706e+01
180 6.0443307676e-01 7.2212460858e-02 2.7567456894e+00 1.0459001718e+01
181 6.0442489643e-01 7.2223196060e-02 2.7555306529e+00 1.0454375793e+01
182 6.0438863640e-01 7.2214694762e-02 2.7517860202e+00 1.0444379509e+01
183 6.0445813684e-01 7.2810749938e-02 2.7682558937e+00 1.0548408979e+01
184 6.0468255665e-01 7.3152247030e-02 2.7497645531e+00 1.0409852494e+01
185 6.0464632863e-01 7.3288037077e-02 2.7511219720e+00 1.0415406293e+01
186 6.0377986139e-01 7.1899786712e-02 2.7886358750e+00 1.0698948396e+01
187 6.0424528277e-01 7.2620233836e-02 2.7488885145e+00 1.0407560838e+01
188 6.0421627897e-01 7.2640818621e-02 2.7451471552e+00 1.0393859373e+01
189 6.0416161508e-01 7.2669748791e-02 2.7435445073e+00 1.0385977280e+01
190 6.0432015933e-01 7.3357914845e-02 2.7745700736e+00 1.0630465784e+01
191 6.0439786069e-01 7.4022422429e-02 2.7985413879e+00 1.0817108489e+01
192 6.0399925657e-01 7.3056294906e-02 2.7842683045e+00 1.0716674044e+01
193 6.0353141192e-01 7.2169802252e-02 2.7721010492e+00 1.0622010285e+01
194 6.0418715959e-01 7.3200210611e-02 2.7130155795e+00 1.0192390999e+01
195 6.0446828969e-01 7.4424675363e-02 2.7657464251e+00 1.0593346211e+01
196 6.0436335298e-01 7.4480328561e-02 2.7659213687e+00 1.0590460333e+01
197 6.0430008642e-01 7.4440186910e-02 2.7654409383e+00 1.0599001676e+01
198 6.0430550133e-01 7.4432177011e-02 2.7666274587e+00 1.0613644493e+01
199 6.0481105359e-01 7.6019278439e-02 2.8056019434e+00 1.0925262326e+01
200 6.0458222630e-01 7.5785458694e-02 2.8248092687e+00 1.1059953208e+01
201 6.0468946038e-01 7.6050050638e-02 2.8046701083e+00 1.0926981861e+01
202 6.0492961813e-01 7.6460982094e-02 2.7849408193e+00 1.0771813724e+01
203 6.0497550783e-01 7.6411519771e-02 2.7801071258e+00 1.0736042666e+01
204 6.0498475491e-01 7.6412458230e-02 2.7795898065e+00 1.0734211708e+01
205 6.0562618613e-01 7.7649940605e-02 2.7610983928e+00 1.0585907888e+01
206 6.0546279667e-01 7.7033969997e-02 2.7377320254e+00 1.0422769986e+01
207 6.0500121719e-01 7.6062637443e-02 2.7333946081e+00 1.0410508170e+01
208 6.0498049381e-01 7.6095274022e-02 2.7294950114e+00 1.0397160690e+01
209 6.0470264912e-01 7.5759719296e-02 2.7474641287e+00 1.0532829482e+01
210 6.0409843960e-01 7.4594677161e-02 2.7716656437e+00 1.0737670570e+01
211 6.0379905134e-01 7.4338397625e-02 2.7888374823e+00 1.0870403398e+01
212 6.0399179740e-01 7.4695441445e-02 2.7690875505e+00 1.0719516536e+01
213 6.0420680599e-01 7.5864970777e-02 2.7993065273e+00 1.0900958638e+01
214 6.0425097823e-01 7.5931021484e-02 2.7982253991e+00 1.0886425620e+01
215 6.0404912807e-01 7.5425732551e-02 2.7697142439e+00 1.0703138247e+01
216 6.0428971362e-01 7.5787759464e-02 2.7501848390e+00 1.0556259090e+01
217 6.0423554256e-01 7.5830188997e-02 2.7465193954e+00 1.0541725863e+01
218 6.0391406895e-01 7.5666128895e-02 2.7673986921e+00 1.0701752839e+01
219 6.0371287341e-01 7.5061136469e-02 2.7309225550e+00 1.0442901007e+01
220 6.0404256840e-01 7.6009511903e-02 2.7390818479e+00 1.0496780795e+01
221 6.0405854279e-01 7.6008609543e-02 2.7385371875e+00 1.0494986874e+01
222 6.0420488893e-01 7.6358551706e-02 2.7193097597e+00 1.0354414336e+01
223 6.0410620953e-01 7.6342043757e-02 2.7154147611e+00 1.0344707328e+01
224 6.0404665587e-01 7.5847693293e-02 2.7015895460e+00 1.0286610502e+01
225 6.0391068411e-01 7.5285518918e-02 2.6770749224e+00 1.0126334278e+01
226 6.0400165997e-01 7.5864841834e-02 2.6895382864e+00 1.0180879371e+01
227 6.0414841565e-01 7.6440818146e-02 2.7103123438e+00 1.0317893713e+01
228 6.0435223910e-01 7.6727611928e-02 2.6905831816e+00 1.0186337544e+01
229 6.0432938981e-01 7.6665359099e-02 2.6920587371e+00 1.0199652772e+01
230 6.0391336572e-01 7.5989118692e-02 2.6974501823e+00 1.0257341073e+01
231 6.0383613198e-01 7.6049559165e-02 2.6924251558e+00 1.0237510471e+01
232 6.0381380672e-01 7.6051847576e-02 2.6932497093e+00 1.0239002970e+01
233 6.0398128531e-01 7.6202601261e-02 2.6796860377e+00 1.0151551652e+01
234 6.0401374917e-01 7.6188053622e-02 2.6803522034e+00 1.0154230984e+01
235 6.0375413510e-01 7.5626136366e-02 2.6519133039e+00 9.9576348065e+00
236 6.0390120220e-01 7.6293849491e-02 2.6917398941e+00 1.0272409709e+01
237 6.0419710707e-01 7.7469213665e-02 2.7262535588e+00 1.0479995429e+01
238 6.0430478572e-01 7.8019282291e-02 2.7404153730e+00 1.0551810902e+01
239 6.0427268322e-01 7.8051085469e-02 2.7377042106e+00 1.0539625535e+01
240 6.0385716665e-01 7.7232602953e-02 2.7389242255e+00 1.0573731795e+01
241 6.0383422800e-01 7.7183554417e-02 2.7382347283e+00 1.0573191424e+01
242 6.0401342613e-01 7.7724046173e-02 2.7184775720e+00 1.0448963082e+01
243 6.0375816362e-01 7.7447301917e-02 2.7246799687e+00 1.0490897565e+01
244 6.0388183918e-01 7.8155208933e-02 2.7507149826e+00 1.0676154874e+01
245 6.0344120900e-01 7.7347265292e-02 2.7561438526e+00 1.0758545737e+01
246 6.0363673676e-01 7.7300893094e-02 2.6872519641e+00 1.0238513304e+01
247 6.0357368895e-01 7.7359627902e-02 2.6840969735e+00 1.0204836991e+01
248 6.0338551294e-01 7.6821480656e-02 2.6709966128e+00 1.0163126663e+01
249 6.0352374332e-01 7.7287611942e-02 2.6795749354e+00 1.0190438877e+01
250 6.0346462458e-01 7.7302404109e-02 2.6801369419e+00 1.0190934848e+01
251 6.0309499834e-01 7.6367835574e-02 2.6713868745e+00 1.0140166936e+01
252 6.0307889302e-01 7.6345527927e-02 2.6704713632e+00 1.0140015158e+01
253 6.0341343676e-01 7.7400199121e-02 2.6924951479e+00 1.0316673989e+01
254 6.0334851448e-01 7.7338783922e-02 2.6939056112e+00 1.0332574594e+01
255 6.0318997443e-01 7.7516927257e-02 2.7241573239e+00 1.0521331258e+01
256 6.0319942468e-01 7.7660024244e-02 2.7251457536e+00 1.0514795766e+01
257 6.0330910909e-01 7.8320720852e-02 2.7589338801e+00 1.0774826420e+01
258 6.0352293407e-01 7.9443479918e-02 2.7834828996e+00 1.0893231285e+01
259 6.0359898895e-01 7.9206375382e-02 2.7493494693e+00 1.0673639137e+01
260 6.0333562220e-01 7.8904259569e-02 2.7685363280e+00 1.0812320753e+01
261 6.0326962111e-01 7.8880071645e-02 2.7686473752e+00 1.0818055496e+01
262 6.0368476999e-01 7.9505564916e-02 2.7319619866e+00 1.0550582001e+01
263 6.0351511604e-01 7.8846254483e-02 2.6993637250e+00 1.0303125676e+01
264 6.0347431145e-01 7.8805061899e-02 2.7018784102e+00 1.0316536580e+01
265 6.0305276352e-01 7.7900423281e-02 2.6984633907e+00 1.0318647754e+01
266 6.0279824569e-01 7.7565896842e-02 2.7168375822e+00 1.0455146521e+01
267 6.0318010844e-01 7.8537196776e-02 2.7361979867e+00 1.0617259756e+01
268 6.0302794182e-01 7.7973630112e-02 2.7154718230e+00 1.0494635279e+01
269 6.0301749441e-01 7.7990799529e-02 2.7134240244e+00 1.0487664954e+01
270 6.0313356696e-01 7.8607589418e-02 2.7267496401e+00 1.0557653267e+01
271 6.0293612681e-01 7.8038568624e-02 2.7108462412e+00 1.0474541288e+01
272 6.0312851779e-01 7.8739899985e-02 2.7426426549e+00 1.0830611535e+01
273 6.0292507282e-01 7.8085518715e-02 2.7093628774e+00 1.0584157357e+01
274 6.0285047647e-01 7.8177315185e-02 2.7073887102e+00 1.0567084820e+01
275 6.0264878056e-01 7.7847365715e-02 2.7244139927e+00 1.0703958450e+01
276 6.0303488443e-01 7.8749128460e-02 2.7204878434e+00 1.0633062512e+01
277 6.0299356573e-01 7.8467639723e-02 2.6891124810e+00 1.0478100501e+01
278 6.0252440123e-01 7.7860571957e-02 2.7248330611e+00 1.0743069270e+01
279 6.0256074060e-01 7.7921544353e-02 2.7399157174e+00 1.0881146380e+01
280 6.0257080975e-01 7.7916069946e-02 2.7402821647e+00 1.0882514925e+01
281 6.0255740776e-01 7.7974003129e-02 2.7391867982e+00 1.0873475912e+01
282 6.0279737586e-01 7.8262398414e-02 2.7183158444e+00 1.0730607007e+01
283 6.0329964473e-01 7.9083099557e-02 2.6832862875e+00 1.0444377841e+01
284 6.0341733624e-01 7.9733318365e-02 2.7021328680e+00 1.0552520226e+01
285 6.0327328785e-01 7.9158632417e-02 2.6826685735e+00 1.0439322292e+01
286 6.0326622301e-01 7.9238594388e-02 2.6816439646e+00 1.0425970665e+01
287 6.0338149629e-01 7.9876708012e-02 2.7051847026e+00 1.0583015248e+01
288 6.0328369536e-01 7.9983490194e-02 2.6999785096e+00 1.0556999771e+01
289 6.0342613112e-01 8.1102283938e-02 2.7804596091e+00 1.1393812887e+01
290 6.0354819406e-01 8.1645425139e-02 2.7880057032e+00 1.1397155341e+01
291 6.0359539400e-01 8.1618256584e-02 2.7834170809e+00 1.1366987142e+01
292 6.0377591915e-01 8.1944320668e-02 2.7630304655e+00 1.1217368436e+01
293 6.0380924017e-01 8.1703542274e-02 2.7295860517e+00 1.1011909116e+01
294 6.0369109920e-01 8.1214120567e-02 2.6522022998e+00 1.0170453335e+01
295 6.0384685640e-01 8.1821555400e-02 2.6742349195e+00 1.0314881088e+01
296 6.0387335449e-01 8.1808721020e-02 2.6749300993e+00 1.0317458261e+01
297 6.0430344783e-01 8.2101555642e-02 2.6493133939e+00 1.0155996692e+01
298 6.0455129414e-01 8.2381566196e-02 2.6309277975e+00 1.0032896331e+01
299 6.0437402974e-01 8.1809358103e-02 2.6033394821e+00 9.8644369293e+00
300 6.0422712887e-01 8.1850566200e-02 2.6025993201e+00 9.8595314494e+00
301 6.0418702509e-01 8.1896332506e-02 2.6029049615e+00 9.8570152376e+00
302 6.0435058685e-01 8.2133124012e-02 2.5846224295e+00 9.7477609232e+00
303 6.0459909722e-01 8.2357490431e-02 2.5625428898e+00 9.6010315046e+00
304 6.0447425951e-01 8.2234917654e-02 2.5665273775e+00 9.6283815344e+00
305 6.0415284911e-01 8.1505570121e-02 2.5702229924e+00 9.6730960560e+00
306 6.0409870327e-01 8.1555261630e-02 2.5664811724e+00 9.6574818616e+00
307 6.0408632111e-01 8.1570572577e-02 2.5664519615e+00 9.6551737331e+00
308 6.0411828257e-01 8.1681697640e-02 2.5640250231e+00 9.6330549214e+00
309 6.0429679329e-01 8.2269444045e-02 2.5792985469e+00 9.7093585411e+00
310 6.0401304141e-01 8.1783396528e-02 2.5642028436e+00 9.6276206851e+00
311 6.0380044294e-01 8.1511407886e-02 2.5909579677e+00 9.8414168947e+00
312 6.0380745665e-01 8.1517624559e-02 2.5900120011e+00 9.8376112756e+00
313 6.0357624815e-01 8.1312524700e-02 2.5870925043e+00 9.7968413339e+00
314 6.0309900082e-01 8.0618574633e-02 2.5868663518e+00 9.8271158059e+00
315 6.0321754105e-01 8.1243159957e-02 2.6160522477e+00 1.0025396209e+01
316 6.0325219107e-01 8.1271713170e-02 2.6156805763e+00 1.0020631694e+01
317 6.0317047350e-01 8.1321130199e-02 2.6129426546e+00 1.0007561055e+01
318 6.0293268378e-01 8.0749992537e-02 2.5932093562e+00 9.8865959040e+00
319 6.0293202788e-01 8.0801204163e-02 2.5909915300e+00 9.8738118277e+00
320 6.0295969460e-01 8.0800113759e-02 2.5901063989e+00 9.8707756022e+00
321 6.0262973396e-01 8.0377839487e-02 2.6067685952e+00 1.0011148228e+01
322 6.0270595983e-01 8.1032704341e-02 2.6256863640e+00 1.0143851328e+01
323 6.0232627353e-01 8.0165244220e-02 2.6232621233e+00 1.0150605273e+01
324 6.0233948227e-01 8.0941367014e-02 2.6469627165e+00 1.0306541054e+01
325 6.0219837221e-01 8.0952376036e-02 2.6471192476e+00 1.0308614017e+01
326 6.0235342635e-01 8.1491815815e-02 2.6611265192e+00 1.0374389219e+01
327 6.0254877077e-01 8.1665854660e-02 2.6409670483e+00 1.0260650844e+01
328 6.0249006353e-01 8.1645689632e-02 2.6397747654e+00 1.0267608300e+01
329 6.0206251265e-01 8.0760714056e-02 2.6387563334e+00 1.0287621712e+01
330 6.0176059049e-01 8.0464106972e-02 2.6661083334e+00 1.0500223410e+01
331 6.0198344808e-01 8.0809295670e-02 2.6477152491e+00 1.0361250122e+01
332 6.0233901664e-01 8.1744754464e-02 2.6530151919e+00 1.0372399383e+01
333 6.0244198963e-01 8.2309878587e-02 2.6666866731e+00 1.0437518475e+01
334 6.0266444425e-01 8.2726180371e-02 2.6469119113e+00 1.0289645647e+01
335 6.0265859449e-01 8.2723680022e-02 2.6473723537e+00 1.0291634220e+01
336 6.0252641507e-01 8.3110062820e-02 2.6801295470e+00 1.0490182061e+01
337 6.0282472833e-01 8.3037429845e-02 2.6319087960e+00 1.0191660513e+01
338 6.0239389937e-01 8.1730452386e-02 2.5953694081e+00 9.8952677026e+00
339 6.0239745491e-01 8.1694851733e-02 2.5953460464e+00 9.9006928754e+00
340 6.0276726707e-01 8.2464428130e-02 2.5956514977e+00 9.8842080659e+00
341 6.0277578211e-01 8.2438231740e-02 2.5951991876e+00 9.8883400959e+00
342 6.0321793523e-01 8.3141615797e-02 2.5645352335e+00 9.6580348018e+00
343 6.0311236608e-01 8.3407253881e-02 2.6005232452e+00 9.9007177686e+00
344 6.0303720447e-01 8.3542931995e-02 2.6009211309e+00 9.9112864150e+00
345 6.0237435560e-01 8.2451319765e-02 2.6190267614e+00 1.0073697000e+01
346 6.0240448915e-01 8.2505749933e-02 2.6170679686e+00 1.0057650144e+01
347 6.0312118330e-01 8.4506735970e-02 2.6368260729e+00 1.0100289477e+01
348 6.0337178805e-01 8.5422459721e-02 2.6397618715e+00 1.0050375505e+01
349 6.0238339556e-01 8.3785570390e-02 2.6809649241e+00 1.0395466710e+01
350 6.0295923272e-01 8.5020867973e-02 2.6633879560e+00 1.0264553763e+01
351 6.0311606753e-01 8.5323020528e-02 2.6470785722e+00 1.0146781236e+01
352 6.0268858626e-01 8.4465735677e-02 2.6570309363e+00 1.0254306611e+01
353 6.0255407668e-01 8.4553938442e-02 2.6516646524e+00 1.0230266044e+01
354 6.0269169545e-01 8.5002869736e-02 2.6566261367e+00 1.0231726980e+01
355 6.0290030752e-01 8.5371851630e-02 2.6458350168e+00 1.0163672783e+01
356 6.0254932074e-01 8.4888847953e-02 2.6109772214e+00 9.9519011481e+00
357 6.0263320625e-01 8.5118184058e-02 2.5957089640e+00 9.8577363477e+00
358 6.0237682317e-01 8.5005118768e-02 2.6102343320e+00 9.9608736989e+00
359 6.0270974701e-01 8.5752090492e-02 2.6030560389e+00 9.8825343324e+00
360 6.0272260878e-01 8.5754620414e-02 2.6024073763e+00 9.8798210902e+00
361 6.0303073816e-01 8.6259036372e-02 2.5821708849e+00 9.7116448948e+00
362 6.0276797515e-01 8.5924776930e-02 2.5889140845e+00 9.7569762395e+00
363 6.0241145978e-01 8.5206919112e-02 2.5924374127e+00 9.8061262751e+00
364 6.0240849964e-01 8.5046247373e-02 2.5748453867e+00 9.6689756806e+00
365 6.0207967590e-01 8.4542597885e-02 2.5532375880e+00 9.5395438634e+00
