1 5.9282947138e-01 1.1102230246e-16 1.0000000000e+00 1.0000000000e+00
2 5.9348889696e-01 1.2810746310e-02 1.7859462494e+01 3.2406492523e+02
3 5.9367900802e-01 1.4816384350e-02 1.5348137646e+01 2.4071134992e+02
4 5.9364092586e-01 1.4949153245e-02 1.4914456812e+01 2.3255606926e+02
5 5.9388340612e-01 1.6661568951e-02 1.3431663322e+01 1.8757331299e+02
6 5.9406996747e-01 1.8276055937e-02 1.2182610730e+01 1.5498443062e+02
7 5.9386763956e-01 1.6803809153e-02 1.3095339426e+01 1.8139468581e+02
8 5.9388692211e-01 1.6812402055e-02 1.3073302106e+01 1.8096213665e+02
9 5.9388099382e-01 1.6905669362e-02 1.2836867034e+01 1.7709603408e+02
10 5.9377865503e-01 1.7075380092e-02 1.2424143474e+01 1.7060179603e+02
11 5.9376859601e-01 1.7162696380e-02 1.2214184935e+01 1.6725339328e+02
12 5.9400532503e-01 1.8695522076e-02 1.1319441433e+01 1.4191443683e+02
13 5.9398319460e-01 1.8774251230e-02 1.1163487648e+01 1.3965039388e+02
14 5.9389466868e-01 1.8867169674e-02 1.0992820468e+01 1.3717643185e+02
15 5.9412179187e-01 2.0280625641e-02 1.0309497664e+01 1.1937055804e+02
16 5.9402630119e-01 2.0368704668e-02 1.0173476456e+01 1.1754770752e+02
17 5.9423593833e-01 2.1659958033e-02 9.6550393131e+00 1.0464702167e+02
18 5.9443835907e-01 2.3077057602e-02 9.1402945907e+00 9.3468374529e+01
19 5.9439588834e-01 2.3104883488e-02 9.1108118850e+00 9.3088023273e+01
20 5.9450411603e-01 2.4357643800e-02 8.6058139615e+00 8.3374317601e+01
21 5.9476324688e-01 2.5451489771e-02 8.2627971984e+00 7.6415625396e+01
22 5.9498816982e-01 2.6537409441e-02 7.9171185493e+00 7.0137566380e+01
23 5.9514881236e-01 2.7474476542e-02 7.6103002910e+00 6.4848347239e+01
24 5.9534013875e-01 2.8493341223e-02 7.3266719008e+00 6.0161495144e+01
25 5.9521985014e-01 2.8580107000e-02 7.2655921726e+00 5.9568385430e+01
26 5.9521941772e-01 2.8636574593e-02 7.2225161100e+00 5.9099137899e+01
27 5.9518703915e-01 2.8685866901e-02 7.1827528664e+00 5.8737067973e+01
28 5.9521257315e-01 2.8849922897e-02 7.1468390669e+00 5.8374347214e+01
29 5.9522547479e-01 2.8855603977e-02 7.1411808421e+00 5.8315687112e+01
30 5.9584216820e-01 3.1436578804e-02 6.5831198373e+00 4.8965177150e+01
31 5.9601312675e-01 3.2325227781e-02 6.3921795202e+00 4.6234397037e+01
32 5.9641946976e-01 3.3879034166e-02 6.0807510904e+00 4.1746953643e+01
33 5.9646141716e-01 3.3869684080e-02 6.0834633620e+00 4.1759993500e+01
34 5.9711322734e-01 3.6123424093e-02 5.7289358631e+00 3.6844578146e+01
35 5.9709355557e-01 3.6148790896e-02 5.7159338969e+00 3.6758628284e+01
36 5.9702296858e-01 3.6194068940e-02 5.6970896486e+00 3.6623993690e+01
37 5.9719782064e-01 3.7037892389e-02 5.5780305053e+00 3.5102621630e+01
38 5.9735223025e-01 3.8281080609e-02 5.8160449775e+00 3.9249770790e+01
39 5.9736310164e-01 3.8431064447e-02 5.8518683027e+00 4.0040189556e+01
40 5.9758679272e-01 3.9135902834e-02 5.7218282062e+00 3.8264725230e+01
41 5.9762317471e-01 3.9178031922e-02 5.6983329412e+00 3.8082954304e+01
42 5.9776611954e-01 4.0431205607e-02 5.8629311314e+00 4.0611468861e+01
43 5.9792474549e-01 4.1210407013e-02 5.7183713242e+00 3.8714382603e+01
44 5.9809963429e-01 4.1816123881e-02 5.5969757162e+00 3.7170375930e+01
45 5.9797452599e-01 4.2129177603e-02 5.7665738670e+00 3.9390559412e+01
46 5.9768082972e-01 4.1571422696e-02 5.8558793156e+00 4.0814962945e+01
47 5.9761324259e-01 4.1612639889e-02 5.8407008355e+00 4.0694127097e+01
48 5.9723961563e-01 3.9700935529e-02 5.7756477500e+00 3.9620900341e+01
49 5.9745442416e-01 4.0233450274e-02 5.6580351828e+00 3.8066526176e+01
50 5.9739645738e-01 4.0271787385e-02 5.6440328344e+00 3.7956939307e+01
51 5.9738389187e-01 4.0323503794e-02 5.6193760529e+00 3.7775299123e+01
52 5.9750592634e-01 4.1034727844e-02 5.4914407594e+00 3.6122433714e+01
53 5.9750316458e-01 4.1122718318e-02 5.4855892942e+00 3.6041483847e+01
54 5.9747860543e-01 4.1134018650e-02 5.4825752266e+00 3.6015146870e+01
55 5.9746830010e-01 4.1184736399e-02 5.4600719172e+00 3.5848506733e+01
56 5.9765776653e-01 4.1894153579e-02 5.3640127051e+00 3.4473724892e+01
57 5.9767261039e-01 4.1898641214e-02 5.3618642249e+00 3.4451097858e+01
58 5.9787198334e-01 4.2991091413e-02 5.4961406486e+00 3.6350364098e+01
59 5.9785500293e-01 4.3036887908e-02 5.4783445530e+00 3.6206951010e+01
60 5.9783422059e-01 4.3048912604e-02 5.4747750554e+00 3.6177403459e+01
61 5.9781575669e-01 4.3076589635e-02 5.4653961927e+00 3.6094959498e+01
62 5.9785071898e-01 4.3073460217e-02 5.4641519890e+00 3.6087892333e+01
63 5.9804836942e-01 4.3680089850e-02 5.3678147699e+00 3.4768186956e+01
64 5.9809091222e-01 4.3679202835e-02 5.3664761993e+00 3.4748485130e+01
65 5.9808113051e-01 4.3685721772e-02 5.3645647576e+00 3.4732654235e+01
66 5.9805247941e-01 4.3728407079e-02 5.3461009197e+00 3.4622221559e+01
67 5.9827247765e-01 4.4412317334e-02 5.2442794555e+00 3.3292296542e+01
68 5.9858251483e-01 4.6052209148e-02 5.2450141636e+00 3.3309813782e+01
69 5.9886136069e-01 4.6199416872e-02 4.9782559170e+00 2.9970028647e+01
70 5.9900558820e-01 4.7181210067e-02 5.0761937419e+00 3.1149688866e+01
71 5.9902725862e-01 4.7321755519e-02 5.0709511251e+00 3.1038189308e+01
72 5.9897119032e-01 4.7340856082e-02 5.0680607491e+00 3.1012183003e+01
73 5.9899443047e-01 4.7284907115e-02 5.0670420422e+00 3.1040466574e+01
74 5.9885637008e-01 4.7292573703e-02 5.0535419026e+00 3.0972876261e+01
75 5.9886963519e-01 4.7313335640e-02 5.0453427503e+00 3.0914065075e+01
76 5.9881750796e-01 4.7354742528e-02 5.0337052484e+00 3.0830095847e+01
77 5.9901448225e-01 4.7984986729e-02 4.9349582175e+00 2.9703087442e+01
78 5.9898487602e-01 4.7997526159e-02 4.9326058283e+00 2.9684431403e+01
79 5.9895015438e-01 4.8024323246e-02 4.9252702093e+00 2.9633936322e+01
80 5.9919437327e-01 4.8437289687e-02 4.8550063411e+00 2.8824230709e+01
81 5.9915119906e-01 4.8485122626e-02 4.8416631861e+00 2.8730068747e+01
82 5.9931698366e-01 4.9142138712e-02 4.7494615814e+00 2.7710849878e+01
83 5.9952652219e-01 5.0084588377e-02 4.8459276264e+00 2.8918237954e+01
84 5.9941919510e-01 5.0054266517e-02 4.8494093724e+00 2.8974285963e+01
85 5.9941559529e-01 5.0071127325e-02 4.8447471249e+00 2.8936922953e+01
86 5.9936073752e-01 5.0093715843e-02 4.8407559691e+00 2.8906877819e+01
87 5.9949862904e-01 5.0800107146e-02 4.7611039638e+00 2.8136222930e+01
88 5.9970873407e-01 5.1331761437e-02 4.6865989707e+00 2.7290661647e+01
89 5.9975472193e-01 5.1321357052e-02 4.6874530079e+00 2.7295191669e+01
90 5.9961452223e-01 5.0641053287e-02 4.6478226053e+00 2.6977394297e+01
91 5.9960491378e-01 5.0653333820e-02 4.6448766926e+00 2.6954940162e+01
92 5.9966995741e-01 5.0665307341e-02 4.6429885269e+00 2.6932978320e+01
93 5.9973765371e-01 5.1247738295e-02 4.5656318658e+00 2.6086203679e+01
94 5.9972041667e-01 5.1253539266e-02 4.5649287356e+00 2.6080655325e+01
95 5.9979697759e-01 5.1258991370e-02 4.5592452976e+00 2.6042369221e+01
96 5.9970467665e-01 5.1385052234e-02 4.5432411132e+00 2.5913060820e+01
97 5.9964001854e-01 5.1421740163e-02 4.5359532570e+00 2.5863271290e+01
98 5.9961408973e-01 5.1609869397e-02 4.5601783689e+00 2.6178513225e+01
99 5.9985794179e-01 5.2157037046e-02 4.4998508059e+00 2.5450893650e+01
100 5.9988757331e-01 5.2179734803e-02 4.4917117815e+00 2.5397077627e+01
101 5.9965513581e-01 5.1267181200e-02 4.3920186491e+00 2.4287884088e+01
102 5.9983655620e-01 5.1796165293e-02 4.3306786725e+00 2.3613979291e+01
103 5.9979928657e-01 5.1819615879e-02 4.3259039744e+00 2.3584897199e+01
104 5.9971145327e-01 5.1858359530e-02 4.3128880223e+00 2.3519605670e+01
105 6.0046778506e-01 5.4599497970e-02 4.3301515391e+00 2.3586259117e+01
106 6.0043934921e-01 5.4648746978e-02 4.3180306096e+00 2.3512678101e+01
107 5.9991230157e-01 5.2305194554e-02 4.2415966574e+00 2.2861615835e+01
108 5.9988113012e-01 5.2191875825e-02 4.2453933792e+00 2.2927969487e+01
109 5.9988374208e-01 5.2202225667e-02 4.2431254247e+00 2.2907933129e+01
110 6.0014438638e-01 5.2710040616e-02 4.1854091135e+00 2.2292261382e+01
111 5.9989442931e-01 5.2172780899e-02 4.2349527479e+00 2.2869953757e+01
112 5.9931150140e-01 5.0168523359e-02 4.2440352923e+00 2.3085870090e+01
113 5.9925451241e-01 5.0223123447e-02 4.2315287548e+00 2.3007280025e+01
114 5.9927295149e-01 5.0214694567e-02 4.2328610580e+00 2.3016275778e+01
115 5.9920478284e-01 5.0288502830e-02 4.2361103840e+00 2.3021906740e+01
116 5.9927256638e-01 5.0356204844e-02 4.2330683073e+00 2.2991516766e+01
117 5.9909425447e-01 4.9359071165e-02 4.0677812385e+00 2.0944183640e+01
118 5.9928036467e-01 4.9821570377e-02 4.0067572057e+00 2.0393029847e+01
119 5.9925120847e-01 4.9828219370e-02 4.0068408365e+00 2.0391548430e+01
120 5.9914126422e-01 4.9899578067e-02 3.9938370767e+00 2.0312590666e+01
121 5.9916685042e-01 4.9966759085e-02 3.9929695874e+00 2.0299321296e+01
122 5.9938377775e-01 5.0695312142e-02 3.9506167080e+00 1.9811174105e+01
123 5.9941607878e-01 5.0669802572e-02 3.9440785778e+00 1.9788038206e+01
124 5.9937947872e-01 5.0690836105e-02 3.9409325965e+00 1.9766868506e+01
125 5.9962041337e-01 5.1199133964e-02 3.9012635033e+00 1.9342708327e+01
126 5.9960447021e-01 5.1314631950e-02 3.8876536992e+00 1.9273528962e+01
127 5.9957482489e-01 5.1338691199e-02 3.8828855980e+00 1.9247509447e+01
128 5.9956475756e-01 5.1349036854e-02 3.8809942582e+00 1.9235114183e+01
129 5.9944254042e-01 5.0458975258e-02 3.7613627617e+00 1.7888730126e+01
130 5.9943853774e-01 5.0330323335e-02 3.7500978991e+00 1.7823386519e+01
131 5.9994423052e-01 5.1523208565e-02 3.6863194227e+00 1.7140728927e+01
132 6.0010351832e-01 5.2141229396e-02 3.6406036130e+00 1.6739663961e+01
133 6.0065214205e-01 5.3960681342e-02 3.6592673240e+00 1.7074946941e+01
134 6.0062712007e-01 5.4005840305e-02 3.6630884569e+00 1.7089842779e+01
135 6.0068175162e-01 5.4947562797e-02 3.7531465113e+00 1.8194628441e+01
136 6.0066430809e-01 5.5001806421e-02 3.7540938431e+00 1.8197903787e+01
137 6.0071940429e-01 5.5051287488e-02 3.7583234759e+00 1.8296864434e+01
138 6.0073470226e-01 5.5066892593e-02 3.7535897655e+00 1.8272758814e+01
139 6.0041921153e-01 5.4553197312e-02 3.7854635621e+00 1.8648690681e+01
140 6.0041967943e-01 5.4499722176e-02 3.7831814912e+00 1.8636279570e+01
141 6.0045011271e-01 5.4536073958e-02 3.7734769072e+00 1.8578920469e+01
142 6.0065349413e-01 5.4891630421e-02 3.7361085867e+00 1.8215120397e+01
143 6.0058736613e-01 5.4938435533e-02 3.7288319112e+00 1.8172651058e+01
144 6.0056300914e-01 5.4978109613e-02 3.7200837681e+00 1.8129727642e+01
145 6.0040459919e-01 5.4109800058e-02 3.6313635078e+00 1.7159512603e+01
146 6.0037811927e-01 5.4144831401e-02 3.6227002959e+00 1.7129127469e+01
147 6.0016503791e-01 5.3800695604e-02 3.6546723534e+00 1.7446857491e+01
148 6.0013507143e-01 5.3832307275e-02 3.6486131781e+00 1.7415434127e+01
149 6.0015238000e-01 5.3825703598e-02 3.6495330075e+00 1.7418649375e+01
150 6.0015363710e-01 5.3835789968e-02 3.6473219632e+00 1.7405323693e+01
151 6.0002444415e-01 5.2938506728e-02 3.5205813189e+00 1.5976398598e+01
152 5.9995778221e-01 5.2896165602e-02 3.5161568853e+00 1.5944169715e+01
153 5.9970331468e-01 5.2418029111e-02 3.5477963858e+00 1.6258531631e+01
154 5.9942907014e-01 5.1955916484e-02 3.5571619592e+00 1.6484556608e+01
155 5.9940288792e-01 5.1965380960e-02 3.5566570212e+00 1.6479710207e+01
156 5.9957495988e-01 5.2344391872e-02 3.5071774682e+00 1.6098901053e+01
157 5.9961674319e-01 5.2349486443e-02 3.5036796024e+00 1.6081628478e+01
158 5.9961343452e-01 5.2352175512e-02 3.4981398030e+00 1.6046616448e+01
159 5.9961217869e-01 5.2391349079e-02 3.4893839670e+00 1.6000209179e+01
160 5.9959540177e-01 5.2482557014e-02 3.4852865299e+00 1.5980126637e+01
161 5.9980854184e-01 5.2921199998e-02 3.4526728079e+00 1.5666072550e+01
162 5.9979864712e-01 5.2925675441e-02 3.4522586251e+00 1.5663407852e+01
163 5.9987825850e-01 5.2999623912e-02 3.4505898981e+00 1.5665877695e+01
164 5.9983463589e-01 5.3071452587e-02 3.4514742447e+00 1.5675055326e+01
165 5.9973484414e-01 5.3053292942e-02 3.4455599156e+00 1.5642454553e+01
166 5.9985574529e-01 5.3992288796e-02 3.5571448095e+00 1.6950503050e+01
167 6.0028397019e-01 5.4770368292e-02 3.4906321612e+00 1.6299724659e+01
168 6.0031310747e-01 5.4757113705e-02 3.4920028680e+00 1.6307722749e+01
169 6.0080279839e-01 5.5669476163e-02 3.4309876707e+00 1.5692434278e+01
170 6.0092909621e-01 5.6627803961e-02 3.5257095043e+00 1.6725385945e+01
171 6.0127492255e-01 5.7097643546e-02 3.4871517034e+00 1.6357124242e+01
172 6.0137086042e-01 5.7162810118e-02 3.4839989874e+00 1.6328272942e+01
173 6.0149500152e-01 5.8042982524e-02 3.5699423176e+00 1.7242210058e+01
174 6.0148401205e-01 5.8037668294e-02 3.5714978864e+00 1.7251117426e+01
175 6.0165506355e-01 5.8579628615e-02 3.5387585021e+00 1.6890271377e+01
176 6.0176952467e-01 5.9408300813e-02 3.6028614473e+00 1.7491789077e+01
177 6.0179302493e-01 5.9476448720e-02 3.5999862242e+00 1.7465973867e+01
178 6.0173791663e-01 5.9500427288e-02 3.5977455810e+00 1.7451825216e+01
179 6.0160071068e-01 5.8717737980e-02 3.5154946111e+00 1.6689400295e+01
180 6.0221404355e-01 6.0231687361e-02 3.5235838591e+00 1.6782066814e+01
181 6.0222562066e-01 6.0263750192e-02 3.5166428768e+00 1.6744786090e+01
182 6.0240623072e-01 6.0541584279e-02 3.4869750354e+00 1.6483079031e+01
183 6.0231043035e-01 6.0595666415e-02 3.4804272301e+00 1.6449111960e+01
184 6.0210888807e-01 5.9821340049e-02 3.4120810129e+00 1.5810127421e+01
185 6.0212650889e-01 5.9651125081e-02 3.3555507001e+00 1.5122917270e+01
186 6.0249334899e-01 6.0802348304e-02 3.3822565744e+00 1.5357286835e+01
187 6.0248438281e-01 6.0808986906e-02 3.3814261901e+00 1.5352687877e+01
188 6.0219430984e-01 6.0454727822e-02 3.4059595343e+00 1.5612388697e+01
189 6.0218633929e-01 6.0323574408e-02 3.3937862206e+00 1.5457602076e+01
190 6.0217215476e-01 6.0329545180e-02 3.3936475914e+00 1.5454159044e+01
191 6.0218076738e-01 6.0376914359e-02 3.3908330530e+00 1.5429704145e+01
192 6.0197842380e-01 6.0408485009e-02 3.3948753171e+00 1.5443153783e+01
193 6.0216070779e-01 6.0864537345e-02 3.3587491939e+00 1.5129135456e+01
194 6.0214288894e-01 6.0851943718e-02 3.3556789900e+00 1.5117991943e+01
195 6.0228982261e-01 6.0653883783e-02 3.2648691355e+00 1.4232515392e+01
196 6.0190624076e-01 5.9814499498e-02 3.2652967165e+00 1.4278153228e+01
197 6.0168263110e-01 5.9116978679e-02 3.1865020836e+00 1.3572347957e+01
198 6.0197168045e-01 5.9650808383e-02 3.1607702250e+00 1.3338800113e+01
199 6.0255195135e-01 6.1533204728e-02 3.1882265659e+00 1.3649147930e+01
200 6.0238422008e-01 6.2148691720e-02 3.3516520944e+00 1.5179325041e+01
201 6.0254845136e-01 6.2693090536e-02 3.3195727371e+00 1.4885932504e+01
202 6.0281095135e-01 6.3137570429e-02 3.2896819324e+00 1.4611538046e+01
203 6.0278927342e-01 6.3179206071e-02 3.2822813679e+00 1.4580131429e+01
204 6.0280656566e-01 6.3202273236e-02 3.2773935894e+00 1.4555789868e+01
205 6.0272053241e-01 6.3239012378e-02 3.2744387517e+00 1.4541162086e+01
206 6.0270913519e-01 6.3253556140e-02 3.2726859422e+00 1.4530203159e+01
207 6.0277951935e-01 6.3260611072e-02 3.2685435874e+00 1.4509337495e+01
208 6.0317991138e-01 6.4141456172e-02 3.2073466858e+00 1.3981632191e+01
209 6.0291119890e-01 6.3692398390e-02 3.2384020128e+00 1.4255440751e+01
210 6.0316502486e-01 6.4132434742e-02 3.2086821390e+00 1.4003242221e+01
211 6.0328650062e-01 6.4576128481e-02 3.1766093274e+00 1.3741227402e+01
212 6.0321903546e-01 6.4595755828e-02 3.1761524923e+00 1.3738452508e+01
213 6.0382250183e-01 6.5523444937e-02 3.1183727535e+00 1.3216371306e+01
214 6.0383118895e-01 6.5533468818e-02 3.1194557025e+00 1.3219084974e+01
215 6.0380468007e-01 6.5536737878e-02 3.1171225894e+00 1.3203530093e+01
216 6.0361734813e-01 6.5228508492e-02 3.1424005425e+00 1.3409795505e+01
217 6.0362427908e-01 6.5266507244e-02 3.1349209567e+00 1.3379453125e+01
218 6.0375386923e-01 6.5717371048e-02 3.1011689224e+00 1.3124529459e+01
219 6.0390309505e-01 6.6598642546e-02 3.1453229290e+00 1.3480669638e+01
220 6.0378521258e-01 6.6648916309e-02 3.1422067448e+00 1.3463366316e+01
221 6.0371408181e-01 6.6670748149e-02 3.1418273827e+00 1.3459578169e+01
222 6.0406316737e-01 6.6752317394e-02 3.0557056322e+00 1.2750877120e+01
223 6.0425443086e-01 6.7028397918e-02 3.0299679313e+00 1.2568221784e+01
224 6.0448657280e-01 6.7385008335e-02 3.0113694343e+00 1.2427318987e+01
225 6.0471369403e-01 6.7800841081e-02 2.9855928986e+00 1.2227770322e+01
226 6.0498810754e-01 6.8733642114e-02 3.0015274337e+00 1.2394025264e+01
227 6.0498160875e-01 6.8737770175e-02 3.0013575039e+00 1.2392261994e+01
228 6.0519860215e-01 6.9207702815e-02 2.9729506978e+00 1.2174725714e+01
229 6.0518873760e-01 6.9219723292e-02 2.9690806916e+00 1.2160674477e+01
230 6.0520730553e-01 6.9244424630e-02 2.9644524172e+00 1.2141080192e+01
231 6.0535414738e-01 6.9541525696e-02 2.9423194805e+00 1.1972327894e+01
232 6.0529194286e-01 6.9658763231e-02 2.9450137952e+00 1.2018409871e+01
233 6.0530357018e-01 6.9667104008e-02 2.9433231563e+00 1.2010820379e+01
234 6.0505342313e-01 6.9353697398e-02 2.9619412452e+00 1.2170253769e+01
235 6.0524808655e-01 7.0774935942e-02 3.0382901602e+00 1.2840262591e+01
236 6.0531253611e-01 7.0852686683e-02 3.0386360564e+00 1.2824258100e+01
237 6.0513310104e-01 7.0548456597e-02 3.0626798137e+00 1.3016243153e+01
238 6.0533596277e-01 7.0872510538e-02 3.0370629628e+00 1.2827606836e+01
239 6.0524748872e-01 7.0840583346e-02 3.0291903828e+00 1.2815083974e+01
240 6.0540200928e-01 7.1315565266e-02 3.0367130771e+00 1.2815672189e+01
241 6.0570553787e-01 7.1765170659e-02 3.0106045906e+00 1.2598802032e+01
242 6.0548584859e-01 7.1289451766e-02 3.0080496122e+00 1.2560478421e+01
243 6.0530245246e-01 7.0641367185e-02 2.9771902413e+00 1.2334804629e+01
244 6.0511044190e-01 7.0318012312e-02 2.9993725555e+00 1.2512690004e+01
245 6.0473806455e-01 6.9601387739e-02 3.0018322690e+00 1.2606186504e+01
246 6.0497286496e-01 6.9990134472e-02 2.9798455582e+00 1.2417179361e+01
247 6.0499022996e-01 6.9995478974e-02 2.9784108218e+00 1.2410485043e+01
248 6.0530014121e-01 7.0325489181e-02 2.9546663767e+00 1.2221095314e+01
249 6.0577298147e-01 7.1283372407e-02 2.9150975138e+00 1.1859948250e+01
250 6.0628133060e-01 7.1948156967e-02 2.8716039879e+00 1.1523930266e+01
251 6.0643113819e-01 7.2466008447e-02 2.8813194940e+00 1.1552905467e+01
252 6.0664288831e-01 7.3155108162e-02 2.9197781873e+00 1.1873615492e+01
253 6.0653619768e-01 7.3205870757e-02 2.9165617459e+00 1.1859411424e+01
254 6.0649631174e-01 7.3302009381e-02 2.9092571593e+00 1.1822994035e+01
255 6.0649504913e-01 7.3313518576e-02 2.9078655215e+00 1.1815782040e+01
256 6.0666316042e-01 7.3875100829e-02 2.9199325808e+00 1.1879468642e+01
257 6.0665380166e-01 7.3936129034e-02 2.9181336353e+00 1.1865591973e+01
258 6.0686868200e-01 7.4447822793e-02 2.8991709884e+00 1.1702998866e+01
259 6.0668533396e-01 7.3906874351e-02 2.8891896144e+00 1.1690120924e+01
260 6.0672555085e-01 7.3922256510e-02 2.8900851869e+00 1.1690803700e+01
261 6.0674962250e-01 7.3785863590e-02 2.8593611036e+00 1.1517759076e+01
262 6.0674228091e-01 7.3782297670e-02 2.8601647485e+00 1.1521112632e+01
263 6.0691457568e-01 7.4135114621e-02 2.8387896917e+00 1.1362562025e+01
264 6.0698339009e-01 7.4224894512e-02 2.8387226071e+00 1.1352675381e+01
265 6.0704640548e-01 7.4194773335e-02 2.8405944382e+00 1.1360319750e+01
266 6.0658751083e-01 7.2900091882e-02 2.7977245194e+00 1.0974983213e+01
267 6.0689816603e-01 7.3899248770e-02 2.8089095492e+00 1.1055786506e+01
268 6.0713336112e-01 7.5153729037e-02 2.8652331078e+00 1.1472534349e+01
269 6.0738235556e-01 7.5513306524e-02 2.8428060091e+00 1.1302210230e+01
270 6.0760259758e-01 7.5745474820e-02 2.8212393723e+00 1.1149010853e+01
271 6.0761568439e-01 7.5743717435e-02 2.8209323052e+00 1.1148093876e+01
272 6.0781906113e-01 7.6123042640e-02 2.7979201741e+00 1.0983473393e+01
273 6.0806842667e-01 7.6440010729e-02 2.7741860936e+00 1.0828615677e+01
274 6.0822821259e-01 7.6993523654e-02 2.7914589550e+00 1.0927649838e+01
275 6.0820999160e-01 7.7010318026e-02 2.7897331544e+00 1.0921635296e+01
276 6.0838949401e-01 7.7319177456e-02 2.7700207231e+00 1.0779315872e+01
277 6.0847234521e-01 7.7916032966e-02 2.7777694731e+00 1.0817128251e+01
278 6.0864330533e-01 7.8121706955e-02 2.7603356860e+00 1.0702870875e+01
279 6.0872069729e-01 7.8763240286e-02 2.7901165029e+00 1.0930457750e+01
280 6.0895318977e-01 7.9120155708e-02 2.7692941124e+00 1.0779022223e+01
281 6.0889466077e-01 7.9182223582e-02 2.7654598872e+00 1.0762246042e+01
282 6.0913292576e-01 7.9383520993e-02 2.7477098642e+00 1.0648401858e+01
283 6.0909372899e-01 7.9451706411e-02 2.7454483586e+00 1.0635497846e+01
284 6.0982694684e-01 8.1217598574e-02 2.7374756483e+00 1.0519046455e+01
285 6.0981198005e-01 8.1308092417e-02 2.7392823470e+00 1.0543566051e+01
286 6.0961140842e-01 8.1055599868e-02 2.7552684850e+00 1.0657217379e+01
287 6.0956482989e-01 8.1065054096e-02 2.7546610972e+00 1.0653559766e+01
288 6.0965588215e-01 8.1611729808e-02 2.7684869644e+00 1.0749081465e+01
289 6.0965006091e-01 8.1619714941e-02 2.7677708176e+00 1.0745767333e+01
290 6.0963358459e-01 8.1553822501e-02 2.7684418502e+00 1.0760536646e+01
291 6.1005614721e-01 8.2338335167e-02 2.7331851382e+00 1.0522963607e+01
292 6.0929371119e-01 8.0436687771e-02 2.7216680339e+00 1.0470811811e+01
293 6.0928907918e-01 8.0438066537e-02 2.7216802467e+00 1.0470731127e+01
294 6.0928807282e-01 8.0448202278e-02 2.7204933627e+00 1.0465813413e+01
295 6.0914318804e-01 7.9670994768e-02 2.6954750624e+00 1.0306520988e+01
296 6.0932619219e-01 7.9880849303e-02 2.6754855637e+00 1.0192368199e+01
297 6.0954347949e-01 8.0271042005e-02 2.6578574566e+00 1.0059836307e+01
298 6.0950985702e-01 8.0243088448e-02 2.6586331564e+00 1.0067787403e+01
299 6.0955556055e-01 8.0244431209e-02 2.6571099143e+00 1.0060573815e+01
300 6.0924552060e-01 7.9551511189e-02 2.6643618352e+00 1.0136572270e+01
301 6.0924104705e-01 7.9595448743e-02 2.6630832866e+00 1.0126221686e+01
302 6.0922554768e-01 7.9613107331e-02 2.6614867824e+00 1.0119713405e+01
303 6.0930507750e-01 8.0186967372e-02 2.6761947911e+00 1.0197391003e+01
304 6.0926834602e-01 8.0178844530e-02 2.6744908265e+00 1.0197043689e+01
305 6.0907922175e-01 7.9860166968e-02 2.6916836167e+00 1.0324227492e+01
306 6.0873642049e-01 7.9239783614e-02 2.7045228910e+00 1.0443377802e+01
307 6.0878808678e-01 7.9301739749e-02 2.7052307169e+00 1.0451739342e+01
308 6.0870755816e-01 7.9309402359e-02 2.7053868299e+00 1.0453419478e+01
309 6.0888644857e-01 7.9773791969e-02 2.6844227962e+00 1.0298570740e+01
310 6.0866702483e-01 7.9424010602e-02 2.7027976778e+00 1.0435545964e+01
311 6.0819568210e-01 7.8688109358e-02 2.6964316559e+00 1.0446140124e+01
312 6.0833218990e-01 7.9185250333e-02 2.7039096593e+00 1.0469027363e+01
313 6.0808664582e-01 7.8594754106e-02 2.6897848813e+00 1.0401468573e+01
314 6.0761878511e-01 7.7571691639e-02 2.6679464926e+00 1.0256282122e+01
315 6.0775585698e-01 7.7475888202e-02 2.6307220459e+00 9.9987227321e+00
316 6.0762607241e-01 7.6872176909e-02 2.6137984174e+00 9.9282762780e+00
317 6.0772693005e-01 7.7320909126e-02 2.6376579121e+00 1.0091491350e+01
318 6.0758931124e-01 7.6803163907e-02 2.6192945988e+00 9.9816381743e+00
319 6.0768774757e-01 7.7058602729e-02 2.6006512170e+00 9.8682146907e+00
320 6.0820945513e-01 7.8436803414e-02 2.5980822391e+00 9.7744070211e+00
321 6.0820360969e-01 7.8428821576e-02 2.5994323754e+00 9.7786493494e+00
322 6.0810260732e-01 7.7908530737e-02 2.5653738493e+00 9.5393058185e+00
323 6.0812026843e-01 7.7735600951e-02 2.5401004792e+00 9.3867970476e+00
324 6.0811295284e-01 7.7554585427e-02 2.5390550129e+00 9.4004712764e+00
325 6.0808933746e-01 7.7597854300e-02 2.5380997866e+00 9.3902851058e+00
326 6.0815783278e-01 7.7573713406e-02 2.5383453258e+00 9.3925449874e+00
327 6.0848235658e-01 7.7726370519e-02 2.4820779928e+00 9.0012490900e+00
328 6.0843326050e-01 7.7780305821e-02 2.4780125172e+00 8.9837277616e+00
329 6.0845617193e-01 7.7827801389e-02 2.4746999627e+00 8.9703409473e+00
330 6.0873214303e-01 7.8168236460e-02 2.4581423742e+00 8.8588400009e+00
331 6.0888318690e-01 7.7874962086e-02 2.4072325540e+00 8.4990030712e+00
332 6.0853152055e-01 7.7683323286e-02 2.4184406654e+00 8.5772901877e+00
333 6.0878115640e-01 7.8055139248e-02 2.4054033628e+00 8.4839206873e+00
334 6.0895409077e-01 7.8612310060e-02 2.4372932776e+00 8.7140528290e+00
335 6.0897604733e-01 7.8615272293e-02 2.4361887594e+00 8.7100062909e+00
336 6.0894551819e-01 7.8436658990e-02 2.4379018181e+00 8.7373564507e+00
337 6.0898230769e-01 7.8514865474e-02 2.4326478099e+00 8.7166921605e+00
338 6.0895902677e-01 7.8532942510e-02 2.4316159483e+00 8.7116728976e+00
339 6.0913770842e-01 7.9298865311e-02 2.4897037405e+00 9.2091926049e+00
340 6.0905092394e-01 7.9348221850e-02 2.4885229528e+00 9.2106608234e+00
341 6.0899181075e-01 7.9389325595e-02 2.4857877745e+00 9.2000957434e+00
342 6.0914591965e-01 7.9734272916e-02 2.4669636919e+00 9.0786140937e+00
343 6.0913365990e-01 7.9736349799e-02 2.4673596523e+00 9.0789629515e+00
344 6.0925303783e-01 8.0224965618e-02 2.4726974153e+00 9.0942137034e+00
345 6.0918551359e-01 8.0262488886e-02 2.4709785651e+00 9.0861312128e+00
346 6.0902177419e-01 7.9691601155e-02 2.4602915900e+00 9.0491263820e+00
347 6.0943873240e-01 8.0191088400e-02 2.4234046622e+00 8.8223531032e+00
348 6.0936643123e-01 8.0445065775e-02 2.4584018103e+00 9.0460224247e+00
349 6.0935618239e-01 8.0466078493e-02 2.4564014520e+00 9.0375264073e+00
350 6.0916380248e-01 8.0181158827e-02 2.4270173573e+00 8.8136775780e+00
351 6.0879507206e-01 7.8863425324e-02 2.3347489352e+00 8.0926344924e+00
352 6.0880580805e-01 7.8866668428e-02 2.3339685541e+00 8.0901071493e+00
353 6.0809846271e-01 7.7557061380e-02 2.3319063929e+00 8.0725558880e+00
354 6.0851513264e-01 7.8357117450e-02 2.3275483479e+00 8.0479572125e+00
355 6.0878553433e-01 7.9322645035e-02 2.3552775362e+00 8.1913338591e+00
356 6.0894814270e-01 7.9986169967e-02 2.3943704642e+00 8.4896175311e+00
357 6.0887537393e-01 8.0051600793e-02 2.3901085705e+00 8.4766850040e+00
358 6.0884973614e-01 8.0048606375e-02 2.3905011680e+00 8.4780110955e+00
359 6.0911117114e-01 8.0291739887e-02 2.3757948070e+00 8.3864176982e+00
360 6.0914188444e-01 8.0342140478e-02 2.3765770958e+00 8.3807490765e+00
361 6.0942275995e-01 8.0629816863e-02 2.3610811963e+00 8.2847783700e+00
362 6.0946608737e-01 8.0601641506e-02 2.3614273605e+00 8.2871393133e+00
363 6.0946383019e-01 8.0609912191e-02 2.3614159662e+00 8.2897810810e+00
364 6.0951172694e-01 8.0622744190e-02 2.3586136018e+00 8.2790398403e+00
365 6.0970917559e-01 8.1214072166e-02 2.3705186683e+00 8.3410373652e+00
