1 5.9282947138e-01 1.1102230246e-16 1.0000000000e+00 1.0000000000e+00
2 5.9306315138e-01 7.4726194889e-03 3.0129333550e+01 9.4008302613e+02
3 5.9343251325e-01 1.2993479897e-02 1.7059540635e+01 3.0675328400e+02
4 5.9341955149e-01 1.3024705684e-02 1.6945557566e+01 3.0390110291e+02
5 5.9368552986e-01 1.4969370626e-02 1.4847286059e+01 2.3112681958e+02
6 5.9379364603e-01 1.6850896825e-02 1.2947662168e+01 1.7971345466e+02
7 5.9392099146e-01 1.8524060403e-02 1.1651018105e+01 1.4742113911e+02
8 5.9389729166e-01 1.8601405151e-02 1.1491249845e+01 1.4509309624e+02
9 5.9409058380e-01 2.0067596953e-02 1.0657946440e+01 1.2452581739e+02
10 5.9462681178e-01 2.4209831632e-02 1.0020944329e+01 1.1249056830e+02
11 5.9466133965e-01 2.4127445949e-02 9.9858609432e+00 1.1231761755e+02
12 5.9493039830e-01 2.5223900792e-02 9.4767762274e+00 1.0066342202e+02
13 5.9517144787e-01 2.6318475179e-02 8.9829313731e+00 9.0531614175e+01
14 5.9516454029e-01 2.6517031371e-02 8.8918280751e+00 8.9254015187e+01
15 5.9504975059e-01 2.6633531360e-02 8.7738079856e+00 8.7880902964e+01
16 5.9523881395e-01 2.7590311847e-02 8.4204923239e+00 8.0579203465e+01
17 5.9522291484e-01 2.7607903489e-02 8.4065766349e+00 8.0393561803e+01
18 5.9519772368e-01 2.7616919620e-02 8.4006659576e+00 8.0319615997e+01
19 5.9526017986e-01 2.7007255205e-02 7.6725578429e+00 6.5754802082e+01
20 5.9571364552e-01 2.9057996308e-02 7.1938112066e+00 5.7495786679e+01
21 5.9593496262e-01 2.9979800664e-02 6.9791307422e+00 5.4003509846e+01
22 5.9642601908e-01 3.1710313847e-02 6.6127745330e+00 4.8250632503e+01
23 5.9637124186e-01 3.1682396999e-02 6.5892740552e+00 4.8110043341e+01
24 5.9706032731e-01 3.4155879519e-02 6.1001512417e+00 4.1240083450e+01
25 5.9697933837e-01 3.4113068576e-02 6.0810499680e+00 4.1094379145e+01
26 5.9683521716e-01 3.4305070203e-02 5.9988943152e+00 4.0460588689e+01
27 5.9723447515e-01 3.6384934477e-02 6.1506203182e+00 4.3822625678e+01
28 5.9755843067e-01 3.7934528625e-02 5.8723492771e+00 3.9837849834e+01
29 5.9799232265e-01 3.9413878349e-02 5.6218956995e+00 3.6461844189e+01
30 5.9798841625e-01 4.0063984197e-02 5.4690865351e+00 3.4788762887e+01
31 5.9802135904e-01 4.0082053103e-02 5.4596017457e+00 3.4708390853e+01
32 5.9822067376e-01 4.0760583146e-02 5.3488221659e+00 3.3326594499e+01
33 5.9833969215e-01 4.1464850310e-02 5.2329842557e+00 3.1971353033e+01
34 5.9853355977e-01 4.2122770380e-02 5.1328653521e+00 3.0777575985e+01
35 5.9868801984e-01 4.2948982621e-02 5.0391453452e+00 2.9658302414e+01
36 5.9876796121e-01 4.2971954358e-02 5.0255520041e+00 2.9557823819e+01
37 5.9887872090e-01 4.3650823953e-02 4.9233660440e+00 2.8447324295e+01
38 5.9914208462e-01 4.4316547567e-02 4.8449188237e+00 2.7516240171e+01
39 5.9905910322e-01 4.3221360502e-02 4.6730051397e+00 2.5108212060e+01
40 5.9911489688e-01 4.3232337864e-02 4.6654805293e+00 2.5058736659e+01
41 5.9909896698e-01 4.3266779261e-02 4.6536773707e+00 2.4988338777e+01
42 5.9913699699e-01 4.3273168895e-02 4.6465093940e+00 2.4927084361e+01
43 5.9906704494e-01 4.3307214310e-02 4.6390182555e+00 2.4880035858e+01
44 5.9909475295e-01 4.3334177626e-02 4.6285451861e+00 2.4806749323e+01
45 5.9909790948e-01 4.3353265441e-02 4.6282390811e+00 2.4825683551e+01
46 5.9956646359e-01 4.4484378068e-02 4.5039826229e+00 2.3468668016e+01
47 5.9977287162e-01 4.5081230527e-02 4.4464908556e+00 2.2859069455e+01
48 5.9994449891e-01 4.5592266192e-02 4.3812888268e+00 2.2224845708e+01
49 6.0018519618e-01 4.6326154968e-02 4.3241228014e+00 2.1665385286e+01
50 6.0016248800e-01 4.6338502891e-02 4.3217883217e+00 2.1650996876e+01
51 6.0069661146e-01 4.7498269020e-02 4.2121811365e+00 2.0562329251e+01
52 6.0064978388e-01 4.7534956238e-02 4.2033759899e+00 2.0518136343e+01
53 6.0084681216e-01 4.8079116801e-02 4.1521636284e+00 2.0017305025e+01
54 6.0108236382e-01 4.8504236139e-02 4.0958771203e+00 1.9521184096e+01
55 6.0081105363e-01 4.8247070082e-02 4.1367847610e+00 1.9972742799e+01
56 6.0068346258e-01 4.8347678273e-02 4.1140317092e+00 1.9856100136e+01
57 6.0082609080e-01 4.8901305346e-02 4.0637706190e+00 1.9373651374e+01
58 6.0116594974e-01 5.0462422686e-02 4.1684614980e+00 2.1012320602e+01
59 6.0116041994e-01 5.0462888598e-02 4.1686643997e+00 2.1013375257e+01
60 6.0117567002e-01 5.0464041878e-02 4.1674766459e+00 2.1006386854e+01
61 6.0136559655e-01 5.1364808442e-02 4.2540887211e+00 2.2058083980e+01
62 6.0149351071e-01 5.1867364867e-02 4.1887682001e+00 2.1455954615e+01
63 6.0178134032e-01 5.2353106467e-02 4.1353657292e+00 2.0916149212e+01
64 6.0202931797e-01 5.2772134728e-02 4.0877665867e+00 2.0439359527e+01
65 6.0204447398e-01 5.2832625687e-02 4.0723767866e+00 2.0342474768e+01
66 6.0264700746e-01 5.4645407834e-02 4.0415631915e+00 2.0130360666e+01
67 6.0269520665e-01 5.4651406429e-02 4.0377463346e+00 2.0107334761e+01
68 6.0298750154e-01 5.5282604350e-02 4.0268562470e+00 2.0142548232e+01
69 6.0295981229e-01 5.5292622227e-02 4.0224534178e+00 2.0123689806e+01
70 6.0307965762e-01 5.6173818032e-02 4.0652660115e+00 2.0609345852e+01
71 6.0293866616e-01 5.6291149470e-02 4.0420098806e+00 2.0485412112e+01
72 6.0282067752e-01 5.6356026285e-02 4.0321602967e+00 2.0427205829e+01
73 6.0308772466e-01 5.6965112663e-02 4.0090421621e+00 2.0272854338e+01
74 6.0305420630e-01 5.6656311086e-02 3.9052276273e+00 1.9290517545e+01
75 6.0303359699e-01 5.6696384886e-02 3.8977564953e+00 1.9242246245e+01
76 6.0324146354e-01 5.7154059453e-02 3.8525042244e+00 1.8808129834e+01
77 6.0346584399e-01 5.7637708695e-02 3.8126700195e+00 1.8403016372e+01
78 6.0339549298e-01 5.7635204492e-02 3.7962106970e+00 1.8270324900e+01
79 6.0330403386e-01 5.7676937294e-02 3.7917363913e+00 1.8242291718e+01
80 6.0329241788e-01 5.7709913831e-02 3.7852958882e+00 1.8204446714e+01
81 6.0332738617e-01 5.7840768488e-02 3.7819088165e+00 1.8175458197e+01
82 6.0357534095e-01 5.8238724795e-02 3.7382815346e+00 1.7789968611e+01
83 6.0371840549e-01 5.8994123266e-02 3.7848926226e+00 1.8257962260e+01
84 6.0369120609e-01 5.9035605129e-02 3.7763190591e+00 1.8216587256e+01
85 6.0383391867e-01 5.9508220401e-02 3.7255950456e+00 1.7791093863e+01
86 6.0387152306e-01 5.9501725332e-02 3.7260685056e+00 1.7797417085e+01
87 6.0416922153e-01 6.0731090927e-02 3.7228722520e+00 1.7777479562e+01
88 6.0443320073e-01 6.1195244403e-02 3.6820650885e+00 1.7394854853e+01
89 6.0446048122e-01 6.1203073811e-02 3.6792787637e+00 1.7379502495e+01
90 6.0441952575e-01 6.1279344164e-02 3.6824624731e+00 1.7433778857e+01
91 6.0441555944e-01 6.1371037409e-02 3.6699753030e+00 1.7360240189e+01
92 6.0465086767e-01 6.1796096497e-02 3.6286735073e+00 1.6997607626e+01
93 6.0514527582e-01 6.2633552344e-02 3.5572477024e+00 1.6343693298e+01
94 6.0492386341e-01 6.2020074523e-02 3.5178733048e+00 1.6033099247e+01
95 6.0486320067e-01 6.2037593255e-02 3.5139262998e+00 1.6016447966e+01
96 6.0497538359e-01 6.2821672059e-02 3.5660014545e+00 1.6497560038e+01
97 6.0583226521e-01 6.4464139291e-02 3.4341587909e+00 1.5314048627e+01
98 6.0584061352e-01 6.4504098839e-02 3.4413453737e+00 1.5481767163e+01
99 6.0601722858e-01 6.5302466879e-02 3.4551017712e+00 1.5551657224e+01
100 6.0612897274e-01 6.5912103198e-02 3.4798372794e+00 1.5740601324e+01
101 6.0608827209e-01 6.5649451117e-02 3.4158588191e+00 1.5228115419e+01
102 6.0638510760e-01 6.6074785327e-02 3.3792610603e+00 1.4932887480e+01
103 6.0658279767e-01 6.6444903452e-02 3.3500701341e+00 1.4681818670e+01
104 6.0668068769e-01 6.6432815682e-02 3.3477153810e+00 1.4672648428e+01
105 6.0673909548e-01 6.7148643933e-02 3.3837477692e+00 1.4989468104e+01
106 6.0692192832e-01 6.7486672498e-02 3.3527978899e+00 1.4744361021e+01
107 6.0695308917e-01 6.7506850247e-02 3.3487180832e+00 1.4721002996e+01
108 6.0710055326e-01 6.8005883558e-02 3.3013482864e+00 1.4400851404e+01
109 6.0723193044e-01 6.8569582725e-02 3.2672331497e+00 1.4115449031e+01
110 6.0690730868e-01 6.7175602074e-02 3.2061939384e+00 1.3671488486e+01
111 6.0679380944e-01 6.7228938601e-02 3.2022971285e+00 1.3650899603e+01
112 6.0706496050e-01 6.7578365911e-02 3.1749936658e+00 1.3429745986e+01
113 6.0713500035e-01 6.7903516823e-02 3.1421892263e+00 1.3212330422e+01
114 6.0671080046e-01 6.6856372252e-02 3.1271852010e+00 1.3096352860e+01
115 6.0675455249e-01 6.6480089760e-02 3.0511257580e+00 1.2469064670e+01
116 6.0694920079e-01 6.6912886418e-02 3.0214334221e+00 1.2245969117e+01
117 6.0691925350e-01 6.6956020918e-02 3.0195288925e+00 1.2243856184e+01
118 6.0685526574e-01 6.6970867438e-02 3.0167125324e+00 1.2234025557e+01
119 6.0685348817e-01 6.6975293218e-02 3.0160972225e+00 1.2231165185e+01
120 6.0701503023e-01 6.7614440350e-02 3.0397561838e+00 1.2407229361e+01
121 6.0777563206e-01 6.9108581377e-02 2.9833629267e+00 1.1940388621e+01
122 6.0776984044e-01 6.9117817748e-02 2.9822595567e+00 1.1935108953e+01
123 6.0779225883e-01 6.9233001770e-02 2.9774246197e+00 1.1904555137e+01
124 6.0787161928e-01 6.9843160292e-02 3.0025856618e+00 1.2069632954e+01
125 6.0780307786e-01 6.9884638944e-02 2.9993369992e+00 1.2053507138e+01
126 6.0772499882e-01 6.9982624753e-02 2.9933028609e+00 1.2021293968e+01
127 6.0792011094e-01 7.0232656471e-02 2.9646442889e+00 1.1851577631e+01
128 6.0815028031e-01 7.0637310148e-02 2.9450449705e+00 1.1678876439e+01
129 6.0838481770e-01 7.1685616067e-02 2.9434454341e+00 1.1687840155e+01
130 6.0840121518e-01 7.1744266146e-02 2.9500129572e+00 1.1766257885e+01
131 6.0865346462e-01 7.2765677086e-02 2.9494723593e+00 1.1763766613e+01
132 6.0849137638e-01 7.2187079937e-02 2.9256499081e+00 1.1584652824e+01
133 6.0866719309e-01 7.2839554551e-02 2.9505124384e+00 1.1753774168e+01
134 6.0863547708e-01 7.2823864220e-02 2.9467224424e+00 1.1720580143e+01
135 6.0870706609e-01 7.2997308936e-02 2.9535679009e+00 1.1809016310e+01
136 6.0832379703e-01 7.2092955893e-02 2.9478450331e+00 1.1799031758e+01
137 6.0742999459e-01 7.0208197833e-02 2.9353320508e+00 1.1720189072e+01
138 6.0785939250e-01 7.0969432987e-02 2.8855216472e+00 1.1358941387e+01
139 6.0807402621e-01 7.1308501950e-02 2.8609649108e+00 1.1191885019e+01
140 6.0828134158e-01 7.2037478294e-02 2.9109980490e+00 1.1639292957e+01
141 6.0834880178e-01 7.1782413152e-02 2.8627802734e+00 1.1276339033e+01
142 6.0851409382e-01 7.2107645467e-02 2.8393773447e+00 1.1114774202e+01
143 6.0840265487e-01 7.2182463134e-02 2.8328104634e+00 1.1088755388e+01
144 6.0888732997e-01 7.2691604702e-02 2.7929683797e+00 1.0808211613e+01
145 6.0892651631e-01 7.3205367220e-02 2.8052572788e+00 1.0910941432e+01
146 6.0911078698e-01 7.3894780114e-02 2.8281624696e+00 1.1066609505e+01
147 6.0882142837e-01 7.2967296713e-02 2.8288117214e+00 1.1093289408e+01
148 6.0888431755e-01 7.2980875595e-02 2.8243529018e+00 1.1075810568e+01
149 6.0876623679e-01 7.3059915839e-02 2.8176438253e+00 1.1048780376e+01
150 6.0887894630e-01 7.3355352476e-02 2.7911883568e+00 1.0893922875e+01
151 6.0809646105e-01 7.0850730436e-02 2.6918997664e+00 9.9576428426e+00
152 6.0816433462e-01 7.1164016215e-02 2.6693231507e+00 9.8218183302e+00
153 6.0805135348e-01 7.1266867302e-02 2.6671801080e+00 9.8098547001e+00
154 6.0829184542e-01 7.1570949403e-02 2.6457667444e+00 9.6734301614e+00
155 6.0843308478e-01 7.2142307188e-02 2.6284604355e+00 9.5437358297e+00
156 6.0825953580e-01 7.1695705263e-02 2.6383458059e+00 9.6407958828e+00
157 6.0874124499e-01 7.2314198259e-02 2.6014697076e+00 9.3917608905e+00
158 6.0910187138e-01 7.3165404087e-02 2.6116859228e+00 9.4639748803e+00
159 6.0931505860e-01 7.3560697247e-02 2.5926153551e+00 9.3408441416e+00
160 6.0951810458e-01 7.3799016535e-02 2.5760597054e+00 9.2344277141e+00
161 6.0945377636e-01 7.3808732148e-02 2.5775047455e+00 9.2386882078e+00
162 6.0951108995e-01 7.3879283361e-02 2.5754724690e+00 9.2233879064e+00
163 6.0932106512e-01 7.3562300611e-02 2.5914786088e+00 9.3352904497e+00
164 6.0997024218e-01 7.4141223911e-02 2.4672164954e+00 8.4223710896e+00
165 6.1008468390e-01 7.4769591662e-02 2.4961700551e+00 8.6494332658e+00
166 6.1004224971e-01 7.4879693943e-02 2.4914104431e+00 8.6295067424e+00
167 6.0994004336e-01 7.4993365937e-02 2.4808585572e+00 8.5944739501e+00
168 6.0996346724e-01 7.5030190709e-02 2.4815505713e+00 8.5951028632e+00
169 6.1016208055e-01 7.5356638693e-02 2.4622613701e+00 8.4806014005e+00
170 6.1012758805e-01 7.5352370541e-02 2.4622677953e+00 8.4803701538e+00
171 6.1056712118e-01 7.6549209889e-02 2.4914651101e+00 8.7283624304e+00
172 6.1028187026e-01 7.5749621408e-02 2.4508149759e+00 8.4161129315e+00
173 6.1042172270e-01 7.6065019538e-02 2.4350328184e+00 8.3221691869e+00
174 6.1040478798e-01 7.6071882824e-02 2.4349688966e+00 8.3213634212e+00
175 6.1036378827e-01 7.6104664593e-02 2.4344386769e+00 8.3192624876e+00
176 6.1032942643e-01 7.6017113518e-02 2.4279730122e+00 8.2854074515e+00
177 6.1031571229e-01 7.6113759336e-02 2.4312957276e+00 8.3059579549e+00
178 6.1071676937e-01 7.6994201325e-02 2.4343957556e+00 8.3359949232e+00
179 6.1105600715e-01 7.7828340616e-02 2.4383573375e+00 8.3681334475e+00
180 6.1139417726e-01 7.8710471113e-02 2.4373616468e+00 8.3805074063e+00
181 6.1133755665e-01 7.8745975073e-02 2.4352781264e+00 8.3733539103e+00
182 6.1093273560e-01 7.8083739997e-02 2.4366378556e+00 8.3967210096e+00
183 6.1113784542e-01 7.8369697925e-02 2.4182980843e+00 8.2952994791e+00
184 6.1107038056e-01 7.8392660518e-02 2.4184274007e+00 8.2940821807e+00
185 6.1081491599e-01 7.8273979386e-02 2.4293128739e+00 8.3682208099e+00
186 6.1080073621e-01 7.8665598060e-02 2.4724692266e+00 8.6754848157e+00
187 6.1080284355e-01 7.8666627331e-02 2.4721646635e+00 8.6749455714e+00
188 6.1054203033e-01 7.8364779865e-02 2.4907854349e+00 8.8221844340e+00
189 6.1089805438e-01 7.9276293950e-02 2.4957325221e+00 8.8568608604e+00
190 6.1081496941e-01 7.8758552772e-02 2.4757459606e+00 8.7483782367e+00
191 6.1086205002e-01 7.8789870828e-02 2.4701281474e+00 8.7295806477e+00
192 6.1104983654e-01 7.9037758080e-02 2.4536673405e+00 8.6320109163e+00
193 6.1134183295e-01 7.9400106355e-02 2.4361772257e+00 8.5188469328e+00
194 6.1087090052e-01 7.8652869273e-02 2.4279854438e+00 8.4739113473e+00
195 6.1085389527e-01 7.8551686021e-02 2.4286825426e+00 8.4877667498e+00
196 6.1111305725e-01 7.8614273581e-02 2.3714392276e+00 8.0802121875e+00
197 6.1110294927e-01 7.8608009684e-02 2.3737139363e+00 8.0906398936e+00
198 6.1130660291e-01 7.9127645832e-02 2.3948239553e+00 8.2291540366e+00
199 6.1140252010e-01 7.9704832096e-02 2.4098707367e+00 8.3335395253e+00
200 6.1134996935e-01 7.9743784366e-02 2.4040014591e+00 8.3054163726e+00
201 6.1103290365e-01 7.9306053076e-02 2.3796118689e+00 8.1606766062e+00
202 6.1118677373e-01 7.9683437740e-02 2.3632509941e+00 8.0585734348e+00
203 6.1108045777e-01 7.9710687356e-02 2.3640541407e+00 8.0606940747e+00
204 6.1085343447e-01 7.9335830049e-02 2.3781760886e+00 8.1539551629e+00
205 6.1088963247e-01 7.9341553371e-02 2.3759803508e+00 8.1477299784e+00
206 6.1092345208e-01 7.9714069918e-02 2.3563379927e+00 8.0417094675e+00
207 6.1095164790e-01 7.9713318897e-02 2.3528028677e+00 8.0316759123e+00
208 6.1113646051e-01 8.0046367373e-02 2.3353015255e+00 7.9123032537e+00
209 6.1091220169e-01 8.0150155680e-02 2.3325699649e+00 7.8989612288e+00
210 6.1096256234e-01 8.0252423424e-02 2.3316705804e+00 7.8950651778e+00
211 6.1113480547e-01 8.0878419450e-02 2.3579801143e+00 8.0771355249e+00
212 6.1110692688e-01 8.0880808354e-02 2.3587154534e+00 8.0796290375e+00
213 6.1102634058e-01 8.0073934267e-02 2.3007859838e+00 7.7146597899e+00
214 6.1096355252e-01 7.9982905739e-02 2.3010818861e+00 7.7236006821e+00
215 6.1101711455e-01 7.9955678034e-02 2.3020744233e+00 7.7273591863e+00
216 6.1099481114e-01 7.9970462257e-02 2.3012050562e+00 7.7247066388e+00
217 6.1097211360e-01 7.9988961690e-02 2.3000053909e+00 7.7205644863e+00
218 6.1139995047e-01 8.0835009160e-02 2.2979950377e+00 7.6991435754e+00
219 6.1138891356e-01 8.0841505519e-02 2.2977924274e+00 7.6980279240e+00
220 6.1132964348e-01 8.0941618923e-02 2.2942307380e+00 7.6799029840e+00
221 6.1212521425e-01 8.2361154724e-02 2.2731348565e+00 7.5526218055e+00
222 6.1210882196e-01 8.2412266137e-02 2.2685076844e+00 7.5365897785e+00
223 6.1223935533e-01 8.2798193791e-02 2.2551295212e+00 7.4524189688e+00
224 6.1241185353e-01 8.3370320076e-02 2.2801331318e+00 7.6208197024e+00
225 6.1225177907e-01 8.3454437591e-02 2.2771977099e+00 7.6091921659e+00
226 6.1200886132e-01 8.3238341698e-02 2.2889102094e+00 7.6822924720e+00
227 6.1205609061e-01 8.3517678238e-02 2.2875491748e+00 7.6571947264e+00
228 6.1244907906e-01 8.4072667272e-02 2.2581747058e+00 7.4920668853e+00
229 6.1253660865e-01 8.4609552478e-02 2.2738160469e+00 7.5909840353e+00
230 6.1234348643e-01 8.4171992873e-02 2.2596145755e+00 7.5160164128e+00
231 6.1235120757e-01 8.4166594025e-02 2.2601917511e+00 7.5164088138e+00
232 6.1239916023e-01 8.4120938825e-02 2.2611849035e+00 7.5204214631e+00
233 6.1268412895e-01 8.5291408543e-02 2.3069774006e+00 7.8367037668e+00
234 6.1281520787e-01 8.5917944684e-02 2.3278101368e+00 7.9790874828e+00
235 6.1278472605e-01 8.5996543313e-02 2.3258665738e+00 7.9678755778e+00
236 6.1281759655e-01 8.6012359027e-02 2.3230553734e+00 7.9589068749e+00
237 6.1302495291e-01 8.6607566049e-02 2.3365279172e+00 8.0525113753e+00
238 6.1294512047e-01 8.6210043973e-02 2.3200894201e+00 7.9617696664e+00
239 6.1315559079e-01 8.6949018821e-02 2.3300139855e+00 7.9845188001e+00
240 6.1298702746e-01 8.6618975146e-02 2.3320333502e+00 8.0138579548e+00
241 6.1271803594e-01 8.6495433721e-02 2.3431050330e+00 8.0783604578e+00
242 6.1230354764e-01 8.5654566784e-02 2.3383071533e+00 8.0505605570e+00
243 6.1227139847e-01 8.5678651150e-02 2.3387132699e+00 8.0530053721e+00
244 6.1254989139e-01 8.5985601401e-02 2.3218744018e+00 7.9568811887e+00
245 6.1307120422e-01 8.7597686104e-02 2.3627655917e+00 8.1776179222e+00
246 6.1304560370e-01 8.7509401545e-02 2.3612943283e+00 8.1754314940e+00
247 6.1316999815e-01 8.8053217125e-02 2.3728827754e+00 8.2456905359e+00
248 6.1363197816e-01 8.8691499936e-02 2.3438689345e+00 8.0635450274e+00
249 6.1369129534e-01 8.8580204931e-02 2.3240823937e+00 7.9686196338e+00
250 6.1355519828e-01 8.8654812457e-02 2.3350769947e+00 8.0194867331e+00
251 6.1351995511e-01 8.8696580126e-02 2.3334077363e+00 8.0112625966e+00
252 6.1381418731e-01 8.9366752649e-02 2.3392637061e+00 8.0772802726e+00
253 6.1366089983e-01 8.8603481559e-02 2.3245666828e+00 7.9969637065e+00
254 6.1409190340e-01 8.9376577647e-02 2.3116983676e+00 7.8967073479e+00
255 6.1486119031e-01 9.0268288022e-02 2.2852827194e+00 7.7881620525e+00
256 6.1543553031e-01 9.1485327859e-02 2.2841909294e+00 7.7414396122e+00
257 6.1544010353e-01 9.1463532453e-02 2.2832661772e+00 7.7432082349e+00
258 6.1504223695e-01 9.0582910563e-02 2.2742945153e+00 7.6923573191e+00
259 6.1473784583e-01 9.0658789825e-02 2.3099629033e+00 7.9082683415e+00
260 6.1457089370e-01 9.0207855729e-02 2.3081259054e+00 7.9150083039e+00
261 6.1456182805e-01 9.0238756774e-02 2.3057159718e+00 7.9053455023e+00
262 6.1453376804e-01 9.0271992716e-02 2.3017729991e+00 7.8978505249e+00
263 6.1447284841e-01 9.0262048247e-02 2.3006584237e+00 7.8993824436e+00
264 6.1473138808e-01 9.0320465783e-02 2.2929814719e+00 7.8581581897e+00
265 6.1497366577e-01 9.0639641586e-02 2.2775739584e+00 7.7681180092e+00
266 6.1506517269e-01 9.0834525784e-02 2.2693657281e+00 7.7154989912e+00
267 6.1496424359e-01 9.0817896159e-02 2.2717692895e+00 7.7266606852e+00
268 6.1396946432e-01 8.9387082263e-02 2.2979400228e+00 7.8970094592e+00
269 6.1365595864e-01 8.9039157664e-02 2.3055857263e+00 7.9448467271e+00
270 6.1388296552e-01 8.9535435712e-02 2.2958112315e+00 7.8662075337e+00
271 6.1358951895e-01 8.9089167618e-02 2.2961092414e+00 7.8486027091e+00
272 6.1340632261e-01 8.8835199238e-02 2.3116779586e+00 7.9266946229e+00
273 6.1374973981e-01 8.9743862226e-02 2.3302001529e+00 8.0068224010e+00
274 6.1391806612e-01 9.0432069704e-02 2.3537482630e+00 8.1618515605e+00
275 6.1399795177e-01 9.0279803184e-02 2.3338596613e+00 8.0690174902e+00
276 6.1390103664e-01 9.0269257649e-02 2.3318095931e+00 8.0421743960e+00
277 6.1386774662e-01 9.0361633670e-02 2.3312685810e+00 8.0458042509e+00
278 6.1392966112e-01 9.0231687933e-02 2.3304506589e+00 8.0497949199e+00
279 6.1407977547e-01 9.0716167418e-02 2.3388794576e+00 8.0825656484e+00
280 6.1361598735e-01 8.9951176804e-02 2.3389562643e+00 8.0944709851e+00
281 6.1359588084e-01 9.0276847023e-02 2.3262223166e+00 8.0112776279e+00
282 6.1351862575e-01 9.0264791023e-02 2.3274605593e+00 8.0166673669e+00
283 6.1413797139e-01 9.1261760053e-02 2.3108095045e+00 7.9017865154e+00
284 6.1414554798e-01 9.0953238917e-02 2.2806344185e+00 7.7557850131e+00
285 6.1402698836e-01 9.1021095123e-02 2.2779773928e+00 7.7459442501e+00
286 6.1384911616e-01 9.0607508231e-02 2.2795017941e+00 7.7463087278e+00
287 6.1345388090e-01 8.9927081335e-02 2.2794618862e+00 7.7653730961e+00
288 6.1345634859e-01 8.9912051086e-02 2.2779804659e+00 7.7617568401e+00
289 6.1317308784e-01 8.9540386607e-02 2.2898385499e+00 7.8450912843e+00
290 6.1330330584e-01 8.9730235918e-02 2.2769596091e+00 7.7762814947e+00
291 6.1326867387e-01 8.9752727055e-02 2.2756542070e+00 7.7731889022e+00
292 6.1347405768e-01 8.9934132405e-02 2.2634612403e+00 7.7062373078e+00
293 6.1324615172e-01 8.9721183464e-02 2.2743187799e+00 7.7745608270e+00
294 6.1306534546e-01 8.9129535569e-02 2.2615368536e+00 7.7128259330e+00
295 6.1300297735e-01 8.9210918644e-02 2.2599170938e+00 7.7063452923e+00
296 6.1299245388e-01 8.9212697691e-02 2.2600198130e+00 7.7070894585e+00
297 6.1289063130e-01 8.9249018916e-02 2.2648061286e+00 7.7424859810e+00
298 6.1249573043e-01 8.8521103132e-02 2.2659616433e+00 7.7611155541e+00
299 6.1214235675e-01 8.7844430372e-02 2.2756502835e+00 7.8494970468e+00
300 6.1249690057e-01 8.8663584906e-02 2.2746419356e+00 7.8316760610e+00
301 6.1263036325e-01 8.8870979723e-02 2.2562459278e+00 7.7534683740e+00
302 6.1265493961e-01 8.8884757635e-02 2.2579871605e+00 7.7558466048e+00
303 6.1263643573e-01 8.8912922606e-02 2.2581155010e+00 7.7554328251e+00
304 6.1316911548e-01 9.0049466812e-02 2.2645707067e+00 7.7759234915e+00
305 6.1258222473e-01 8.9268890696e-02 2.2906951347e+00 7.9413149586e+00
306 6.1274091089e-01 8.9893974032e-02 2.3066044661e+00 8.0359015549e+00
307 6.1295933346e-01 9.0191469380e-02 2.2925138799e+00 7.9493626916e+00
308 6.1327963972e-01 9.0490545908e-02 2.2739728601e+00 7.8513036860e+00
309 6.1365841455e-01 9.0995369479e-02 2.2482786188e+00 7.6990164608e+00
310 6.1363765578e-01 9.1030929316e-02 2.2458563084e+00 7.6895952018e+00
311 6.1348134973e-01 9.0616932392e-02 2.2219406050e+00 7.5111800430e+00
312 6.1326151879e-01 9.0250832813e-02 2.2261378925e+00 7.5237973739e+00
313 6.1335429704e-01 9.0305660260e-02 2.2137611652e+00 7.4653518827e+00
314 6.1378627622e-01 9.0868562787e-02 2.1909569891e+00 7.3400176999e+00
315 6.1372962141e-01 9.0634365110e-02 2.1922059307e+00 7.3963936136e+00
316 6.1396986699e-01 9.0969642237e-02 2.1778978439e+00 7.3143226545e+00
317 6.1369850755e-01 9.0189889892e-02 2.1700308480e+00 7.2862919922e+00
318 6.1416399067e-01 9.0707800470e-02 2.1459129161e+00 7.1520579654e+00
319 6.1366819739e-01 9.0068097423e-02 2.1498126221e+00 7.1928556415e+00
320 6.1376201430e-01 9.0626895463e-02 2.1671548064e+00 7.3015730275e+00
321 6.1373988257e-01 9.0619056272e-02 2.1685535068e+00 7.3062349295e+00
322 6.1372745272e-01 9.0653423362e-02 2.1663341651e+00 7.2968910483e+00
323 6.1399403146e-01 9.0809384159e-02 2.1547923507e+00 7.2364555946e+00
324 6.1424319219e-01 9.1093634940e-02 2.1423818710e+00 7.1626027068e+00
325 6.1423936159e-01 9.1087224755e-02 2.1407194554e+00 7.1464730759e+00
326 6.1444205158e-01 9.1715224111e-02 2.1589476026e+00 7.2642661385e+00
327 6.1477082930e-01 9.2898167060e-02 2.2082867930e+00 7.5901572926e+00
328 6.1489626797e-01 9.3282441500e-02 2.2142334446e+00 7.6058158585e+00
329 6.1486657210e-01 9.3294669427e-02 2.2139541888e+00 7.6049168744e+00
330 6.1447338949e-01 9.2841465677e-02 2.2210946223e+00 7.6614164300e+00
331 6.1455208000e-01 9.2621418673e-02 2.1999490956e+00 7.5571079370e+00
332 6.1427232737e-01 9.2207201593e-02 2.1804588190e+00 7.4535706980e+00
333 6.1446877716e-01 9.2609295640e-02 2.1830248831e+00 7.4425393359e+00
334 6.1374202275e-01 9.0959919729e-02 2.1443859378e+00 7.2047017894e+00
335 6.1371723935e-01 9.0620657405e-02 2.1256432426e+00 7.1182921991e+00
336 6.1385627377e-01 9.1260087955e-02 2.1357162040e+00 7.1881881437e+00
337 6.1412593326e-01 9.2125491362e-02 2.1483516069e+00 7.2290466360e+00
338 6.1415466448e-01 9.2110352764e-02 2.1478680541e+00 7.2291553415e+00
339 6.1406773946e-01 9.2221269200e-02 2.1692623823e+00 7.3566841456e+00
340 6.1410789056e-01 9.2215270555e-02 2.1682557830e+00 7.3550537459e+00
341 6.1378739351e-01 9.1426882598e-02 2.1627420628e+00 7.3388009046e+00
342 6.1409019201e-01 9.2196593832e-02 2.1639214384e+00 7.3427546362e+00
343 6.1408394953e-01 9.2200329794e-02 2.1645847178e+00 7.3451602169e+00
344 6.1373935598e-01 9.1451850658e-02 2.1519847748e+00 7.2549461320e+00
345 6.1363036275e-01 9.1574902960e-02 2.1544610879e+00 7.2794559947e+00
346 6.1398997946e-01 9.2175192213e-02 2.1479401481e+00 7.2282355091e+00
347 6.1373542921e-01 9.1799784170e-02 2.1583033438e+00 7.2991132438e+00
348 6.1380617050e-01 9.1762363829e-02 2.1594710968e+00 7.3034776110e+00
349 6.1432100085e-01 9.2102535492e-02 2.1172436850e+00 7.0826234936e+00
350 6.1474654762e-01 9.2459075562e-02 2.0956296039e+00 6.9680804940e+00
351 6.1433520230e-01 9.1606132558e-02 2.0735975137e+00 6.8682451156e+00
352 6.1458701661e-01 9.2617879084e-02 2.0949225678e+00 6.9745618254e+00
353 6.1476301724e-01 9.2457542663e-02 2.0748568851e+00 6.8777618604e+00
354 6.1479548775e-01 9.2477067450e-02 2.0757644421e+00 6.8801720387e+00
355 6.1483421689e-01 9.2570493190e-02 2.0775334847e+00 6.8894751134e+00
356 6.1486984909e-01 9.2575359286e-02 2.0762216254e+00 6.8847689884e+00
357 6.1434054368e-01 9.1356764880e-02 2.0566318900e+00 6.7872146989e+00
358 6.1415158190e-01 9.1250161902e-02 2.0661904527e+00 6.8284964439e+00
359 6.1436892263e-01 9.1418225362e-02 2.0523003396e+00 6.7640323448e+00
360 6.1456832903e-01 9.1706328865e-02 2.0407983950e+00 6.6973418363e+00
361 6.1414336532e-01 9.1110308707e-02 2.0541852976e+00 6.7575919668e+00
362 6.1397385768e-01 9.0799845453e-02 2.0433201511e+00 6.6965005570e+00
363 6.1366703457e-01 9.0602488774e-02 2.0549092791e+00 6.7563376116e+00
364 6.1392818433e-01 9.0868683037e-02 2.0464538858e+00 6.7115555280e+00
365 6.1390527432e-01 9.0905950801e-02 2.0435622899e+00 6.7041689618e+00
