1 5.9282947138e-01 1.1102230246e-16 1.0000000000e+00 1.0000000000e+00
2 5.9323613923e-01 1.0526223900e-02 2.1450863503e+01 4.7644920477e+02
3 5.9335172188e-01 1.2826177937e-02 1.6787676832e+01 3.0204782874e+02
4 5.9329148275e-01 1.2925620317e-02 1.6390681166e+01 2.9321541511e+02
5 5.9316836939e-01 1.3126799745e-02 1.5593823508e+01 2.7650989460e+02
6 5.9307379543e-01 1.3336748370e-02 1.4783713240e+01 2.6033048383e+02
7 5.9302685966e-01 1.3390517564e-02 1.4605654985e+01 2.5640045222e+02
8 5.9294604055e-01 1.3505831401e-02 1.4201021406e+01 2.4826089744e+02
9 5.9290609197e-01 1.3553662105e-02 1.4049019555e+01 2.4496016222e+02
10 5.9285456130e-01 1.3614137230e-02 1.3864017958e+01 2.4086659277e+02
11 5.9311359003e-01 1.5513844169e-02 1.2701070824e+01 1.9277528180e+02
12 5.9321867457e-01 1.7347344120e-02 1.1444860290e+01 1.5544911553e+02
13 5.9330164077e-01 1.9024932781e-02 1.0449553992e+01 1.2967401328e+02
14 5.9349822811e-01 2.0489197552e-02 9.7750136628e+00 1.1264426667e+02
15 5.9342202239e-01 2.0588081594e-02 9.6215315771e+00 1.1070678379e+02
16 5.9337625204e-01 2.0622957996e-02 9.5771305828e+00 1.1004765394e+02
17 5.9325535252e-01 2.0829897130e-02 9.2830049146e+00 1.0602616164e+02
18 5.9321250219e-01 2.0911850042e-02 9.1665559228e+00 1.0448056571e+02
19 5.9343517039e-01 2.2184898779e-02 8.7973780538e+00 9.4199975790e+01
20 5.9390673310e-01 2.4549359263e-02 8.1244626766e+00 7.8245892997e+01
21 5.9386799313e-01 2.4586265651e-02 8.0891372338e+00 7.7832442415e+01
22 5.9384688412e-01 2.4625442407e-02 8.0693563920e+00 7.7668940363e+01
23 5.9400955725e-01 2.5752945837e-02 7.7643880751e+00 7.1314898757e+01
24 5.9414249483e-01 2.6880861827e-02 7.4435512138e+00 6.5469972616e+01
25 5.9395030333e-01 2.7067170923e-02 7.2879268920e+00 6.3936807702e+01
26 5.9392508390e-01 2.7107193881e-02 7.2569437796e+00 6.3589809394e+01
27 5.9381199424e-01 2.7174490301e-02 7.2080197252e+00 6.3094756488e+01
28 5.9380761934e-01 2.7209077261e-02 7.1801741348e+00 6.2781110622e+01
29 5.9374040588e-01 2.7271598186e-02 7.1317890006e+00 6.2289108406e+01
30 5.9390176153e-01 2.8474355417e-02 6.8672810026e+00 5.7761966321e+01
31 5.9388775451e-01 2.8485700280e-02 6.8598912254e+00 5.7684079093e+01
32 5.9409008915e-01 2.9428403725e-02 6.6898044013e+00 5.4307291580e+01
33 5.9426571836e-01 3.0403041025e-02 6.4867533226e+00 5.0898416750e+01
34 5.9474676184e-01 3.2154375310e-02 6.1820878880e+00 4.5687041889e+01
35 5.9469450989e-01 3.2307719628e-02 6.1591612404e+00 4.5501257662e+01
36 5.9438471504e-01 3.1482740757e-02 6.2171811493e+00 4.7116274926e+01
37 5.9408810024e-01 3.0693906393e-02 6.3048626705e+00 4.9173882595e+01
38 5.9427329468e-01 3.1691560808e-02 6.1303060657e+00 4.6420390707e+01
39 5.9421456975e-01 3.1726336722e-02 6.1134721080e+00 4.6264722648e+01
40 5.9417339870e-01 3.1755360899e-02 6.1001598193e+00 4.6128245892e+01
41 5.9398117070e-01 3.1862341252e-02 6.0494927434e+00 4.5667512398e+01
42 5.9390098292e-01 3.1882425385e-02 6.0466423903e+00 4.5609691420e+01
43 5.9410411029e-01 3.2747145250e-02 5.9151466855e+00 4.3346393610e+01
44 5.9403934729e-01 3.2828162243e-02 5.8728235741e+00 4.2973844238e+01
45 5.9403930826e-01 3.4362890793e-02 6.2009845331e+00 4.9443697919e+01
46 5.9407898255e-01 3.4372126897e-02 6.1950396697e+00 4.9360831072e+01
47 5.9402628635e-01 3.4420669179e-02 6.1703980642e+00 4.9124970901e+01
48 5.9391155951e-01 3.4496392941e-02 6.1355204249e+00 4.8780627034e+01
49 5.9411913348e-01 3.5160408556e-02 5.9653890221e+00 4.6214288236e+01
50 5.9457941464e-01 3.6851721873e-02 5.7421560407e+00 4.2042007888e+01
51 5.9451755210e-01 3.6677728404e-02 5.7252837237e+00 4.1960694471e+01
52 5.9439966109e-01 3.6753795654e-02 5.6941768663e+00 4.1694356935e+01
53 5.9430185786e-01 3.6836558868e-02 5.6591396286e+00 4.1387109578e+01
54 5.9401346772e-01 3.6036999985e-02 5.7677465065e+00 4.3389886244e+01
55 5.9390622586e-01 3.6085812217e-02 5.7501597523e+00 4.3227830742e+01
56 5.9390782947e-01 3.6109040367e-02 5.7381065689e+00 4.3116891842e+01
57 5.9410497067e-01 3.6994208971e-02 5.6221440442e+00 4.1070028574e+01
58 5.9380449268e-01 3.6350522137e-02 5.7043476733e+00 4.2733098491e+01
59 5.9406531123e-01 3.6898358349e-02 5.6054520729e+00 4.1029633183e+01
60 5.9399897909e-01 3.6990741949e-02 5.5624615327e+00 4.0671611760e+01
61 5.9414969413e-01 3.7750084843e-02 5.4505848094e+00 3.8832287509e+01
62 5.9425498744e-01 3.9023764315e-02 5.6373246424e+00 4.1580959475e+01
63 5.9447299183e-01 3.9743881388e-02 5.5291767040e+00 3.9769518551e+01
64 5.9433639440e-01 3.9816184572e-02 5.5051755473e+00 3.9562029638e+01
65 5.9432871500e-01 3.9824075467e-02 5.5022315854e+00 3.9535090334e+01
66 5.9436746612e-01 4.0503817678e-02 5.3725705210e+00 3.7730911620e+01
67 5.9439622606e-01 4.0003632105e-02 5.0371355392e+00 3.3158072649e+01
68 5.9442290729e-01 3.9929557797e-02 5.0256204024e+00 3.3074869168e+01
69 5.9436302250e-01 3.9984272447e-02 5.0068558343e+00 3.2927168025e+01
70 5.9436692344e-01 4.0029410659e-02 4.9883416674e+00 3.2779608158e+01
71 5.9438850425e-01 4.0123245926e-02 4.9850921716e+00 3.2722958702e+01
72 5.9469132509e-01 4.1792175341e-02 5.0259162334e+00 3.3025556523e+01
73 5.9450259597e-01 4.0811860661e-02 4.8778485660e+00 3.1346042673e+01
74 5.9444809457e-01 4.0859841338e-02 4.8625898548e+00 3.1227269542e+01
75 5.9445695521e-01 4.0872726509e-02 4.8571046790e+00 3.1183872277e+01
76 5.9443429494e-01 4.0906048283e-02 4.8460589191e+00 3.1094008114e+01
77 5.9464178495e-01 4.1588869723e-02 4.7644746346e+00 2.9970760656e+01
78 5.9461550550e-01 4.1627164057e-02 4.7502640964e+00 2.9878390508e+01
79 5.9460301006e-01 4.1924441432e-02 4.7188004904e+00 2.9699503679e+01
80 5.9479401169e-01 4.2424017214e-02 4.6510759323e+00 2.8771716604e+01
81 5.9492302015e-01 4.3634366822e-02 4.7913273376e+00 3.0866280278e+01
82 5.9499890401e-01 4.4909490392e-02 4.9747957171e+00 3.3465937019e+01
83 5.9524329896e-01 4.5497381249e-02 4.8987431788e+00 3.2325475943e+01
84 5.9516232403e-01 4.5564116638e-02 4.8795433446e+00 3.2174444981e+01
85 5.9514005785e-01 4.5565905079e-02 4.8804195163e+00 3.2178929535e+01
86 5.9525321997e-01 4.6544864003e-02 4.9618413167e+00 3.2918332051e+01
87 5.9492387250e-01 4.4874907801e-02 4.8777255358e+00 3.2132164792e+01
88 5.9481864820e-01 4.4918082112e-02 4.8689416575e+00 3.2056223665e+01
89 5.9498568959e-01 4.5685069987e-02 4.7850236498e+00 3.0801612842e+01
90 5.9497600993e-01 4.5709380536e-02 4.7765215674e+00 3.0742659142e+01
91 5.9522799645e-01 4.6310057342e-02 4.6993830287e+00 2.9693821267e+01
92 5.9516586789e-01 4.6356131670e-02 4.6880632199e+00 2.9602600369e+01
93 5.9511100416e-01 4.6392547184e-02 4.6759256198e+00 2.9543978719e+01
94 5.9501464566e-01 4.6365409775e-02 4.6707764370e+00 2.9531471076e+01
95 5.9498956380e-01 4.6295735087e-02 4.6723372617e+00 2.9596017953e+01
96 5.9501338462e-01 4.6166308266e-02 4.6704609088e+00 2.9671354592e+01
97 5.9519756401e-01 4.7262946652e-02 4.7739846283e+00 3.0800827728e+01
98 5.9516303517e-01 4.7286343298e-02 4.7681231957e+00 3.0754913034e+01
99 5.9556555451e-01 4.8487350023e-02 4.6300197859e+00 2.8808764390e+01
100 5.9551518446e-01 4.8514193685e-02 4.6253990043e+00 2.8764661041e+01
101 5.9548354381e-01 4.8563320685e-02 4.6090129519e+00 2.8670390371e+01
102 5.9549894990e-01 4.8583285064e-02 4.6022250560e+00 2.8617711846e+01
103 5.9533685822e-01 4.8610970071e-02 4.6030544212e+00 2.8614390586e+01
104 5.9522122075e-01 4.8669045612e-02 4.5921941277e+00 2.8523569265e+01
105 5.9513552409e-01 4.8720511544e-02 4.5798216253e+00 2.8440141333e+01
106 5.9514196727e-01 4.8806796738e-02 4.5800420445e+00 2.8397204452e+01
107 5.9507650555e-01 4.8860749272e-02 4.5654279462e+00 2.8301600630e+01
108 5.9498732643e-01 4.8910617491e-02 4.5535411954e+00 2.8224481435e+01
109 5.9495446842e-01 4.8962941271e-02 4.5396354727e+00 2.8118144020e+01
110 5.9492967538e-01 4.9040695963e-02 4.5351974259e+00 2.8049274801e+01
111 5.9513067550e-01 4.9469687079e-02 4.4714372857e+00 2.7281367685e+01
112 5.9515694318e-01 4.9476455071e-02 4.4684223697e+00 2.7256310439e+01
113 5.9484928744e-01 4.8578523073e-02 4.3527383781e+00 2.6064660679e+01
114 5.9493403133e-01 4.9335158848e-02 4.2926755973e+00 2.5235849841e+01
115 5.9489841191e-01 4.9368709380e-02 4.2850962073e+00 2.5180801962e+01
116 5.9482861545e-01 4.9282128870e-02 4.2528661809e+00 2.4784248241e+01
117 5.9474355160e-01 4.9291010345e-02 4.2550990804e+00 2.4795914034e+01
118 5.9468623367e-01 4.9267583018e-02 4.2499638484e+00 2.4786237413e+01
119 5.9534195984e-01 5.1653713235e-02 4.0351779320e+00 2.2160944926e+01
120 5.9540361043e-01 5.1721850453e-02 4.0310029066e+00 2.2117822606e+01
121 5.9556074760e-01 5.2261357080e-02 3.9834537761e+00 2.1547596654e+01
122 5.9586407066e-01 5.3961309033e-02 4.1145994027e+00 2.2741553810e+01
123 5.9602044012e-01 5.4315999246e-02 4.0682695191e+00 2.2256437513e+01
124 5.9605064310e-01 5.4427038749e-02 4.0831210792e+00 2.2446284025e+01
125 5.9590759721e-01 5.3630612711e-02 4.0109668782e+00 2.1822382725e+01
126 5.9594045625e-01 5.3623837074e-02 4.0107553021e+00 2.1823662391e+01
127 5.9576082941e-01 5.3727584965e-02 3.9925962351e+00 2.1716206994e+01
128 5.9572284028e-01 5.3742672377e-02 3.9909041254e+00 2.1704181860e+01
129 5.9569168362e-01 5.3746558335e-02 3.9917822439e+00 2.1707084857e+01
130 5.9583406328e-01 5.4623415383e-02 4.0643311236e+00 2.2404580328e+01
131 5.9548237834e-01 5.3285125957e-02 4.0276886369e+00 2.2185931162e+01
132 5.9519631190e-01 5.2661497487e-02 4.0736160564e+00 2.2803432696e+01
133 5.9537968717e-01 5.3156940545e-02 4.0176360037e+00 2.2193696519e+01
134 5.9541275526e-01 5.3214532915e-02 4.0122787359e+00 2.2134601874e+01
135 5.9570008859e-01 5.4668272638e-02 4.0055702498e+00 2.1984386900e+01
136 5.9578675567e-01 5.5575789596e-02 4.0608094982e+00 2.2522373688e+01
137 5.9581376111e-01 5.5593734252e-02 4.0550038457e+00 2.2486039701e+01
138 5.9577281437e-01 5.5609020439e-02 4.0532510970e+00 2.2473795555e+01
139 5.9569794727e-01 5.5674233205e-02 4.0401386583e+00 2.2394184570e+01
140 5.9577533361e-01 5.5664582377e-02 4.0386740044e+00 2.2386800181e+01
141 5.9533597917e-01 5.5397076252e-02 4.0807211454e+00 2.3049752627e+01
142 5.9553868785e-01 5.5862358552e-02 4.0287974470e+00 2.2490434822e+01
143 5.9574244890e-01 5.6406069094e-02 3.9821433995e+00 2.1922793512e+01
144 5.9569196236e-01 5.6443323693e-02 3.9752754803e+00 2.1881742204e+01
145 5.9580093727e-01 5.7631113258e-02 4.1056176066e+00 2.3339249973e+01
146 5.9602312508e-01 5.8154563939e-02 4.0632590054e+00 2.2888492604e+01
147 5.9606818083e-01 5.8619544143e-02 4.0079699308e+00 2.2318817567e+01
148 5.9602339824e-01 5.8598366861e-02 4.0159549092e+00 2.2361392145e+01
149 5.9553898269e-01 5.7408743740e-02 3.9960464987e+00 2.2442411547e+01
150 5.9582690085e-01 5.8631279906e-02 3.9841281788e+00 2.2106321746e+01
151 5.9582540677e-01 5.9404743795e-02 3.9992997486e+00 2.2094593583e+01
152 5.9583094766e-01 5.9404722504e-02 3.9990244352e+00 2.2093133191e+01
153 5.9598086364e-01 5.9803710475e-02 3.9617975763e+00 2.1662191877e+01
154 5.9601602089e-01 5.9646525293e-02 3.8996141545e+00 2.1168056358e+01
155 5.9599839406e-01 5.9656390596e-02 3.8949267220e+00 2.1137970718e+01
156 5.9616548324e-01 6.0136599982e-02 3.8479264516e+00 2.0643314794e+01
157 5.9613234711e-01 6.0148459090e-02 3.8471201855e+00 2.0635598129e+01
158 5.9603770223e-01 6.0232686697e-02 3.8319494157e+00 2.0549827785e+01
159 5.9617070923e-01 6.0026428776e-02 3.7540664585e+00 1.9859126791e+01
160 5.9582254376e-01 5.8964342682e-02 3.6107681286e+00 1.8336686888e+01
161 5.9598171241e-01 5.9452069915e-02 3.5581392025e+00 1.7766969233e+01
162 5.9592739514e-01 5.9450166920e-02 3.5615146315e+00 1.7781433882e+01
163 5.9594294110e-01 5.9445700368e-02 3.5616238855e+00 1.7783002893e+01
164 5.9551187506e-01 5.8577648033e-02 3.5739146124e+00 1.8027983332e+01
165 5.9568081944e-01 5.8913202128e-02 3.5377858921e+00 1.7689708998e+01
166 5.9543883032e-01 5.8169380483e-02 3.4626457403e+00 1.7037765968e+01
167 5.9559890230e-01 5.8511639572e-02 3.4302276918e+00 1.6728331414e+01
168 5.9584106518e-01 5.9039277877e-02 3.4003145612e+00 1.6390606464e+01
169 5.9577358969e-01 5.8876977306e-02 3.3650206186e+00 1.6022754036e+01
170 5.9604943223e-01 5.9303480050e-02 3.3387006619e+00 1.5726511579e+01
171 5.9650775747e-01 6.0121918084e-02 3.2783890753e+00 1.5145248908e+01
172 5.9638494946e-01 6.0208491654e-02 3.2675232460e+00 1.5089078259e+01
173 5.9638003275e-01 6.0239239735e-02 3.2631822377e+00 1.5060393380e+01
174 5.9629742639e-01 6.0453797228e-02 3.2887636155e+00 1.5465330780e+01
175 5.9630914556e-01 6.0447733928e-02 3.2894770601e+00 1.5468584112e+01
176 5.9628862118e-01 6.0515877685e-02 3.2888065270e+00 1.5453839240e+01
177 5.9610998913e-01 5.9755159766e-02 3.2351506330e+00 1.5029961466e+01
178 5.9609335888e-01 5.9864110991e-02 3.2268925719e+00 1.4990795531e+01
179 5.9600976070e-01 5.9917604012e-02 3.2204470941e+00 1.4957894670e+01
180 5.9634190278e-01 6.1079083836e-02 3.2407997596e+00 1.5051706363e+01
181 5.9620890519e-01 6.1157896321e-02 3.2317759104e+00 1.5006045433e+01
182 5.9616651990e-01 6.1182126854e-02 3.2320910170e+00 1.5008883824e+01
183 5.9669380731e-01 6.2884742029e-02 3.2302427331e+00 1.4933071278e+01
184 5.9663702489e-01 6.2936275201e-02 3.2215170006e+00 1.4902571162e+01
185 5.9687967561e-01 6.3433373717e-02 3.1890335542e+00 1.4605233859e+01
186 5.9665383979e-01 6.2731176111e-02 3.1302113934e+00 1.4122417043e+01
187 5.9681213842e-01 6.3081046569e-02 3.0839836039e+00 1.3658612535e+01
188 5.9642216157e-01 6.2649301576e-02 3.1084144749e+00 1.3895338528e+01
189 5.9659622253e-01 6.3127292243e-02 3.0748605545e+00 1.3625360865e+01
190 5.9641335479e-01 6.2834622802e-02 3.0975116933e+00 1.3827548990e+01
191 5.9637931855e-01 6.2898926419e-02 3.0953533569e+00 1.3806976914e+01
192 5.9635392979e-01 6.2897726783e-02 3.0965937809e+00 1.3813189054e+01
193 5.9670906377e-01 6.4133048934e-02 3.1325803158e+00 1.4088665977e+01
194 5.9666355125e-01 6.4183630111e-02 3.1296482130e+00 1.4069221580e+01
195 5.9636813952e-01 6.3690202026e-02 3.1036782393e+00 1.3957003225e+01
196 5.9634541146e-01 6.3702453025e-02 3.0993008656e+00 1.3938288302e+01
197 5.9602503628e-01 6.2959501231e-02 3.0122564708e+00 1.3164295294e+01
198 5.9596019315e-01 6.2953950331e-02 3.0074988485e+00 1.3156173696e+01
199 5.9578346827e-01 6.2879237995e-02 3.0021495877e+00 1.3136283203e+01
200 5.9557513889e-01 6.2820030455e-02 2.9994102380e+00 1.3124152222e+01
201 5.9578209750e-01 6.3200317557e-02 2.9782876270e+00 1.2919269485e+01
202 5.9598102782e-01 6.3703115904e-02 2.9546140856e+00 1.2690354586e+01
203 5.9578124073e-01 6.3436512281e-02 2.9746224470e+00 1.2862241405e+01
204 5.9548513006e-01 6.3050481901e-02 2.9964971972e+00 1.3068039187e+01
205 5.9570158829e-01 6.3787343000e-02 3.0440539177e+00 1.3444526889e+01
206 5.9551830252e-01 6.3852113287e-02 3.0297543256e+00 1.3392960626e+01
207 5.9555010758e-01 6.3943215548e-02 3.0363258776e+00 1.3472382486e+01
208 5.9563309713e-01 6.4391267338e-02 3.0059293021e+00 1.3218487066e+01
209 5.9577046956e-01 6.4741218670e-02 2.9769966039e+00 1.3003873966e+01
210 5.9623088758e-01 6.5465505138e-02 2.9292274643e+00 1.2591261928e+01
211 5.9672673621e-01 6.6293054048e-02 2.8841657702e+00 1.2195853806e+01
212 5.9674329095e-01 6.5755804560e-02 2.7976479117e+00 1.1471859882e+01
213 5.9690141876e-01 6.6164944827e-02 2.7719420491e+00 1.1280363426e+01
214 5.9708982211e-01 6.6686201207e-02 2.7539445927e+00 1.1113397561e+01
215 5.9710575153e-01 6.6734004513e-02 2.7542909414e+00 1.1112676436e+01
216 5.9709127702e-01 6.6755242705e-02 2.7522041749e+00 1.1101168526e+01
217 5.9707564003e-01 6.6796457410e-02 2.7558783527e+00 1.1115313787e+01
218 5.9705056059e-01 6.6812850039e-02 2.7545796092e+00 1.1108941522e+01
219 5.9705407512e-01 6.6785466855e-02 2.7558387751e+00 1.1114981037e+01
220 5.9709247947e-01 6.7091308192e-02 2.7354670816e+00 1.0976244152e+01
221 5.9706721551e-01 6.7135828093e-02 2.7299307009e+00 1.0952858536e+01
222 5.9725932198e-01 6.7548325372e-02 2.7169355597e+00 1.0901590021e+01
223 5.9722658820e-01 6.7657761772e-02 2.7212164140e+00 1.0913745466e+01
224 5.9740540529e-01 6.8114406010e-02 2.6937975846e+00 1.0726628637e+01
225 5.9732339811e-01 6.8157720255e-02 2.6909956162e+00 1.0713574765e+01
226 5.9727317724e-01 6.8200323379e-02 2.6875412340e+00 1.0695247733e+01
227 5.9754010555e-01 6.8560659869e-02 2.6654082520e+00 1.0529760908e+01
228 5.9789900043e-01 6.9518223847e-02 2.7092573806e+00 1.0939727817e+01
229 5.9817341162e-01 6.9761313163e-02 2.6890636484e+00 1.0798321385e+01
230 5.9811911299e-01 6.9760330370e-02 2.6870171091e+00 1.0804464972e+01
231 5.9815030808e-01 6.9763924866e-02 2.6853374070e+00 1.0797466385e+01
232 5.9842474714e-01 7.0293301587e-02 2.6683978705e+00 1.0650836773e+01
233 5.9838250081e-01 7.0405665551e-02 2.6760041701e+00 1.0744745085e+01
234 5.9823419055e-01 7.0496142393e-02 2.6693089229e+00 1.0714929830e+01
235 5.9818422462e-01 7.0505362433e-02 2.6700033034e+00 1.0717316356e+01
236 5.9829423121e-01 7.1175697933e-02 2.7100408542e+00 1.1014841438e+01
237 5.9851933690e-01 7.1635403087e-02 2.6920926073e+00 1.0849800169e+01
238 5.9868220724e-01 7.2268636661e-02 2.7193994161e+00 1.1034853923e+01
239 5.9891209123e-01 7.2612701093e-02 2.7051675342e+00 1.0894059331e+01
240 5.9901357926e-01 7.2823442095e-02 2.6735001932e+00 1.0647728491e+01
241 5.9890459248e-01 7.2710371879e-02 2.6705392385e+00 1.0641668625e+01
242 5.9891905877e-01 7.2719607988e-02 2.6690737217e+00 1.0633801034e+01
243 5.9909182675e-01 7.3028337352e-02 2.6466810402e+00 1.0488742381e+01
244 5.9909874502e-01 7.3034732731e-02 2.6457765594e+00 1.0484110471e+01
245 5.9964302420e-01 7.4724001858e-02 2.6955433455e+00 1.0818885015e+01
246 5.9939638088e-01 7.4476653799e-02 2.7121560075e+00 1.0946938466e+01
247 5.9942171868e-01 7.4431303306e-02 2.7115697174e+00 1.0951233847e+01
248 5.9936722242e-01 7.4458035391e-02 2.7102817215e+00 1.0943903465e+01
249 5.9927242015e-01 7.4500632245e-02 2.7074224112e+00 1.0935723237e+01
250 5.9955411312e-01 7.5497458375e-02 2.7228385097e+00 1.1045977639e+01
251 5.9952007824e-01 7.5579560038e-02 2.7202820769e+00 1.1032031028e+01
252 5.9935377616e-01 7.5070089373e-02 2.6990154372e+00 1.0936785738e+01
253 5.9931398770e-01 7.5135540885e-02 2.7002847003e+00 1.0939681687e+01
254 5.9934398655e-01 7.5149571871e-02 2.6976166225e+00 1.0927326699e+01
255 5.9931707057e-01 7.5636419882e-02 2.7043660732e+00 1.0924731854e+01
256 5.9930111368e-01 7.5644483055e-02 2.7040843731e+00 1.0922292686e+01
257 5.9930483292e-01 7.5657914524e-02 2.7041214832e+00 1.0920556764e+01
258 5.9925741744e-01 7.5677628175e-02 2.6977717115e+00 1.0907232542e+01
259 5.9937423148e-01 7.5955559476e-02 2.6775173265e+00 1.0771974527e+01
260 5.9934408969e-01 7.6136513435e-02 2.6745280249e+00 1.0745493854e+01
261 5.9948537666e-01 7.6782623916e-02 2.6969809030e+00 1.0868861717e+01
262 5.9949928183e-01 7.6566464785e-02 2.6489868459e+00 1.0528092064e+01
263 5.9959447149e-01 7.7016734632e-02 2.6734615720e+00 1.0692850642e+01
264 5.9957897947e-01 7.7014010788e-02 2.6746694207e+00 1.0696232416e+01
265 5.9980182931e-01 7.7332751196e-02 2.6533184591e+00 1.0545926407e+01
266 6.0001581486e-01 7.7884461797e-02 2.6275950939e+00 1.0364411895e+01
267 6.0013071542e-01 7.8403997319e-02 2.6433549633e+00 1.0430978565e+01
268 6.0034889532e-01 7.9542663759e-02 2.6751048497e+00 1.0591057906e+01
269 6.0035026270e-01 7.9556973548e-02 2.6730747335e+00 1.0583949784e+01
270 6.0037773478e-01 8.0038466911e-02 2.6982214134e+00 1.0753770698e+01
271 6.0047815784e-01 8.0766382899e-02 2.7348172538e+00 1.1026976112e+01
272 6.0026907900e-01 8.0303656506e-02 2.7157565998e+00 1.0947982466e+01
273 6.0025153554e-01 7.9997889808e-02 2.6663858785e+00 1.0601105103e+01
274 5.9988807558e-01 7.8935301767e-02 2.6338694482e+00 1.0443065469e+01
275 6.0001938292e-01 7.9309907091e-02 2.6146426219e+00 1.0301749280e+01
276 5.9985652762e-01 7.9296596664e-02 2.6154706351e+00 1.0312979333e+01
277 6.0002328017e-01 7.9326716498e-02 2.5907146936e+00 1.0167058280e+01
278 5.9995614613e-01 7.9335101098e-02 2.5921621853e+00 1.0171674504e+01
279 5.9977891116e-01 7.8926479516e-02 2.5878296221e+00 1.0178208765e+01
280 6.0026931102e-01 8.0224865769e-02 2.5990367850e+00 1.0197302815e+01
281 6.0049483672e-01 8.0575134897e-02 2.5827264434e+00 1.0068603312e+01
282 6.0071289979e-01 8.0954182747e-02 2.5642785912e+00 9.9347628994e+00
283 6.0047717252e-01 8.0193234045e-02 2.5294068649e+00 9.7121647930e+00
284 6.0051008965e-01 8.0213577739e-02 2.5259026536e+00 9.6985651327e+00
285 6.0005494204e-01 7.9429949280e-02 2.5218889848e+00 9.7100842262e+00
286 6.0056779257e-01 8.1242083964e-02 2.5823205722e+00 1.0040424885e+01
287 6.0076976123e-01 8.1722912314e-02 2.5674127188e+00 9.9154804993e+00
288 6.0029778576e-01 8.0864076103e-02 2.5641922371e+00 9.9276529848e+00
289 6.0017732719e-01 8.0918091058e-02 2.5625265605e+00 9.9171217866e+00
290 6.0015987671e-01 8.0934582220e-02 2.5665306693e+00 9.9294021898e+00
291 6.0010876547e-01 8.0892387041e-02 2.5691155498e+00 9.9491115056e+00
292 5.9997723080e-01 8.0958889695e-02 2.5670795175e+00 9.9382878326e+00
293 5.9986725809e-01 8.0734382150e-02 2.5264143698e+00 9.6563780890e+00
294 5.9945134232e-01 8.0088050819e-02 2.5362250072e+00 9.7507184916e+00
295 5.9949001162e-01 7.9955893235e-02 2.5197786715e+00 9.6158362548e+00
296 5.9909658592e-01 7.9146932970e-02 2.5203980863e+00 9.6486213374e+00
297 5.9920851221e-01 7.9698315742e-02 2.5396001840e+00 9.7518869140e+00
298 5.9934958820e-01 8.0458485933e-02 2.5811410458e+00 1.0062096317e+01
299 5.9932596312e-01 8.0467414947e-02 2.5810368877e+00 1.0060755174e+01
300 5.9895545399e-01 7.9742537992e-02 2.5794580937e+00 1.0093207720e+01
301 5.9898167731e-01 7.9769698435e-02 2.5794398916e+00 1.0088780292e+01
302 5.9891980948e-01 7.9805538918e-02 2.5775004158e+00 1.0079341824e+01
303 5.9901734907e-01 7.9744920000e-02 2.5766017398e+00 1.0061650636e+01
304 5.9894367506e-01 7.9812022915e-02 2.5697229223e+00 1.0043084290e+01
305 5.9855571317e-01 7.8871576919e-02 2.5577278800e+00 9.9789785699e+00
306 5.9840387366e-01 7.9423080173e-02 2.6414232278e+00 1.0692999684e+01
307 5.9881891762e-01 7.9938925221e-02 2.5779602220e+00 1.0264656443e+01
308 5.9876921993e-01 8.0018718614e-02 2.5696128154e+00 1.0233315296e+01
309 5.9867946804e-01 8.0067096539e-02 2.5668720602e+00 1.0221756001e+01
310 5.9855900428e-01 8.0064828255e-02 2.5672787519e+00 1.0225571311e+01
311 5.9853218258e-01 7.9980992228e-02 2.5676752626e+00 1.0242129616e+01
312 5.9862698794e-01 8.0397191666e-02 2.5499631085e+00 1.0099433696e+01
313 5.9918336393e-01 8.0852556567e-02 2.4913709930e+00 9.7122957667e+00
314 5.9894835119e-01 8.0500516651e-02 2.5064639811e+00 9.8343652010e+00
315 5.9851164336e-01 7.9599941998e-02 2.4995001879e+00 9.8402211741e+00
316 5.9881560590e-01 8.0725548440e-02 2.5458577248e+00 1.0109424864e+01
317 5.9856375389e-01 8.0150839614e-02 2.5039066037e+00 9.8299580245e+00
318 5.9809695721e-01 7.9262229017e-02 2.5019129410e+00 9.8641558157e+00
319 5.9810331646e-01 7.9338492250e-02 2.5038657867e+00 9.8643715642e+00
320 5.9826132858e-01 7.9456874635e-02 2.4775002664e+00 9.6687667666e+00
321 5.9817884414e-01 7.9441472942e-02 2.4798540729e+00 9.6807001822e+00
322 5.9794411889e-01 7.9133517484e-02 2.4939474885e+00 9.7965140157e+00
323 5.9798731377e-01 7.9102639997e-02 2.4960260474e+00 9.8056149383e+00
324 5.9799858776e-01 7.9097380370e-02 2.4962101727e+00 9.8067156815e+00
325 5.9808219895e-01 7.9755512054e-02 2.5180317479e+00 9.9473128853e+00
326 5.9818954845e-01 7.9922644305e-02 2.5007927940e+00 9.8308161610e+00
327 5.9816164676e-01 7.9988452295e-02 2.5002001472e+00 9.8195883565e+00
328 5.9830090516e-01 8.0615571505e-02 2.5331289149e+00 1.0044378694e+01
329 5.9818796419e-01 8.0698809520e-02 2.5268035602e+00 1.0020608300e+01
330 5.9780867567e-01 7.9908400289e-02 2.5175620401e+00 9.9960122572e+00
331 5.9795310437e-01 8.0486035998e-02 2.5292783304e+00 1.0034870218e+01
332 5.9802774470e-01 8.1046912803e-02 2.5534143907e+00 1.0166484113e+01
333 5.9758646708e-01 7.9989777769e-02 2.5311223264e+00 1.0042787686e+01
334 5.9754270589e-01 7.9999203181e-02 2.5317761669e+00 1.0043625467e+01
335 5.9704462161e-01 7.9118711028e-02 2.5202143679e+00 1.0009449617e+01
336 5.9706379879e-01 7.9117966622e-02 2.5194929018e+00 1.0007643654e+01
337 5.9753357411e-01 7.9948376176e-02 2.4900346184e+00 9.7516775122e+00
338 5.9742908650e-01 7.9410437825e-02 2.4636127209e+00 9.5895501163e+00
339 5.9714551994e-01 7.9129443861e-02 2.4798046695e+00 9.7052099334e+00
340 5.9701587586e-01 7.9202935217e-02 2.4760224842e+00 9.6872006418e+00
341 5.9701586094e-01 7.9223484550e-02 2.4758539785e+00 9.6857686575e+00
342 5.9693140036e-01 7.9202278668e-02 2.4755119412e+00 9.6863340544e+00
343 5.9660400439e-01 7.8648516304e-02 2.4546489219e+00 9.5168661497e+00
344 5.9658506914e-01 7.8643831203e-02 2.4557563022e+00 9.5214823568e+00
345 5.9695848470e-01 7.9748051770e-02 2.4697081610e+00 9.5712211624e+00
346 5.9730063271e-01 8.0351232514e-02 2.4446800189e+00 9.3839793608e+00
347 5.9729818387e-01 8.0396522317e-02 2.4457815371e+00 9.3856532778e+00
348 5.9694378810e-01 7.9439542232e-02 2.4304715768e+00 9.3063599991e+00
349 5.9687563689e-01 7.9494132478e-02 2.4319798090e+00 9.3095204099e+00
350 5.9711165337e-01 7.9681809202e-02 2.4191858582e+00 9.2234460899e+00
351 5.9724020016e-01 7.9955747656e-02 2.4054332412e+00 9.1255466095e+00
352 5.9715568973e-01 8.0046056557e-02 2.3971886174e+00 9.0992868481e+00
353 5.9733658620e-01 8.0727770112e-02 2.4374065721e+00 9.4010930525e+00
354 5.9744717091e-01 8.0749680863e-02 2.4363154057e+00 9.3914718941e+00
355 5.9737921652e-01 8.0705589882e-02 2.4369312252e+00 9.4030189505e+00
356 5.9756423869e-01 8.1091549796e-02 2.4225654695e+00 9.2900073414e+00
357 5.9753165372e-01 8.1105708156e-02 2.4218901336e+00 9.2881811792e+00
358 5.9751740424e-01 8.1096458128e-02 2.4241465977e+00 9.2927615321e+00
359 5.9697583592e-01 8.0351463965e-02 2.4243265597e+00 9.3572835421e+00
360 5.9700529522e-01 8.0409404533e-02 2.4224282045e+00 9.3518500612e+00
361 5.9629508294e-01 7.9243058923e-02 2.4309314721e+00 9.4617247766e+00
362 5.9638090072e-01 7.9897111153e-02 2.4639306229e+00 9.6793909809e+00
363 5.9652288791e-01 8.0512028987e-02 2.4840031938e+00 9.7689444394e+00
364 5.9667727663e-01 8.1146520825e-02 2.5016029876e+00 9.8611965985e+00
365 5.9695630946e-01 8.1406830062e-02 2.4918389417e+00 9.7866447491e+00
