1 5.9282947138e-01 1.1102230246e-16 1.0000000000e+00 1.0000000000e+00
2 5.9276591224e-01 1.8555076375e-03 -1.5987532895e+01 4.9163339394e+02
3 5.9270088890e-01 2.6901896237e-03 -1.5376499744e+01 3.3159244420e+02
4 5.9271072866e-01 2.8213414758e-03 -1.3707580624e+01 2.7854828044e+02
5 5.9305971233e-01 1.1056769628e-02 1.8223416262e+01 3.9416682326e+02
6 5.9329340627e-01 1.3291560478e-02 1.5802140453e+01 2.8153995379e+02
7 5.9348183187e-01 1.5305343414e-02 1.3779378056e+01 2.1275426600e+02
8 5.9365897596e-01 1.7044240628e-02 1.2467709138e+01 1.7230751083e+02
9 5.9368644903e-01 1.7052772859e-02 1.2444652481e+01 1.7188303979e+02
10 5.9355614808e-01 1.7179180349e-02 1.2164267541e+01 1.6732500982e+02
11 5.9367515751e-01 1.9791877089e-02 1.3683420472e+01 2.1896922883e+02
12 5.9354906579e-01 1.9937316032e-02 1.3371636277e+01 2.1307859798e+02
13 5.9357641105e-01 1.9993048040e-02 1.3256115231e+01 2.1064809122e+02
14 5.9354422641e-01 2.0068355998e-02 1.3098028527e+01 2.0762425898e+02
15 5.9349943949e-01 2.0165772816e-02 1.2901145720e+01 2.0379510538e+02
16 5.9359319019e-01 2.1350126111e-02 1.1714247513e+01 1.7050084342e+02
17 5.9359434063e-01 2.1397865890e-02 1.1634278429e+01 1.6898691094e+02
18 5.9358655505e-01 2.0438558092e-02 9.5047625677e+00 1.0909697136e+02
19 5.9382173938e-01 2.1766364838e-02 9.0484074763e+00 9.7367140231e+01
20 5.9405249874e-01 2.3098950347e-02 8.7286248031e+00 8.8940248487e+01
21 5.9402742055e-01 2.3199732485e-02 8.6085533373e+00 8.7467691939e+01
22 5.9431936850e-01 2.4442449297e-02 8.3284463984e+00 8.0603204958e+01
23 5.9499673558e-01 2.7535873282e-02 7.5319173400e+00 6.4262353991e+01
24 5.9515260114e-01 2.8546750187e-02 7.2646547723e+00 5.9752407707e+01
25 5.9538469454e-01 2.9494947204e-02 7.0718603995e+00 5.6285973573e+01
26 5.9576810008e-01 3.1288821697e-02 6.6806427881e+00 4.9999321213e+01
27 5.9593158124e-01 3.2825495661e-02 7.0096408992e+00 5.7233261375e+01
28 5.9584135655e-01 3.2928694224e-02 6.9431433029e+00 5.6609425079e+01
29 5.9585356811e-01 3.2970707845e-02 6.9146327018e+00 5.6312855672e+01
30 5.9578515027e-01 3.3082628455e-02 6.8430457163e+00 5.5625629708e+01
31 5.9539705503e-01 3.0806349490e-02 6.5926314680e+00 5.0467352574e+01
32 5.9542170602e-01 3.0839695272e-02 6.5688747708e+00 5.0229518334e+01
33 5.9542198344e-01 3.0840845067e-02 6.4998374763e+00 4.9600913003e+01
34 5.9534119856e-01 3.0915672671e-02 6.4558630727e+00 4.9198434667e+01
35 5.9533300319e-01 3.0787039743e-02 6.4000309303e+00 4.8793098566e+01
36 5.9551158179e-01 3.1660235909e-02 6.2526707176e+00 4.6292865543e+01
37 5.9603040759e-01 3.5434012061e-02 6.8346932310e+00 5.7089756880e+01
38 5.9667683124e-01 3.7620481612e-02 6.3415166938e+00 4.8663386387e+01
39 5.9683649878e-01 3.8448018031e-02 6.1744184723e+00 4.6073922843e+01
40 5.9708196098e-01 4.0101226374e-02 5.8512585487e+00 4.1441857192e+01
41 5.9714174470e-01 4.0112537193e-02 5.8420713382e+00 4.1360452326e+01
42 5.9713785946e-01 4.0138623759e-02 5.8303600990e+00 4.1256162215e+01
43 5.9730369347e-01 4.0836845725e-02 5.6966729130e+00 3.9399034098e+01
44 5.9772227866e-01 4.2155272613e-02 5.4744782147e+00 3.6275372074e+01
45 5.9812062062e-01 4.3702857695e-02 5.4654556929e+00 3.6042436893e+01
46 5.9814888669e-01 4.3713164700e-02 5.4594134841e+00 3.5994536383e+01
47 5.9811521135e-01 4.3678714072e-02 5.4612616379e+00 3.6037352427e+01
48 5.9827866208e-01 4.4377921040e-02 5.3530669065e+00 3.4604096769e+01
49 5.9824996875e-01 4.4462540645e-02 5.3209406244e+00 3.4360132269e+01
50 5.9843021915e-01 4.5099928803e-02 5.2102083693e+00 3.3030444318e+01
51 5.9875073141e-01 4.5143275723e-02 4.9033138818e+00 2.8913101628e+01
52 5.9901100742e-01 4.5716801058e-02 4.8264500726e+00 2.7986971179e+01
53 5.9884304265e-01 4.5082757245e-02 4.8873347030e+00 2.8815665484e+01
54 5.9887329924e-01 4.5081191331e-02 4.8858184411e+00 2.8806523485e+01
55 5.9919291459e-01 4.6632868549e-02 4.9163298605e+00 2.9326709738e+01
56 5.9921603321e-01 4.6643893951e-02 4.9118776401e+00 2.9289346898e+01
57 5.9927120881e-01 4.6665699132e-02 4.9012835851e+00 2.9211739397e+01
58 5.9927694043e-01 4.6683557581e-02 4.8949785822e+00 2.9164911629e+01
59 5.9971751254e-01 4.7928836583e-02 4.7436525320e+00 2.7317641886e+01
60 5.9963099131e-01 4.7972996465e-02 4.7341832820e+00 2.7253211626e+01
61 5.9959392952e-01 4.8050703802e-02 4.7093090181e+00 2.7098669867e+01
62 5.9947451346e-01 4.8092973627e-02 4.7025768235e+00 2.7051979772e+01
63 5.9950129047e-01 4.8184629760e-02 4.6989876453e+00 2.6996026963e+01
64 5.9949924090e-01 4.8224165143e-02 4.6861689273e+00 2.6910250481e+01
65 5.9946321044e-01 4.8290913055e-02 4.6804900866e+00 2.6855650444e+01
66 5.9971188934e-01 4.8822357963e-02 4.6136125717e+00 2.6072436651e+01
67 6.0010409526e-01 4.9950176002e-02 4.4805603019e+00 2.4565292334e+01
68 6.0054136308e-01 5.0978963389e-02 4.3540896106e+00 2.3233081454e+01
69 6.0076907465e-01 5.1349163677e-02 4.3016462671e+00 2.2698308870e+01
70 6.0093109619e-01 5.2238122539e-02 4.3691434185e+00 2.3498468310e+01
71 6.0049583794e-01 5.0883201738e-02 4.3436695143e+00 2.3216743237e+01
72 6.0090324263e-01 5.2045777021e-02 4.2305401539e+00 2.2093540998e+01
73 6.0129840715e-01 5.2997498635e-02 4.1233653929e+00 2.1007707257e+01
74 6.0126048927e-01 5.3074823717e-02 4.1199624643e+00 2.0972967888e+01
75 6.0156886903e-01 5.4503995869e-02 4.1297762129e+00 2.1133116642e+01
76 6.0150435171e-01 5.4411691175e-02 4.1302393763e+00 2.1164997015e+01
77 6.0139811841e-01 5.4519421462e-02 4.1063083257e+00 2.1038019898e+01
78 6.0196526846e-01 5.6285309628e-02 4.0648702044e+00 2.0625344577e+01
79 6.0236480755e-01 5.7522164333e-02 4.0623046629e+00 2.0607309556e+01
80 6.0214361268e-01 5.6975366412e-02 4.1073193352e+00 2.1109792717e+01
81 6.0140207992e-01 5.4478653493e-02 4.1083787174e+00 2.1216991151e+01
82 6.0130903397e-01 5.4611331101e-02 4.0938239234e+00 2.1129578603e+01
83 6.0144239198e-01 5.5106323886e-02 4.0318198486e+00 2.0562301773e+01
84 6.0110326317e-01 5.4696301363e-02 4.0710196124e+00 2.1001119162e+01
85 6.0114706270e-01 5.4688408381e-02 4.0705898958e+00 2.1000111150e+01
86 6.0093731857e-01 5.3858262951e-02 3.9819180245e+00 2.0079093921e+01
87 6.0067860407e-01 5.3405240209e-02 4.0237463540e+00 2.0533238101e+01
88 6.0080428605e-01 5.3954468892e-02 3.9703584494e+00 2.0001843907e+01
89 6.0100471284e-01 5.4510974951e-02 3.9213464093e+00 1.9508712736e+01
90 6.0114086189e-01 5.5207152465e-02 3.9811713521e+00 2.0137632219e+01
91 6.0159049181e-01 5.6075202889e-02 3.8887221693e+00 1.9239237414e+01
92 6.0159171574e-01 5.6193213518e-02 3.9043564938e+00 1.9446654398e+01
93 6.0157954616e-01 5.6194953626e-02 3.9046518593e+00 1.9447663283e+01
94 6.0165875886e-01 5.5939680299e-02 3.8046316342e+00 1.8391430508e+01
95 6.0161739694e-01 5.5968447419e-02 3.8006985832e+00 1.8365227316e+01
96 6.0171290578e-01 5.5950887618e-02 3.8004834715e+00 1.8361036934e+01
97 6.0204206940e-01 5.7368545327e-02 3.8875815763e+00 1.9197233461e+01
98 6.0199827356e-01 5.7396987687e-02 3.8835034935e+00 1.9171498163e+01
99 6.0222302927e-01 5.7825555114e-02 3.8443207045e+00 1.8773280397e+01
100 6.0193876289e-01 5.7418017144e-02 3.8819068111e+00 1.9159676694e+01
101 6.0179595229e-01 5.6556961897e-02 3.8079106438e+00 1.8372440117e+01
102 6.0189291855e-01 5.7274599773e-02 3.8386090642e+00 1.8620299373e+01
103 6.0181790817e-01 5.7317669379e-02 3.8324516078e+00 1.8585879323e+01
104 6.0177631688e-01 5.7328853157e-02 3.8321726258e+00 1.8582607591e+01
105 6.0178779085e-01 5.7310864067e-02 3.8360523359e+00 1.8601853513e+01
106 6.0177770171e-01 5.7322863636e-02 3.8338599543e+00 1.8589186611e+01
107 6.0129923029e-01 5.6001208208e-02 3.7906310104e+00 1.8114280862e+01
108 6.0146002137e-01 5.6350234168e-02 3.7399501369e+00 1.7724389809e+01
109 6.0174215980e-01 5.6897707952e-02 3.7009757610e+00 1.7339891448e+01
110 6.0193427030e-01 5.7292939936e-02 3.6651578701e+00 1.7003317382e+01
111 6.0163084876e-01 5.7156276883e-02 3.7275925707e+00 1.7723111846e+01
112 6.0165555643e-01 5.7047524562e-02 3.7237594443e+00 1.7732748189e+01
113 6.0183068785e-01 5.7552992133e-02 3.6739359727e+00 1.7305931503e+01
114 6.0185313641e-01 5.7550115135e-02 3.6733457237e+00 1.7303651990e+01
115 6.0226341369e-01 5.8246374039e-02 3.5946168420e+00 1.6619116808e+01
116 6.0223033379e-01 5.8280691558e-02 3.5903044096e+00 1.6589009486e+01
117 6.0251877480e-01 5.8669306030e-02 3.5612114892e+00 1.6293097949e+01
118 6.0233622504e-01 5.7993608463e-02 3.5013556240e+00 1.5800321876e+01
119 6.0258385294e-01 5.8384720759e-02 3.4657635808e+00 1.5493100622e+01
120 6.0247584984e-01 5.8380183636e-02 3.4404991812e+00 1.5282393865e+01
121 6.0227882969e-01 5.7933528289e-02 3.4702667910e+00 1.5567527756e+01
122 6.0252574291e-01 5.8441321428e-02 3.4335397422e+00 1.5242014497e+01
123 6.0255852895e-01 5.8555129811e-02 3.4300002008e+00 1.5210762568e+01
124 6.0253129865e-01 5.8553815637e-02 3.4319892907e+00 1.5217964877e+01
125 6.0246588552e-01 5.8631408059e-02 3.4182270058e+00 1.5157722537e+01
126 6.0267984175e-01 5.9111681078e-02 3.3883117394e+00 1.4876363175e+01
127 6.0263386693e-01 5.9120876621e-02 3.3890009875e+00 1.4877494331e+01
128 6.0265148525e-01 5.9154058466e-02 3.3809345812e+00 1.4842744545e+01
129 6.0263458866e-01 5.9140810089e-02 3.3750952454e+00 1.4820026901e+01
130 6.0278886252e-01 5.9452660167e-02 3.3378167359e+00 1.4473278541e+01
131 6.0278281508e-01 5.9363284357e-02 3.3380525239e+00 1.4494620582e+01
132 6.0299541409e-01 5.9785212390e-02 3.3088557169e+00 1.4236077957e+01
133 6.0302409932e-01 5.9849377397e-02 3.3037227993e+00 1.4208059982e+01
134 6.0302577937e-01 5.9843723787e-02 3.3048384103e+00 1.4212799924e+01
135 6.0288614040e-01 5.9441114670e-02 3.2779969531e+00 1.3961817799e+01
136 6.0307733382e-01 5.9889206849e-02 3.2457071652e+00 1.3699854106e+01
137 6.0382994174e-01 6.1193017568e-02 3.1653373470e+00 1.3013687200e+01
138 6.0338119065e-01 6.0512868480e-02 3.2184027775e+00 1.3444213404e+01
139 6.0336316286e-01 6.0522476990e-02 3.2174907991e+00 1.3439831663e+01
140 6.0365842561e-01 6.1184618989e-02 3.1568983338e+00 1.2991182459e+01
141 6.0359577803e-01 6.1214574961e-02 3.1530141015e+00 1.2972073458e+01
142 6.0365824318e-01 6.1253173278e-02 3.1437631817e+00 1.2927721452e+01
143 6.0370876954e-01 6.2049891368e-02 3.1945170614e+00 1.3437401964e+01
144 6.0387038653e-01 6.2620317159e-02 3.1573829451e+00 1.3162767368e+01
145 6.0391259976e-01 6.2618984517e-02 3.1554132274e+00 1.3155585111e+01
146 6.0389686355e-01 6.2630656187e-02 3.1576993994e+00 1.3174159991e+01
147 6.0377804971e-01 6.1837326673e-02 3.1062979532e+00 1.2711690026e+01
148 6.0375267170e-01 6.1837089871e-02 3.1075684086e+00 1.2716968375e+01
149 6.0395712970e-01 6.2268961199e-02 3.0829665988e+00 1.2525792549e+01
150 6.0425594900e-01 6.3417041790e-02 3.1086434533e+00 1.2894601050e+01
151 6.0448690054e-01 6.3659302202e-02 3.0822144231e+00 1.2710563818e+01
152 6.0442333740e-01 6.3614199619e-02 3.0839072035e+00 1.2722048797e+01
153 6.0445403565e-01 6.3612944690e-02 3.0825129743e+00 1.2717318685e+01
154 6.0435224369e-01 6.3775826489e-02 3.0659793487e+00 1.2645685350e+01
155 6.0447729004e-01 6.4448267688e-02 3.0517010502e+00 1.2508599731e+01
156 6.0460838269e-01 6.4828132924e-02 3.0244298924e+00 1.2301635184e+01
157 6.0499587691e-01 6.5558914132e-02 2.9772946298e+00 1.1926766392e+01
158 6.0491007309e-01 6.5602271727e-02 2.9713754409e+00 1.1906211797e+01
159 6.0530584123e-01 6.6779237337e-02 3.0113091026e+00 1.2300588840e+01
160 6.0536170455e-01 6.6190644785e-02 2.9235970218e+00 1.1523330547e+01
161 6.0556901017e-01 6.6616254610e-02 2.9025454084e+00 1.1351332605e+01
162 6.0606289097e-01 6.7239991616e-02 2.8577833483e+00 1.1027683864e+01
163 6.0657989039e-01 6.7990069357e-02 2.8166601250e+00 1.0713950210e+01
164 6.0679501633e-01 6.8754671675e-02 2.8562013281e+00 1.1039762574e+01
165 6.0727545132e-01 6.9439491907e-02 2.8139491628e+00 1.0728424222e+01
166 6.0735559038e-01 6.9849285379e-02 2.7895347338e+00 1.0571437152e+01
167 6.0750519247e-01 7.0459552622e-02 2.8228095396e+00 1.0844755821e+01
168 6.0763707721e-01 7.1086603015e-02 2.8510659062e+00 1.1082153440e+01
169 6.0772001506e-01 7.0882321989e-02 2.7984482316e+00 1.0677039834e+01
170 6.0812719589e-01 7.1690923253e-02 2.7574986039e+00 1.0379802567e+01
171 6.0813435139e-01 7.1688523865e-02 2.7553806246e+00 1.0373376131e+01
172 6.0812820858e-01 7.1704534252e-02 2.7533103948e+00 1.0365850318e+01
173 6.0779236721e-01 7.1532238394e-02 2.7628033931e+00 1.0462458976e+01
174 6.0788796979e-01 7.1916108272e-02 2.7429588097e+00 1.0324472732e+01
175 6.0790105509e-01 7.1915930785e-02 2.7424230756e+00 1.0322585021e+01
176 6.0745817666e-01 7.1055732713e-02 2.7232094914e+00 1.0182312790e+01
177 6.0725391582e-01 7.0442286078e-02 2.6770146237e+00 9.8113468417e+00
178 6.0717301330e-01 7.0383154403e-02 2.6686569305e+00 9.7325139922e+00
179 6.0764588546e-01 7.1105751302e-02 2.6313519411e+00 9.4742611660e+00
180 6.0802563534e-01 7.2072820778e-02 2.6399431929e+00 9.5485261624e+00
181 6.0827240754e-01 7.2327407817e-02 2.6209556945e+00 9.4267980377e+00
182 6.0830729591e-01 7.2307315625e-02 2.6175921125e+00 9.4182361810e+00
183 6.0853333763e-01 7.2594374750e-02 2.5977750763e+00 9.2867084974e+00
184 6.0899999342e-01 7.3237322368e-02 2.5637214295e+00 9.0571365006e+00
185 6.0893378366e-01 7.3240411249e-02 2.5611404247e+00 9.0526503774e+00
186 6.0895412913e-01 7.3945227285e-02 2.5960190388e+00 9.3535471764e+00
187 6.0916228386e-01 7.4271418412e-02 2.5747393195e+00 9.2248276601e+00
188 6.0911041147e-01 7.4300594340e-02 2.5710690135e+00 9.2134900092e+00
189 6.0898109754e-01 7.4358908163e-02 2.5689920152e+00 9.2034278099e+00
190 6.0886059678e-01 7.4583526592e-02 2.6264294195e+00 9.6671039147e+00
191 6.0912406031e-01 7.4769663432e-02 2.6101585875e+00 9.5650047782e+00
192 6.0885798592e-01 7.4686741189e-02 2.6384986457e+00 9.7654843546e+00
193 6.0883767652e-01 7.4697956834e-02 2.6378284007e+00 9.7627461446e+00
194 6.0877977902e-01 7.4730147149e-02 2.6308671750e+00 9.7464326880e+00
195 6.0871172387e-01 7.4713510109e-02 2.6302909660e+00 9.7494619300e+00
196 6.0850998943e-01 7.4444514968e-02 2.6471444633e+00 9.8659266886e+00
197 6.0855375552e-01 7.4422089017e-02 2.6482546477e+00 9.8712391930e+00
198 6.0853413894e-01 7.4392298492e-02 2.6467038389e+00 9.8680721902e+00
199 6.0849266078e-01 7.4406291694e-02 2.6463304557e+00 9.8671284206e+00
200 6.0917419028e-01 7.5231438185e-02 2.5873786053e+00 9.4566151572e+00
201 6.0936694984e-01 7.5512384186e-02 2.5655664132e+00 9.2992643152e+00
202 6.0908194294e-01 7.5250217505e-02 2.5793357261e+00 9.4059109242e+00
203 6.0903202022e-01 7.5615430652e-02 2.6341647411e+00 9.8373890277e+00
204 6.0922013797e-01 7.5815089347e-02 2.6218160080e+00 9.7523871045e+00
205 6.0948773057e-01 7.6117723660e-02 2.6027868127e+00 9.6255007358e+00
206 6.0951727724e-01 7.6125231395e-02 2.6018305165e+00 9.6228750538e+00
207 6.0980695418e-01 7.6881434931e-02 2.6023454547e+00 9.6380341453e+00
208 6.0969705417e-01 7.6969414838e-02 2.5977721812e+00 9.6187458412e+00
209 6.0935641815e-01 7.6697794070e-02 2.6101233105e+00 9.7251430594e+00
210 6.0923558910e-01 7.6689046071e-02 2.6023827914e+00 9.6785242142e+00
211 6.0917105956e-01 7.6754598062e-02 2.5962059730e+00 9.6565031614e+00
212 6.0992386054e-01 7.8341238306e-02 2.5964130703e+00 9.6402536025e+00
213 6.1004803778e-01 7.8693925434e-02 2.5759641898e+00 9.5110845862e+00
214 6.1001170228e-01 7.8710047758e-02 2.5751880617e+00 9.5087474107e+00
215 6.0992114196e-01 7.8757228865e-02 2.5729168918e+00 9.4988304418e+00
216 6.0988431681e-01 7.8803859783e-02 2.5683996721e+00 9.4827120799e+00
217 6.1028856614e-01 7.9387508021e-02 2.5304645430e+00 9.2532291079e+00
218 6.1045305249e-01 7.9738186103e-02 2.5105486808e+00 9.1304117951e+00
219 6.1020974343e-01 7.9217081188e-02 2.4764464539e+00 8.8747671650e+00
220 6.1013522535e-01 7.9161680418e-02 2.4775309709e+00 8.8859140150e+00
221 6.1019030161e-01 7.9153969173e-02 2.4763395454e+00 8.8825066450e+00
222 6.1031870279e-01 7.9413994947e-02 2.4606644880e+00 8.7868775242e+00
223 6.1073093462e-01 8.0088280943e-02 2.4299249789e+00 8.5791406433e+00
224 6.1069716665e-01 8.0054066526e-02 2.4241958169e+00 8.5344391285e+00
225 6.1104483239e-01 8.1015971852e-02 2.4412161219e+00 8.6581771333e+00
226 6.1107149269e-01 8.0989548524e-02 2.4387949829e+00 8.6572321064e+00
227 6.1095849633e-01 8.0440360197e-02 2.4164181413e+00 8.5047196263e+00
228 6.1088417440e-01 8.0529683298e-02 2.4158689979e+00 8.4956653923e+00
229 6.1081766354e-01 8.0316535982e-02 2.4173039768e+00 8.5212748028e+00
230 6.1092127581e-01 8.0862774079e-02 2.4363230529e+00 8.6322675551e+00
231 6.1104363373e-01 8.1279668992e-02 2.4534279378e+00 8.7362922863e+00
232 6.1083749576e-01 8.0755017911e-02 2.4354985354e+00 8.6329893943e+00
233 6.1023890098e-01 7.9525014766e-02 2.4198247564e+00 8.5657734970e+00
234 6.0955102455e-01 7.8295211178e-02 2.4149697701e+00 8.5043281052e+00
235 6.0959621744e-01 7.8357504889e-02 2.4156812616e+00 8.5272123476e+00
236 6.0954746791e-01 7.8392128625e-02 2.4136262235e+00 8.5187334277e+00
237 6.0980765152e-01 7.9486822869e-02 2.4584817574e+00 8.8204872033e+00
238 6.0937251591e-01 7.8754936834e-02 2.4544955594e+00 8.8038309255e+00
239 6.0948297773e-01 7.8605967276e-02 2.4208011458e+00 8.5871363841e+00
240 6.0888362445e-01 7.7707854304e-02 2.4371587269e+00 8.7084581934e+00
241 6.0881198924e-01 7.7693610742e-02 2.4365042066e+00 8.7078909380e+00
242 6.0905421801e-01 7.7990197473e-02 2.4211082802e+00 8.6058355982e+00
243 6.0898819438e-01 7.8026728129e-02 2.4192695147e+00 8.5988888396e+00
244 6.0913253832e-01 7.8298378946e-02 2.4062531913e+00 8.5085670431e+00
245 6.0927733118e-01 7.8882695348e-02 2.4292145953e+00 8.6663570354e+00
246 6.0948128238e-01 7.9188223869e-02 2.4137315883e+00 8.5661790236e+00
247 6.0943930113e-01 7.9255971606e-02 2.4105861755e+00 8.5534388625e+00
248 6.0953729071e-01 7.9759570369e-02 2.4120141115e+00 8.5551989599e+00
249 6.0948370815e-01 7.9782699452e-02 2.4115988323e+00 8.5519034947e+00
250 6.0944663101e-01 7.9747909371e-02 2.3982544674e+00 8.4426464019e+00
251 6.1014069833e-01 8.0669496151e-02 2.3530106288e+00 8.1597162065e+00
252 6.1011021891e-01 8.0681839300e-02 2.3529574175e+00 8.1582898888e+00
253 6.1074589418e-01 8.1653960555e-02 2.3386589163e+00 8.0610630970e+00
254 6.1095418425e-01 8.1898886784e-02 2.3244622503e+00 7.9769456853e+00
255 6.1116309646e-01 8.2217162695e-02 2.3107033703e+00 7.8894230028e+00
256 6.1133713388e-01 8.2563084034e-02 2.2964658076e+00 7.7989797320e+00
257 6.1132707488e-01 8.2662543157e-02 2.3033453248e+00 7.8335457007e+00
258 6.1117521652e-01 8.3015581611e-02 2.3377028136e+00 8.0326449000e+00
259 6.1114992946e-01 8.2880806447e-02 2.3272476841e+00 7.9479996547e+00
260 6.1139174698e-01 8.3064680033e-02 2.3124378339e+00 7.8611245570e+00
261 6.1135202610e-01 8.3115518036e-02 2.3119753872e+00 7.8557029433e+00
262 6.1095319141e-01 8.2700252273e-02 2.3199882157e+00 7.8993386113e+00
263 6.1108431059e-01 8.3348196242e-02 2.3525722559e+00 8.1469953787e+00
264 6.1132786918e-01 8.3616209296e-02 2.3373860760e+00 8.0564747367e+00
265 6.1218376592e-01 8.4977811536e-02 2.2830139606e+00 7.7208696114e+00
266 6.1206901358e-01 8.5084424392e-02 2.2816831318e+00 7.7139233045e+00
267 6.1166917351e-01 8.4279422853e-02 2.2759330401e+00 7.6833720614e+00
268 6.1200689377e-01 8.5047965678e-02 2.2790875551e+00 7.7119739534e+00
269 6.1195777513e-01 8.5053644646e-02 2.2801916746e+00 7.7166257816e+00
270 6.1184603564e-01 8.5262362033e-02 2.3087472974e+00 7.8845598137e+00
271 6.1192113792e-01 8.5753821513e-02 2.3257042091e+00 7.9783171120e+00
272 6.1187303177e-01 8.5842077179e-02 2.3283516797e+00 8.0079671105e+00
273 6.1173878155e-01 8.5806463911e-02 2.3301699121e+00 8.0198367993e+00
274 6.1184309193e-01 8.5410924621e-02 2.2852903536e+00 7.7273623765e+00
275 6.1213588472e-01 8.6155915336e-02 2.2767935422e+00 7.6622112168e+00
276 6.1213097275e-01 8.6190299412e-02 2.2762011686e+00 7.6569153190e+00
277 6.1159970147e-01 8.5073936254e-02 2.2577933113e+00 7.5424844220e+00
278 6.1139792369e-01 8.4891453514e-02 2.2709572591e+00 7.6164981453e+00
279 6.1138666058e-01 8.4905724257e-02 2.2703922752e+00 7.6101978271e+00
280 6.1120250208e-01 8.5133740252e-02 2.2941568923e+00 7.7345292521e+00
281 6.1106925938e-01 8.5244221410e-02 2.2862504210e+00 7.7144627098e+00
282 6.1142731699e-01 8.5935410213e-02 2.2835276974e+00 7.7024189502e+00
283 6.1194768200e-01 8.6760868596e-02 2.2603688417e+00 7.5498701197e+00
284 6.1238955867e-01 8.7248557228e-02 2.2344042073e+00 7.4014108979e+00
285 6.1309962064e-01 8.7950423132e-02 2.1956637938e+00 7.1870480642e+00
286 6.1244120148e-01 8.6910711910e-02 2.2046179377e+00 7.2438645144e+00
287 6.1227641465e-01 8.6523003054e-02 2.1956305480e+00 7.2069624592e+00
288 6.1252518017e-01 8.6979510484e-02 2.1901113851e+00 7.2070812058e+00
289 6.1216950052e-01 8.6878414389e-02 2.1989519299e+00 7.2581724659e+00
290 6.1262762243e-01 8.7337470485e-02 2.1732565992e+00 7.1183568347e+00
291 6.1190778353e-01 8.5628053958e-02 2.1495519907e+00 6.9509723505e+00
292 6.1191568618e-01 8.5627393480e-02 2.1497714259e+00 6.9495758945e+00
293 6.1201881863e-01 8.6128765456e-02 2.1683452645e+00 7.0614037352e+00
294 6.1189538008e-01 8.6585058803e-02 2.2038264505e+00 7.2952121978e+00
295 6.1184778207e-01 8.6503133074e-02 2.2060313196e+00 7.3126838336e+00
296 6.1210135827e-01 8.6688891669e-02 2.1917263218e+00 7.2424869492e+00
297 6.1195766666e-01 8.6735333327e-02 2.1900658557e+00 7.2374574786e+00
298 6.1143804126e-01 8.6060331347e-02 2.1858448092e+00 7.2522389792e+00
299 6.1143434076e-01 8.6170359887e-02 2.1823071369e+00 7.2387270541e+00
300 6.1138615651e-01 8.6188893733e-02 2.1821150527e+00 7.2379099014e+00
301 6.1118645430e-01 8.5662260034e-02 2.1652537237e+00 7.1486553851e+00
302 6.1140602068e-01 8.6109162796e-02 2.1795096766e+00 7.2308575343e+00
303 6.1139390503e-01 8.6059874139e-02 2.1806601818e+00 7.2375091820e+00
304 6.1142141457e-01 8.6088739591e-02 2.1785323704e+00 7.2318067055e+00
305 6.1135539529e-01 8.6106420847e-02 2.1792800472e+00 7.2326496563e+00
306 6.1107628901e-01 8.6468760121e-02 2.2140328546e+00 7.4494693089e+00
307 6.1112076259e-01 8.6466488414e-02 2.2128008696e+00 7.4456379130e+00
308 6.1109211545e-01 8.6319599243e-02 2.2173522170e+00 7.4765167717e+00
309 6.1101962700e-01 8.6790407194e-02 2.2494242583e+00 7.6524574408e+00
310 6.1071787274e-01 8.6607694657e-02 2.2639371310e+00 7.7268311659e+00
311 6.1089878662e-01 8.6853998115e-02 2.2508919213e+00 7.6505523073e+00
312 6.1127745311e-01 8.7708399565e-02 2.2568563941e+00 7.7139631058e+00
313 6.1070609955e-01 8.6350837390e-02 2.2352393634e+00 7.6064911933e+00
314 6.1082731006e-01 8.6849252852e-02 2.2463294089e+00 7.6617232105e+00
315 6.1050988838e-01 8.6346855579e-02 2.2321407037e+00 7.6310728310e+00
316 6.1001832714e-01 8.5492677987e-02 2.2217857900e+00 7.5660788578e+00
317 6.1016172320e-01 8.5462051438e-02 2.1945347853e+00 7.4036614976e+00
318 6.0977360575e-01 8.4596859583e-02 2.1848961865e+00 7.3367069750e+00
319 6.0964263658e-01 8.4176597019e-02 2.1695186234e+00 7.2473552959e+00
320 6.0988869828e-01 8.4527535670e-02 2.1576174538e+00 7.1700469110e+00
321 6.1088182524e-01 8.6467923223e-02 2.1470908375e+00 7.0670843529e+00
322 6.1102112853e-01 8.6961254632e-02 2.1635533120e+00 7.1539352214e+00
323 6.1118930539e-01 8.8076221923e-02 2.1953730534e+00 7.3692196797e+00
324 6.1123468541e-01 8.8168397228e-02 2.1946236878e+00 7.3657990048e+00
325 6.1117242247e-01 8.7762894817e-02 2.1870723687e+00 7.3371062827e+00
326 6.1139338123e-01 8.8218976866e-02 2.1972954025e+00 7.3892981269e+00
327 6.1118560877e-01 8.7747485347e-02 2.1837586359e+00 7.3341137107e+00
328 6.1177884432e-01 8.8444897914e-02 2.1646317256e+00 7.2069424933e+00
329 6.1208798931e-01 8.9589634295e-02 2.2099122400e+00 7.5105765687e+00
330 6.1208366272e-01 8.9565454524e-02 2.2096185658e+00 7.5129061919e+00
331 6.1213989620e-01 9.0027696602e-02 2.2232304639e+00 7.5849845692e+00
332 6.1205482158e-01 9.0068110856e-02 2.2224783160e+00 7.5800830844e+00
333 6.1242277779e-01 9.0739965835e-02 2.2111929635e+00 7.4844020811e+00
334 6.1243431018e-01 9.0735581096e-02 2.2111726949e+00 7.4847179763e+00
335 6.1236825856e-01 9.0629856730e-02 2.2034188415e+00 7.4371519665e+00
336 6.1235828030e-01 9.0750513445e-02 2.2016858436e+00 7.4224913203e+00
337 6.1283643282e-01 9.1387702506e-02 2.1828100630e+00 7.3291018661e+00
338 6.1279618289e-01 9.1359136811e-02 2.1828944041e+00 7.3353570404e+00
339 6.1266414149e-01 9.1750435369e-02 2.2330710316e+00 7.7044738049e+00
340 6.1292885344e-01 9.1875672351e-02 2.2249150776e+00 7.6531461647e+00
341 6.1306421052e-01 9.2331826410e-02 2.2381733575e+00 7.7268468155e+00
342 6.1302259543e-01 9.2456283464e-02 2.2358061816e+00 7.7288103268e+00
343 6.1339342767e-01 9.3170894390e-02 2.2266986559e+00 7.6643081785e+00
344 6.1333268056e-01 9.3213452439e-02 2.2245243381e+00 7.6573009465e+00
345 6.1361625113e-01 9.4076729553e-02 2.2296565985e+00 7.6487068730e+00
346 6.1345427491e-01 9.4158157192e-02 2.2270220376e+00 7.6439046607e+00
347 6.1296478159e-01 9.3475287992e-02 2.2354828965e+00 7.7100516272e+00
348 6.1273445630e-01 9.2633955305e-02 2.2184922007e+00 7.6505381270e+00
349 6.1247627650e-01 9.2431589514e-02 2.2295079213e+00 7.7172264577e+00
350 6.1227361433e-01 9.2025099637e-02 2.2289393678e+00 7.7346024712e+00
351 6.1223453263e-01 9.1979954880e-02 2.2302230034e+00 7.7425125562e+00
352 6.1218720410e-01 9.2009735649e-02 2.2287988658e+00 7.7380734416e+00
353 6.1200862176e-01 9.2085454152e-02 2.2258002777e+00 7.7349884918e+00
354 6.1225467802e-01 9.2177961544e-02 2.2044459735e+00 7.6016077227e+00
355 6.1230633243e-01 9.2113046663e-02 2.1975122451e+00 7.5570014640e+00
356 6.1221096840e-01 9.2073427596e-02 2.1978519020e+00 7.5640494193e+00
357 6.1186848065e-01 9.1424187794e-02 2.2040931255e+00 7.6177163108e+00
358 6.1189825660e-01 9.1440013991e-02 2.2059663773e+00 7.6332920136e+00
359 6.1158617406e-01 9.0358700739e-02 2.1668648573e+00 7.4463517801e+00
360 6.1173834712e-01 9.0627333184e-02 2.1521628607e+00 7.3681016370e+00
361 6.1172613057e-01 9.0627184865e-02 2.1525522316e+00 7.3692998275e+00
362 6.1171748983e-01 9.0695837150e-02 2.1491888772e+00 7.3578087513e+00
363 6.1181587369e-01 9.0933514384e-02 2.1369165198e+00 7.2932517189e+00
364 6.1212118540e-01 9.1715195447e-02 2.1342791887e+00 7.2739750083e+00
365 6.1172358796e-01 9.0957829560e-02 2.1327706671e+00 7.2824918614e+00
