1 5.9282947138e-01 1.1102230246e-16 1.0000000000e+00 1.0000000000e+00
2 5.9302568198e-01 7.4614867216e-03 3.0271521880e+01 9.4630427477e+02
3 5.9297033692e-01 7.5755612227e-03 2.8878570781e+01 8.9164363421e+02
4 5.9296631121e-01 7.6478822088e-03 2.8043604191e+01 8.5856000576e+02
5 5.9310964380e-01 1.0923869437e-02 1.9093748887e+01 4.1225337707e+02
6 5.9313759724e-01 1.0941100800e-02 1.8998213019e+01 4.0947072620e+02
7 5.9362838853e-01 1.5137248871e-02 1.4345769274e+01 2.2141388590e+02
8 5.9363686837e-01 1.5279648254e-02 1.3914333317e+01 2.1336451804e+02
9 5.9357598818e-01 1.5356030834e-02 1.3707293300e+01 2.0938902301e+02
10 5.9343648142e-01 1.5552264032e-02 1.3151211433e+01 1.9970114551e+02
11 5.9334999477e-01 1.5660925741e-02 1.2861439273e+01 1.9460342703e+02
12 5.9326889858e-01 1.5819270887e-02 1.2436108592e+01 1.8736466083e+02
13 5.9329728663e-01 1.5844871569e-02 1.2373944985e+01 1.8607333777e+02
14 5.9335494551e-01 1.5758643492e-02 1.2093605859e+01 1.8053715653e+02
15 5.9421221718e-01 2.1612800728e-02 9.5273775606e+00 1.0298837071e+02
16 5.9447684461e-01 2.2725569445e-02 9.0540456511e+00 9.2428922785e+01
17 5.9469088867e-01 2.4061561365e-02 8.6362601403e+00 8.3784229881e+01
18 5.9490566946e-01 2.5195515934e-02 8.2646709108e+00 7.6484293392e+01
19 5.9514503229e-01 2.6318432283e-02 7.8918870790e+00 6.9887779603e+01
20 5.9513956923e-01 2.6382062046e-02 7.8290179518e+00 6.9236554022e+01
21 5.9514352606e-01 2.6722590385e-02 7.7929990076e+00 6.9039165138e+01
22 5.9548215559e-01 2.8811293517e-02 7.2813767743e+00 5.9796620525e+01
23 5.9539914762e-01 2.8892939918e-02 7.2210085586e+00 5.9218139992e+01
24 5.9534142635e-01 2.8971908205e-02 7.1615296284e+00 5.8643350975e+01
25 5.9529445570e-01 2.8999904783e-02 7.1446301149e+00 5.8463728473e+01
26 5.9550538023e-01 3.0058003049e-02 6.9178719466e+00 5.4737072017e+01
27 5.9550393579e-01 3.0090023170e-02 6.8949952213e+00 5.4507259505e+01
28 5.9537021486e-01 3.0094390951e-02 6.8244493261e+00 5.3920173209e+01
29 5.9534919097e-01 3.0169648582e-02 6.7708033169e+00 5.3412386225e+01
30 5.9508822350e-01 2.9371466737e-02 6.9554943750e+00 5.6687276525e+01
31 5.9512824235e-01 2.9391383877e-02 6.9373575246e+00 5.6496603603e+01
32 5.9537980010e-01 3.0307529130e-02 6.7390812632e+00 5.3105764535e+01
33 5.9556466179e-01 3.1232924696e-02 6.5334143200e+00 4.9904682162e+01
34 5.9605203474e-01 3.2573765989e-02 6.2437806365e+00 4.5201174518e+01
35 5.9630033258e-01 3.3375351378e-02 6.1084636558e+00 4.3073582967e+01
36 5.9647564004e-01 3.4263974544e-02 5.9302383368e+00 4.0679068556e+01
37 5.9665344746e-01 3.5236911186e-02 5.8137945703e+00 3.8984980104e+01
38 5.9682630906e-01 3.6006863211e-02 5.6898185282e+00 3.7286471422e+01
39 5.9682031637e-01 3.6017340359e-02 5.6849218387e+00 3.7247284404e+01
40 5.9679071390e-01 3.6039409561e-02 5.6759606458e+00 3.7175620350e+01
41 5.9674446315e-01 3.6103940752e-02 5.6908411960e+00 3.7327492956e+01
42 5.9724936378e-01 3.7570646319e-02 5.4625781547e+00 3.4302411030e+01
43 5.9750198960e-01 3.8285344011e-02 5.3532663187e+00 3.2942596419e+01
44 5.9745891111e-01 3.8303853695e-02 5.3481276447e+00 3.2903597794e+01
45 5.9745412479e-01 3.8319066049e-02 5.3419945042e+00 3.2854262588e+01
46 5.9766720002e-01 3.9012360622e-02 5.2457123898e+00 3.1638170276e+01
47 5.9761077585e-01 3.9018076000e-02 5.2488444135e+00 3.1646775493e+01
48 5.9757517839e-01 3.9035995809e-02 5.2434996264e+00 3.1608372415e+01
49 5.9803938697e-01 4.0191526597e-02 5.0459733043e+00 2.9343735790e+01
50 5.9799546452e-01 4.0289954794e-02 5.0437366080e+00 2.9330131277e+01
51 5.9800111066e-01 4.0317334683e-02 5.0316426378e+00 2.9249388578e+01
52 5.9801419346e-01 4.0306573719e-02 5.0234972994e+00 2.9192672983e+01
53 5.9798406100e-01 4.0372983361e-02 4.9991078052e+00 2.9020144752e+01
54 5.9799612059e-01 4.0393301204e-02 4.9908760030e+00 2.8956370625e+01
55 5.9820950539e-01 4.1039507904e-02 4.9137552944e+00 2.8021339266e+01
56 5.9864907993e-01 4.2364548822e-02 4.7719242611e+00 2.6340798483e+01
57 5.9921677796e-01 4.4569446876e-02 4.7580721328e+00 2.6526495138e+01
58 5.9910392022e-01 4.4635229981e-02 4.7417053352e+00 2.6421591677e+01
59 5.9918913048e-01 4.5162017626e-02 4.6568870178e+00 2.5578701033e+01
60 5.9964012724e-01 4.6441810295e-02 4.5281413092e+00 2.4127599451e+01
61 5.9966699771e-01 4.6490655592e-02 4.5256517147e+00 2.4108772112e+01
62 5.9994227324e-01 4.7049945219e-02 4.4596350381e+00 2.3411405604e+01
63 6.0022019101e-01 4.7639613335e-02 4.3822979250e+00 2.2679250615e+01
64 6.0005143109e-01 4.7252430105e-02 4.4280197038e+00 2.3187200545e+01
65 6.0023890107e-01 4.7878195718e-02 4.3700738029e+00 2.2654290333e+01
66 6.0015715525e-01 4.7944905291e-02 4.3531026458e+00 2.2563930130e+01
67 5.9976880997e-01 4.7474362565e-02 4.3921241399e+00 2.3081430255e+01
68 5.9976714017e-01 4.7486532430e-02 4.3889966480e+00 2.3058409031e+01
69 5.9989144009e-01 4.8530778122e-02 4.4963625570e+00 2.4450108488e+01
70 5.9974231231e-01 4.8621297280e-02 4.4747550145e+00 2.4331599113e+01
71 5.9968940667e-01 4.8666407494e-02 4.4638778967e+00 2.4262766939e+01
72 5.9983379375e-01 4.9085280283e-02 4.4073201995e+00 2.3660610569e+01
73 5.9982066334e-01 4.9095118999e-02 4.4052142968e+00 2.3646522428e+01
74 6.0003502154e-01 4.9644587892e-02 4.3402007859e+00 2.2972481633e+01
75 6.0002791390e-01 4.9664516140e-02 4.3349473853e+00 2.2938618054e+01
76 5.9999377473e-01 4.9735861681e-02 4.3366112911e+00 2.2944236225e+01
77 6.0037597965e-01 5.0841464930e-02 4.2202317973e+00 2.1729915678e+01
78 6.0028785470e-01 5.0895224579e-02 4.2100834528e+00 2.1669770513e+01
79 5.9982636414e-01 4.9605926790e-02 4.1836054532e+00 2.1316497905e+01
80 5.9996572891e-01 5.0539626874e-02 4.2793328001e+00 2.2492964302e+01
81 5.9995884450e-01 5.0548872507e-02 4.2771618796e+00 2.2478985259e+01
82 5.9990258728e-01 5.0462846712e-02 4.2437946897e+00 2.2124279999e+01
83 5.9946578363e-01 4.9165504547e-02 4.2125006532e+00 2.1736670029e+01
84 5.9992317235e-01 5.0105957052e-02 4.1187449706e+00 2.0728642898e+01
85 6.0012590843e-01 5.1973929707e-02 4.2857970291e+00 2.2764736038e+01
86 6.0006872484e-01 5.1662418228e-02 4.1359675558e+00 2.1190281354e+01
87 6.0000061514e-01 5.1650589743e-02 4.1420465191e+00 2.1231135873e+01
88 5.9993595509e-01 5.1739200620e-02 4.1403668592e+00 2.1213443784e+01
89 5.9995970740e-01 5.1814629829e-02 4.1369870597e+00 2.1189815178e+01
90 6.0000788065e-01 5.2776934135e-02 4.1992194216e+00 2.1990608851e+01
91 6.0028259356e-01 5.4244793565e-02 4.2028560303e+00 2.2066892457e+01
92 6.0023344245e-01 5.4271738486e-02 4.1983120343e+00 2.2039604115e+01
93 6.0050700192e-01 5.4790133464e-02 4.1473464583e+00 2.1490299286e+01
94 6.0064203638e-01 5.4563185791e-02 4.0238795932e+00 2.0228388628e+01
95 6.0066249262e-01 5.4572698770e-02 4.0149609576e+00 2.0166441947e+01
96 6.0072959711e-01 5.4021065574e-02 3.9035881283e+00 1.9015561541e+01
97 6.0072671052e-01 5.4034757509e-02 3.9006729597e+00 1.8997077828e+01
98 6.0087874112e-01 5.4882550176e-02 3.9719210256e+00 1.9770813840e+01
99 6.0104402610e-01 5.5378660571e-02 3.9227505095e+00 1.9297997785e+01
100 6.0106246866e-01 5.5381594800e-02 3.9211384901e+00 1.9288698824e+01
101 6.0150643537e-01 5.6204491143e-02 3.8361516607e+00 1.8477345917e+01
102 6.0181610550e-01 5.6677663688e-02 3.7825177843e+00 1.8012415327e+01
103 6.0158704516e-01 5.6421269241e-02 3.8500540138e+00 1.8818738494e+01
104 6.0155722099e-01 5.6506757557e-02 3.8438319580e+00 1.8772658468e+01
105 6.0204141326e-01 5.7387975292e-02 3.7633696974e+00 1.7984158308e+01
106 6.0237189582e-01 5.8531252058e-02 3.7467043013e+00 1.7732554173e+01
107 6.0234012292e-01 5.8575388331e-02 3.7381965096e+00 1.7689182848e+01
108 6.0250843595e-01 5.9364418085e-02 3.7878838265e+00 1.8157632366e+01
109 6.0259167383e-01 5.9750670902e-02 3.7408183778e+00 1.7780126636e+01
110 6.0303096996e-01 6.0744319049e-02 3.6843610681e+00 1.7259160728e+01
111 6.0303706339e-01 6.0751783785e-02 3.6825951503e+00 1.7249275545e+01
112 6.0300648800e-01 6.0759130744e-02 3.6823381735e+00 1.7248652903e+01
113 6.0323426627e-01 6.1194745121e-02 3.6441276285e+00 1.6899344026e+01
114 6.0317159909e-01 6.1231084625e-02 3.6399795414e+00 1.6874747534e+01
115 6.0314563087e-01 6.1239560040e-02 3.6396157882e+00 1.6871638768e+01
116 6.0307887155e-01 6.1292345857e-02 3.6278143861e+00 1.6818107600e+01
117 6.0306683394e-01 6.1325751178e-02 3.6251144987e+00 1.6798745722e+01
118 6.0301314124e-01 6.1343179925e-02 3.6243952076e+00 1.6792376302e+01
119 6.0320906251e-01 6.1655266210e-02 3.5834665716e+00 1.6491328486e+01
120 6.0313305098e-01 6.1639589672e-02 3.5768540280e+00 1.6462259163e+01
121 6.0271344974e-01 6.0502798332e-02 3.5638414187e+00 1.6350365951e+01
122 6.0304691054e-01 6.1640403250e-02 3.5742485307e+00 1.6453168394e+01
123 6.0329527128e-01 6.2140555821e-02 3.5403339609e+00 1.6127560239e+01
124 6.0332827693e-01 6.2144903918e-02 3.5382253065e+00 1.6116344004e+01
125 6.0351813129e-01 6.2551809674e-02 3.5055178908e+00 1.5817940320e+01
126 6.0308897351e-01 6.1435805837e-02 3.4929241618e+00 1.5707561817e+01
127 6.0318189074e-01 6.2169798221e-02 3.5249241611e+00 1.5983525077e+01
128 6.0342089371e-01 6.2575437395e-02 3.4901895120e+00 1.5679736376e+01
129 6.0342800081e-01 6.2533634395e-02 3.4896089836e+00 1.5686658714e+01
130 6.0311933197e-01 6.1248534031e-02 3.4250750869e+00 1.5157449954e+01
131 6.0311529275e-01 6.1280422306e-02 3.4252694526e+00 1.5167492154e+01
132 6.0300534881e-01 6.1258389183e-02 3.4066034555e+00 1.5017785817e+01
133 6.0324224778e-01 6.1666958595e-02 3.3747845718e+00 1.4742036765e+01
134 6.0344767684e-01 6.2060052740e-02 3.3441417685e+00 1.4479437399e+01
135 6.0360479382e-01 6.2753696467e-02 3.3848300511e+00 1.4836680727e+01
136 6.0382285898e-01 6.3102882543e-02 3.3550059844e+00 1.4585954372e+01
137 6.0385511632e-01 6.3106425700e-02 3.3525838421e+00 1.4576446590e+01
138 6.0383704930e-01 6.3122957871e-02 3.3505043045e+00 1.4565205611e+01
139 6.0406130620e-01 6.3424896106e-02 3.3235774602e+00 1.4341081983e+01
140 6.0410659696e-01 6.3439384934e-02 3.3197222702e+00 1.4318914614e+01
141 6.0409590488e-01 6.3437479594e-02 3.3209342433e+00 1.4322048680e+01
142 6.0441034168e-01 6.4575869196e-02 3.3272385109e+00 1.4405233670e+01
143 6.0443704971e-01 6.4616269084e-02 3.3246769289e+00 1.4382201958e+01
144 6.0486183541e-01 6.5393507338e-02 3.2646334942e+00 1.3888763507e+01
145 6.0509654691e-01 6.5788153323e-02 3.2328847048e+00 1.3639925997e+01
146 6.0499827009e-01 6.5874967196e-02 3.2217268437e+00 1.3590834438e+01
147 6.0496569844e-01 6.5908512136e-02 3.2175941135e+00 1.3570174977e+01
148 6.0520085334e-01 6.6225532429e-02 3.1890030405e+00 1.3350912140e+01
149 6.0587876068e-01 6.7266927142e-02 3.1116194126e+00 1.2733356649e+01
150 6.0606322474e-01 6.7678675066e-02 3.0804395122e+00 1.2505552756e+01
151 6.0596658260e-01 6.7716554648e-02 3.0713507747e+00 1.2473107157e+01
152 6.0615256139e-01 6.8079993722e-02 3.0411612481e+00 1.2262331467e+01
153 6.0634006748e-01 6.8461734085e-02 3.0145804899e+00 1.2064535892e+01
154 6.0652080932e-01 6.8837091602e-02 2.9865163165e+00 1.1867788381e+01
155 6.0651285875e-01 6.8814949828e-02 2.9833831612e+00 1.1856999243e+01
156 6.0676213227e-01 6.9171317877e-02 2.9584239453e+00 1.1672810508e+01
157 6.0710552479e-01 7.0591978954e-02 3.0362535458e+00 1.2360411299e+01
158 6.0736709983e-01 7.1070169376e-02 3.0092602064e+00 1.2147196470e+01
159 6.0732116022e-01 7.1069756051e-02 3.0065573424e+00 1.2141087699e+01
160 6.0760005365e-01 7.1461419210e-02 2.9818451710e+00 1.1952067695e+01
161 6.0770809984e-01 7.1827148437e-02 2.9580058796e+00 1.1775318922e+01
162 6.0761999830e-01 7.1862050589e-02 2.9567464025e+00 1.1767339966e+01
163 6.0745855049e-01 7.1068599331e-02 2.9119644293e+00 1.1394241729e+01
164 6.0783181015e-01 7.2059708407e-02 2.9245230167e+00 1.1507222206e+01
165 6.0762381405e-01 7.1398836352e-02 2.8934823547e+00 1.1298988118e+01
166 6.0778810862e-01 7.1856319449e-02 2.8694066279e+00 1.1117857860e+01
167 6.0798394402e-01 7.2182247649e-02 2.8481610283e+00 1.0963728276e+01
168 6.0811343704e-01 7.2529267729e-02 2.8260639991e+00 1.0815301092e+01
169 6.0812410322e-01 7.2466935659e-02 2.8246607803e+00 1.0819715588e+01
170 6.0784226105e-01 7.2080441215e-02 2.8427441577e+00 1.0969264694e+01
171 6.0794109856e-01 7.2748396121e-02 2.8653200469e+00 1.1151986078e+01
172 6.0789747619e-01 7.2788321141e-02 2.8613705684e+00 1.1135449825e+01
173 6.0781881193e-01 7.2897998166e-02 2.8568421508e+00 1.1117026886e+01
174 6.0782604937e-01 7.2899792242e-02 2.8561927170e+00 1.1114997471e+01
175 6.0808861957e-01 7.4105167278e-02 2.8957926644e+00 1.1412170787e+01
176 6.0832544271e-01 7.4493167127e-02 2.8711820082e+00 1.1239712789e+01
177 6.0835249316e-01 7.4486597901e-02 2.8710710533e+00 1.1239262142e+01
178 6.0835084790e-01 7.4492868589e-02 2.8702156640e+00 1.1235913660e+01
179 6.0891376582e-01 7.5276518449e-02 2.8275623913e+00 1.0914357452e+01
180 6.0885685005e-01 7.5256670898e-02 2.8260523329e+00 1.0917628429e+01
181 6.0855830176e-01 7.5026500934e-02 2.8393065788e+00 1.1033261298e+01
182 6.0878366689e-01 7.5267133122e-02 2.8208413626e+00 1.0907619181e+01
183 6.0897300296e-01 7.5636047119e-02 2.7997346973e+00 1.0753320788e+01
184 6.0905517396e-01 7.6258723507e-02 2.8186941835e+00 1.0881449204e+01
185 6.0905122328e-01 7.6257775421e-02 2.8169456457e+00 1.0875570039e+01
186 6.0919665568e-01 7.6051560249e-02 2.7804333892e+00 1.0632904812e+01
187 6.0918940453e-01 7.6052962959e-02 2.7804286106e+00 1.0633299104e+01
188 6.0915959351e-01 7.6068911644e-02 2.7795837561e+00 1.0628897283e+01
189 6.0899440609e-01 7.5597431561e-02 2.7754026296e+00 1.0631108371e+01
190 6.0893561813e-01 7.5575420828e-02 2.7761321779e+00 1.0637606436e+01
191 6.0895380454e-01 7.6189994055e-02 2.8278496391e+00 1.1007252373e+01
192 6.0902110356e-01 7.6704249330e-02 2.8381970862e+00 1.1059407960e+01
193 6.0903146375e-01 7.6682152427e-02 2.8375599007e+00 1.1058070643e+01
194 6.0942307873e-01 7.7647427342e-02 2.8495354236e+00 1.1190154391e+01
195 6.0975555756e-01 7.7999899008e-02 2.8043651040e+00 1.0898009887e+01
196 6.0995825568e-01 7.8365421312e-02 2.7848979505e+00 1.0751564798e+01
197 6.1002754490e-01 7.8710020071e-02 2.7551883701e+00 1.0592866731e+01
198 6.0976086031e-01 7.8467039429e-02 2.7758048813e+00 1.0746900454e+01
199 6.0967995076e-01 7.8753475962e-02 2.8051252791e+00 1.0923385427e+01
200 6.0968891107e-01 7.8762568571e-02 2.8035314087e+00 1.0917433919e+01
201 6.0951134923e-01 7.8210655367e-02 2.7961019491e+00 1.0906794201e+01
202 6.0992271434e-01 7.9175913647e-02 2.7945361534e+00 1.0869324933e+01
203 6.0950345922e-01 7.8442532421e-02 2.7894866919e+00 1.0846722670e+01
204 6.0952155769e-01 7.8458212908e-02 2.7850847258e+00 1.0833069141e+01
205 6.0952765830e-01 7.8445250027e-02 2.7852254121e+00 1.0836355507e+01
206 6.0955836322e-01 7.8459256748e-02 2.7817381904e+00 1.0821558662e+01
207 6.0972358436e-01 7.8632805863e-02 2.7466697806e+00 1.0559614318e+01
208 6.0990430202e-01 7.8901915883e-02 2.7275922278e+00 1.0431499925e+01
209 6.0948450790e-01 7.8037525483e-02 2.7333940016e+00 1.0494441372e+01
210 6.0971322707e-01 7.8432502844e-02 2.7108494394e+00 1.0341536007e+01
211 6.0970155384e-01 7.8433446079e-02 2.7111943837e+00 1.0342653024e+01
212 6.0939813412e-01 7.8284730895e-02 2.7249809958e+00 1.0438852054e+01
213 6.0930566807e-01 7.8422365243e-02 2.7171513366e+00 1.0395426130e+01
214 6.0861803577e-01 7.7102541324e-02 2.7298306824e+00 1.0501201455e+01
215 6.0917327173e-01 7.8293507384e-02 2.7097668696e+00 1.0342914877e+01
216 6.0913864623e-01 7.8160813179e-02 2.6767543183e+00 1.0113623456e+01
217 6.0903735629e-01 7.8077178253e-02 2.6667658608e+00 1.0046408818e+01
218 6.0914527393e-01 7.8681175899e-02 2.6892792015e+00 1.0197684760e+01
219 6.0936002698e-01 7.9034790960e-02 2.6677040012e+00 1.0059733514e+01
220 6.0918142708e-01 7.8501812347e-02 2.6476267621e+00 9.9440341377e+00
221 6.0922177231e-01 7.8569783169e-02 2.6581933007e+00 1.0056515389e+01
222 6.0904006549e-01 7.7944061667e-02 2.6348490861e+00 9.9077242571e+00
223 6.0904347587e-01 7.7911046954e-02 2.6363974435e+00 9.9186962080e+00
224 6.0923161631e-01 7.8148787432e-02 2.6211383023e+00 9.8167784023e+00
225 6.0949871955e-01 7.8494219609e-02 2.6029056740e+00 9.6882195107e+00
226 6.0966329509e-01 7.9090721027e-02 2.6253191689e+00 9.8360208919e+00
227 6.0946322421e-01 7.8399156240e-02 2.5880275132e+00 9.5481634575e+00
228 6.0969429975e-01 7.8542941692e-02 2.5645045793e+00 9.3756191424e+00
229 6.0960765331e-01 7.8493205869e-02 2.5646613283e+00 9.3920470536e+00
230 6.0975175724e-01 7.9017760392e-02 2.5871016443e+00 9.5359407256e+00
231 6.0989264124e-01 7.9540930703e-02 2.5960675011e+00 9.5836870297e+00
232 6.1047245472e-01 8.0620222305e-02 2.5750821147e+00 9.4274952057e+00
233 6.1008837684e-01 7.9572927880e-02 2.5377043016e+00 9.1855878671e+00
234 6.1026577136e-01 7.9870717479e-02 2.5223784863e+00 9.0799912170e+00
235 6.1047009330e-01 8.0905588306e-02 2.5406321314e+00 9.1671338869e+00
236 6.1043666809e-01 8.0923649455e-02 2.5399070941e+00 9.1632781697e+00
237 6.1014381661e-01 8.0762334258e-02 2.5543976578e+00 9.2495814817e+00
238 6.0995591649e-01 8.0419600726e-02 2.5700645810e+00 9.3620645923e+00
239 6.0994018624e-01 8.0346939730e-02 2.5722383148e+00 9.3799170004e+00
240 6.0994621111e-01 8.0992831589e-02 2.5980099732e+00 9.5808389493e+00
241 6.1016295428e-01 8.1080658502e-02 2.5861674269e+00 9.5187722043e+00
242 6.0996430298e-01 8.0779831806e-02 2.6037898372e+00 9.6359746653e+00
243 6.0976410826e-01 8.0648026855e-02 2.6158820041e+00 9.7101221503e+00
244 6.0975969052e-01 8.0563719223e-02 2.6184842861e+00 9.7274771636e+00
245 6.0991394083e-01 8.1067696398e-02 2.6231983588e+00 9.7500949656e+00
246 6.0994684680e-01 8.0907959059e-02 2.5909570725e+00 9.5589680605e+00
247 6.1003642334e-01 8.1452931138e-02 2.6052485681e+00 9.6502756416e+00
248 6.1023544141e-01 8.1747030656e-02 2.5854953329e+00 9.5301023421e+00
249 6.1041231800e-01 8.1956042937e-02 2.5707257782e+00 9.4360062617e+00
250 6.1052388590e-01 8.2497132713e-02 2.5909176718e+00 9.5677651619e+00
251 6.1069984599e-01 8.2734786993e-02 2.5737851592e+00 9.4630045562e+00
252 6.1080803546e-01 8.3247360220e-02 2.5846712855e+00 9.5079750346e+00
253 6.1062553091e-01 8.3009621244e-02 2.6003696686e+00 9.6072576808e+00
254 6.1061045997e-01 8.3014868189e-02 2.6003416717e+00 9.6067636567e+00
255 6.1091102295e-01 8.3246855198e-02 2.5817407829e+00 9.4951152606e+00
256 6.1076288122e-01 8.3523944206e-02 2.6000601010e+00 9.6017589152e+00
257 6.1077101402e-01 8.3612883937e-02 2.5921482804e+00 9.5676261429e+00
258 6.1045737507e-01 8.3025548419e-02 2.6000339099e+00 9.6332290776e+00
259 6.0978729300e-01 8.2040024210e-02 2.6230481216e+00 9.8053858566e+00
260 6.0998428598e-01 8.1909222941e-02 2.5687892461e+00 9.4797617368e+00
261 6.1033646654e-01 8.3551435751e-02 2.5981775487e+00 9.6435435532e+00
262 6.1017897173e-01 8.3038745934e-02 2.5710089294e+00 9.5066184609e+00
263 6.0996677045e-01 8.2874918266e-02 2.5845630490e+00 9.5896473689e+00
264 6.1037696523e-01 8.3609567442e-02 2.5755615814e+00 9.5186937073e+00
265 6.1102719649e-01 8.3903878074e-02 2.5151177872e+00 9.1281121112e+00
266 6.1117067357e-01 8.4419383805e-02 2.5245051784e+00 9.1542594853e+00
267 6.1077345097e-01 8.3770758086e-02 2.5268979337e+00 9.2044494210e+00
268 6.1077426962e-01 8.3824576304e-02 2.5283822764e+00 9.2061318573e+00
269 6.1053907673e-01 8.3624562116e-02 2.5438480882e+00 9.2985695148e+00
270 6.1037171739e-01 8.4366387849e-02 2.6206608990e+00 9.8060150175e+00
271 6.1059163485e-01 8.4681056808e-02 2.6028820182e+00 9.6845779733e+00
272 6.1056590302e-01 8.4677783606e-02 2.6045032185e+00 9.6886090363e+00
273 6.1031784112e-01 8.4374547104e-02 2.6218284868e+00 9.8060255854e+00
274 6.1015931152e-01 8.3932725807e-02 2.6135841937e+00 9.7951259582e+00
275 6.1036779938e-01 8.4543608857e-02 2.6312125110e+00 9.9015456568e+00
276 6.1028429593e-01 8.4592781034e-02 2.6270413360e+00 9.8868567437e+00
277 6.0997727605e-01 8.3267242139e-02 2.5679195648e+00 9.5668237591e+00
278 6.1008923815e-01 8.3968643046e-02 2.5975779578e+00 9.7701354601e+00
279 6.0967354469e-01 8.3644890154e-02 2.6337808205e+00 1.0021173140e+01
280 6.0970653230e-01 8.3786561648e-02 2.6334640832e+00 1.0009949150e+01
281 6.0963381750e-01 8.3819646006e-02 2.6323633146e+00 1.0003754999e+01
282 6.0986916416e-01 8.4016211327e-02 2.6170841241e+00 9.9062683177e+00
283 6.1014074118e-01 8.4483482194e-02 2.6011677524e+00 9.7685087612e+00
284 6.0988082818e-01 8.4416953899e-02 2.6384624747e+00 1.0102282094e+01
285 6.0988413731e-01 8.4435072533e-02 2.6359385744e+00 1.0094178728e+01
286 6.0887306090e-01 8.2423769668e-02 2.6596824913e+00 1.0325879444e+01
287 6.0867914755e-01 8.2160173746e-02 2.6745023487e+00 1.0431571165e+01
288 6.0900408708e-01 8.2935477371e-02 2.6590122481e+00 1.0284541940e+01
289 6.0818660410e-01 8.1519669759e-02 2.6730012583e+00 1.0465004981e+01
290 6.0822230076e-01 8.1561143682e-02 2.6726847236e+00 1.0461071766e+01
291 6.0785447628e-01 8.0830856641e-02 2.6736394599e+00 1.0495016773e+01
292 6.0816364606e-01 8.1662889287e-02 2.6711861351e+00 1.0445206349e+01
293 6.0821447382e-01 8.1667042862e-02 2.6715908162e+00 1.0443374294e+01
294 6.0824058162e-01 8.1679309664e-02 2.6691496435e+00 1.0434059211e+01
295 6.0835196539e-01 8.2280153287e-02 2.6886447469e+00 1.0543145475e+01
296 6.0846729987e-01 8.2661446868e-02 2.6697830482e+00 1.0439837332e+01
297 6.0841748248e-01 8.2571388312e-02 2.6523506625e+00 1.0272638458e+01
298 6.0851085201e-01 8.2266276332e-02 2.6161095905e+00 1.0045863487e+01
299 6.0873471677e-01 8.2578297170e-02 2.5962151546e+00 9.9148593816e+00
300 6.0900909260e-01 8.2912808521e-02 2.5805905148e+00 9.8102796694e+00
301 6.0904572198e-01 8.2906655479e-02 2.5799087475e+00 9.8090586054e+00
302 6.0880983467e-01 8.2270952466e-02 2.5416980546e+00 9.6183355842e+00
303 6.0899011986e-01 8.2508768056e-02 2.5231663816e+00 9.5067157075e+00
304 6.0893863889e-01 8.2554241348e-02 2.5198960170e+00 9.4930135047e+00
305 6.0893402649e-01 8.2491253891e-02 2.5180408843e+00 9.5010793369e+00
306 6.0883289669e-01 8.2588855955e-02 2.5112969999e+00 9.4742629489e+00
307 6.0882752046e-01 8.2643513865e-02 2.5108138944e+00 9.4690367020e+00
308 6.0885342575e-01 8.2636302991e-02 2.5106740802e+00 9.4690715345e+00
309 6.0884507361e-01 8.2659467636e-02 2.5084623766e+00 9.4598533283e+00
310 6.0879389090e-01 8.2672446571e-02 2.5090450016e+00 9.4601223077e+00
311 6.0879296821e-01 8.2645663572e-02 2.5090354145e+00 9.4646920293e+00
312 6.0850996742e-01 8.2265355161e-02 2.5247042287e+00 9.5868586822e+00
313 6.0846515419e-01 8.2284999714e-02 2.5241770038e+00 9.5834848065e+00
314 6.0836226993e-01 8.2330376021e-02 2.5226895319e+00 9.5760443845e+00
315 6.0858401852e-01 8.2556169490e-02 2.5088900552e+00 9.4779161527e+00
316 6.0825844416e-01 8.2398970681e-02 2.5216665629e+00 9.5632809569e+00
317 6.0829803089e-01 8.2399990981e-02 2.5199255188e+00 9.5582972387e+00
318 6.0827876978e-01 8.2406174482e-02 2.5202534853e+00 9.5572917168e+00
319 6.0822978629e-01 8.2420853854e-02 2.5204667356e+00 9.5565989730e+00
320 6.0827927676e-01 8.2479507967e-02 2.5227020689e+00 9.5793931213e+00
321 6.0834779922e-01 8.2471319669e-02 2.5211601846e+00 9.5747181557e+00
322 6.0856113645e-01 8.3021909867e-02 2.5404040558e+00 9.6838570570e+00
323 6.0860644688e-01 8.2862981054e-02 2.5374634119e+00 9.6927970824e+00
324 6.0880497567e-01 8.2996994073e-02 2.5173848703e+00 9.5522230041e+00
325 6.0894190329e-01 8.3526214444e-02 2.5320947185e+00 9.6239814237e+00
326 6.0887563572e-01 8.3557806368e-02 2.5311088598e+00 9.6178394971e+00
327 6.0886051434e-01 8.3607254965e-02 2.5258832205e+00 9.5985523643e+00
328 6.0871249577e-01 8.3257084418e-02 2.5103847297e+00 9.5433180409e+00
329 6.0932038318e-01 8.4178616381e-02 2.5004867103e+00 9.4746752776e+00
330 6.0913462491e-01 8.4228374170e-02 2.5098408281e+00 9.5375588176e+00
331 6.0927246575e-01 8.4750633435e-02 2.5156933143e+00 9.5476358267e+00
332 6.0900330707e-01 8.4451016831e-02 2.5319745414e+00 9.6618367225e+00
333 6.0915593799e-01 8.5033165623e-02 2.5478726724e+00 9.7449310531e+00
334 6.0963697314e-01 8.5674702489e-02 2.5135372461e+00 9.5097929476e+00
335 6.0958880759e-01 8.5622693376e-02 2.5109101795e+00 9.5146024388e+00
336 6.0954826157e-01 8.5565542472e-02 2.5109801611e+00 9.5251919949e+00
337 6.0951732893e-01 8.5220698129e-02 2.4869815827e+00 9.4117337196e+00
338 6.0974599470e-01 8.5448543579e-02 2.4718003712e+00 9.3148317190e+00
339 6.0995098252e-01 8.5905907596e-02 2.4594200516e+00 9.2340699106e+00
340 6.0973613547e-01 8.5456970282e-02 2.4521070691e+00 9.2170896734e+00
341 6.0947960806e-01 8.4842931924e-02 2.4246312718e+00 9.0620113367e+00
342 6.0979043276e-01 8.5067363964e-02 2.4093156148e+00 8.9654777143e+00
343 6.0952489268e-01 8.4750258092e-02 2.4217512446e+00 9.0657451134e+00
344 6.0942136528e-01 8.4770433087e-02 2.4235652322e+00 9.0688421805e+00
345 6.0919924973e-01 8.4223294783e-02 2.3923091210e+00 8.8858285338e+00
346 6.0965995614e-01 8.4595078077e-02 2.3651728587e+00 8.7245530628e+00
347 6.0934643653e-01 8.3881433236e-02 2.3540430245e+00 8.6737325362e+00
348 6.0920584862e-01 8.3344934888e-02 2.3324353198e+00 8.5668962297e+00
349 6.0932131778e-01 8.3232184945e-02 2.2910825088e+00 8.3032978936e+00
350 6.0968222770e-01 8.4575838734e-02 2.3255780695e+00 8.4470954938e+00
351 6.0955033428e-01 8.4648036023e-02 2.3228253686e+00 8.4342559210e+00
352 6.0954309254e-01 8.4594667315e-02 2.3188583898e+00 8.4100654498e+00
353 6.0907500542e-01 8.3830812938e-02 2.3151499517e+00 8.4056152834e+00
354 6.0900897664e-01 8.3864528100e-02 2.3138700548e+00 8.4003194024e+00
355 6.0891169402e-01 8.3835069528e-02 2.3101426018e+00 8.3732593008e+00
356 6.0872044224e-01 8.3522647434e-02 2.3247603301e+00 8.4768733058e+00
357 6.0897086207e-01 8.3794871624e-02 2.3075115078e+00 8.3740521341e+00
358 6.0915680999e-01 8.4280696201e-02 2.3014633439e+00 8.3160049496e+00
359 6.0892169163e-01 8.3757298884e-02 2.2747563843e+00 8.1609520340e+00
360 6.0917919353e-01 8.4761383657e-02 2.2991865297e+00 8.2638581738e+00
361 6.0890222773e-01 8.4357186736e-02 2.2869918964e+00 8.2179901513e+00
362 6.0884261562e-01 8.4403975437e-02 2.2838529138e+00 8.2078926970e+00
363 6.0858122491e-01 8.4218739084e-02 2.2948087289e+00 8.2850080509e+00
364 6.0854943260e-01 8.4239045422e-02 2.2936570059e+00 8.2812478823e+00
365 6.0861692698e-01 8.4233035318e-02 2.2936311328e+00 8.2817659805e+00
