1 5.9282947138e-01 1.1102230246e-16 1.0000000000e+00 1.0000000000e+00
2 5.9324393993e-01 1.0571583351e-02 2.1163037573e+01 4.6829364079e+02
3 5.9322958124e-01 1.0582764980e-02 2.1100557768e+01 4.6643366386e+02
4 5.9350719217e-01 1.2955608334e-02 1.7222301246e+01 3.0994149288e+02
5 5.9346747212e-01 1.3014617429e-02 1.6985811218e+01 3.0459198669e+02
6 5.9346201887e-01 1.3044628553e-02 1.6863494436e+01 3.0183936391e+02
7 5.9365017290e-01 1.5036564501e-02 1.4653187935e+01 2.2718629963e+02
8 5.9362550756e-01 1.5150610636e-02 1.4317620139e+01 2.2055073446e+02
9 5.9363095181e-01 1.5188318205e-02 1.4211642743e+01 2.1835701190e+02
10 5.9362493862e-01 1.5222211642e-02 1.4115181926e+01 2.1644929328e+02
11 5.9365472104e-01 1.5267120906e-02 1.3984720360e+01 2.1381849995e+02
12 5.9372070240e-01 1.5300135629e-02 1.3885740506e+01 2.1174556706e+02
13 5.9377008545e-01 1.5346640264e-02 1.3752542944e+01 2.0902279192e+02
14 5.9417396734e-01 1.8611983517e-02 1.1495530713e+01 1.4392687008e+02
15 5.9434925202e-01 2.0144868435e-02 1.0530015329e+01 1.2203704352e+02
16 5.9429389166e-01 2.0271893044e-02 1.0321431374e+01 1.1916383955e+02
17 5.9427275757e-01 2.0351612639e-02 1.0187146825e+01 1.1739312676e+02
18 5.9467055234e-01 2.2911151304e-02 9.1581222532e+00 9.3690421015e+01
19 5.9457015347e-01 2.2998863288e-02 9.0535235247e+00 9.2453097193e+01
20 5.9450115336e-01 2.3135450660e-02 8.8709731919e+00 9.0493917441e+01
21 5.9488837659e-01 2.6136633650e-02 9.2805105987e+00 1.0164736745e+02
22 5.9510651941e-01 2.7181528570e-02 8.8383950559e+00 9.1816249089e+01
23 5.9509285899e-01 2.6549788624e-02 7.7731488942e+00 6.8768078522e+01
24 5.9608184104e-01 3.0067387962e-02 6.8908848217e+00 5.3089664832e+01
25 5.9620638896e-01 3.1040627946e-02 6.6452876999e+00 4.9643709851e+01
26 5.9615900740e-01 3.0982052172e-02 6.6279130493e+00 4.9505953751e+01
27 5.9604654203e-01 3.1112164678e-02 6.5450709343e+00 4.8794722437e+01
28 5.9599845842e-01 3.1174976773e-02 6.5058435035e+00 4.8449286425e+01
29 5.9605206787e-01 3.1180147951e-02 6.4976550954e+00 4.8372217772e+01
30 5.9630557527e-01 3.2067951238e-02 6.3145852084e+00 4.5669548587e+01
31 5.9627374085e-01 3.2326808973e-02 6.2817754328e+00 4.5507629086e+01
32 5.9694122684e-01 3.4778989004e-02 5.8971028807e+00 3.9645380498e+01
33 5.9696193236e-01 3.4779298376e-02 5.8950232899e+00 3.9629866443e+01
34 5.9698121556e-01 3.4776603021e-02 5.8945966926e+00 3.9628994307e+01
35 5.9697532021e-01 3.4787154530e-02 5.8895081138e+00 3.9585134795e+01
36 5.9699606392e-01 3.4800043031e-02 5.8806830185e+00 3.9512928220e+01
37 5.9702757314e-01 3.4796726324e-02 5.8800627279e+00 3.9506198672e+01
38 5.9726195932e-01 3.5588685404e-02 5.7366820129e+00 3.7669775456e+01
39 5.9727572430e-01 3.5606077782e-02 5.7267877069e+00 3.7587926825e+01
40 5.9728811973e-01 3.5600434247e-02 5.7292420725e+00 3.7602560737e+01
41 5.9774938843e-01 3.7044682441e-02 5.5161498456e+00 3.4689632518e+01
42 5.9767153823e-01 3.7098879544e-02 5.4947761082e+00 3.4538109382e+01
43 5.9764970116e-01 3.6933719316e-02 5.4945608373e+00 3.4587557651e+01
44 5.9786728806e-01 3.7637134785e-02 5.3970454175e+00 3.3297213664e+01
45 5.9803312763e-01 3.8302027997e-02 5.2816449016e+00 3.1953505901e+01
46 5.9797560707e-01 3.8358588817e-02 5.2599841783e+00 3.1801143718e+01
47 5.9811488580e-01 3.9081470052e-02 5.1573306470e+00 3.0597718200e+01
48 5.9812529503e-01 3.9081046533e-02 5.1576301334e+00 3.0591708487e+01
49 5.9813587438e-01 3.9100526240e-02 5.1489343773e+00 3.0525678706e+01
50 5.9816253517e-01 3.9131994501e-02 5.1482594584e+00 3.0520261859e+01
51 5.9833215999e-01 3.9807063891e-02 5.0508973301e+00 2.9401174076e+01
52 5.9827817816e-01 3.9830724144e-02 5.0451021075e+00 2.9359335589e+01
53 5.9816068382e-01 3.9915894770e-02 5.0173483817e+00 2.9173806182e+01
54 5.9849995135e-01 4.0386531194e-02 4.9439189390e+00 2.8262251295e+01
55 5.9840686009e-01 4.0468123315e-02 4.9157964210e+00 2.8086920136e+01
56 5.9891256742e-01 4.1717200364e-02 4.7748270436e+00 2.6401927860e+01
57 5.9908349004e-01 4.2385379774e-02 4.6897056641e+00 2.5526325895e+01
58 5.9934091187e-01 4.3058565142e-02 4.6270100060e+00 2.4812821127e+01
59 5.9954147624e-01 4.3847641487e-02 4.5615103685e+00 2.4130606192e+01
60 5.9946930188e-01 4.3907951440e-02 4.5448314854e+00 2.4031514260e+01
61 5.9971250361e-01 4.4522093834e-02 4.4708918147e+00 2.3308798918e+01
62 6.0005268852e-01 4.6166484962e-02 4.5197814993e+00 2.4168802708e+01
63 6.0030670477e-01 4.6757939184e-02 4.4450331675e+00 2.3417047726e+01
64 6.0099644131e-01 4.8340554577e-02 4.2775651889e+00 2.1632935952e+01
65 6.0162482807e-01 5.0192936088e-02 4.2698279497e+00 2.1839278311e+01
66 6.0161312688e-01 5.0202139729e-02 4.2679428453e+00 2.1827450408e+01
67 6.0190496221e-01 5.0602741071e-02 4.2089984028e+00 2.1275499312e+01
68 6.0219936605e-01 5.1108115650e-02 4.1517865215e+00 2.0718722116e+01
69 6.0177864570e-01 4.9858763824e-02 4.1171774916e+00 2.0280304890e+01
70 6.0177999135e-01 4.9979867027e-02 4.1031350410e+00 2.0207025773e+01
71 6.0199535527e-01 5.0550410542e-02 4.0553654404e+00 1.9722260643e+01
72 6.0242281671e-01 5.1526249942e-02 3.9515426298e+00 1.8781188137e+01
73 6.0250520472e-01 5.1497127450e-02 3.9562563977e+00 1.8793574186e+01
74 6.0278719132e-01 5.1986402656e-02 3.9124077232e+00 1.8368416598e+01
75 6.0274503365e-01 5.2008464252e-02 3.9094296857e+00 1.8350207981e+01
76 6.0316979563e-01 5.2927222197e-02 3.8208644217e+00 1.7552749500e+01
77 6.0302871074e-01 5.3029405221e-02 3.8020231138e+00 1.7464300777e+01
78 6.0348429899e-01 5.3941206074e-02 3.7203656651e+00 1.6731821281e+01
79 6.0387010021e-01 5.4838505073e-02 3.6457097688e+00 1.6082747748e+01
80 6.0357093249e-01 5.4613180306e-02 3.6703842387e+00 1.6329840443e+01
81 6.0379538309e-01 5.5062014777e-02 3.6273885509e+00 1.5976902123e+01
82 6.0424746790e-01 5.5944057363e-02 3.5617840907e+00 1.5407043460e+01
83 6.0400772125e-01 5.5661959927e-02 3.5886550282e+00 1.5662795459e+01
84 6.0394672064e-01 5.6039767969e-02 3.6954995656e+00 1.6765366752e+01
85 6.0436424388e-01 5.7606263941e-02 3.7758319431e+00 1.7807329822e+01
86 6.0424524544e-01 5.7671721139e-02 3.7667950886e+00 1.7760327848e+01
87 6.0438647849e-01 5.8165296297e-02 3.7199894790e+00 1.7361262250e+01
88 6.0392696013e-01 5.6643745577e-02 3.6336169587e+00 1.6304113703e+01
89 6.0417224012e-01 5.7144294897e-02 3.5941656470e+00 1.5962133042e+01
90 6.0441750447e-01 5.7516527206e-02 3.5603435855e+00 1.5665416048e+01
91 6.0435743060e-01 5.7548820080e-02 3.5563211119e+00 1.5646384366e+01
92 6.0455980030e-01 5.8005697504e-02 3.5210443563e+00 1.5340229785e+01
93 6.0463277454e-01 5.7987504076e-02 3.5216155731e+00 1.5339981186e+01
94 6.0477844194e-01 5.8554756033e-02 3.4862474683e+00 1.5034965047e+01
95 6.0469376410e-01 5.8626302632e-02 3.4754595129e+00 1.4984263433e+01
96 6.0461516789e-01 5.8601360987e-02 3.4733660502e+00 1.4977709997e+01
97 6.0476883294e-01 5.9380022706e-02 3.5289516561e+00 1.5551827776e+01
98 6.0506930450e-01 5.9932895918e-02 3.4935639427e+00 1.5246195073e+01
99 6.0501283817e-01 5.9995971010e-02 3.4821034630e+00 1.5199986524e+01
100 6.0522005497e-01 6.0493968159e-02 3.4412238190e+00 1.4885372297e+01
101 6.0536672922e-01 6.1243851923e-02 3.4889849620e+00 1.5349704530e+01
102 6.0561293071e-01 6.2821885373e-02 3.5795002963e+00 1.6232806464e+01
103 6.0601137829e-01 6.3916616439e-02 3.5931005159e+00 1.6370825347e+01
104 6.0620873598e-01 6.4226227667e-02 3.5604245458e+00 1.6099253356e+01
105 6.0642632341e-01 6.4801632803e-02 3.5239531617e+00 1.5772206328e+01
106 6.0655247481e-01 6.5194386219e-02 3.4893371528e+00 1.5486888666e+01
107 6.0655440568e-01 6.5194009212e-02 3.4893447330e+00 1.5486766136e+01
108 6.0679262246e-01 6.5542699332e-02 3.4581202529e+00 1.5223959410e+01
109 6.0696549025e-01 6.5945503075e-02 3.4225053396e+00 1.4942429005e+01
110 6.0710693005e-01 6.6261687962e-02 3.3937241727e+00 1.4719550437e+01
111 6.0710368257e-01 6.6262157518e-02 3.3938201728e+00 1.4719764779e+01
112 6.0701025952e-01 6.6447043387e-02 3.3927205001e+00 1.4770192225e+01
113 6.0697464853e-01 6.6474290457e-02 3.3892712637e+00 1.4754217272e+01
114 6.0698524295e-01 6.6472759684e-02 3.3890392970e+00 1.4753412360e+01
115 6.0722290350e-01 6.6960500807e-02 3.3505799358e+00 1.4454514205e+01
116 6.0694570736e-01 6.6106172212e-02 3.3435528326e+00 1.4410211908e+01
117 6.0694039123e-01 6.6034245639e-02 3.3233811129e+00 1.4179661002e+01
118 6.0697382513e-01 6.6037975565e-02 3.3210826002e+00 1.4169976324e+01
119 6.0697229223e-01 6.6078203661e-02 3.3221328953e+00 1.4168284829e+01
120 6.0700527765e-01 6.6074737250e-02 3.3211340496e+00 1.4164695213e+01
121 6.0699766322e-01 6.6081762096e-02 3.3202783843e+00 1.4160283950e+01
122 6.0760399230e-01 6.7567962281e-02 3.2894947620e+00 1.3909402736e+01
123 6.0754391861e-01 6.7499417884e-02 3.2877664990e+00 1.3913692226e+01
124 6.0796506890e-01 6.8642814470e-02 3.2991794009e+00 1.4057848029e+01
125 6.0841523647e-01 6.9233225972e-02 3.2448972042e+00 1.3636902887e+01
126 6.0873243941e-01 6.9229004334e-02 3.1693506059e+00 1.3054493324e+01
127 6.0925321069e-01 7.0124401473e-02 3.1342406809e+00 1.2839538738e+01
128 6.0935456612e-01 7.0705733932e-02 3.1552125794e+00 1.2987201018e+01
129 6.0955186207e-01 7.1048872934e-02 3.1268497736e+00 1.2780342424e+01
130 6.0943947610e-01 7.1097399922e-02 3.1241924608e+00 1.2765947548e+01
131 6.1011279618e-01 7.2695725125e-02 3.1260216437e+00 1.2841870384e+01
132 6.1023597006e-01 7.2931799482e-02 3.0828534375e+00 1.2476707076e+01
133 6.1036846213e-01 7.2642144665e-02 3.0380035548e+00 1.2154988051e+01
134 6.1060600690e-01 7.2984107563e-02 3.0113474234e+00 1.1965599947e+01
135 6.1053992859e-01 7.2280366192e-02 2.9980459361e+00 1.1903592426e+01
136 6.1041008569e-01 7.1601083906e-02 2.9558901257e+00 1.1561327421e+01
137 6.1047280364e-01 7.1405750588e-02 2.9055138066e+00 1.1182914234e+01
138 6.1070107002e-01 7.2139150770e-02 2.9377321596e+00 1.1454787165e+01
139 6.1065890466e-01 7.1990618284e-02 2.9182268415e+00 1.1248097970e+01
140 6.1050093709e-01 7.1296221856e-02 2.8761335137e+00 1.0882631082e+01
141 6.1074937396e-01 7.1666174132e-02 2.8531394461e+00 1.0721550155e+01
142 6.1068225767e-01 7.1678039600e-02 2.8517912526e+00 1.0717353458e+01
143 6.1095350029e-01 7.2887890259e-02 2.8947432751e+00 1.1038881591e+01
144 6.1115895406e-01 7.3212489558e-02 2.8730712661e+00 1.0886269335e+01
145 6.1137657458e-01 7.3508650355e-02 2.8448451415e+00 1.0692285326e+01
146 6.1135490102e-01 7.3540316624e-02 2.8418255661e+00 1.0677485807e+01
147 6.1173651543e-01 7.4429095023e-02 2.8433014842e+00 1.0700977734e+01
148 6.1179299735e-01 7.4427001408e-02 2.8414630902e+00 1.0693346411e+01
149 6.1195744039e-01 7.4911832738e-02 2.8168868523e+00 1.0522330434e+01
150 6.1187031024e-01 7.4938550354e-02 2.8129026989e+00 1.0510548456e+01
151 6.1156575231e-01 7.4050100770e-02 2.8114114729e+00 1.0513196032e+01
152 6.1210478243e-01 7.4699687554e-02 2.7702153552e+00 1.0234561201e+01
153 6.1200989905e-01 7.4808856771e-02 2.7609904918e+00 1.0198637814e+01
154 6.1230160438e-01 7.5069137621e-02 2.7396307168e+00 1.0064737525e+01
155 6.1197159124e-01 7.4673782368e-02 2.7580241073e+00 1.0193661930e+01
156 6.1194153487e-01 7.4665013592e-02 2.7581400161e+00 1.0195054176e+01
157 6.1173561778e-01 7.4363476367e-02 2.7763772727e+00 1.0323799931e+01
158 6.1104613629e-01 7.2786790162e-02 2.7246658185e+00 9.9507538993e+00
159 6.1116409079e-01 7.3368296828e-02 2.7509572278e+00 1.0161623290e+01
160 6.1133801345e-01 7.3946204896e-02 2.7713448220e+00 1.0311910820e+01
161 6.1082120867e-01 7.2452441915e-02 2.7417111163e+00 1.0099387355e+01
162 6.1129120999e-01 7.3067103366e-02 2.7032824869e+00 9.8359081789e+00
163 6.1129031862e-01 7.3072264671e-02 2.7026185560e+00 9.8333611323e+00
164 6.1125701516e-01 7.3137098682e-02 2.6982570869e+00 9.8180287193e+00
165 6.1128001738e-01 7.3266871283e-02 2.7066829678e+00 9.9003180042e+00
166 6.1152790180e-01 7.3615146053e-02 2.6884471262e+00 9.7723585519e+00
167 6.1165046462e-01 7.4001081889e-02 2.6969424256e+00 9.8169098908e+00
168 6.1182663393e-01 7.4676030695e-02 2.7337983193e+00 1.0129210651e+01
169 6.1228172527e-01 7.5410415621e-02 2.6961177417e+00 9.8651875120e+00
170 6.1250912794e-01 7.6075908078e-02 2.7139294452e+00 9.9940269875e+00
171 6.1300553422e-01 7.6658767141e-02 2.6751052732e+00 9.7402311833e+00
172 6.1314624214e-01 7.7292741568e-02 2.6992236781e+00 9.9281670151e+00
173 6.1335849177e-01 7.7639971203e-02 2.6741955869e+00 9.7806691618e+00
174 6.1337263399e-01 7.8283259292e-02 2.6894596201e+00 9.8982551831e+00
175 6.1297716790e-01 7.7376509546e-02 2.6909243149e+00 9.9052186333e+00
176 6.1296974035e-01 7.7364634524e-02 2.6910184977e+00 9.9076822996e+00
177 6.1294143981e-01 7.7382527688e-02 2.6903753433e+00 9.9036095552e+00
178 6.1336286490e-01 7.7909395734e-02 2.6522641350e+00 9.6640712713e+00
179 6.1341269735e-01 7.7651522952e-02 2.6163605066e+00 9.4374554426e+00
180 6.1338762303e-01 7.7682703943e-02 2.6111800409e+00 9.4002075507e+00
181 6.1384273684e-01 7.7877591150e-02 2.5224558073e+00 8.8011004699e+00
182 6.1402701267e-01 7.8053015884e-02 2.5058537984e+00 8.7059482302e+00
183 6.1394740105e-01 7.8085631629e-02 2.5050439592e+00 8.7023292539e+00
184 6.1417505203e-01 7.9286932588e-02 2.5496789754e+00 9.0220340661e+00
185 6.1399699114e-01 7.8650935608e-02 2.5317091646e+00 8.9062779913e+00
186 6.1419537406e-01 7.8956421940e-02 2.5163624142e+00 8.8066226794e+00
187 6.1440264703e-01 7.9326631000e-02 2.4996744317e+00 8.6966401113e+00
188 6.1417494955e-01 7.9049618010e-02 2.5141436895e+00 8.7839094287e+00
189 6.1442101117e-01 7.9443246948e-02 2.4941774386e+00 8.6640753159e+00
190 6.1449230408e-01 8.0037173068e-02 2.5112729735e+00 8.7816214265e+00
191 6.1448064769e-01 8.0111986078e-02 2.5054061579e+00 8.7647286502e+00
192 6.1472442764e-01 8.0296373789e-02 2.4905692069e+00 8.6785949822e+00
193 6.1503512960e-01 8.1381333635e-02 2.5197729235e+00 8.8518361929e+00
194 6.1474252827e-01 8.0309034452e-02 2.4842274866e+00 8.6290747592e+00
195 6.1494362289e-01 8.0492132438e-02 2.4693866711e+00 8.5505364321e+00
196 6.1496143644e-01 8.0521242454e-02 2.4699117635e+00 8.5489171598e+00
197 6.1485285916e-01 8.0589551579e-02 2.4684297978e+00 8.5447292959e+00
198 6.1445215400e-01 7.9754280086e-02 2.4660564923e+00 8.5214511777e+00
199 6.1464399532e-01 7.9945762307e-02 2.4508701729e+00 8.4378213998e+00
200 6.1513099945e-01 8.0532510726e-02 2.4189510410e+00 8.2429759444e+00
201 6.1509014111e-01 8.0514848776e-02 2.4151244279e+00 8.2209196467e+00
202 6.1482997051e-01 8.0022330031e-02 2.3896065999e+00 8.0612038151e+00
203 6.1473220662e-01 8.0001129564e-02 2.3875171680e+00 8.0622554339e+00
204 6.1441505118e-01 7.9232195074e-02 2.3850645306e+00 8.0455905348e+00
205 6.1470237753e-01 8.0123334586e-02 2.3999157052e+00 8.1994387959e+00
206 6.1478036927e-01 8.0614364929e-02 2.4024303429e+00 8.1997402059e+00
207 6.1492095226e-01 8.1099487689e-02 2.4127895521e+00 8.2508930711e+00
208 6.1504741748e-01 8.1673692633e-02 2.4296171074e+00 8.3622858540e+00
209 6.1527499115e-01 8.1917946196e-02 2.4147885330e+00 8.2751101172e+00
210 6.1565610563e-01 8.2425329480e-02 2.3803049043e+00 8.0930069640e+00
211 6.1586119268e-01 8.2954673607e-02 2.3954157547e+00 8.1895925239e+00
212 6.1573137641e-01 8.2382446857e-02 2.3728991227e+00 8.0407760726e+00
213 6.1599982889e-01 8.2652300794e-02 2.3575531666e+00 7.9509356102e+00
214 6.1566386883e-01 8.1923364296e-02 2.3593664737e+00 7.9848147181e+00
215 6.1565006256e-01 8.1890674326e-02 2.3594865827e+00 7.9875077654e+00
216 6.1574512540e-01 8.2446474653e-02 2.3826694386e+00 8.1575070603e+00
217 6.1579050978e-01 8.2452656171e-02 2.3802963686e+00 8.1501392523e+00
218 6.1603820551e-01 8.2839683709e-02 2.3654949034e+00 8.0408612620e+00
219 6.1638496360e-01 8.4106906208e-02 2.4154076065e+00 8.4032000292e+00
220 6.1668714232e-01 8.5107309347e-02 2.4351997897e+00 8.5019416425e+00
221 6.1673440999e-01 8.4855779747e-02 2.4032156247e+00 8.3308611930e+00
222 6.1653491427e-01 8.4312008757e-02 2.3853309279e+00 8.2247999251e+00
223 6.1615072751e-01 8.3604010523e-02 2.3899623633e+00 8.2702131052e+00
224 6.1618162104e-01 8.3707787864e-02 2.3859116386e+00 8.2470295717e+00
225 6.1612956208e-01 8.3672972155e-02 2.3809862735e+00 8.2105251537e+00
226 6.1628172796e-01 8.4192757274e-02 2.3960873205e+00 8.2974347730e+00
227 6.1648564962e-01 8.4586931755e-02 2.3864100832e+00 8.2445840982e+00
228 6.1624151510e-01 8.4580825917e-02 2.4066119727e+00 8.3805691159e+00
229 6.1622609697e-01 8.4442520141e-02 2.3975542340e+00 8.3086802886e+00
230 6.1614688139e-01 8.4439950802e-02 2.3996066949e+00 8.3168143954e+00
231 6.1641868879e-01 8.4752199612e-02 2.3874780745e+00 8.2596118522e+00
232 6.1637886944e-01 8.4826195549e-02 2.3912635689e+00 8.2862521902e+00
233 6.1622014546e-01 8.4906824093e-02 2.4098899672e+00 8.4017076699e+00
234 6.1637840811e-01 8.5502103748e-02 2.4305011295e+00 8.5390112826e+00
235 6.1557879461e-01 8.4087864610e-02 2.4343487052e+00 8.5858468887e+00
236 6.1552983092e-01 8.3446528348e-02 2.4191914322e+00 8.4872346288e+00
237 6.1535945429e-01 8.2795647882e-02 2.3975554358e+00 8.3580374785e+00
238 6.1558076097e-01 8.3131897553e-02 2.3802812373e+00 8.2554009262e+00
239 6.1541354807e-01 8.3014530734e-02 2.3992645902e+00 8.3807388690e+00
240 6.1590274917e-01 8.3586724166e-02 2.3673507852e+00 8.1892032291e+00
241 6.1591110981e-01 8.3589611246e-02 2.3667537885e+00 8.1871526405e+00
242 6.1577390288e-01 8.3652771836e-02 2.3653314884e+00 8.1784619334e+00
243 6.1573866489e-01 8.3711875646e-02 2.3644221993e+00 8.1718270186e+00
244 6.1662150942e-01 8.5150596409e-02 2.3081074100e+00 7.8150227407e+00
245 6.1713965462e-01 8.6423289955e-02 2.3105948862e+00 7.8046621746e+00
246 6.1711849281e-01 8.6462377813e-02 2.3094979360e+00 7.7988021339e+00
247 6.1710034295e-01 8.6502500593e-02 2.3061905295e+00 7.7871386310e+00
248 6.1714421066e-01 8.6559292425e-02 2.3115940264e+00 7.8356453813e+00
249 6.1743207365e-01 8.6896940144e-02 2.2977552242e+00 7.7506303441e+00
250 6.1741312744e-01 8.6949047081e-02 2.2963254515e+00 7.7429875399e+00
251 6.1734639544e-01 8.6942184030e-02 2.2919906548e+00 7.7201442522e+00
252 6.1732827895e-01 8.7030723535e-02 2.2900958993e+00 7.7065522951e+00
253 6.1704998334e-01 8.6751774436e-02 2.3012573095e+00 7.7847501737e+00
254 6.1712993756e-01 8.7239921229e-02 2.3206438527e+00 7.9025696168e+00
255 6.1668049063e-01 8.6606876896e-02 2.3249339072e+00 7.9399295977e+00
256 6.1688886147e-01 8.6664474075e-02 2.3070766003e+00 7.8339682480e+00
257 6.1709471557e-01 8.6961372223e-02 2.2923895028e+00 7.7474294535e+00
258 6.1631317916e-01 8.5350672097e-02 2.2846068840e+00 7.6911193398e+00
259 6.1653124735e-01 8.5667085464e-02 2.2676019867e+00 7.6035145678e+00
260 6.1614204422e-01 8.4831247667e-02 2.2661229682e+00 7.6003509845e+00
261 6.1670973398e-01 8.5761524559e-02 2.2605228414e+00 7.5802096770e+00
262 6.1714225165e-01 8.6258258720e-02 2.2345858898e+00 7.4308010056e+00
263 6.1715292792e-01 8.6257153145e-02 2.2343089487e+00 7.4300585048e+00
264 6.1715530175e-01 8.6256172035e-02 2.2346041039e+00 7.4308329327e+00
265 6.1737388539e-01 8.6574267307e-02 2.2200994767e+00 7.3501301458e+00
266 6.1773882446e-01 8.7003736053e-02 2.1954767610e+00 7.2190199449e+00
267 6.1791447155e-01 8.7491252611e-02 2.2099776656e+00 7.2988588117e+00
268 6.1815857735e-01 8.8040373658e-02 2.2255007464e+00 7.3961061557e+00
269 6.1829914310e-01 8.8292334103e-02 2.2107194937e+00 7.3204040912e+00
270 6.1864247290e-01 8.8997534514e-02 2.2156831423e+00 7.3527036628e+00
271 6.1866469703e-01 8.9104326724e-02 2.2184333859e+00 7.3687516571e+00
272 6.1886081427e-01 8.9719237154e-02 2.2336915212e+00 7.4600332819e+00
273 6.1891779043e-01 8.9778701092e-02 2.2327976641e+00 7.4525078022e+00
274 6.1904934458e-01 9.0229607191e-02 2.2355286088e+00 7.4560703174e+00
275 6.1894046129e-01 9.0367373561e-02 2.2416174348e+00 7.4995315272e+00
276 6.1891769963e-01 9.0302061681e-02 2.2386646702e+00 7.4932090231e+00
277 6.1892164813e-01 9.0281371635e-02 2.2438405437e+00 7.5309475058e+00
278 6.1888026061e-01 9.0287718333e-02 2.2265371543e+00 7.3976407431e+00
279 6.1875743496e-01 8.9896902838e-02 2.2168712856e+00 7.3478842278e+00
280 6.1841748521e-01 8.9187616839e-02 2.2187131224e+00 7.3605334424e+00
281 6.1839939232e-01 8.9196229135e-02 2.2185443975e+00 7.3595743607e+00
282 6.1837481630e-01 8.9253217382e-02 2.2171096445e+00 7.3523043525e+00
283 6.1799556657e-01 8.8079274661e-02 2.1910872135e+00 7.2137042173e+00
284 6.1788485966e-01 8.7742662189e-02 2.1804470535e+00 7.1596958025e+00
285 6.1795666838e-01 8.8384745002e-02 2.2040384319e+00 7.3455975708e+00
286 6.1816574811e-01 8.8603937945e-02 2.1902860473e+00 7.2752946643e+00
287 6.1830514628e-01 8.8943195917e-02 2.1778543844e+00 7.1976011148e+00
288 6.1789348000e-01 8.8016989300e-02 2.1584243020e+00 7.0697666471e+00
289 6.1837295497e-01 8.8548946299e-02 2.1347635097e+00 6.9320489647e+00
290 6.1832697177e-01 8.8829895082e-02 2.1585465334e+00 7.0687666327e+00
291 6.1772155345e-01 8.7862631387e-02 2.1655820959e+00 7.0997888619e+00
292 6.1801018736e-01 8.8445944367e-02 2.1549082749e+00 7.0284089556e+00
293 6.1790139216e-01 8.8763759344e-02 2.1821067860e+00 7.1935548092e+00
294 6.1767436648e-01 8.8313041394e-02 2.1663894256e+00 7.1077143366e+00
295 6.1813852053e-01 8.8612364292e-02 2.1331005709e+00 6.9244158136e+00
296 6.1750355642e-01 8.7737216229e-02 2.1463412837e+00 7.0022074930e+00
297 6.1726540088e-01 8.7312071487e-02 2.1264697930e+00 6.8883609054e+00
298 6.1703373182e-01 8.7091563051e-02 2.1363964703e+00 6.9508462511e+00
299 6.1677773626e-01 8.6894595819e-02 2.1495838968e+00 7.0258799067e+00
300 6.1673556237e-01 8.6924023970e-02 2.1482335517e+00 7.0210470793e+00
301 6.1671500508e-01 8.7040193550e-02 2.1466453803e+00 7.0064744711e+00
302 6.1668604613e-01 8.7046543738e-02 2.1470863442e+00 7.0073453030e+00
303 6.1649391900e-01 8.6919361183e-02 2.1558895772e+00 7.0620981897e+00
304 6.1650487892e-01 8.6993433547e-02 2.1559636359e+00 7.0591619503e+00
305 6.1667931930e-01 8.7491435540e-02 2.1640565225e+00 7.0913771548e+00
306 6.1679929305e-01 8.8133128918e-02 2.2040356607e+00 7.3938223122e+00
307 6.1679964146e-01 8.8130552521e-02 2.2042862148e+00 7.3946043766e+00
308 6.1702074277e-01 8.8388703510e-02 2.1910012465e+00 7.3186273273e+00
309 6.1740713453e-01 8.9136211892e-02 2.1971071579e+00 7.3648176298e+00
310 6.1745739999e-01 8.9494041530e-02 2.1937590484e+00 7.3225836987e+00
311 6.1774473894e-01 8.9847215257e-02 2.1821354229e+00 7.2476630766e+00
312 6.1781194243e-01 9.0298899164e-02 2.1863808471e+00 7.2583021340e+00
313 6.1769772222e-01 9.0336228764e-02 2.1909262091e+00 7.2894224951e+00
314 6.1763575844e-01 9.0317034722e-02 2.1861890978e+00 7.2445463207e+00
315 6.1769219895e-01 9.0247749925e-02 2.1862978314e+00 7.2502645219e+00
316 6.1772579327e-01 9.0290101213e-02 2.1871768273e+00 7.2526550122e+00
317 6.1793549155e-01 9.0651014168e-02 2.1732030312e+00 7.1718587936e+00
318 6.1794998757e-01 9.0729423811e-02 2.1694094508e+00 7.1574240321e+00
319 6.1803737712e-01 9.0734386285e-02 2.1679207631e+00 7.1517490244e+00
320 6.1831776345e-01 9.0948890025e-02 2.1559737364e+00 7.0870303946e+00
321 6.1882667403e-01 9.1386030973e-02 2.1313858983e+00 6.9556714657e+00
322 6.1880619724e-01 9.1749086763e-02 2.1319207279e+00 6.9551410731e+00
323 6.1875439113e-01 9.1755045419e-02 2.1315234366e+00 6.9561167108e+00
324 6.1876393990e-01 9.1520823459e-02 2.1099135679e+00 6.8402155476e+00
325 6.1878661392e-01 9.1561760998e-02 2.1139677260e+00 6.8646126767e+00
326 6.1862284566e-01 9.1477278281e-02 2.1226327767e+00 6.9053302813e+00
327 6.1898749160e-01 9.1558570933e-02 2.0883722318e+00 6.7133789217e+00
328 6.1922610525e-01 9.2007283795e-02 2.0810578400e+00 6.6673522414e+00
329 6.1906019196e-01 9.1424684109e-02 2.0690254248e+00 6.5995950337e+00
330 6.1906337415e-01 9.1522200671e-02 2.0811185501e+00 6.6877974061e+00
331 6.1933044220e-01 9.1732407344e-02 2.0688463918e+00 6.6254900045e+00
332 6.1972858435e-01 9.2504409059e-02 2.0712720499e+00 6.6406175373e+00
333 6.2001158642e-01 9.2930181401e-02 2.0854244912e+00 6.7187065090e+00
334 6.1994754943e-01 9.2927372742e-02 2.0862588876e+00 6.7228122467e+00
335 6.1993145546e-01 9.2948539493e-02 2.0847421111e+00 6.7188137617e+00
336 6.2023200106e-01 9.3499893766e-02 2.0591839826e+00 6.5870213864e+00
337 6.1997416419e-01 9.3371349690e-02 2.0691622930e+00 6.6345080789e+00
338 6.2029624135e-01 9.3977261584e-02 2.0583842335e+00 6.5710830305e+00
339 6.2031156700e-01 9.4466298050e-02 2.0660675936e+00 6.5992045442e+00
340 6.2029090339e-01 9.4366913790e-02 2.0665272027e+00 6.6040396489e+00
341 6.2040824655e-01 9.4849976118e-02 2.0720892561e+00 6.6249885227e+00
342 6.2026081983e-01 9.4182856199e-02 2.0480048082e+00 6.4893346914e+00
343 6.1997866041e-01 9.3898270367e-02 2.0605229368e+00 6.5578486048e+00
344 6.1972956049e-01 9.3804589347e-02 2.0675660582e+00 6.5936638146e+00
345 6.1981463104e-01 9.4382138272e-02 2.0846124540e+00 6.6981343330e+00
346 6.1978120816e-01 9.4487656214e-02 2.0807698366e+00 6.6848199523e+00
347 6.1988533996e-01 9.4970499326e-02 2.0880120658e+00 6.7122745920e+00
348 6.1993598542e-01 9.5335548714e-02 2.0881758759e+00 6.6949729857e+00
349 6.2013637307e-01 9.5620416134e-02 2.0777671014e+00 6.6444339280e+00
350 6.2009009504e-01 9.5665782636e-02 2.0782123875e+00 6.6415405234e+00
351 6.2033959749e-01 9.5868151275e-02 2.0659738730e+00 6.5816529577e+00
352 6.2029030321e-01 9.5808074854e-02 2.0649087374e+00 6.5802834223e+00
353 6.2082890072e-01 9.7066390207e-02 2.0912418900e+00 6.7429883722e+00
354 6.2092420897e-01 9.6840471735e-02 2.0680444423e+00 6.6300374345e+00
355 6.2109286876e-01 9.7299534746e-02 2.0747789648e+00 6.6594632475e+00
356 6.2128350335e-01 9.8263525379e-02 2.0869528260e+00 6.7134618843e+00
357 6.2131940246e-01 9.8225545487e-02 2.0662466901e+00 6.6277433537e+00
358 6.2141141816e-01 9.8091805936e-02 2.0443363109e+00 6.5138270230e+00
359 6.2134696705e-01 9.8395161015e-02 2.0610515801e+00 6.5923884391e+00
360 6.2154133572e-01 9.8482131883e-02 2.0513335983e+00 6.5520881561e+00
361 6.2135589432e-01 9.8296120716e-02 2.0587041269e+00 6.5986699190e+00
362 6.2130625695e-01 9.8349462981e-02 2.0578107870e+00 6.5914174445e+00
363 6.2155344566e-01 9.8528561807e-02 2.0465333063e+00 6.5376953930e+00
364 6.2079712067e-01 9.7261736435e-02 2.0524382493e+00 6.5810318438e+00
365 6.2089276714e-01 9.7752338376e-02 2.0591493723e+00 6.6100920722e+00
