1 5.9282947138e-01 1.1102230246e-16 1.0000000000e+00 1.0000000000e+00
2 5.9334264961e-01 1.3138789377e-02 1.6427076556e+01 2.9423470846e+02
3 5.9329337725e-01 1.3269793992e-02 1.5896052066e+01 2.8322945899e+02
4 5.9320925797e-01 1.3454550974e-02 1.5209760391e+01 2.6858505371e+02
5 5.9345830066e-01 1.5362019148e-02 1.3641752295e+01 2.0964645975e+02
6 5.9391647022e-01 1.8614293166e-02 1.1462131558e+01 1.4465580544e+02
7 5.9396458908e-01 1.8638884870e-02 1.1410925007e+01 1.4377879570e+02
8 5.9433996122e-01 2.1416985216e-02 9.9879856238e+00 1.0923738852e+02
9 5.9434646375e-01 2.1442891262e-02 9.9492355907e+00 1.0870057835e+02
10 5.9459633161e-01 2.2672014403e-02 9.4458246795e+00 9.7413398052e+01
11 5.9462993923e-01 2.2687966277e-02 9.4204281958e+00 9.7086111562e+01
12 5.9480568708e-01 2.3919408920e-02 8.9061536877e+00 8.7061317432e+01
13 5.9504585986e-01 2.5040254455e-02 8.5180293875e+00 7.9396846650e+01
14 5.9522509131e-01 2.6120971571e-02 8.1697905110e+00 7.2911172943e+01
15 5.9566130874e-01 2.7902831398e-02 7.6031383546e+00 6.2978295264e+01
16 5.9561321470e-01 2.7955495765e-02 7.5590803832e+00 6.2568366430e+01
17 5.9549429673e-01 2.8020276707e-02 7.5114843657e+00 6.2131155924e+01
18 5.9568581619e-01 2.9073137096e-02 7.1915995493e+00 5.7372993307e+01
19 5.9582219534e-01 3.0017620556e-02 6.9678248446e+00 5.3810673696e+01
20 5.9627367242e-01 3.1838072095e-02 6.6138841147e+00 4.8223278477e+01
21 5.9617971544e-01 3.1935270059e-02 6.5534503770e+00 4.7730286049e+01
22 5.9611155162e-01 3.2005424369e-02 6.5123300761e+00 4.7376486799e+01
23 5.9574944670e-01 3.1525242350e-02 6.5757849083e+00 4.8960837802e+01
24 5.9605058192e-01 3.3915960241e-02 6.6792295689e+00 5.2576102548e+01
25 5.9611125486e-01 3.3951419462e-02 6.6520636520e+00 5.2311148442e+01
26 5.9609535431e-01 3.3854816819e-02 6.6422888577e+00 5.2324830870e+01
27 5.9621429634e-01 3.5249949277e-02 6.8745915459e+00 5.6491839056e+01
28 5.9617247765e-01 3.5374078784e-02 6.8483095070e+00 5.6097314371e+01
29 5.9626124428e-01 3.6109973573e-02 6.6439322750e+00 5.2910820806e+01
30 5.9624583919e-01 3.6135851696e-02 6.6300960854e+00 5.2771409347e+01
31 5.9617444378e-01 3.6245029610e-02 6.5700682842e+00 5.2201599097e+01
32 5.9637230918e-01 3.6992620328e-02 6.4017518721e+00 4.9454372647e+01
33 5.9611704834e-01 3.6292254188e-02 6.5477454087e+00 5.1972883326e+01
34 5.9612563385e-01 3.6298289038e-02 6.5450904976e+00 5.1928250690e+01
35 5.9610203893e-01 3.6317028729e-02 6.5360656849e+00 5.1838479171e+01
36 5.9602572540e-01 3.5037086683e-02 6.2691109044e+00 4.7538983112e+01
37 5.9602313285e-01 3.5051171715e-02 6.2610313354e+00 4.7465242781e+01
38 5.9600266982e-01 3.5062282100e-02 6.2563591269e+00 4.7420069879e+01
39 5.9594187489e-01 3.5087191569e-02 6.2469822433e+00 4.7329934280e+01
40 5.9663461805e-01 3.7445537768e-02 5.8562343949e+00 4.0975139066e+01
41 5.9659477605e-01 3.7454283960e-02 5.8550736960e+00 4.0961862534e+01
42 5.9648340863e-01 3.7611599944e-02 5.8257162107e+00 4.0691436623e+01
43 5.9645334067e-01 3.7618455332e-02 5.8251900591e+00 4.0679550730e+01
44 5.9682221909e-01 3.8955989012e-02 5.5834763973e+00 3.7275460723e+01
45 5.9676323111e-01 3.9003090225e-02 5.5650594471e+00 3.7132887678e+01
46 5.9698400969e-01 3.9672129762e-02 5.4653446932e+00 3.5674543262e+01
47 5.9716752716e-01 4.0521715017e-02 5.3679604681e+00 3.4298507113e+01
48 5.9761626575e-01 4.1731882349e-02 5.1754975940e+00 3.1849135574e+01
49 5.9774757983e-01 4.2429647777e-02 5.0663320104e+00 3.0582824798e+01
50 5.9797299134e-01 4.3039911046e-02 4.9868962273e+00 2.9567239387e+01
51 5.9784962234e-01 4.2430489138e-02 5.0594942038e+00 3.0531009196e+01
52 5.9804355044e-01 4.3061819940e-02 4.9742225260e+00 2.9474523104e+01
53 5.9867426208e-01 4.4870766498e-02 4.7443203382e+00 2.6724549279e+01
54 5.9868336833e-01 4.4986297277e-02 4.7272734824e+00 2.6613131182e+01
55 5.9859310441e-01 4.4915363684e-02 4.7208214945e+00 2.6610260278e+01
56 5.9872270399e-01 4.5571714013e-02 4.6306231241e+00 2.5680875958e+01
57 5.9875647656e-01 4.5637416752e-02 4.6335347785e+00 2.5697934314e+01
58 5.9899479754e-01 4.6209599465e-02 4.5660208104e+00 2.4936849750e+01
59 5.9905747563e-01 4.7367898923e-02 4.6933463603e+00 2.6768265349e+01
60 5.9874673796e-01 4.6847984233e-02 4.7567025020e+00 2.7555374322e+01
61 5.9873396258e-01 4.6863263639e-02 4.7526402703e+00 2.7524833777e+01
62 5.9877038614e-01 4.6891203198e-02 4.7410754743e+00 2.7446525236e+01
63 5.9877643677e-01 4.6840145236e-02 4.7403736404e+00 2.7469795626e+01
64 5.9862803225e-01 4.6798976080e-02 4.7324512696e+00 2.7484370640e+01
65 5.9882101372e-01 4.7328749526e-02 4.6752151516e+00 2.6723404306e+01
66 5.9896756993e-01 4.7925001007e-02 4.5968123347e+00 2.5867662880e+01
67 5.9889763526e-01 4.7811049346e-02 4.5853332755e+00 2.5839925965e+01
68 5.9886717374e-01 4.7854862536e-02 4.5730004479e+00 2.5758817541e+01
69 5.9933541597e-01 4.8922842139e-02 4.4505497801e+00 2.4336098837e+01
70 5.9942100021e-01 4.9878259326e-02 4.5094515312e+00 2.5049581909e+01
71 5.9941793827e-01 4.9883153740e-02 4.5081619711e+00 2.5040977878e+01
72 5.9953038377e-01 4.9463975057e-02 4.3587274696e+00 2.3283349269e+01
73 5.9916227657e-01 4.8124852569e-02 4.3189681212e+00 2.2805607004e+01
74 6.0003877097e-01 5.0271078573e-02 4.1006462046e+00 2.0519154061e+01
75 6.0004201306e-01 5.0306468279e-02 4.0968113577e+00 2.0493968421e+01
76 6.0005065582e-01 5.0322719369e-02 4.0917500726e+00 2.0465324474e+01
77 6.0033044716e-01 5.0893234132e-02 4.0441013484e+00 1.9973823013e+01
78 6.0026136154e-01 5.0911976720e-02 4.0396194570e+00 1.9955752310e+01
79 6.0023752855e-01 5.0943566281e-02 4.0321191097e+00 1.9915460265e+01
80 6.0026578669e-01 5.0962031682e-02 4.0259158608e+00 1.9877820548e+01
81 6.0027284222e-01 5.0980241582e-02 4.0205635155e+00 1.9847713076e+01
82 6.0020700479e-01 5.0954488490e-02 4.0148724893e+00 1.9816668479e+01
83 6.0040391495e-01 5.1469262661e-02 3.9672879153e+00 1.9344890288e+01
84 6.0067399844e-01 5.2047061060e-02 3.9152913888e+00 1.8856461739e+01
85 6.0080931622e-01 5.2578272077e-02 3.8667341386e+00 1.8403405580e+01
86 6.0148827876e-01 5.5343300124e-02 3.9752094719e+00 1.9511015663e+01
87 6.0148657589e-01 5.5304980330e-02 3.9727489349e+00 1.9509584266e+01
88 6.0232525285e-01 5.7560051178e-02 3.9053290782e+00 1.8840914245e+01
89 6.0226322812e-01 5.7577021169e-02 3.9002880117e+00 1.8818132533e+01
90 6.0243762098e-01 5.8430626636e-02 3.9527545910e+00 1.9403719836e+01
91 6.0248858190e-01 5.8771021324e-02 3.9056461007e+00 1.9036445726e+01
92 6.0273705432e-01 5.9299073843e-02 3.8621222513e+00 1.8602547488e+01
93 6.0307444180e-01 6.0606913350e-02 3.8563734901e+00 1.8532403850e+01
94 6.0328816102e-01 6.1026365239e-02 3.8152046272e+00 1.8151962288e+01
95 6.0352769339e-01 6.1319148892e-02 3.7791471756e+00 1.7846565105e+01
96 6.0346020924e-01 6.1348219722e-02 3.7761729649e+00 1.7830229928e+01
97 6.0370899139e-01 6.1904792098e-02 3.7558331755e+00 1.7735492594e+01
98 6.0392879009e-01 6.2394212929e-02 3.7088759955e+00 1.7334847312e+01
99 6.0398294754e-01 6.3185970608e-02 3.7448310645e+00 1.7657125780e+01
100 6.0360441167e-01 6.2180771011e-02 3.7567862087e+00 1.7821137653e+01
101 6.0411559419e-01 6.3715721121e-02 3.7141868145e+00 1.7399205849e+01
102 6.0460514506e-01 6.4499821710e-02 3.6561002134e+00 1.6919218020e+01
103 6.0477302894e-01 6.4931523119e-02 3.6142761407e+00 1.6572134773e+01
104 6.0471906569e-01 6.4893698693e-02 3.6165436540e+00 1.6594565841e+01
105 6.0470991979e-01 6.5290157215e-02 3.6842742108e+00 1.7173215362e+01
106 6.0460184804e-01 6.4946051667e-02 3.6764490312e+00 1.7181331642e+01
107 6.0448467003e-01 6.4902847903e-02 3.6681757833e+00 1.7107129384e+01
108 6.0459373068e-01 6.5622736461e-02 3.6930234131e+00 1.7282151509e+01
109 6.0438207953e-01 6.4945082245e-02 3.6677879486e+00 1.7097298833e+01
110 6.0436223463e-01 6.4951857861e-02 3.6674156823e+00 1.7094732738e+01
111 6.0429531046e-01 6.4992844147e-02 3.6622336623e+00 1.7068035001e+01
112 6.0410763016e-01 6.4174811455e-02 3.6256815095e+00 1.6775877369e+01
113 6.0402136133e-01 6.4197956469e-02 3.6248984835e+00 1.6771834226e+01
114 6.0420880826e-01 6.4340681957e-02 3.5989754801e+00 1.6572791518e+01
115 6.0457285465e-01 6.5366488073e-02 3.5846732322e+00 1.6428102288e+01
116 6.0497618075e-01 6.6331801059e-02 3.5053958597e+00 1.5765855056e+01
117 6.0496495530e-01 6.6391150436e-02 3.5018831809e+00 1.5736327443e+01
118 6.0517015358e-01 6.6668792107e-02 3.4649157809e+00 1.5413469515e+01
119 6.0539177866e-01 6.6940366073e-02 3.4370802538e+00 1.5188317707e+01
120 6.0561579392e-01 6.7358268502e-02 3.4046065611e+00 1.4913392600e+01
121 6.0583922236e-01 6.7660021445e-02 3.3744318978e+00 1.4681084486e+01
122 6.0576364469e-01 6.8132318679e-02 3.4253602726e+00 1.5103434854e+01
123 6.0588071609e-01 6.8426934353e-02 3.3928630448e+00 1.4869557636e+01
124 6.0606621383e-01 6.8749084632e-02 3.3645439232e+00 1.4638904444e+01
125 6.0605430506e-01 6.8679684781e-02 3.3547991235e+00 1.4566907120e+01
126 6.0624372630e-01 6.8854781187e-02 3.3300361861e+00 1.4401523213e+01
127 6.0634927683e-01 6.9182455605e-02 3.2952016359e+00 1.4168547943e+01
128 6.0596527843e-01 6.8900361704e-02 3.3172265785e+00 1.4378334840e+01
129 6.0607531056e-01 6.9545511428e-02 3.3412784540e+00 1.4554601455e+01
130 6.0604026158e-01 6.9607030347e-02 3.3399004249e+00 1.4538884505e+01
131 6.0598918195e-01 6.9656448711e-02 3.3346037891e+00 1.4510423265e+01
132 6.0624158738e-01 6.9954491148e-02 3.3163743336e+00 1.4396114365e+01
133 6.0656124164e-01 7.1135534643e-02 3.3356706267e+00 1.4472056013e+01
134 6.0659138898e-01 7.1160994333e-02 3.3392694330e+00 1.4511175572e+01
135 6.0666937083e-01 7.0912588783e-02 3.2920387442e+00 1.4154341460e+01
136 6.0671342680e-01 7.0898230252e-02 3.2928702386e+00 1.4156664839e+01
137 6.0665339584e-01 7.0935672105e-02 3.2890896748e+00 1.4139059546e+01
138 6.0659071207e-01 7.0987582375e-02 3.2873018370e+00 1.4124316306e+01
139 6.0657015274e-01 7.0906197884e-02 3.2882751993e+00 1.4147112127e+01
140 6.0626427039e-01 6.9602885676e-02 3.2352846093e+00 1.3760929703e+01
141 6.0611604984e-01 6.8960660556e-02 3.2076522599e+00 1.3561208062e+01
142 6.0624753752e-01 6.9371344752e-02 3.1746590979e+00 1.3322553898e+01
143 6.0663189204e-01 7.0143366940e-02 3.1198714744e+00 1.2893985974e+01
144 6.0688760977e-01 7.0472891913e-02 3.0936192498e+00 1.2695180406e+01
145 6.0694630835e-01 7.0433471996e-02 3.0950787901e+00 1.2704936240e+01
146 6.0651462407e-01 6.9501471152e-02 3.0919624958e+00 1.2700697573e+01
147 6.0665595113e-01 6.9901215222e-02 3.0625545453e+00 1.2486008145e+01
148 6.0667437879e-01 6.9893040840e-02 3.0629789208e+00 1.2488548756e+01
149 6.0686950330e-01 7.0519459929e-02 3.0880856686e+00 1.2686073791e+01
150 6.0681951425e-01 7.0536368549e-02 3.0877418598e+00 1.2682776655e+01
151 6.0682562427e-01 7.0545144304e-02 3.0860678106e+00 1.2675674669e+01
152 6.0678807753e-01 7.0657671328e-02 3.0771089405e+00 1.2634191294e+01
153 6.0678226347e-01 7.0647529392e-02 3.0766486324e+00 1.2634910177e+01
154 6.0678739026e-01 7.0649274908e-02 3.0761691740e+00 1.2632806149e+01
155 6.0724339516e-01 7.1418239464e-02 3.0211363610e+00 1.2227181247e+01
156 6.0750574304e-01 7.1806884109e-02 2.9941572018e+00 1.2028403043e+01
157 6.0760931495e-01 7.1764493494e-02 2.9961156757e+00 1.2038697281e+01
158 6.0816088425e-01 7.3077416036e-02 2.9859347833e+00 1.2011899903e+01
159 6.0826033107e-01 7.3110589661e-02 2.9845956986e+00 1.1999760501e+01
160 6.0862980874e-01 7.3764565171e-02 2.9368044975e+00 1.1656691129e+01
161 6.0832737446e-01 7.3280354493e-02 2.9220555739e+00 1.1592272203e+01
162 6.0852611447e-01 7.3611350992e-02 2.9004342162e+00 1.1430278074e+01
163 6.0875600394e-01 7.4427424831e-02 2.8790700542e+00 1.1246362465e+01
164 6.0919803330e-01 7.5051639294e-02 2.8387899257e+00 1.0948474936e+01
165 6.0926613008e-01 7.4832548071e-02 2.7796876083e+00 1.0492793004e+01
166 6.0898702248e-01 7.4551736377e-02 2.7971266960e+00 1.0623303062e+01
167 6.0889493829e-01 7.4583938514e-02 2.7965991757e+00 1.0619168494e+01
168 6.0912347777e-01 7.4951820034e-02 2.7762877431e+00 1.0479722971e+01
169 6.0895389954e-01 7.4439507639e-02 2.7520836618e+00 1.0297175588e+01
170 6.0919838738e-01 7.4861395159e-02 2.7314475419e+00 1.0149987603e+01
171 6.0880090285e-01 7.3851989610e-02 2.7151471746e+00 1.0001275687e+01
172 6.0877818103e-01 7.4089457571e-02 2.7077333637e+00 9.9470313355e+00
173 6.0886889052e-01 7.4665868471e-02 2.7193347760e+00 1.0020567119e+01
174 6.0913218295e-01 7.4654031729e-02 2.6534100203e+00 9.5470996819e+00
175 6.0902182601e-01 7.4655982583e-02 2.6527721375e+00 9.5460619732e+00
176 6.0927052133e-01 7.4875393093e-02 2.6360653011e+00 9.4399987591e+00
177 6.0934793877e-01 7.4888827151e-02 2.6360316850e+00 9.4369433702e+00
178 6.0956349271e-01 7.5125320086e-02 2.6184650814e+00 9.3285585503e+00
179 6.0998415086e-01 7.5714191316e-02 2.5836361742e+00 9.1029608287e+00
180 6.0993508183e-01 7.5710807703e-02 2.5748380611e+00 9.0393939244e+00
181 6.0948298517e-01 7.4896594813e-02 2.5737944858e+00 9.0068645664e+00
182 6.0983725846e-01 7.5444210426e-02 2.5383920512e+00 8.7943662202e+00
183 6.0978265564e-01 7.5485430405e-02 2.5347616047e+00 8.7845752642e+00
184 6.0990592319e-01 7.6132404495e-02 2.5641631023e+00 9.0267222445e+00
185 6.0987825466e-01 7.6180063450e-02 2.5651444822e+00 9.0279044907e+00
186 6.0973778660e-01 7.6272421100e-02 2.5594065802e+00 9.0047263088e+00
187 6.0958601994e-01 7.5730100725e-02 2.5238484931e+00 8.7137353497e+00
188 6.0970437836e-01 7.6388009240e-02 2.5461531124e+00 8.9142784997e+00
189 6.0990401843e-01 7.6665995214e-02 2.5298352125e+00 8.8104542563e+00
190 6.0933340623e-01 7.6118915624e-02 2.5292440170e+00 8.8476491247e+00
191 6.0973426740e-01 7.6818391908e-02 2.4923430049e+00 8.6224757987e+00
192 6.0931148682e-01 7.5823211430e-02 2.4799116834e+00 8.5382561307e+00
193 6.0907848952e-01 7.5287911420e-02 2.4498056306e+00 8.3171242888e+00
194 6.0873277506e-01 7.4571830307e-02 2.4470837628e+00 8.2843395200e+00
195 6.0843790773e-01 7.4222546061e-02 2.4470196617e+00 8.2678967801e+00
196 6.0861046876e-01 7.4733031850e-02 2.4877876433e+00 8.6283726267e+00
197 6.0877576714e-01 7.5071635023e-02 2.4712088086e+00 8.5217946738e+00
198 6.0902968490e-01 7.5387043905e-02 2.4537922693e+00 8.4170752686e+00
199 6.0895579781e-01 7.5546092840e-02 2.4972736392e+00 8.7408500424e+00
200 6.0880033174e-01 7.5308110814e-02 2.5118915645e+00 8.8320701297e+00
201 6.0883711924e-01 7.5894664113e-02 2.5415710282e+00 9.0687646072e+00
202 6.0892172528e-01 7.6133320305e-02 2.5251303869e+00 8.9715269672e+00
203 6.0901486465e-01 7.6608001329e-02 2.5358344884e+00 9.0357516147e+00
204 6.0896010415e-01 7.6625905347e-02 2.5359395715e+00 9.0347345635e+00
205 6.0855159108e-01 7.5764192529e-02 2.5223201141e+00 8.9418177089e+00
206 6.0883375765e-01 7.6978628528e-02 2.5771784896e+00 9.3395966699e+00
207 6.0867052409e-01 7.6445802110e-02 2.5485210529e+00 9.1570641573e+00
208 6.0913493591e-01 7.7111482197e-02 2.5163160232e+00 8.9419947061e+00
209 6.0886588998e-01 7.6673975094e-02 2.5186671704e+00 8.9337834076e+00
210 6.0875474589e-01 7.6744271614e-02 2.5143957711e+00 8.9177129899e+00
211 6.0875768526e-01 7.6775939276e-02 2.5135437293e+00 8.9121950219e+00
212 6.0958215242e-01 7.8036967356e-02 2.4470280899e+00 8.4894575478e+00
213 6.0932270965e-01 7.7723747179e-02 2.4603327280e+00 8.5857500853e+00
214 6.0912360344e-01 7.7086649403e-02 2.4318280371e+00 8.3811451288e+00
215 6.0925267329e-01 7.7390298730e-02 2.4166599306e+00 8.2863466697e+00
216 6.0886612019e-01 7.7165143806e-02 2.4248319571e+00 8.3497991061e+00
217 6.0924085876e-01 7.8060828888e-02 2.4412267427e+00 8.4960861889e+00
218 6.0878505371e-01 7.7078847070e-02 2.4195752015e+00 8.3116912652e+00
219 6.0902070222e-01 7.7087972830e-02 2.3538452342e+00 7.8532552116e+00
220 6.0949015598e-01 7.7976808298e-02 2.3693618467e+00 8.0042663684e+00
221 6.0953659103e-01 7.8022083435e-02 2.3680596445e+00 7.9992627033e+00
222 6.0965753139e-01 7.8585842060e-02 2.3936451350e+00 8.1769105432e+00
223 6.0959346171e-01 7.8656789424e-02 2.3923650911e+00 8.1693238641e+00
224 6.0921725809e-01 7.7989456611e-02 2.3929982869e+00 8.1812032174e+00
225 6.0921010614e-01 7.7990737449e-02 2.3917646663e+00 8.1789751823e+00
226 6.0911091867e-01 7.8314291752e-02 2.4188820561e+00 8.3665135737e+00
227 6.0915128113e-01 7.8345899026e-02 2.4192645927e+00 8.3708840325e+00
228 6.0913900277e-01 7.8307602213e-02 2.4199166076e+00 8.3773833485e+00
229 6.0887540235e-01 7.8052200854e-02 2.4342881344e+00 8.4700625312e+00
230 6.0900170232e-01 7.8347961639e-02 2.4205440830e+00 8.3810696676e+00
231 6.0942293555e-01 7.8945619408e-02 2.3924039101e+00 8.2037516385e+00
232 6.0964904683e-01 7.9235898675e-02 2.3767518043e+00 8.1097649570e+00
233 6.1012055508e-01 7.9756039298e-02 2.3463496898e+00 7.9313904858e+00
234 6.1013659376e-01 7.9742623766e-02 2.3437910788e+00 7.9259608675e+00
235 6.1000620681e-01 8.0071656742e-02 2.3677087445e+00 8.0531168413e+00
236 6.1006154790e-01 8.0063925149e-02 2.3664044331e+00 8.0496548710e+00
237 6.0999927233e-01 8.0066401097e-02 2.3652922519e+00 8.0504749678e+00
238 6.0999868623e-01 8.0087992410e-02 2.3642856157e+00 8.0445836438e+00
239 6.0988133772e-01 8.0483928044e-02 2.4003946913e+00 8.2781817937e+00
240 6.0970938022e-01 8.0937381533e-02 2.4334535615e+00 8.4868249793e+00
241 6.0972050434e-01 8.0925716515e-02 2.4330180203e+00 8.4867555696e+00
242 6.0991555251e-01 8.1148651566e-02 2.4171392250e+00 8.3973148026e+00
243 6.0956862353e-01 8.1021652306e-02 2.4257212406e+00 8.4688325378e+00
244 6.0952262884e-01 8.1050184721e-02 2.4243002240e+00 8.4628071118e+00
245 6.0981126869e-01 8.2363212672e-02 2.4712472315e+00 8.8207205660e+00
246 6.0976771910e-01 8.2295935414e-02 2.4724001966e+00 8.8332679507e+00
247 6.0977167711e-01 8.2329857328e-02 2.4719389257e+00 8.8274650353e+00
248 6.0951850759e-01 8.2164652798e-02 2.4928026520e+00 8.9677343243e+00
249 6.0950888441e-01 8.2224228417e-02 2.4905074668e+00 8.9560998087e+00
250 6.0917658767e-01 8.1495368725e-02 2.4729551712e+00 8.8364391897e+00
251 6.0913425358e-01 8.1530735395e-02 2.4703055950e+00 8.8272892838e+00
252 6.0957262129e-01 8.2421889440e-02 2.4717509282e+00 8.8266125595e+00
253 6.0964171074e-01 8.2966850499e-02 2.4933278214e+00 8.9730831888e+00
254 6.0917403747e-01 8.2030281777e-02 2.4816131826e+00 8.8903998645e+00
255 6.0907819138e-01 8.1911068500e-02 2.4809121780e+00 8.8984914118e+00
256 6.0915943597e-01 8.2608108352e-02 2.5023989629e+00 9.0454699090e+00
257 6.0912690482e-01 8.2641213402e-02 2.4997228811e+00 9.0358377223e+00
258 6.0915815750e-01 8.2598411728e-02 2.4987346725e+00 9.0381333350e+00
259 6.0865327621e-01 8.1546142734e-02 2.5091779920e+00 9.1067656966e+00
260 6.0872629996e-01 8.1522915802e-02 2.5089968180e+00 9.1079406836e+00
261 6.0872444505e-01 8.1548901289e-02 2.5082375132e+00 9.1014439455e+00
262 6.0892059125e-01 8.1776817839e-02 2.4925415474e+00 9.0046741506e+00
263 6.0889633360e-01 8.1729666820e-02 2.4939694519e+00 9.0180447012e+00
264 6.0884471856e-01 8.1764848819e-02 2.4923981985e+00 9.0090477421e+00
265 6.0903286209e-01 8.2026881309e-02 2.4732707106e+00 8.9016352361e+00
266 6.0931517264e-01 8.1965944322e-02 2.4227766448e+00 8.5989393862e+00
267 6.0932606608e-01 8.2112223228e-02 2.4193568051e+00 8.5696554684e+00
268 6.0946250849e-01 8.2182217522e-02 2.4010899979e+00 8.4429857522e+00
269 6.0947866490e-01 8.2214773610e-02 2.4005863976e+00 8.4391805590e+00
270 6.0944848211e-01 8.2355008677e-02 2.4054439916e+00 8.5074530173e+00
271 6.0969980856e-01 8.3079149222e-02 2.4395780071e+00 8.7579096699e+00
272 6.0969444449e-01 8.2996897028e-02 2.4397428142e+00 8.7660993168e+00
273 6.1012077147e-01 8.3635337537e-02 2.4089283601e+00 8.5668722577e+00
274 6.1014756890e-01 8.3726067961e-02 2.4080610572e+00 8.5582604342e+00
275 6.1027863091e-01 8.4266104134e-02 2.4236559762e+00 8.6471537962e+00
276 6.1016094663e-01 8.4299670780e-02 2.4218388436e+00 8.6424079025e+00
277 6.0999142401e-01 8.4431820942e-02 2.4128799959e+00 8.6123705627e+00
278 6.0984165849e-01 8.4335460977e-02 2.4394182061e+00 8.8196821925e+00
279 6.0980955751e-01 8.4358775568e-02 2.4382807840e+00 8.8140616120e+00
280 6.0959589587e-01 8.3777761350e-02 2.4233827087e+00 8.7374151407e+00
281 6.0961662023e-01 8.3694025680e-02 2.4246759953e+00 8.7508359414e+00
282 6.0961109602e-01 8.3697220390e-02 2.4245710492e+00 8.7501578856e+00
283 6.0959035593e-01 8.3605662967e-02 2.3967290050e+00 8.5944062874e+00
284 6.0964492941e-01 8.3696347620e-02 2.3984165925e+00 8.6280529153e+00
285 6.0930682235e-01 8.3271869753e-02 2.3981442335e+00 8.6040762030e+00
286 6.0922011894e-01 8.3277390388e-02 2.3990674091e+00 8.6081714983e+00
287 6.0918181393e-01 8.3219081262e-02 2.3998702273e+00 8.6189902637e+00
288 6.0952802887e-01 8.3842565406e-02 2.3689961317e+00 8.4205601386e+00
289 6.0928261465e-01 8.3385748903e-02 2.3479113013e+00 8.3054173762e+00
290 6.0929062874e-01 8.3404701523e-02 2.3455911638e+00 8.2975793232e+00
291 6.0932209331e-01 8.3928876605e-02 2.3577078607e+00 8.3483444068e+00
292 6.0949621784e-01 8.4397972227e-02 2.3427997654e+00 8.2450133485e+00
293 6.0943806395e-01 8.4420970242e-02 2.3426488228e+00 8.2426392691e+00
294 6.0954133815e-01 8.4718106073e-02 2.3302798966e+00 8.1639538192e+00
295 6.0932458838e-01 8.3962076546e-02 2.2850181148e+00 7.8513900130e+00
296 6.0912581325e-01 8.3708846200e-02 2.2935928108e+00 7.8973383340e+00
297 6.0901944193e-01 8.3912764177e-02 2.3183425429e+00 8.0256822272e+00
298 6.0917688091e-01 8.4426158963e-02 2.3352629087e+00 8.1316173378e+00
299 6.0926651483e-01 8.4792870584e-02 2.3207394864e+00 8.0358498619e+00
300 6.0931071189e-01 8.5335403062e-02 2.3256183933e+00 8.0493588162e+00
301 6.0911568550e-01 8.4909966214e-02 2.3043805520e+00 7.9486166784e+00
302 6.0932540961e-01 8.5131974836e-02 2.2918013342e+00 7.8725837540e+00
303 6.0952276212e-01 8.5504636824e-02 2.2742586277e+00 7.7729247322e+00
304 6.0968063070e-01 8.5567347147e-02 2.2570031871e+00 7.6697574181e+00
305 6.0959055319e-01 8.5815354640e-02 2.2864395909e+00 7.8497775371e+00
306 6.0927053772e-01 8.5420298583e-02 2.3094503592e+00 7.9852975410e+00
307 6.0922617585e-01 8.6209446012e-02 2.3364149030e+00 8.1268044447e+00
308 6.0921241711e-01 8.6227693140e-02 2.3359665617e+00 8.1262639983e+00
309 6.0919409240e-01 8.6186415711e-02 2.3362329672e+00 8.1342170711e+00
310 6.0885333543e-01 8.5988088480e-02 2.3504201953e+00 8.2320710563e+00
311 6.0916710413e-01 8.7030871194e-02 2.3868505001e+00 8.4572408344e+00
312 6.0937338893e-01 8.7237145416e-02 2.3723168373e+00 8.3769474779e+00
313 6.0940890813e-01 8.7209040288e-02 2.3740425404e+00 8.3831858586e+00
314 6.0905942310e-01 8.6107025951e-02 2.3437909207e+00 8.2246119370e+00
315 6.0866668392e-01 8.5943992582e-02 2.3556187977e+00 8.2982033131e+00
316 6.0865185848e-01 8.6009550006e-02 2.3522837945e+00 8.2831871124e+00
317 6.0818817988e-01 8.5203490557e-02 2.3552014074e+00 8.3225546167e+00
318 6.0830285486e-01 8.5338281254e-02 2.3412488916e+00 8.2567380853e+00
319 6.0832677656e-01 8.5109292246e-02 2.3115315508e+00 8.1015831718e+00
320 6.0760024003e-01 8.3810844753e-02 2.3221576110e+00 8.2026175549e+00
321 6.0781978851e-01 8.4171995818e-02 2.3097739436e+00 8.1117076474e+00
322 6.0782616637e-01 8.4180709978e-02 2.3087087873e+00 8.1077905668e+00
323 6.0829178928e-01 8.5197285028e-02 2.3149851092e+00 8.1229391254e+00
324 6.0843937958e-01 8.5380936745e-02 2.3042372476e+00 8.0648372194e+00
325 6.0836431910e-01 8.5395210004e-02 2.3022307493e+00 8.0593530517e+00
326 6.0881111626e-01 8.6878042287e-02 2.3279473025e+00 8.2232978866e+00
327 6.0884007762e-01 8.7370456013e-02 2.3449189566e+00 8.3348972057e+00
328 6.0858978825e-01 8.6313643851e-02 2.3134351823e+00 8.1623933939e+00
329 6.0860102515e-01 8.6330079296e-02 2.3119264437e+00 8.1567360136e+00
330 6.0875061063e-01 8.6805067809e-02 2.3191606267e+00 8.1804321268e+00
331 6.0865409678e-01 8.6435679538e-02 2.3096148698e+00 8.1405693517e+00
332 6.0874720186e-01 8.6873775172e-02 2.3090157663e+00 8.1165470784e+00
333 6.0870051803e-01 8.6877446091e-02 2.3068884412e+00 8.1040172367e+00
334 6.0892863826e-01 8.7094967084e-02 2.2946831928e+00 8.0244987712e+00
335 6.0894427038e-01 8.7380342376e-02 2.2940798145e+00 7.9665191637e+00
336 6.0886116513e-01 8.7378698984e-02 2.2944904616e+00 7.9700722706e+00
337 6.0886886399e-01 8.7400528256e-02 2.2960437297e+00 7.9896513988e+00
338 6.0901856565e-01 8.7915798962e-02 2.3150055885e+00 8.0996088050e+00
339 6.0895060166e-01 8.7702397490e-02 2.3155578184e+00 8.1253364573e+00
340 6.0856919859e-01 8.6801680686e-02 2.3079798874e+00 8.0824102247e+00
341 6.0811925080e-01 8.5995733480e-02 2.3000059250e+00 8.0553311693e+00
342 6.0847121110e-01 8.6704408823e-02 2.2922851619e+00 7.9793354799e+00
343 6.0830054531e-01 8.6100152189e-02 2.2702640358e+00 7.8453709534e+00
344 6.0793881684e-01 8.5214862086e-02 2.2570745613e+00 7.7666295594e+00
345 6.0821598211e-01 8.5821388184e-02 2.2240334258e+00 7.5911122760e+00
346 6.0850885678e-01 8.5982963247e-02 2.2202924216e+00 7.5907703380e+00
347 6.0836568578e-01 8.5671714560e-02 2.2407206840e+00 7.7359852278e+00
348 6.0808115024e-01 8.4732250632e-02 2.2110795538e+00 7.5983883589e+00
349 6.0762486548e-01 8.3956300214e-02 2.2034545052e+00 7.5565292493e+00
350 6.0818749196e-01 8.5075199725e-02 2.1912424658e+00 7.4881270215e+00
351 6.0886409673e-01 8.6107662877e-02 2.1740500534e+00 7.3669552038e+00
352 6.0882994672e-01 8.6090411651e-02 2.1739695544e+00 7.3694168223e+00
353 6.0838704023e-01 8.5205589542e-02 2.1620393025e+00 7.2888327829e+00
354 6.0791068133e-01 8.4614593450e-02 2.1619495089e+00 7.3007998815e+00
355 6.0771501371e-01 8.4427359051e-02 2.1600404295e+00 7.3109634119e+00
356 6.0750351288e-01 8.4355367916e-02 2.1957238297e+00 7.5850242926e+00
357 6.0745960899e-01 8.4358598663e-02 2.1972215855e+00 7.5881680482e+00
358 6.0781997876e-01 8.5254729444e-02 2.1970404165e+00 7.5955271615e+00
359 6.0758721996e-01 8.5036110693e-02 2.2099629675e+00 7.6702381808e+00
360 6.0772718712e-01 8.5474250414e-02 2.2447179029e+00 7.9197168084e+00
361 6.0765198525e-01 8.5506491851e-02 2.2441141740e+00 7.9195687732e+00
362 6.0733648997e-01 8.5287379394e-02 2.2581371620e+00 8.0050233967e+00
363 6.0703768613e-01 8.5161379011e-02 2.2651763863e+00 8.0622416662e+00
364 6.0644440590e-01 8.4067142198e-02 2.2560062859e+00 8.0536658226e+00
365 6.0660184186e-01 8.4457966853e-02 2.2684870317e+00 8.1046479831e+00
