1 5.9282947138e-01 1.1102230246e-16 1.0000000000e+00 1.0000000000e+00
2 5.9280697810e-01 1.2176689007e-03 -7.4955728631e+00 1.8269246375e+02
3 5.9317175344e-01 1.0646491120e-02 2.0714098707e+01 4.5587012132e+02
4 5.9314307072e-01 1.0870332266e-02 1.9378853515e+01 4.2016786290e+02
5 5.9309491808e-01 1.1018149041e-02 1.8527074468e+01 3.9879735701e+02
6 5.9316256688e-01 1.1132812759e-02 1.7986747005e+01 3.8231752002e+02
7 5.9364910901e-01 1.5237943007e-02 1.4029556535e+01 2.1565590157e+02
8 5.9364091802e-01 1.5273065870e-02 1.3930516918e+01 2.1371662685e+02
9 5.9362286949e-01 1.5291953472e-02 1.3881325951e+01 2.1272971724e+02
10 5.9363141925e-01 1.5406853229e-02 1.3543087515e+01 2.0653410499e+02
11 5.9386281357e-01 1.7033039194e-02 1.2358914111e+01 1.6934827054e+02
12 5.9422182285e-01 1.8598055071e-02 1.1377469774e+01 1.4243457682e+02
13 5.9424813650e-01 1.8672288121e-02 1.1239979589e+01 1.4013865935e+02
14 5.9436793168e-01 2.0327427502e-02 1.0225008596e+01 1.1778760262e+02
15 5.9437746292e-01 2.0330342376e-02 1.0219157440e+01 1.1770092575e+02
16 5.9434995917e-01 2.0399059715e-02 1.0105695356e+01 1.1621321172e+02
17 5.9416380257e-01 2.0616233435e-02 9.7705987697e+00 1.1185260717e+02
18 5.9444235616e-01 2.1887657124e-02 9.3110577642e+00 1.0009554568e+02
19 5.9446641710e-01 2.1926195979e-02 9.2625857198e+00 9.9359544570e+01
20 5.9435411557e-01 2.2033460005e-02 9.1267375178e+00 9.7656612994e+01
21 5.9436676450e-01 2.2042729897e-02 9.1211685166e+00 9.7457633824e+01
22 5.9434172655e-01 2.2089877121e-02 9.0648277809e+00 9.6673272166e+01
23 5.9416639509e-01 2.2342020085e-02 8.7262572198e+00 9.2819511498e+01
24 5.9415246416e-01 2.2230389612e-02 8.6969980247e+00 9.2565017817e+01
25 5.9416235718e-01 2.2123452862e-02 8.6496748824e+00 9.1987480548e+01
26 5.9416026968e-01 2.2320655681e-02 8.5859008216e+00 9.1140130359e+01
27 5.9407811810e-01 2.2442748445e-02 8.4444701035e+00 8.9322039045e+01
28 5.9419539585e-01 2.3708330834e-02 8.0682640932e+00 8.0701157821e+01
29 5.9445119395e-01 2.4846877104e-02 7.7871382458e+00 7.4116302376e+01
30 5.9447053733e-01 2.4851401872e-02 7.7810530968e+00 7.4037280233e+01
31 5.9469163466e-01 2.5960447631e-02 7.5003502673e+00 6.8228811884e+01
32 5.9514975101e-01 2.7946734652e-02 7.0925638838e+00 5.9679325459e+01
33 5.9498891808e-01 2.8083765842e-02 6.9905896224e+00 5.8709759563e+01
34 5.9541873151e-01 3.0158081580e-02 6.6488912009e+00 5.2260890471e+01
35 5.9529998594e-01 3.0352109339e-02 6.5102230482e+00 5.1093603510e+01
36 5.9530448760e-01 3.0359344703e-02 6.5046869248e+00 5.1041627936e+01
37 5.9581771175e-01 3.2069435489e-02 6.2163090586e+00 4.5925488723e+01
38 5.9604743490e-01 3.2892669850e-02 6.0810049583e+00 4.3714777778e+01
39 5.9648750427e-01 3.4383339248e-02 5.8383521173e+00 3.9969136634e+01
40 5.9649688294e-01 3.4444807015e-02 5.8026986198e+00 3.9684021843e+01
41 5.9633694071e-01 3.4581736535e-02 5.7364426604e+00 3.9182238922e+01
42 5.9650355371e-01 3.5368857234e-02 5.6188889111e+00 3.7474049068e+01
43 5.9649232682e-01 3.5374102995e-02 5.6181115813e+00 3.7456924230e+01
44 5.9648891519e-01 3.5386354562e-02 5.6120627752e+00 3.7407628599e+01
45 5.9651139570e-01 3.5371514327e-02 5.6191701914e+00 3.7452520700e+01
46 5.9677258515e-01 3.6038288285e-02 5.5082180847e+00 3.5900227296e+01
47 5.9719589809e-01 3.7681353101e-02 5.3072218716e+00 3.3185349755e+01
48 5.9740375623e-01 3.8446354184e-02 5.1833225227e+00 3.1772998751e+01
49 5.9737723255e-01 3.8464556977e-02 5.1779644016e+00 3.1726658922e+01
50 5.9730799571e-01 3.8519203511e-02 5.1568061411e+00 3.1592022081e+01
51 5.9729156091e-01 3.8526525565e-02 5.1544277699e+00 3.1578472348e+01
52 5.9741481539e-01 3.9738882010e-02 5.3804158591e+00 3.5216503741e+01
53 5.9736757154e-01 3.9852800487e-02 5.3689684765e+00 3.5106925585e+01
54 5.9736616311e-01 3.9892939512e-02 5.3529596415e+00 3.4967615637e+01
55 5.9730947446e-01 3.9994366757e-02 5.3483894659e+00 3.4895244857e+01
56 5.9728477727e-01 4.0030321308e-02 5.3335537713e+00 3.4786231901e+01
57 5.9753156969e-01 4.0786879379e-02 5.2278332437e+00 3.3379529641e+01
58 5.9758459733e-01 4.0775811271e-02 5.2294965124e+00 3.3387422150e+01
59 5.9808556628e-01 4.1948252558e-02 5.0547758278e+00 3.1071191172e+01
60 5.9799224880e-01 4.2013092836e-02 5.0346005382e+00 3.0928457757e+01
61 5.9804994519e-01 4.1988104737e-02 5.0180138110e+00 3.0831394006e+01
62 5.9797046120e-01 4.2005407567e-02 5.0162387903e+00 3.0818860096e+01
63 5.9826574694e-01 4.2435221722e-02 4.9232606327e+00 2.9750137658e+01
64 5.9825938381e-01 4.2445749120e-02 4.9199910065e+00 2.9723683322e+01
65 5.9818645982e-01 4.2481178791e-02 4.9115305384e+00 2.9659370033e+01
66 5.9835670625e-01 4.3537763030e-02 5.0664469975e+00 3.1826596028e+01
67 5.9849385939e-01 4.4024950446e-02 4.9834505199e+00 3.0803554419e+01
68 5.9843880686e-01 4.3917638583e-02 4.9451893836e+00 3.0253391950e+01
69 5.9888032912e-01 4.5101274217e-02 4.7912258838e+00 2.8303959313e+01
70 5.9904709562e-01 4.5862208933e-02 4.7144121086e+00 2.7366806691e+01
71 5.9817880008e-01 4.2890046312e-02 4.5091038460e+00 2.4859414743e+01
72 5.9842171149e-01 4.3561781415e-02 4.4549182628e+00 2.4188474629e+01
73 5.9846669876e-01 4.3535990802e-02 4.4361332608e+00 2.4081356521e+01
74 5.9841133797e-01 4.3534336456e-02 4.4299844920e+00 2.4050383587e+01
75 5.9892648667e-01 4.4924001330e-02 4.3333856008e+00 2.2869527840e+01
76 5.9893529024e-01 4.4931825715e-02 4.3325261365e+00 2.2872094481e+01
77 5.9886044676e-01 4.4974364525e-02 4.3234568452e+00 2.2816950605e+01
78 5.9916080996e-01 4.6738390962e-02 4.4472064109e+00 2.4674986156e+01
79 5.9957138239e-01 4.7798765560e-02 4.3220280391e+00 2.3300505691e+01
80 5.9961565191e-01 4.7962555095e-02 4.3131484210e+00 2.3231585008e+01
81 5.9977946853e-01 4.8537986884e-02 4.2499557527e+00 2.2566365635e+01
82 6.0018854807e-01 4.9747096965e-02 4.1436883763e+00 2.1421635474e+01
83 6.0017516965e-01 4.9810356894e-02 4.1282308747e+00 2.1320457869e+01
84 6.0047151380e-01 5.0364615432e-02 4.0654746843e+00 2.0704876366e+01
85 6.0027019662e-01 4.9861395633e-02 4.1098187833e+00 2.1203404373e+01
86 6.0049983380e-01 5.0375000443e-02 4.0683831461e+00 2.0709068703e+01
87 6.0045994260e-01 5.0440568469e-02 4.0592361466e+00 2.0679601325e+01
88 6.0067933951e-01 5.0993866358e-02 3.9981183098e+00 2.0109684573e+01
89 6.0097459208e-01 5.2787704568e-02 4.1586033413e+00 2.1975915255e+01
90 6.0164556044e-01 5.3721829330e-02 3.8743415175e+00 1.8965385682e+01
91 6.0160619403e-01 5.3753821371e-02 3.8691904187e+00 1.8932009988e+01
92 6.0198646852e-01 5.4865501743e-02 3.7812128090e+00 1.8062365026e+01
93 6.0227256646e-01 5.5400597344e-02 3.7340870962e+00 1.7631743287e+01
94 6.0242771267e-01 5.5727033238e-02 3.6930669703e+00 1.7286841801e+01
95 6.0241394402e-01 5.5787029251e-02 3.6927502383e+00 1.7273815531e+01
96 6.0235122763e-01 5.5846829155e-02 3.6857797299e+00 1.7235334116e+01
97 6.0216804819e-01 5.5649899075e-02 3.7207143853e+00 1.7564980530e+01
98 6.0211736387e-01 5.5700481038e-02 3.7104858630e+00 1.7519099001e+01
99 6.0239218530e-01 5.6152941086e-02 3.6598168193e+00 1.7089430202e+01
100 6.0241021186e-01 5.6217508656e-02 3.6574421600e+00 1.7072929425e+01
101 6.0233054131e-01 5.6214634003e-02 3.6421756407e+00 1.6989689185e+01
102 6.0231083971e-01 5.6185520098e-02 3.6368777905e+00 1.6968445075e+01
103 6.0223708059e-01 5.6232189034e-02 3.6303216046e+00 1.6932552810e+01
104 6.0219815098e-01 5.6341435454e-02 3.6160474939e+00 1.6858546004e+01
105 6.0216986835e-01 5.6367076073e-02 3.6122546309e+00 1.6835422201e+01
106 6.0275634977e-01 5.8274801681e-02 3.6133267833e+00 1.6878442857e+01
107 6.0277675633e-01 5.8286934614e-02 3.6105752050e+00 1.6859663194e+01
108 6.0300240721e-01 5.8739420154e-02 3.5705343777e+00 1.6499124601e+01
109 6.0300127355e-01 5.8755042480e-02 3.5673536263e+00 1.6482185634e+01
110 6.0315925350e-01 5.9543328241e-02 3.6182840214e+00 1.6975816817e+01
111 6.0311549638e-01 5.9672858029e-02 3.6137374727e+00 1.6929633936e+01
112 6.0332863274e-01 6.0110410799e-02 3.5749188312e+00 1.6579890227e+01
113 6.0328128061e-01 6.0211631013e-02 3.5703828876e+00 1.6559951524e+01
114 6.0320659626e-01 6.0211497778e-02 3.5712315320e+00 1.6564522069e+01
115 6.0316759930e-01 6.0108707916e-02 3.5742556576e+00 1.6600815848e+01
116 6.0327004881e-01 6.0595160094e-02 3.5310759850e+00 1.6234278175e+01
117 6.0323821836e-01 6.0624884758e-02 3.5264978442e+00 1.6210830898e+01
118 6.0345311032e-01 6.0957441492e-02 3.4858327732e+00 1.5895945333e+01
119 6.0336503940e-01 6.0933538119e-02 3.4859801719e+00 1.5904200377e+01
120 6.0357908903e-01 6.0835477019e-02 3.3654722030e+00 1.4816464393e+01
121 6.0377717147e-01 6.1925534717e-02 3.4372986438e+00 1.5544396756e+01
122 6.0388300483e-01 6.2784712211e-02 3.5169794319e+00 1.6351319924e+01
123 6.0394226299e-01 6.3582684059e-02 3.5599562535e+00 1.6733411134e+01
124 6.0384063205e-01 6.3661172493e-02 3.5486881667e+00 1.6676992041e+01
125 6.0339944010e-01 6.2344231301e-02 3.5161520443e+00 1.6409485748e+01
126 6.0351719639e-01 6.3142422718e-02 3.5416283468e+00 1.6666840254e+01
127 6.0332038503e-01 6.2353598151e-02 3.4965456384e+00 1.6344557473e+01
128 6.0344749765e-01 6.1804273519e-02 3.3748890097e+00 1.5177354404e+01
129 6.0344496542e-01 6.1876107094e-02 3.3721441059e+00 1.5149065405e+01
130 6.0363380328e-01 6.2080783310e-02 3.3507272657e+00 1.4961114325e+01
131 6.0382530424e-01 6.2649142566e-02 3.3304181207e+00 1.4823788729e+01
132 6.0372872582e-01 6.3004796280e-02 3.4065307133e+00 1.5495063891e+01
133 6.0391953988e-01 6.3471017353e-02 3.3724891500e+00 1.5191343465e+01
134 6.0390289073e-01 6.3501882925e-02 3.3672332958e+00 1.5166817564e+01
135 6.0397016005e-01 6.3637466636e-02 3.3757920750e+00 1.5258326100e+01
136 6.0419070840e-01 6.4121107376e-02 3.3421299857e+00 1.4962907947e+01
137 6.0380682375e-01 6.3688691848e-02 3.3531092744e+00 1.5056461472e+01
138 6.0369647682e-01 6.3720509852e-02 3.3453367213e+00 1.5029241756e+01
139 6.0370071567e-01 6.3781314887e-02 3.3509915363e+00 1.5098964866e+01
140 6.0367467156e-01 6.3795401605e-02 3.3452209711e+00 1.5083240931e+01
141 6.0413374451e-01 6.4686868552e-02 3.2855014713e+00 1.4539502182e+01
142 6.0424738823e-01 6.5091511343e-02 3.2517082302e+00 1.4274121686e+01
143 6.0445401158e-01 6.5416033542e-02 3.2219924033e+00 1.4038225859e+01
144 6.0443945015e-01 6.5475648863e-02 3.2218172432e+00 1.4029291179e+01
145 6.0416092854e-01 6.5221152714e-02 3.2464581971e+00 1.4241190808e+01
146 6.0423486305e-01 6.5219965568e-02 3.2433161611e+00 1.4227651195e+01
147 6.0391317948e-01 6.4886770312e-02 3.2745095753e+00 1.4478997894e+01
148 6.0406076856e-01 6.5676600670e-02 3.3088030381e+00 1.4728439817e+01
149 6.0383781485e-01 6.5277370780e-02 3.3336371574e+00 1.4971249828e+01
150 6.0409937864e-01 6.5523822514e-02 3.3041013606e+00 1.4744342435e+01
151 6.0400188764e-01 6.5541861873e-02 3.2977314077e+00 1.4723294372e+01
152 6.0436866869e-01 6.6551138780e-02 3.2894442267e+00 1.4590475004e+01
153 6.0445790016e-01 6.6109942292e-02 3.2289256178e+00 1.4122156468e+01
154 6.0454006760e-01 6.6405064672e-02 3.2046164739e+00 1.3923620435e+01
155 6.0448232254e-01 6.6400799453e-02 3.2005324410e+00 1.3901801944e+01
156 6.0460786357e-01 6.6879847003e-02 3.1674362890e+00 1.3635037438e+01
157 6.0483114075e-01 6.7349158298e-02 3.1402588174e+00 1.3396153072e+01
158 6.0462540138e-01 6.7042938531e-02 3.1657086549e+00 1.3604433265e+01
159 6.0470582555e-01 6.7086354184e-02 3.1632590014e+00 1.3589813139e+01
160 6.0461911300e-01 6.7139258635e-02 3.1576862926e+00 1.3565742781e+01
161 6.0459455698e-01 6.7167393558e-02 3.1532168200e+00 1.3550219171e+01
162 6.0460344334e-01 6.7196757667e-02 3.1477485258e+00 1.3526095523e+01
163 6.0484401123e-01 6.7554710269e-02 3.1224068336e+00 1.3311885265e+01
164 6.0484243861e-01 6.7501114348e-02 3.1215225549e+00 1.3311780778e+01
165 6.0472594723e-01 6.7570410515e-02 3.1145386264e+00 1.3281604133e+01
166 6.0469451258e-01 6.7623750509e-02 3.1098302687e+00 1.3248369143e+01
167 6.0487621111e-01 6.8099361545e-02 3.0887321020e+00 1.3041683223e+01
168 6.0485945566e-01 6.8102791309e-02 3.0889616755e+00 1.3042112801e+01
169 6.0484143478e-01 6.8141616376e-02 3.0826781022e+00 1.3018086218e+01
170 6.0508400449e-01 6.8544403216e-02 3.0575495851e+00 1.2807357437e+01
171 6.0526729743e-01 6.8796237996e-02 3.0320849593e+00 1.2629292768e+01
172 6.0520492045e-01 6.8846832481e-02 3.0264788107e+00 1.2604973521e+01
173 6.0532180398e-01 6.8880325394e-02 3.0233360354e+00 1.2588035759e+01
174 6.0550572233e-01 6.9239091042e-02 2.9983175222e+00 1.2391923606e+01
175 6.0572319178e-01 6.9787011649e-02 3.0104527826e+00 1.2450125106e+01
176 6.0597556519e-01 7.0108163777e-02 2.9901962732e+00 1.2275648462e+01
177 6.0594820182e-01 7.0002827296e-02 2.9684866232e+00 1.2100846444e+01
178 6.0616934524e-01 7.0561795740e-02 2.9415674449e+00 1.1887880456e+01
179 6.0659632366e-01 7.1152703082e-02 2.9026265265e+00 1.1572271455e+01
180 6.0656738919e-01 7.1191961703e-02 2.8976391809e+00 1.1553069674e+01
181 6.0691258989e-01 7.2096862055e-02 2.9032384023e+00 1.1601917215e+01
182 6.0717330381e-01 7.3320260563e-02 2.9477447248e+00 1.1896329872e+01
183 6.0712501113e-01 7.3404586359e-02 2.9572311004e+00 1.1998030566e+01
184 6.0706840581e-01 7.3432888450e-02 2.9549855995e+00 1.1989816076e+01
185 6.0697589667e-01 7.3470136149e-02 2.9487449053e+00 1.1969639451e+01
186 6.0724299424e-01 7.3739636929e-02 2.9225726632e+00 1.1764762432e+01
187 6.0714402426e-01 7.4023372597e-02 2.9471008665e+00 1.1906469880e+01
188 6.0734540430e-01 7.4324443005e-02 2.9275774717e+00 1.1757562053e+01
189 6.0734032474e-01 7.4109765762e-02 2.8736934294e+00 1.1351171446e+01
190 6.0719298016e-01 7.3579523900e-02 2.8614514413e+00 1.1303699084e+01
191 6.0716255065e-01 7.3543498602e-02 2.8609127072e+00 1.1307061520e+01
192 6.0730038449e-01 7.4097685459e-02 2.8672013897e+00 1.1341104227e+01
193 6.0714898121e-01 7.3510603194e-02 2.8242285347e+00 1.1030255251e+01
194 6.0712777345e-01 7.3550874165e-02 2.8195520430e+00 1.1010150140e+01
195 6.0705731553e-01 7.3495441173e-02 2.8181643826e+00 1.1015276222e+01
196 6.0719298510e-01 7.4134172300e-02 2.8359302635e+00 1.1137193419e+01
197 6.0711775176e-01 7.4091339745e-02 2.8358133673e+00 1.1150849849e+01
198 6.0708229906e-01 7.4133166652e-02 2.8354960271e+00 1.1140491312e+01
199 6.0710848270e-01 7.3796699172e-02 2.7940129868e+00 1.0845496719e+01
200 6.0688936215e-01 7.3416742915e-02 2.8122167969e+00 1.0965778605e+01
201 6.0708538612e-01 7.3621656945e-02 2.7941293057e+00 1.0844364232e+01
202 6.0720408607e-01 7.3966365852e-02 2.7723227978e+00 1.0696402607e+01
203 6.0741305232e-01 7.4250071648e-02 2.7533947933e+00 1.0561971497e+01
204 6.0742915413e-01 7.4298745146e-02 2.7529531404e+00 1.0554758713e+01
205 6.0760242958e-01 7.4550773435e-02 2.7321488221e+00 1.0415754790e+01
206 6.0791624502e-01 7.5599324252e-02 2.7522493245e+00 1.0614727402e+01
207 6.0788391337e-01 7.5636542558e-02 2.7483476343e+00 1.0599796533e+01
208 6.0786871365e-01 7.5653551882e-02 2.7464842683e+00 1.0593190463e+01
209 6.0755682656e-01 7.5158648157e-02 2.7132488603e+00 1.0382943003e+01
210 6.0775438137e-01 7.5404355930e-02 2.6954961133e+00 1.0261376870e+01
211 6.0777867363e-01 7.5295081995e-02 2.6982908581e+00 1.0279279429e+01
212 6.0781237508e-01 7.6115332851e-02 2.7490108037e+00 1.0716183803e+01
213 6.0810728023e-01 7.6580754852e-02 2.7291173330e+00 1.0555723083e+01
214 6.0764398125e-01 7.5713741241e-02 2.7245065218e+00 1.0541128566e+01
215 6.0770345826e-01 7.5513777418e-02 2.6953521910e+00 1.0366147399e+01
216 6.0753343261e-01 7.4998759522e-02 2.6744054161e+00 1.0241740125e+01
217 6.0754928717e-01 7.5213230064e-02 2.7022686818e+00 1.0512071089e+01
218 6.0756700754e-01 7.5229869154e-02 2.6990363491e+00 1.0501125052e+01
219 6.0753021131e-01 7.5263079704e-02 2.6919513291e+00 1.0488074770e+01
220 6.0750243896e-01 7.5529588849e-02 2.6882064983e+00 1.0440861330e+01
221 6.0766319049e-01 7.6041482683e-02 2.6955356127e+00 1.0456323634e+01
222 6.0792034320e-01 7.6466983955e-02 2.6769144472e+00 1.0306871282e+01
223 6.0772792933e-01 7.5736160582e-02 2.6237619575e+00 9.8537815686e+00
224 6.0790649046e-01 7.6297451242e-02 2.6428741802e+00 9.9708900710e+00
225 6.0792464053e-01 7.6310434255e-02 2.6402821196e+00 9.9627755660e+00
226 6.0794560700e-01 7.6402918070e-02 2.6358210953e+00 9.9444459417e+00
227 6.0787044423e-01 7.6511472149e-02 2.6342550898e+00 9.9310137309e+00
228 6.0711000511e-01 7.5381642161e-02 2.6408588984e+00 1.0032439753e+01
229 6.0701334516e-01 7.5241631266e-02 2.6430651665e+00 1.0060839693e+01
230 6.0726121227e-01 7.5535424983e-02 2.6385680301e+00 1.0055919373e+01
231 6.0721325083e-01 7.5610585600e-02 2.6421130115e+00 1.0095754369e+01
232 6.0770517250e-01 7.6145011295e-02 2.6064248020e+00 9.8512999226e+00
233 6.0766113259e-01 7.6510160523e-02 2.6771934202e+00 1.0446721129e+01
234 6.0781713383e-01 7.6956197942e-02 2.6561373653e+00 1.0291597664e+01
235 6.0782594731e-01 7.6919238194e-02 2.6597816986e+00 1.0309618579e+01
236 6.0775821031e-01 7.6936870264e-02 2.6603844945e+00 1.0309614131e+01
237 6.0778578085e-01 7.6931489797e-02 2.6599985450e+00 1.0308583509e+01
238 6.0778957682e-01 7.6975124339e-02 2.6536177377e+00 1.0287343066e+01
239 6.0806976918e-01 7.7378344859e-02 2.6426755098e+00 1.0222312111e+01
240 6.0805118744e-01 7.7396748408e-02 2.6408119506e+00 1.0216171340e+01
241 6.0814156088e-01 7.8043422097e-02 2.6619686495e+00 1.0361346553e+01
242 6.0817900553e-01 7.8052830115e-02 2.6594122269e+00 1.0351551500e+01
243 6.0864875103e-01 7.8740581018e-02 2.6151773090e+00 1.0015265869e+01
244 6.0886306204e-01 7.8940862611e-02 2.6005139062e+00 9.9153555146e+00
245 6.0912667432e-01 7.9351193315e-02 2.5793254389e+00 9.7678339919e+00
246 6.0883210584e-01 7.8970731413e-02 2.5988999799e+00 9.9125471631e+00
247 6.0899244366e-01 7.9586557718e-02 2.6280570161e+00 1.0117792898e+01
248 6.0898052206e-01 7.9600860954e-02 2.6266501220e+00 1.0112585897e+01
249 6.0895607294e-01 7.9622013959e-02 2.6249420940e+00 1.0105586544e+01
250 6.0915003599e-01 7.9979441391e-02 2.6053891621e+00 9.9699100667e+00
251 6.0911851706e-01 7.9622949101e-02 2.5530525458e+00 9.6012776688e+00
252 6.0922677538e-01 8.0218792779e-02 2.5663518519e+00 9.6631258927e+00
253 6.0920781120e-01 8.0236317574e-02 2.5646928039e+00 9.6581888996e+00
254 6.0921781249e-01 8.0236312028e-02 2.5643289003e+00 9.6568815340e+00
255 6.0947165658e-01 8.0128317713e-02 2.4855298284e+00 9.0657170065e+00
256 6.0923290236e-01 7.9823869777e-02 2.5022170075e+00 9.1759118348e+00
257 6.0953937166e-01 8.0672671935e-02 2.5039261905e+00 9.1873117866e+00
258 6.0969141935e-01 8.1346833610e-02 2.5384495486e+00 9.4466596143e+00
259 6.0951999232e-01 8.0823216533e-02 2.5175912336e+00 9.3333168524e+00
260 6.0975284875e-01 8.1171304883e-02 2.5016269625e+00 9.2187011526e+00
261 6.0966214921e-01 8.1205993218e-02 2.5011531676e+00 9.2145798540e+00
262 6.0985561610e-01 8.1862668934e-02 2.5108638712e+00 9.2436124230e+00
263 6.1002416350e-01 8.1952745480e-02 2.4986409670e+00 9.1793436362e+00
264 6.0997960237e-01 8.1928646448e-02 2.5003855319e+00 9.1940520951e+00
265 6.0994058704e-01 8.1981223982e-02 2.4992406867e+00 9.1839796661e+00
266 6.0945985995e-01 8.1029152096e-02 2.4857862694e+00 9.1023486401e+00
267 6.0961011152e-01 8.1344273630e-02 2.4695718170e+00 8.9944808645e+00
268 6.0958150164e-01 8.1355649292e-02 2.4694358203e+00 8.9930130577e+00
269 6.0983370640e-01 8.1679438924e-02 2.4530403766e+00 8.8823465882e+00
270 6.0981267119e-01 8.1741244311e-02 2.4521935497e+00 8.8751667774e+00
271 6.0998672152e-01 8.2287077281e-02 2.4675339271e+00 8.9693329720e+00
272 6.1037790503e-01 8.2901425289e-02 2.4350793764e+00 8.7645482396e+00
273 6.1034500714e-01 8.2902274065e-02 2.4364963362e+00 8.7674518097e+00
274 6.1070654209e-01 8.3519767900e-02 2.4021513115e+00 8.5545697058e+00
275 6.1100682808e-01 8.4535966055e-02 2.4267609154e+00 8.6711342254e+00
276 6.1165209542e-01 8.4765336086e-02 2.3394645845e+00 8.1239788771e+00
277 6.1187421091e-01 8.4942386157e-02 2.3260665776e+00 8.0483146905e+00
278 6.1232910758e-01 8.5493779170e-02 2.2994427877e+00 7.8812864646e+00
279 6.1199896914e-01 8.4992293956e-02 2.2646184552e+00 7.6237940274e+00
280 6.1170482367e-01 8.4901647873e-02 2.2768196230e+00 7.7219928990e+00
281 6.1189803927e-01 8.5203928747e-02 2.2645707679e+00 7.6424442989e+00
282 6.1203676264e-01 8.5589795307e-02 2.2672288940e+00 7.6368731754e+00
283 6.1160593337e-01 8.4664793697e-02 2.2664234296e+00 7.6409138995e+00
284 6.1184830453e-01 8.4839049721e-02 2.2504326656e+00 7.5645673269e+00
285 6.1212057115e-01 8.5202951751e-02 2.2379436658e+00 7.4845894701e+00
286 6.1189230032e-01 8.4685330866e-02 2.2206313917e+00 7.3836415410e+00
287 6.1182568582e-01 8.4729944097e-02 2.2183905193e+00 7.3762720179e+00
288 6.1179354712e-01 8.4750998992e-02 2.2170658536e+00 7.3732769017e+00
289 6.1182501459e-01 8.4751181948e-02 2.2157051148e+00 7.3703020880e+00
290 6.1184388330e-01 8.4749417876e-02 2.2174153439e+00 7.3753245525e+00
291 6.1157993185e-01 8.4327682735e-02 2.2296436999e+00 7.4516967131e+00
292 6.1159074591e-01 8.4329800398e-02 2.2265809496e+00 7.4431356677e+00
293 6.1175376229e-01 8.4859577117e-02 2.2442589289e+00 7.5553089433e+00
294 6.1204521821e-01 8.5355654071e-02 2.2501215763e+00 7.6232355088e+00
295 6.1231264709e-01 8.5727967831e-02 2.2380665790e+00 7.5420713513e+00
296 6.1240732387e-01 8.5408941786e-02 2.2078000963e+00 7.3729343491e+00
297 6.1285444743e-01 8.5980938195e-02 2.1825144931e+00 7.2243101492e+00
298 6.1297422228e-01 8.6579298512e-02 2.2108889229e+00 7.3982129588e+00
299 6.1228142895e-01 8.5113893324e-02 2.1915144062e+00 7.2359753491e+00
300 6.1241690210e-01 8.5662615827e-02 2.2135628012e+00 7.3748357412e+00
301 6.1228600840e-01 8.5208007544e-02 2.2024238904e+00 7.3245629847e+00
302 6.1214683449e-01 8.4686879477e-02 2.1778448589e+00 7.1731732659e+00
303 6.1232681984e-01 8.5036855250e-02 2.1673891530e+00 7.0997888110e+00
304 6.1162921722e-01 8.3980130638e-02 2.1755122904e+00 7.1563157434e+00
305 6.1165662742e-01 8.3958210873e-02 2.1768133909e+00 7.1603513242e+00
306 6.1232253346e-01 8.5074755188e-02 2.1627331543e+00 7.1027825694e+00
307 6.1232873830e-01 8.5098163420e-02 2.1625965375e+00 7.1003171068e+00
308 6.1199852337e-01 8.4523463522e-02 2.1636185386e+00 7.1094019255e+00
309 6.1205223293e-01 8.4560790305e-02 2.1638349499e+00 7.1001827227e+00
310 6.1232264371e-01 8.4416403203e-02 2.1183997068e+00 6.8412634838e+00
311 6.1238251524e-01 8.4413333479e-02 2.1173252358e+00 6.8380699891e+00
312 6.1228135949e-01 8.4486689913e-02 2.1131232846e+00 6.8273562505e+00
313 6.1224927288e-01 8.4449921394e-02 2.1115082358e+00 6.8269954854e+00
314 6.1219538054e-01 8.4439896115e-02 2.1124514908e+00 6.8310315446e+00
315 6.1234938034e-01 8.4748218503e-02 2.1010709784e+00 6.7668077235e+00
316 6.1280310493e-01 8.5402400840e-02 2.0879197149e+00 6.6701638310e+00
317 6.1288673567e-01 8.5136386030e-02 2.0550039515e+00 6.4701063884e+00
318 6.1308221280e-01 8.5689758091e-02 2.0689012746e+00 6.5611851336e+00
319 6.1271698324e-01 8.4629078400e-02 2.0357665605e+00 6.3826043317e+00
320 6.1281762233e-01 8.4310529495e-02 2.0079516486e+00 6.2321596443e+00
321 6.1240424351e-01 8.3592852675e-02 1.9941433040e+00 6.1327970801e+00
322 6.1270474469e-01 8.4721506220e-02 2.0476098790e+00 6.4901715440e+00
323 6.1251592681e-01 8.4090686221e-02 2.0212829988e+00 6.3213900680e+00
324 6.1231994391e-01 8.3747801680e-02 2.0319964093e+00 6.3797624843e+00
325 6.1208304199e-01 8.3279164433e-02 2.0141670708e+00 6.2678610349e+00
326 6.1208884269e-01 8.3379505537e-02 2.0129815013e+00 6.2549979050e+00
327 6.1210970471e-01 8.3313879402e-02 2.0123156993e+00 6.2548269971e+00
328 6.1221130010e-01 8.3936083872e-02 2.0412140740e+00 6.4699908048e+00
329 6.1213673600e-01 8.3977766541e-02 2.0398563375e+00 6.4653404376e+00
330 6.1196480031e-01 8.3880978412e-02 2.0509505297e+00 6.5194900565e+00
331 6.1258428883e-01 8.5012413534e-02 2.0437415078e+00 6.4676595858e+00
332 6.1278858941e-01 8.5315754818e-02 2.0287422392e+00 6.3912040528e+00
333 6.1261471234e-01 8.4729432828e-02 2.0010305240e+00 6.1956613239e+00
334 6.1264542751e-01 8.4677866005e-02 1.9991292135e+00 6.1951105160e+00
335 6.1249780691e-01 8.4220756948e-02 1.9851868670e+00 6.1266324308e+00
336 6.1238236539e-01 8.4426139252e-02 2.0065402794e+00 6.2435705923e+00
337 6.1225245209e-01 8.4879406359e-02 2.0653631622e+00 6.6899404010e+00
338 6.1246435728e-01 8.5122285205e-02 2.0531327578e+00 6.6152375224e+00
339 6.1263050042e-01 8.5338219251e-02 2.0433879571e+00 6.5583964716e+00
340 6.1283692217e-01 8.5664990572e-02 2.0306139405e+00 6.4876252435e+00
341 6.1295963279e-01 8.5856979515e-02 2.0164095811e+00 6.4260864674e+00
342 6.1299124100e-01 8.6276765872e-02 2.0269495713e+00 6.4822009878e+00
343 6.1364741630e-01 8.7460411181e-02 2.0042112228e+00 6.3712740556e+00
344 6.1425783604e-01 8.8192430193e-02 1.9731019368e+00 6.1999254565e+00
345 6.1429679277e-01 8.8215237091e-02 1.9720008411e+00 6.1941865822e+00
346 6.1445878744e-01 8.8607139037e-02 1.9790533545e+00 6.2229184260e+00
347 6.1448966475e-01 8.8640040272e-02 1.9786030767e+00 6.2207336971e+00
348 6.1450252905e-01 8.8604102998e-02 1.9784306157e+00 6.2226833975e+00
349 6.1450495697e-01 8.8601247253e-02 1.9786306251e+00 6.2232070599e+00
350 6.1461798745e-01 8.9087584649e-02 1.9896564286e+00 6.2774717847e+00
351 6.1473591814e-01 8.9372314907e-02 1.9768504814e+00 6.2153428927e+00
352 6.1463275567e-01 8.8917445114e-02 1.9646242313e+00 6.1546409684e+00
353 6.1496952710e-01 8.9605205902e-02 1.9720301199e+00 6.2133298959e+00
354 6.1479059515e-01 8.9499605628e-02 1.9803018771e+00 6.2522515078e+00
355 6.1496259754e-01 8.9726860577e-02 1.9666029670e+00 6.1938775266e+00
356 6.1513037704e-01 8.9884823340e-02 1.9576769812e+00 6.1469837371e+00
357 6.1561346189e-01 9.1036946796e-02 1.9840629958e+00 6.3150013357e+00
358 6.1559010003e-01 9.1101300785e-02 1.9823243653e+00 6.3094911994e+00
359 6.1594285579e-01 9.1353910488e-02 1.9647453448e+00 6.2284350725e+00
360 6.1605106022e-01 9.1804020015e-02 1.9762764656e+00 6.2835494586e+00
361 6.1651449593e-01 9.2427557343e-02 1.9496744488e+00 6.1530250909e+00
362 6.1688540565e-01 9.3246360308e-02 1.9591799415e+00 6.2213230693e+00
363 6.1704639103e-01 9.3492787789e-02 1.9480131452e+00 6.1646340841e+00
364 6.1708950543e-01 9.4146077518e-02 1.9840399377e+00 6.3411718966e+00
365 6.1743534577e-01 9.4510352443e-02 1.9634325826e+00 6.2429989310e+00
