1 5.9282947138e-01 1.1102230246e-16 1.0000000000e+00 1.0000000000e+00
2 5.9281438414e-01 1.5962033959e-03 4.1302733423e-01 2.0969931399e+02
3 5.9278781277e-01 1.9909773009e-03 -2.9459949621e+00 1.2881299761e+02
4 5.9355179680e-01 1.2976783770e-02 1.7189737630e+01 3.0758993799e+02
5 5.9380876031e-01 1.4919194862e-02 1.5029235221e+01 2.3367937623e+02
6 5.9385420654e-01 1.4943799218e-02 1.4950198567e+01 2.3196861982e+02
7 5.9378991741e-01 1.5188267568e-02 1.4116844360e+01 2.1823797132e+02
8 5.9425459050e-01 1.8388942083e-02 1.1891494113e+01 1.5097703840e+02
9 5.9425984295e-01 1.8504158553e-02 1.1675738071e+01 1.4727751596e+02
10 5.9471517667e-01 2.1218381790e-02 1.0274433458e+01 1.1262798978e+02
11 5.9497001227e-01 2.2584374070e-02 9.7410382937e+00 1.0082918080e+02
12 5.9491235104e-01 2.2621875009e-02 9.6970907815e+00 1.0026473640e+02
13 5.9496843927e-01 2.3986556247e-02 8.9815847087e+00 8.7889444696e+01
14 5.9538583428e-01 2.6105063753e-02 8.1806120588e+00 7.3125852379e+01
15 5.9543228018e-01 2.6138644241e-02 8.1439593169e+00 7.2694929367e+01
16 5.9542782543e-01 2.6231452306e-02 8.0461285796e+00 7.1709550242e+01
17 5.9529647463e-01 2.6350850191e-02 7.9365928368e+00 7.0605744636e+01
18 5.9548720513e-01 2.7664398006e-02 7.6078711086e+00 6.5073293472e+01
19 5.9563200503e-01 2.8760530527e-02 7.2466968529e+00 5.9720235210e+01
20 5.9585289009e-01 2.9692285606e-02 7.0280275821e+00 5.5967504587e+01
21 5.9585559417e-01 2.9702414408e-02 7.0203451174e+00 5.5888778446e+01
22 5.9584477172e-01 2.9817975871e-02 6.9907054427e+00 5.5616193688e+01
23 5.9597870826e-01 3.0736494164e-02 6.7851631868e+00 5.2273622711e+01
24 5.9600904085e-01 3.0776460095e-02 6.7567740268e+00 5.1978293100e+01
25 5.9599132953e-01 3.0839862411e-02 6.7123366069e+00 5.1576332962e+01
26 5.9607124386e-01 3.0822038193e-02 6.7203604205e+00 5.1619227914e+01
27 5.9633241332e-01 3.1688801415e-02 6.5394689021e+00 4.8742694642e+01
28 5.9635957011e-01 3.1730397494e-02 6.5097397778e+00 4.8468373535e+01
29 5.9657399869e-01 3.2691698229e-02 6.3352207720e+00 4.5865715478e+01
30 5.9653477035e-01 3.2720531137e-02 6.3211628607e+00 4.5735835209e+01
31 5.9658948328e-01 3.2727875930e-02 6.3121454717e+00 4.5652736875e+01
32 5.9678005446e-01 3.3569967403e-02 6.1459176455e+00 4.3278421043e+01
33 5.9693091445e-01 3.4618041911e-02 5.9943335235e+00 4.1222669765e+01
34 5.9696522812e-01 3.4673987744e-02 5.9596100559e+00 4.0939304429e+01
35 5.9709983928e-01 3.5567222611e-02 5.8187366259e+00 3.9025398627e+01
36 5.9736024487e-01 3.6308712597e-02 5.6971204171e+00 3.7342743374e+01
37 5.9734899461e-01 3.6305720130e-02 5.6991490754e+00 3.7361936237e+01
38 5.9733044457e-01 3.6347419162e-02 5.6796299750e+00 3.7204823815e+01
39 5.9731298271e-01 3.6355486680e-02 5.6771075375e+00 3.7182796871e+01
40 5.9725285705e-01 3.6401577260e-02 5.6591780813e+00 3.7034900228e+01
41 5.9724405114e-01 3.6455206168e-02 5.6320616453e+00 3.6827519558e+01
42 5.9768908557e-01 3.7895938173e-02 5.4145247942e+00 3.3929820977e+01
43 5.9770042088e-01 3.7898111058e-02 5.4126896847e+00 3.3915570850e+01
44 5.9796894291e-01 3.8601874671e-02 5.3063029508e+00 3.2581002683e+01
45 5.9819306098e-01 3.9247443555e-02 5.2150306758e+00 3.1413628731e+01
46 5.9833764141e-01 3.9866046469e-02 5.0834044168e+00 3.0077383088e+01
47 5.9900861282e-01 4.1863533177e-02 4.8489072250e+00 2.7249741402e+01
48 5.9927861599e-01 4.2476349707e-02 4.7748638209e+00 2.6401073245e+01
49 5.9920127524e-01 4.2526625124e-02 4.7606560409e+00 2.6314288277e+01
50 5.9939360929e-01 4.3237622220e-02 4.6826713731e+00 2.5479390352e+01
51 6.0010954567e-01 4.5047748543e-02 4.4960727256e+00 2.3405911343e+01
52 6.0014347795e-01 4.5036315468e-02 4.4975888417e+00 2.3415897928e+01
53 6.0007573406e-01 4.5104590541e-02 4.4778065312e+00 2.3306595878e+01
54 6.0016452745e-01 4.5734727242e-02 4.4096626728e+00 2.2632669176e+01
55 6.0008040796e-01 4.5633067399e-02 4.4048200404e+00 2.2625590753e+01
56 6.0001460433e-01 4.5693533281e-02 4.3897849596e+00 2.2533952499e+01
57 6.0000483559e-01 4.5773639039e-02 4.3885023781e+00 2.2526788461e+01
58 6.0001721394e-01 4.5773625989e-02 4.3877257150e+00 2.2522051670e+01
59 6.0051139516e-01 4.6911609304e-02 4.2805028987e+00 2.1394763987e+01
60 6.0051986087e-01 4.6912882816e-02 4.2794750657e+00 2.1389504745e+01
61 6.0047980857e-01 4.6955471430e-02 4.2683613573e+00 2.1328831196e+01
62 6.0098680486e-01 4.8112186577e-02 4.1745039846e+00 2.0339039990e+01
63 6.0098247520e-01 4.8199880500e-02 4.1711824132e+00 2.0330884400e+01
64 6.0116976933e-01 4.8675578639e-02 4.1186856766e+00 1.9826313419e+01
65 6.0102038095e-01 4.8850227713e-02 4.0950650803e+00 1.9709682008e+01
66 6.0098050047e-01 4.8864754911e-02 4.0934878592e+00 1.9699846283e+01
67 6.0115942847e-01 4.9399865041e-02 4.0370550552e+00 1.9191034404e+01
68 6.0115579157e-01 4.9490913551e-02 4.0301702874e+00 1.9155425009e+01
69 6.0147526387e-01 5.1112434520e-02 4.1129258636e+00 2.0462193206e+01
70 6.0167291500e-01 5.1621740325e-02 4.0624099901e+00 1.9960653260e+01
71 6.0169800633e-01 5.1692840023e-02 4.0600498780e+00 1.9944734031e+01
72 6.0170495967e-01 5.1704905688e-02 4.0566051928e+00 1.9924067137e+01
73 6.0184342740e-01 5.2222302066e-02 4.0066756722e+00 1.9443752053e+01
74 6.0160686759e-01 5.1756350670e-02 4.0481500522e+00 1.9877497449e+01
75 6.0167403875e-01 5.1789720106e-02 4.0422191573e+00 1.9839015627e+01
76 6.0187029811e-01 5.2282416370e-02 3.9961991053e+00 1.9379058131e+01
77 6.0182592189e-01 5.2320579494e-02 3.9886165404e+00 1.9337604218e+01
78 6.0221338196e-01 5.3608929219e-02 4.0215852957e+00 1.9804765759e+01
79 6.0244316641e-01 5.3963840557e-02 3.9778319718e+00 1.9394942032e+01
80 6.0257591550e-01 5.3992568444e-02 3.9779431914e+00 1.9384577732e+01
81 6.0278543478e-01 5.4442872462e-02 3.9238875986e+00 1.8917905423e+01
82 6.0342957378e-01 5.6302566603e-02 3.9172215062e+00 1.8972618390e+01
83 6.0346439598e-01 5.6300567264e-02 3.9162678873e+00 1.8964917085e+01
84 6.0336462405e-01 5.6364009752e-02 3.9064399068e+00 1.8909067804e+01
85 6.0352544256e-01 5.6857570326e-02 3.8555135963e+00 1.8453035586e+01
86 6.0333708898e-01 5.6046064669e-02 3.7675776350e+00 1.7533855089e+01
87 6.0347138431e-01 5.6891924728e-02 3.8207862663e+00 1.8139038066e+01
88 6.0349223085e-01 5.6889257015e-02 3.8202796243e+00 1.8136794939e+01
89 6.0347411717e-01 5.6937089387e-02 3.8099447969e+00 1.8083017173e+01
90 6.0429596091e-01 5.9065549759e-02 3.7505997977e+00 1.7655156228e+01
91 6.0423986604e-01 5.9092774762e-02 3.7473919157e+00 1.7637722536e+01
92 6.0417541843e-01 5.9154926691e-02 3.7365205651e+00 1.7582626110e+01
93 6.0416930108e-01 5.9236336615e-02 3.7300346613e+00 1.7538085566e+01
94 6.0450276490e-01 6.0531846245e-02 3.7403003607e+00 1.7683360254e+01
95 6.0448891618e-01 6.0491500485e-02 3.7384787051e+00 1.7685131126e+01
96 6.0467389058e-01 6.0761781090e-02 3.7060775741e+00 1.7411028640e+01
97 6.0419861890e-01 5.9552433945e-02 3.6847464684e+00 1.7202613144e+01
98 6.0417923633e-01 5.9552927547e-02 3.6855102782e+00 1.7206848243e+01
99 6.0414019097e-01 5.9606416771e-02 3.6787491904e+00 1.7170389558e+01
100 6.0403807746e-01 5.8760732287e-02 3.6056784650e+00 1.6410060246e+01
101 6.0425718689e-01 5.9143186558e-02 3.5711277417e+00 1.6101996420e+01
102 6.0418144792e-01 5.9230203075e-02 3.5661831128e+00 1.6077112737e+01
103 6.0445274225e-01 5.9618434990e-02 3.5311987136e+00 1.5770187885e+01
104 6.0464840961e-01 5.9983070231e-02 3.4993113303e+00 1.5490792401e+01
105 6.0475466661e-01 5.9623087055e-02 3.4149409716e+00 1.4684325250e+01
106 6.0477100396e-01 5.9629564551e-02 3.4125088432e+00 1.4675062515e+01
107 6.0500980262e-01 6.0177701504e-02 3.3759950219e+00 1.4377570220e+01
108 6.0484289958e-01 5.9309620882e-02 3.3032343147e+00 1.3602707627e+01
109 6.0483552078e-01 5.9321538192e-02 3.3011592510e+00 1.3593844708e+01
110 6.0523038051e-01 6.0488722938e-02 3.3300118140e+00 1.3945254971e+01
111 6.0535285272e-01 6.1299220188e-02 3.3947636169e+00 1.4614763472e+01
112 6.0540456943e-01 6.2020196901e-02 3.4285292271e+00 1.4913199223e+01
113 6.0541672814e-01 6.1658425086e-02 3.3469490061e+00 1.4202982142e+01
114 6.0562795909e-01 6.2130926449e-02 3.3120206472e+00 1.3930111235e+01
115 6.0610015965e-01 6.2968393425e-02 3.2550828964e+00 1.3463721824e+01
116 6.0586263305e-01 6.2489262727e-02 3.2843054369e+00 1.3715219648e+01
117 6.0605583494e-01 6.2921137758e-02 3.2491518388e+00 1.3453108056e+01
118 6.0597458452e-01 6.3037111981e-02 3.2414069298e+00 1.3417450101e+01
119 6.0598990318e-01 6.3056089155e-02 3.2407698425e+00 1.3413296815e+01
120 6.0612174577e-01 6.3742377264e-02 3.2789393128e+00 1.3752991550e+01
121 6.0633287034e-01 6.4069946761e-02 3.2500272362e+00 1.3530597528e+01
122 6.0634393520e-01 6.4022664731e-02 3.2504249296e+00 1.3539563304e+01
123 6.0651599368e-01 6.4421231402e-02 3.2212779884e+00 1.3308154099e+01
124 6.0642666039e-01 6.4474365880e-02 3.2166616169e+00 1.3288258653e+01
125 6.0694181679e-01 6.5183572173e-02 3.1647292056e+00 1.2871130046e+01
126 6.0673871502e-01 6.4896025333e-02 3.1909420328e+00 1.3067020954e+01
127 6.0690434320e-01 6.5350415684e-02 3.1623663414e+00 1.2840611734e+01
128 6.0712097882e-01 6.5633287879e-02 3.1394878007e+00 1.2658878991e+01
129 6.0702310581e-01 6.5660921250e-02 3.1321591467e+00 1.2631712006e+01
130 6.0714149167e-01 6.6272372223e-02 3.1568626692e+00 1.2818918248e+01
131 6.0698714784e-01 6.5538868005e-02 3.1084893565e+00 1.2364174788e+01
132 6.0725964276e-01 6.5994055451e-02 3.0848551491e+00 1.2171456956e+01
133 6.0722137012e-01 6.6390785426e-02 3.1569209978e+00 1.2803132581e+01
134 6.0724960850e-01 6.6414906666e-02 3.1526816737e+00 1.2779937045e+01
135 6.0644380002e-01 6.4299972608e-02 3.1238539639e+00 1.2449126986e+01
136 6.0615603934e-01 6.3885677336e-02 3.1506811384e+00 1.2657459549e+01
137 6.0611037459e-01 6.3901452962e-02 3.1467335363e+00 1.2643777133e+01
138 6.0613156106e-01 6.4038094192e-02 3.1455562140e+00 1.2620942753e+01
139 6.0611194080e-01 6.4001616509e-02 3.1444407067e+00 1.2620497533e+01
140 6.0607661026e-01 6.3944373411e-02 3.1445287885e+00 1.2635466750e+01
141 6.0611089701e-01 6.3965447700e-02 3.1387758055e+00 1.2613939601e+01
142 6.0635594037e-01 6.4382671351e-02 3.1136701849e+00 1.2411468992e+01
143 6.0643198213e-01 6.4573908018e-02 3.0682866908e+00 1.2047375122e+01
144 6.0635367710e-01 6.4671168679e-02 3.0639834209e+00 1.2024747294e+01
145 6.0630791681e-01 6.4646998735e-02 3.0623896439e+00 1.2023986203e+01
146 6.0627612313e-01 6.4870217175e-02 3.0641186773e+00 1.2021973933e+01
147 6.0641170203e-01 6.5537309406e-02 3.0909430994e+00 1.2284646818e+01
148 6.0580499942e-01 6.4142648120e-02 3.0524226474e+00 1.1974370650e+01
149 6.0597315900e-01 6.4502291600e-02 3.0281997766e+00 1.1799265100e+01
150 6.0596624863e-01 6.4481741692e-02 3.0288525830e+00 1.1802203790e+01
151 6.0619320801e-01 6.4861603481e-02 3.0042074321e+00 1.1617934482e+01
152 6.0620201415e-01 6.4867537188e-02 3.0028847836e+00 1.1612096577e+01
153 6.0647626174e-01 6.4985124464e-02 2.9200537851e+00 1.0983012453e+01
154 6.0691470893e-01 6.5647651685e-02 2.8741164075e+00 1.0666926300e+01
155 6.0714565911e-01 6.5933409844e-02 2.8508815530e+00 1.0512978878e+01
156 6.0670665463e-01 6.5020293154e-02 2.8149387283e+00 1.0173776378e+01
157 6.0658320194e-01 6.5418984839e-02 2.8846380843e+00 1.0805477762e+01
158 6.0693567075e-01 6.6944080544e-02 2.9948849728e+00 1.1875531002e+01
159 6.0724125357e-01 6.7978650863e-02 3.0144839474e+00 1.2105779031e+01
160 6.0763663281e-01 6.8660969130e-02 2.9675809367e+00 1.1759939089e+01
161 6.0757359295e-01 6.8696819069e-02 2.9647609032e+00 1.1747095637e+01
162 6.0758705469e-01 6.8442333173e-02 2.9367460757e+00 1.1487110747e+01
163 6.0762976587e-01 6.8434521519e-02 2.9361874820e+00 1.1484571079e+01
164 6.0740407021e-01 6.7995789836e-02 2.9482806612e+00 1.1553066120e+01
165 6.0735512111e-01 6.8018491802e-02 2.9469637132e+00 1.1546514759e+01
166 6.0735983765e-01 6.8020590217e-02 2.9462545892e+00 1.1544550883e+01
167 6.0733589639e-01 6.8029372721e-02 2.9460452003e+00 1.1542828513e+01
168 6.0757233018e-01 6.8367992504e-02 2.9223907123e+00 1.1371065809e+01
169 6.0764548554e-01 6.8441261169e-02 2.9225366114e+00 1.1364242272e+01
170 6.0761139514e-01 6.8488219712e-02 2.9163678544e+00 1.1340791602e+01
171 6.0791939164e-01 6.8931036526e-02 2.8928354683e+00 1.1156518896e+01
172 6.0797362712e-01 6.8972506813e-02 2.8933582204e+00 1.1157993352e+01
173 6.0845151615e-01 6.9588027173e-02 2.8498861279e+00 1.0850228446e+01
174 6.0843002853e-01 6.9677257542e-02 2.8494966783e+00 1.0834641067e+01
175 6.0771633349e-01 6.7660671731e-02 2.8113663754e+00 1.0463733717e+01
176 6.0764362331e-01 6.7641423408e-02 2.8082321416e+00 1.0449216146e+01
177 6.0764583006e-01 6.7987306860e-02 2.8600161717e+00 1.0886688725e+01
178 6.0780699274e-01 6.8667370861e-02 2.8941304333e+00 1.1184727016e+01
179 6.0792638036e-01 6.9349635847e-02 2.9260815714e+00 1.1451828454e+01
180 6.0794641591e-01 6.9321819479e-02 2.9276482768e+00 1.1459278128e+01
181 6.0814633810e-01 6.9769348569e-02 2.9224075020e+00 1.1463847255e+01
182 6.0812651303e-01 6.9762090471e-02 2.9211175386e+00 1.1457829182e+01
183 6.0829205141e-01 7.0504549934e-02 2.9572607104e+00 1.1766148960e+01
184 6.0866131096e-01 7.1495800811e-02 2.9624578251e+00 1.1825029272e+01
185 6.0871946812e-01 7.1483489737e-02 2.9619581888e+00 1.1823151477e+01
186 6.0902576939e-01 7.1278918592e-02 2.8792202421e+00 1.1192391870e+01
187 6.0837776687e-01 6.9990476457e-02 2.8825639322e+00 1.1179002770e+01
188 6.0960568911e-01 7.2582906037e-02 2.8604325761e+00 1.1063952307e+01
189 6.1031001785e-01 7.3665003344e-02 2.7990663718e+00 1.0608550157e+01
190 6.1051773834e-01 7.3951608478e-02 2.7794680126e+00 1.0472773274e+01
191 6.1074952986e-01 7.4268840187e-02 2.7587460644e+00 1.0331208267e+01
192 6.1072533412e-01 7.4304126352e-02 2.7551113509e+00 1.0315625605e+01
193 6.1118392763e-01 7.4980642443e-02 2.7102394133e+00 1.0026496267e+01
194 6.1124502378e-01 7.5022780328e-02 2.7072976418e+00 1.0009974421e+01
195 6.1143635434e-01 7.5346455971e-02 2.6877350280e+00 9.8774794543e+00
196 6.1139436056e-01 7.5380827204e-02 2.6848826100e+00 9.8661691997e+00
197 6.1162902232e-01 7.5741077218e-02 2.6663119758e+00 9.7365418535e+00
198 6.1206844723e-01 7.6414943682e-02 2.6320215031e+00 9.4995936472e+00
199 6.1160753141e-01 7.5524643194e-02 2.6224763141e+00 9.4182483212e+00
200 6.1162382775e-01 7.5582172223e-02 2.6216784244e+00 9.4142098957e+00
201 6.1156668748e-01 7.4970156922e-02 2.5936951473e+00 9.2063842500e+00
202 6.1176704957e-01 7.5285602079e-02 2.5760631378e+00 9.0911886798e+00
203 6.1156074722e-01 7.4669892990e-02 2.5375539500e+00 8.7786131588e+00
204 6.1117179387e-01 7.3784372712e-02 2.5242224206e+00 8.6543926381e+00
205 6.1131359385e-01 7.4347673178e-02 2.5472227729e+00 8.8214141838e+00
206 6.1158323814e-01 7.5209513771e-02 2.5421327198e+00 8.7934852642e+00
207 6.1149035107e-01 7.4631550321e-02 2.5174577907e+00 8.6125893048e+00
208 6.1148482042e-01 7.4638709423e-02 2.5168223566e+00 8.6101088202e+00
209 6.1153495513e-01 7.4837659019e-02 2.5175354183e+00 8.6072468240e+00
210 6.1154346833e-01 7.4892487323e-02 2.5153715876e+00 8.5987247206e+00
211 6.1152712267e-01 7.4922793443e-02 2.5118762334e+00 8.5887248885e+00
212 6.1170449847e-01 7.5177826914e-02 2.4876872968e+00 8.4808019466e+00
213 6.1193735944e-01 7.5443460248e-02 2.4698911590e+00 8.3795433802e+00
214 6.1197196480e-01 7.5435190106e-02 2.4696026086e+00 8.3785337471e+00
215 6.1243979481e-01 7.6781200956e-02 2.5106031908e+00 8.7392007079e+00
216 6.1243491074e-01 7.6913027855e-02 2.5053427029e+00 8.7154323384e+00
217 6.1289193564e-01 7.7436618109e-02 2.4723536180e+00 8.5178456598e+00
218 6.1287816355e-01 7.7387338501e-02 2.4732659065e+00 8.5303890989e+00
219 6.1315063128e-01 7.7828575820e-02 2.4507625784e+00 8.3992446927e+00
220 6.1294844868e-01 7.7561313779e-02 2.4644281121e+00 8.4900701869e+00
221 6.1292760016e-01 7.7540030660e-02 2.4653420498e+00 8.4991216389e+00
222 6.1285356215e-01 7.7595213608e-02 2.4613544539e+00 8.4860284738e+00
223 6.1312597039e-01 7.7886624349e-02 2.4424511118e+00 8.3768392401e+00
224 6.1331847172e-01 7.8388531773e-02 2.4280993228e+00 8.2819021305e+00
225 6.1338602754e-01 7.8478765097e-02 2.4213713281e+00 8.2516085125e+00
226 6.1360403881e-01 7.8759368558e-02 2.4008911698e+00 8.1431904836e+00
227 6.1345299693e-01 7.8777258258e-02 2.3978258694e+00 8.1371791829e+00
228 6.1353789132e-01 7.9381401017e-02 2.4171932633e+00 8.2798987116e+00
229 6.1350809803e-01 7.9417331268e-02 2.4158964303e+00 8.2745092033e+00
230 6.1349598883e-01 7.9437699290e-02 2.4139317222e+00 8.2681220276e+00
231 6.1347121926e-01 7.9417481718e-02 2.4121784601e+00 8.2637125666e+00
232 6.1343012264e-01 7.9309347379e-02 2.4089481970e+00 8.2660866143e+00
233 6.1364801810e-01 7.9765132028e-02 2.4175243289e+00 8.3117008560e+00
234 6.1387564143e-01 7.9988453730e-02 2.4019356795e+00 8.2213379760e+00
235 6.1404838112e-01 8.0284861816e-02 2.3838700569e+00 8.1082995330e+00
236 6.1408108915e-01 8.0331333453e-02 2.3854328239e+00 8.1109240200e+00
237 6.1428913548e-01 8.0663532218e-02 2.3701734564e+00 8.0164685430e+00
238 6.1389848149e-01 7.9881336900e-02 2.3689794175e+00 8.0086960040e+00
239 6.1381051714e-01 7.9853030146e-02 2.3684747246e+00 8.0135961105e+00
240 6.1379823445e-01 7.9908895125e-02 2.3668079591e+00 8.0066864060e+00
241 6.1407735617e-01 8.0216920512e-02 2.3543724126e+00 7.9283642758e+00
242 6.1405458618e-01 8.0209641294e-02 2.3523131902e+00 7.9255435439e+00
243 6.1375515915e-01 7.9942214799e-02 2.3687296761e+00 8.0179831475e+00
244 6.1389228946e-01 8.0483799375e-02 2.3896846377e+00 8.1581982220e+00
245 6.1384500727e-01 8.0466805991e-02 2.3895608177e+00 8.1604231716e+00
246 6.1386070930e-01 8.0601603974e-02 2.3918555067e+00 8.1660306745e+00
247 6.1426829789e-01 8.0814484644e-02 2.3517970363e+00 7.9343537575e+00
248 6.1470615713e-01 8.1352389583e-02 2.3202189314e+00 7.7570534323e+00
249 6.1461313575e-01 8.1403358047e-02 2.3162127529e+00 7.7467544302e+00
250 6.1470245550e-01 8.1910576677e-02 2.3379040425e+00 7.9052020659e+00
251 6.1442345217e-01 8.1661037232e-02 2.3494367034e+00 7.9819219888e+00
252 6.1502060575e-01 8.2563340717e-02 2.3300222115e+00 7.8570104370e+00
253 6.1477969993e-01 8.2348812480e-02 2.3434752657e+00 7.9348412036e+00
254 6.1478337225e-01 8.2338774729e-02 2.3444550674e+00 7.9380399459e+00
255 6.1502928919e-01 8.2493671283e-02 2.3303954452e+00 7.8671379506e+00
256 6.1526292300e-01 8.2712238830e-02 2.3141445893e+00 7.7849071969e+00
257 6.1482295963e-01 8.1958104300e-02 2.3075131463e+00 7.7440855176e+00
258 6.1484468615e-01 8.1959211712e-02 2.3065551279e+00 7.7412859206e+00
259 6.1516995288e-01 8.3018150407e-02 2.3387884330e+00 7.9370521492e+00
260 6.1516961312e-01 8.3072429659e-02 2.3387848135e+00 7.9332096274e+00
261 6.1540191459e-01 8.3465316427e-02 2.3257133356e+00 7.8440343877e+00
262 6.1536567688e-01 8.3507745161e-02 2.3225128943e+00 7.8330803998e+00
263 6.1541103840e-01 8.3255752946e-02 2.2926817754e+00 7.6483117764e+00
264 6.1585946677e-01 8.3720291582e-02 2.2477236720e+00 7.3320341247e+00
265 6.1556641666e-01 8.3042510286e-02 2.2533027958e+00 7.3676316776e+00
266 6.1548585740e-01 8.3083404237e-02 2.2522187428e+00 7.3623314612e+00
267 6.1531262362e-01 8.2657027289e-02 2.2418656391e+00 7.3315631914e+00
268 6.1534805160e-01 8.2562899574e-02 2.2395726619e+00 7.3255483821e+00
269 6.1549642386e-01 8.2985083301e-02 2.2515787625e+00 7.4053825317e+00
270 6.1561092965e-01 8.3659336864e-02 2.2914656415e+00 7.7182334183e+00
271 6.1556483271e-01 8.3707546471e-02 2.2889902457e+00 7.7084528319e+00
272 6.1586393680e-01 8.4659832102e-02 2.3016806002e+00 7.7609585981e+00
273 6.1572043377e-01 8.4727644177e-02 2.3436607065e+00 8.0660982531e+00
274 6.1599331845e-01 8.5048309631e-02 2.3277876375e+00 7.9703355936e+00
275 6.1597771155e-01 8.5191425933e-02 2.3506261889e+00 8.0960692221e+00
276 6.1592498555e-01 8.5220928915e-02 2.3495063275e+00 8.0911162869e+00
277 6.1567573815e-01 8.5139656508e-02 2.3593880067e+00 8.1448263646e+00
278 6.1517383726e-01 8.3688637398e-02 2.3234041805e+00 7.8688532493e+00
279 6.1480133759e-01 8.3015858559e-02 2.3274566566e+00 7.9057846354e+00
280 6.1538305458e-01 8.4221383180e-02 2.3338192836e+00 7.9290672601e+00
281 6.1533355419e-01 8.4255473915e-02 2.3322192164e+00 7.9220898012e+00
282 6.1530628692e-01 8.4274510308e-02 2.3310756854e+00 7.9185556696e+00
283 6.1509067294e-01 8.3908454763e-02 2.3244847942e+00 7.9132556748e+00
284 6.1506954944e-01 8.3916305304e-02 2.3245418475e+00 7.9126006997e+00
285 6.1470411765e-01 8.3386975834e-02 2.3504139046e+00 8.0665780296e+00
286 6.1456241524e-01 8.2871900356e-02 2.3352318332e+00 7.9820264548e+00
287 6.1451797061e-01 8.2876610452e-02 2.3352517091e+00 7.9824470867e+00
288 6.1424530813e-01 8.2586933868e-02 2.3496406410e+00 8.0720240157e+00
289 6.1453551946e-01 8.3099401859e-02 2.3420511836e+00 7.9978245569e+00
290 6.1485831325e-01 8.3790065207e-02 2.3351613094e+00 7.9647345908e+00
291 6.1506266392e-01 8.4304046902e-02 2.3513426270e+00 8.0680595425e+00
292 6.1534474817e-01 8.5269994124e-02 2.3812880145e+00 8.2463354936e+00
293 6.1534565848e-01 8.5373510732e-02 2.3775002829e+00 8.2275544923e+00
294 6.1528820706e-01 8.5423498442e-02 2.3761085430e+00 8.2205516027e+00
295 6.1552694008e-01 8.5548571616e-02 2.3606944818e+00 8.1455521334e+00
296 6.1602021762e-01 8.6042558615e-02 2.3475886108e+00 8.1015183724e+00
297 6.1660413174e-01 8.6986811550e-02 2.3287811309e+00 7.9775645133e+00
298 6.1616227912e-01 8.6412974468e-02 2.3358456328e+00 8.0361055013e+00
299 6.1571464133e-01 8.5622435660e-02 2.3370444504e+00 8.0612886578e+00
300 6.1589057568e-01 8.5905106806e-02 2.3219106745e+00 7.9729795426e+00
301 6.1607625668e-01 8.6079237420e-02 2.3075162284e+00 7.9001622191e+00
302 6.1601372656e-01 8.6097072412e-02 2.3064824331e+00 7.8972477361e+00
303 6.1558436140e-01 8.5306857815e-02 2.3000515197e+00 7.8645236792e+00
304 6.1601669471e-01 8.6709147139e-02 2.3301398397e+00 8.0009898432e+00
305 6.1598346689e-01 8.6728225826e-02 2.3293537806e+00 7.9978789123e+00
306 6.1601132262e-01 8.6753142530e-02 2.3320338912e+00 8.0185931977e+00
307 6.1601964731e-01 8.6751986602e-02 2.3318483026e+00 8.0180868262e+00
308 6.1663547690e-01 8.8594414597e-02 2.3738646576e+00 8.2249792711e+00
309 6.1690663085e-01 8.8698542070e-02 2.3386784354e+00 8.0226876034e+00
310 6.1705806031e-01 8.9167235254e-02 2.3490809870e+00 8.0756719590e+00
311 6.1704605349e-01 8.9139754455e-02 2.3487748026e+00 8.0778915173e+00
312 6.1714364646e-01 8.8764339596e-02 2.3134521824e+00 7.8566523503e+00
313 6.1671079257e-01 8.8003888793e-02 2.3095363824e+00 7.8417541891e+00
314 6.1672805970e-01 8.7767673818e-02 2.2869670546e+00 7.7187530703e+00
315 6.1653395359e-01 8.7354268833e-02 2.2784985302e+00 7.6865115295e+00
316 6.1674994621e-01 8.7873742142e-02 2.2956810748e+00 7.7834990606e+00
317 6.1662490862e-01 8.7553718952e-02 2.2859314030e+00 7.7322071990e+00
318 6.1663465234e-01 8.7604342361e-02 2.2811412931e+00 7.7084447111e+00
319 6.1679527324e-01 8.7926611931e-02 2.2659270387e+00 7.6203456073e+00
320 6.1689238827e-01 8.8148339509e-02 2.2944867704e+00 7.8521614686e+00
321 6.1691816834e-01 8.8222406482e-02 2.2939081071e+00 7.8448204261e+00
322 6.1665161455e-01 8.7809093647e-02 2.3068649196e+00 7.9386287381e+00
323 6.1707920120e-01 8.8654362483e-02 2.3052010916e+00 7.9107225280e+00
324 6.1721404324e-01 8.9018750621e-02 2.3051310648e+00 7.8923496615e+00
325 6.1702478370e-01 8.8659779179e-02 2.3056876750e+00 7.9135326552e+00
326 6.1749479035e-01 8.9236280382e-02 2.2747522122e+00 7.7408163494e+00
327 6.1736892666e-01 8.9254864629e-02 2.2743927792e+00 7.7409424410e+00
328 6.1668282939e-01 8.8305026681e-02 2.2899057965e+00 7.8533733355e+00
329 6.1646204473e-01 8.8164352121e-02 2.3014281231e+00 7.9173113450e+00
330 6.1652379004e-01 8.8742462068e-02 2.3229833290e+00 8.0461783211e+00
331 6.1625255543e-01 8.8544671974e-02 2.3354696440e+00 8.1229152259e+00
332 6.1605662036e-01 8.8080097790e-02 2.3223705805e+00 8.0626115249e+00
333 6.1610721428e-01 8.8129279235e-02 2.3218116719e+00 8.0549125231e+00
334 6.1611154038e-01 8.8050041675e-02 2.3232034987e+00 8.0657739478e+00
335 6.1618992167e-01 8.8089407982e-02 2.3197697904e+00 8.0502684667e+00
336 6.1578111829e-01 8.7400523240e-02 2.3217516047e+00 8.0680275378e+00
337 6.1604082791e-01 8.7557360596e-02 2.3082887273e+00 7.9982767489e+00
338 6.1582669083e-01 8.7244750810e-02 2.3192415829e+00 8.0717241159e+00
339 6.1579833207e-01 8.7311157096e-02 2.3262449311e+00 8.1300365416e+00
340 6.1581668728e-01 8.7927563359e-02 2.3455057478e+00 8.2489678616e+00
341 6.1549233751e-01 8.7655399288e-02 2.3567918614e+00 8.3313048039e+00
342 6.1568774587e-01 8.7970452058e-02 2.3411852304e+00 8.2388200931e+00
343 6.1532511111e-01 8.7054597691e-02 2.3132459340e+00 8.1221924978e+00
344 6.1542155710e-01 8.7503499310e-02 2.3183128712e+00 8.1239940061e+00
345 6.1523522606e-01 8.7560746785e-02 2.3163619271e+00 8.1172908587e+00
346 6.1562560158e-01 8.9130760124e-02 2.3553103340e+00 8.3140795070e+00
347 6.1493074312e-01 8.7208613841e-02 2.3245264551e+00 8.1586438227e+00
348 6.1460295721e-01 8.6020203016e-02 2.2882101377e+00 7.9822831755e+00
349 6.1460610327e-01 8.6014229769e-02 2.2874296289e+00 7.9789930877e+00
350 6.1504430509e-01 8.6445179339e-02 2.2599835736e+00 7.8248036330e+00
351 6.1477327360e-01 8.6128796483e-02 2.2718033486e+00 7.9052571695e+00
352 6.1477483718e-01 8.6122347161e-02 2.2727807903e+00 7.9063412191e+00
353 6.1544778221e-01 8.7041198452e-02 2.2377812364e+00 7.6833587508e+00
354 6.1524781640e-01 8.6791294509e-02 2.2496004986e+00 7.7584698898e+00
355 6.1551195981e-01 8.7093112616e-02 2.2305935304e+00 7.6649518319e+00
356 6.1565706963e-01 8.7471709126e-02 2.2307351592e+00 7.6419301895e+00
357 6.1574040727e-01 8.7433700296e-02 2.2295684666e+00 7.6429336939e+00
358 6.1608325079e-01 8.8197825768e-02 2.2369060903e+00 7.6991952029e+00
359 6.1588171327e-01 8.8070862522e-02 2.2621092496e+00 7.8809084969e+00
360 6.1583436903e-01 8.7336182637e-02 2.2330850013e+00 7.7548517615e+00
361 6.1578475033e-01 8.7342799619e-02 2.2341582303e+00 7.7576107395e+00
362 6.1578332871e-01 8.7279518615e-02 2.2337762677e+00 7.7616647545e+00
363 6.1575082917e-01 8.7553387349e-02 2.2577646161e+00 7.9022735196e+00
364 6.1533353292e-01 8.6770712800e-02 2.2605452286e+00 7.9467054959e+00
365 6.1525458837e-01 8.6735379337e-02 2.2607776490e+00 7.9531983221e+00
