1 5.9282947138e-01 1.1102230246e-16 1.0000000000e+00 1.0000000000e+00
2 5.9314361776e-01 1.0700041783e-02 2.0329647953e+01 4.4742287615e+02
3 5.9313128413e-01 1.0875666502e-02 1.9378283858e+01 4.1952091187e+02
4 5.9317740576e-01 1.3538726899e-02 1.4921157492e+01 2.6229350291e+02
5 5.9312873396e-01 1.3671603082e-02 1.4448720868e+01 2.5262510154e+02
6 5.9362595215e-01 1.7214719720e-02 1.2087440818e+01 1.6576465612e+02
7 5.9354885046e-01 1.7485997387e-02 1.1930220435e+01 1.6343032294e+02
8 5.9342949188e-01 1.7598131453e-02 1.1696432608e+01 1.5968964467e+02
9 5.9345808916e-01 1.7647352365e-02 1.1594176905e+01 1.5784800112e+02
10 5.9349086654e-01 1.7696946401e-02 1.1491956271e+01 1.5600834753e+02
11 5.9370495008e-01 1.9186102185e-02 1.0756326159e+01 1.3391694703e+02
12 5.9405463524e-01 2.1852026444e-02 9.6102958214e+00 1.0440681851e+02
13 5.9406305198e-01 2.1853361870e-02 9.6080814319e+00 1.0436562196e+02
14 5.9404659049e-01 2.1861672058e-02 9.5985834666e+00 1.0423662169e+02
15 5.9446509927e-01 2.4392298666e-02 8.7161552267e+00 8.4911068601e+01
16 5.9446966188e-01 2.4416603114e-02 8.6884291251e+00 8.4568341346e+01
17 5.9466302255e-01 2.5670814219e-02 8.3209316203e+00 7.7435572800e+01
18 5.9452535003e-01 2.5777908663e-02 8.2221591470e+00 7.6350678334e+01
19 5.9476136343e-01 2.6791949730e-02 7.9425849610e+00 7.0690023089e+01
20 5.9467221163e-01 2.6886567977e-02 7.8591441448e+00 6.9820006788e+01
21 5.9481974131e-01 2.8634104679e-02 8.3704607813e+00 8.2190014880e+01
22 5.9524612793e-01 3.0515978240e-02 7.7321906094e+00 6.9853423727e+01
23 5.9523521194e-01 3.0530235034e-02 7.7217132209e+00 6.9734668002e+01
24 5.9518845518e-01 3.0586253449e-02 7.6787669103e+00 6.9280247676e+01
25 5.9514281799e-01 3.0660522915e-02 7.6215897723e+00 6.8666709712e+01
26 5.9531900290e-01 3.1556815742e-02 7.3635432624e+00 6.3879247973e+01
27 5.9532556766e-01 3.1559642536e-02 7.3609396787e+00 6.3850252796e+01
28 5.9530654795e-01 3.1590514064e-02 7.3405490914e+00 6.3619687039e+01
29 5.9569448182e-01 3.3234102508e-02 6.8782927443e+00 5.5791081736e+01
30 5.9592829671e-01 3.4031794657e-02 6.6936718134e+00 5.2645043622e+01
31 5.9590392367e-01 3.4041339761e-02 6.6890803723e+00 5.2606236055e+01
32 5.9602831304e-01 3.4513513334e-02 6.5105544670e+00 5.0093138196e+01
33 5.9601456573e-01 3.4518602299e-02 6.5087282939e+00 5.0074036533e+01
34 5.9596525689e-01 3.4575117473e-02 6.4782752052e+00 4.9788082452e+01
35 5.9595167166e-01 3.4630009187e-02 6.4462071003e+00 4.9487376203e+01
36 5.9622481196e-01 3.5428474679e-02 6.2719471421e+00 4.6753230767e+01
37 5.9642344679e-01 3.6197478499e-02 6.1184290409e+00 4.4387638042e+01
38 5.9661447084e-01 3.6966480534e-02 5.9479358147e+00 4.2056799052e+01
39 5.9657124732e-01 3.6998919385e-02 5.9346522234e+00 4.1938188721e+01
40 5.9683809837e-01 3.7859316398e-02 5.8173528932e+00 4.0075516256e+01
41 5.9675606426e-01 3.7915509884e-02 5.7952517594e+00 3.9891375980e+01
42 5.9661447900e-01 3.7987188172e-02 5.7696843309e+00 3.9681699706e+01
43 5.9680977325e-01 3.8699484448e-02 5.6478493093e+00 3.7955906869e+01
44 5.9684384755e-01 3.8793299001e-02 5.6377632375e+00 3.7837401915e+01
45 5.9701258072e-01 3.9550657703e-02 5.4965551044e+00 3.6055509412e+01
46 5.9698608863e-01 3.9508148601e-02 5.4846658888e+00 3.5997798340e+01
47 5.9699481370e-01 3.9516706738e-02 5.4801070938e+00 3.5962032966e+01
48 5.9707765949e-01 4.0666018835e-02 5.6047784948e+00 3.7855374418e+01
49 5.9733458502e-01 4.1305271879e-02 5.4995602939e+00 3.6367789560e+01
50 5.9739890087e-01 4.2467076546e-02 5.6214873338e+00 3.8177327753e+01
51 5.9760061205e-01 4.3150763384e-02 5.5187658403e+00 3.6686590265e+01
52 5.9757793583e-01 4.3170985266e-02 5.5124574168e+00 3.6629683144e+01
53 5.9781846504e-01 4.3625330231e-02 5.4229940134e+00 3.5454680338e+01
54 5.9781733624e-01 4.3639255857e-02 5.4177640423e+00 3.5410181035e+01
55 5.9821077569e-01 4.5301207363e-02 5.4174224201e+00 3.5445818357e+01
56 5.9783518495e-01 4.3680651656e-02 5.4086042212e+00 3.5440605967e+01
57 5.9770478780e-01 4.3777779398e-02 5.3760096344e+00 3.5200861920e+01
58 5.9784693278e-01 4.4472939490e-02 5.2443184628e+00 3.3690480339e+01
59 5.9806294416e-01 4.5135309371e-02 5.1530748187e+00 3.2461989263e+01
60 5.9834105168e-01 4.5838246634e-02 5.0698070509e+00 3.1322713680e+01
61 5.9826078587e-01 4.5858897892e-02 5.0454569746e+00 3.1181582839e+01
62 5.9827807029e-01 4.6320703741e-02 4.9500379722e+00 3.0161751578e+01
63 5.9836380542e-01 4.6373976243e-02 4.9304943107e+00 2.9990443557e+01
64 5.9860233142e-01 4.6957597642e-02 4.8456899326e+00 2.8979829832e+01
65 5.9899721872e-01 4.7902390557e-02 4.6987709240e+00 2.7283072527e+01
66 5.9900384167e-01 4.7845470381e-02 4.6979408788e+00 2.7306959035e+01
67 5.9858861112e-01 4.6206039187e-02 4.6387833780e+00 2.6636841722e+01
68 5.9870328988e-01 4.6860074952e-02 4.5477332894e+00 2.5697114706e+01
69 5.9964200092e-01 4.8947960207e-02 4.3204976742e+00 2.3029540501e+01
70 5.9964914511e-01 4.8967240582e-02 4.3142380817e+00 2.2991591433e+01
71 5.9960523543e-01 4.9073387585e-02 4.3003303655e+00 2.2883989283e+01
72 5.9932368685e-01 4.8502498983e-02 4.3520663128e+00 2.3495706228e+01
73 5.9932891770e-01 4.8504578788e-02 4.3511541678e+00 2.3489808709e+01
74 5.9976923670e-01 4.9578692964e-02 4.2499993610e+00 2.2449118617e+01
75 5.9972059577e-01 4.9606388806e-02 4.2448781246e+00 2.2416499779e+01
76 5.9969627403e-01 4.9628149583e-02 4.2401812706e+00 2.2385883906e+01
77 5.9963346972e-01 4.9786128207e-02 4.2276417606e+00 2.2310198657e+01
78 5.9961387415e-01 4.9675452309e-02 4.2260497279e+00 2.2343712452e+01
79 6.0000339346e-01 5.0546632295e-02 4.1254976511e+00 2.1285469422e+01
80 5.9971933982e-01 5.0225051479e-02 4.1792295491e+00 2.1868553167e+01
81 5.9997319931e-01 5.0819819692e-02 4.1257719803e+00 2.1287273362e+01
82 5.9997976741e-01 5.0747767385e-02 4.1304761065e+00 2.1340568973e+01
83 5.9997767630e-01 5.0759401839e-02 4.1273858504e+00 2.1321985234e+01
84 6.0024341981e-01 5.1303785328e-02 4.0772269547e+00 2.0783892682e+01
85 6.0039781815e-01 5.1906875864e-02 4.0266714662e+00 2.0264828687e+01
86 6.0053841554e-01 5.2399961606e-02 3.9705439633e+00 1.9743668133e+01
87 6.0067134792e-01 5.3294383538e-02 4.0476023702e+00 2.0624724718e+01
88 6.0066909324e-01 5.3276403975e-02 4.0419451289e+00 2.0611590257e+01
89 6.0061501211e-01 5.3311978593e-02 4.0355131249e+00 2.0574460200e+01
90 6.0061888302e-01 5.3271737182e-02 4.0319840445e+00 2.0569865317e+01
91 6.0052399419e-01 5.3278195338e-02 4.0096525116e+00 2.0371022343e+01
92 6.0051452922e-01 5.3300340460e-02 4.0031819535e+00 2.0344329309e+01
93 6.0044378864e-01 5.3203520722e-02 3.9960089448e+00 2.0320725403e+01
94 6.0041226201e-01 5.3169193370e-02 3.9916172248e+00 2.0303286713e+01
95 6.0035087536e-01 5.3215817995e-02 3.9825649092e+00 2.0253022808e+01
96 6.0046839212e-01 5.3820603905e-02 3.9265855183e+00 1.9708393845e+01
97 6.0072337135e-01 5.4266875708e-02 3.8801071566e+00 1.9160292336e+01
98 6.0074978398e-01 5.4277120951e-02 3.8766258996e+00 1.9138397547e+01
99 6.0054981008e-01 5.3834419737e-02 3.9157013949e+00 1.9553627595e+01
100 6.0054529603e-01 5.3970431090e-02 3.9104571556e+00 1.9491719715e+01
101 6.0071032306e-01 5.4493061021e-02 3.8585903383e+00 1.9001163702e+01
102 6.0118566808e-01 5.5410849999e-02 3.7706814621e+00 1.8154438711e+01
103 6.0175957121e-01 5.6285236957e-02 3.6958316537e+00 1.7407536894e+01
104 6.0168562963e-01 5.6327458166e-02 3.6901564294e+00 1.7376001768e+01
105 6.0167745569e-01 5.6332343979e-02 3.6896426219e+00 1.7372094093e+01
106 6.0172832233e-01 5.6286905208e-02 3.6855270384e+00 1.7363016221e+01
107 6.0169207116e-01 5.6338298040e-02 3.6863120107e+00 1.7352037516e+01
108 6.0217750290e-01 5.8043560946e-02 3.6612453255e+00 1.7101352477e+01
109 6.0262059321e-01 5.8853833129e-02 3.5875191215e+00 1.6433523847e+01
110 6.0273869490e-01 5.9343615589e-02 3.5439111636e+00 1.6072732251e+01
111 6.0279731622e-01 5.9334480688e-02 3.5427097142e+00 1.6068590973e+01
112 6.0300918946e-01 5.9917433660e-02 3.5061856291e+00 1.5737227986e+01
113 6.0346847407e-01 6.0716317733e-02 3.4426142598e+00 1.5167905966e+01
114 6.0344075371e-01 6.0742642154e-02 3.4385146900e+00 1.5149057223e+01
115 6.0319583485e-01 6.0462170174e-02 3.4642944921e+00 1.5381357417e+01
116 6.0338181611e-01 6.0789591121e-02 3.4321395423e+00 1.5117166333e+01
117 6.0350751926e-01 6.1299288544e-02 3.3842035455e+00 1.4772030098e+01
118 6.0353160223e-01 6.1123153716e-02 3.3620798325e+00 1.4540439919e+01
119 6.0364957630e-01 6.1570434842e-02 3.3191855159e+00 1.4234489289e+01
120 6.0405600860e-01 6.2720777633e-02 3.3397798710e+00 1.4454182974e+01
121 6.0383326163e-01 6.2220429462e-02 3.3697014084e+00 1.4722796870e+01
122 6.0401040918e-01 6.2717907078e-02 3.3321447160e+00 1.4421639522e+01
123 6.0424599028e-01 6.3015223901e-02 3.3030988862e+00 1.4192400497e+01
124 6.0414789216e-01 6.3111933818e-02 3.3029759145e+00 1.4176406404e+01
125 6.0349924128e-01 6.1581749661e-02 3.3076252978e+00 1.4188500555e+01
126 6.0403641771e-01 6.3543471500e-02 3.3861657607e+00 1.4993914339e+01
127 6.0399560930e-01 6.3584102248e-02 3.3805070788e+00 1.4965281125e+01
128 6.0431455204e-01 6.4433483763e-02 3.3059493171e+00 1.4392371709e+01
129 6.0477657987e-01 6.5205876683e-02 3.2531475774e+00 1.3929662357e+01
130 6.0488623703e-01 6.5968962626e-02 3.2854658231e+00 1.4201100094e+01
131 6.0486603977e-01 6.5998350600e-02 3.2809721118e+00 1.4180896617e+01
132 6.0515375353e-01 6.6359716353e-02 3.2512342904e+00 1.3941883659e+01
133 6.0501878636e-01 6.6460438654e-02 3.2394651354e+00 1.3887170278e+01
134 6.0507801192e-01 6.6015983419e-02 3.1754468598e+00 1.3400179842e+01
135 6.0494072231e-01 6.5725181390e-02 3.1969201624e+00 1.3582891654e+01
136 6.0476748492e-01 6.5024245643e-02 3.1641287021e+00 1.3317062089e+01
137 6.0504056966e-01 6.5329325420e-02 3.1409558554e+00 1.3124799949e+01
138 6.0517417955e-01 6.5794438191e-02 3.1030807274e+00 1.2863322326e+01
139 6.0543995186e-01 6.6138126774e-02 3.0775041983e+00 1.2661123830e+01
140 6.0544728895e-01 6.6152294245e-02 3.0744690960e+00 1.2649986369e+01
141 6.0498319177e-01 6.5303971275e-02 3.0702430047e+00 1.2642174436e+01
142 6.0486867716e-01 6.5420734107e-02 3.0635094494e+00 1.2609576477e+01
143 6.0468414210e-01 6.5075299344e-02 3.0803299757e+00 1.2785292950e+01
144 6.0464908607e-01 6.5102436864e-02 3.0776816068e+00 1.2770729413e+01
145 6.0468330411e-01 6.5148689869e-02 3.0749805069e+00 1.2750041702e+01
146 6.0489989242e-01 6.5530691151e-02 3.0514277019e+00 1.2553028697e+01
147 6.0470113648e-01 6.4744014116e-02 3.0034470521e+00 1.2142679551e+01
148 6.0473385567e-01 6.4753019078e-02 3.0002053695e+00 1.2130508867e+01
149 6.0491004328e-01 6.5325364507e-02 3.0383206797e+00 1.2449952246e+01
150 6.0502428496e-01 6.6036209622e-02 3.0792109407e+00 1.2802306880e+01
151 6.0571258142e-01 6.7435668418e-02 3.0020040192e+00 1.2157533794e+01
152 6.0597914016e-01 6.8993085210e-02 3.0801832397e+00 1.2806419544e+01
153 6.0617025979e-01 6.9386078134e-02 3.0582183820e+00 1.2615364005e+01
154 6.0605959525e-01 6.9459046353e-02 3.0517026475e+00 1.2583320059e+01
155 6.0609607552e-01 6.9470760420e-02 3.0486254331e+00 1.2568533525e+01
156 6.0608279168e-01 6.9458797843e-02 3.0437059439e+00 1.2557866623e+01
157 6.0614934949e-01 7.0000873858e-02 3.0550878351e+00 1.2613509173e+01
158 6.0613423648e-01 7.0049818032e-02 3.0549539752e+00 1.2605515408e+01
159 6.0570882348e-01 6.9099984973e-02 3.0482980835e+00 1.2565641408e+01
160 6.0545521929e-01 6.8537227522e-02 3.0239523295e+00 1.2380582454e+01
161 6.0569149602e-01 6.8860408200e-02 3.0019631507e+00 1.2205806315e+01
162 6.0570334860e-01 6.8522062999e-02 2.9444849989e+00 1.1791679215e+01
163 6.0522982205e-01 6.7637799742e-02 2.9224945539e+00 1.1657046253e+01
164 6.0539214275e-01 6.8097587462e-02 2.8886544590e+00 1.1443010122e+01
165 6.0566542189e-01 6.8424014143e-02 2.8633208289e+00 1.1265385418e+01
166 6.0597234059e-01 6.8786463704e-02 2.8372476036e+00 1.1084389378e+01
167 6.0635540439e-01 6.9808579834e-02 2.8431949535e+00 1.1103918902e+01
168 6.0652281468e-01 7.0446084282e-02 2.8773928885e+00 1.1364857993e+01
169 6.0671120556e-01 7.1253171895e-02 2.9400750903e+00 1.1970291856e+01
170 6.0670463367e-01 7.1219385322e-02 2.9402273807e+00 1.1978701288e+01
171 6.0680460520e-01 7.1815203779e-02 2.9568392514e+00 1.2075484974e+01
172 6.0706815872e-01 7.2027577219e-02 2.9300100500e+00 1.1874840287e+01
173 6.0704784428e-01 7.2030484115e-02 2.9304387400e+00 1.1876236501e+01
174 6.0700613200e-01 7.1983772086e-02 2.9280370904e+00 1.1879286538e+01
175 6.0734227662e-01 7.3215332890e-02 2.9647148344e+00 1.2114885225e+01
176 6.0713032709e-01 7.2658269707e-02 2.9491117760e+00 1.2039185711e+01
177 6.0728350053e-01 7.3282755205e-02 2.9602915463e+00 1.2102413276e+01
178 6.0697488821e-01 7.2577176365e-02 2.9643790661e+00 1.2128059713e+01
179 6.0690265632e-01 7.2631746006e-02 2.9679267899e+00 1.2191230572e+01
180 6.0667375918e-01 7.2000459464e-02 2.9415466510e+00 1.2024533675e+01
181 6.0700029473e-01 7.2340427929e-02 2.9144994254e+00 1.1831513116e+01
182 6.0728496212e-01 7.2795000760e-02 2.8909442824e+00 1.1637157328e+01
183 6.0685563651e-01 7.1894210768e-02 2.8981373658e+00 1.1728520492e+01
184 6.0708117638e-01 7.2216563340e-02 2.8762146619e+00 1.1561854682e+01
185 6.0703551921e-01 7.2247903453e-02 2.8733731045e+00 1.1550176019e+01
186 6.0749176292e-01 7.3006080811e-02 2.8381872792e+00 1.1237280379e+01
187 6.0802844823e-01 7.3631878573e-02 2.8019333443e+00 1.0958815104e+01
188 6.0820861339e-01 7.3880683483e-02 2.7813850585e+00 1.0822285012e+01
189 6.0794695133e-01 7.3550519838e-02 2.7999172964e+00 1.0968582185e+01
190 6.0764376058e-01 7.2302336335e-02 2.7290239307e+00 1.0424807876e+01
191 6.0760870048e-01 7.2328283667e-02 2.7277126402e+00 1.0415743812e+01
192 6.0785512206e-01 7.2741005788e-02 2.7094643690e+00 1.0268917607e+01
193 6.0761158700e-01 7.2216871615e-02 2.7258409813e+00 1.0402699842e+01
194 6.0856556850e-01 7.4790981570e-02 2.7739098238e+00 1.0734703029e+01
195 6.0882849438e-01 7.5025485728e-02 2.7495181731e+00 1.0557737360e+01
196 6.0927902506e-01 7.5548989189e-02 2.7124166290e+00 1.0303961283e+01
197 6.0948621140e-01 7.5828549176e-02 2.6914760884e+00 1.0180324323e+01
198 6.0943465002e-01 7.5911351900e-02 2.6885516914e+00 1.0164585034e+01
199 6.0944411838e-01 7.5973386402e-02 2.6867873247e+00 1.0155797039e+01
200 6.0922953550e-01 7.5793582225e-02 2.7013784625e+00 1.0254098749e+01
201 6.0841303447e-01 7.4207042501e-02 2.6920553422e+00 1.0220235367e+01
202 6.0839325327e-01 7.4194637194e-02 2.6906386018e+00 1.0219718824e+01
203 6.0865776563e-01 7.4538129292e-02 2.6724473183e+00 1.0093357654e+01
204 6.0867398180e-01 7.4540813495e-02 2.6724768052e+00 1.0095033750e+01
205 6.0877867849e-01 7.5086722856e-02 2.6837825129e+00 1.0162974997e+01
206 6.0894344270e-01 7.5688310693e-02 2.7066547659e+00 1.0322986742e+01
207 6.0891543202e-01 7.5736611767e-02 2.7005199448e+00 1.0303978771e+01
208 6.0908399554e-01 7.6318609477e-02 2.7234622890e+00 1.0454470526e+01
209 6.0931640074e-01 7.6643972497e-02 2.7054032656e+00 1.0318731130e+01
210 6.0891553239e-01 7.5814834047e-02 2.7026101089e+00 1.0322351286e+01
211 6.0867652939e-01 7.4980856091e-02 2.6354675538e+00 9.7578222908e+00
212 6.0850705240e-01 7.4403479521e-02 2.6080992710e+00 9.5586895149e+00
213 6.0870603517e-01 7.4746190990e-02 2.5882893820e+00 9.4289347764e+00
214 6.0917429204e-01 7.5317414752e-02 2.5498940722e+00 9.1729185738e+00
215 6.0931919795e-01 7.5955665379e-02 2.5734779464e+00 9.3570159162e+00
216 6.0977699083e-01 7.6466319163e-02 2.5415101006e+00 9.1512665301e+00
217 6.1011503535e-01 7.7234694695e-02 2.5437732763e+00 9.1787516046e+00
218 6.1005790675e-01 7.7234108422e-02 2.5431854719e+00 9.1803296087e+00
219 6.1065087736e-01 7.8443905350e-02 2.5238705141e+00 9.0386402176e+00
220 6.1059647325e-01 7.8433491504e-02 2.5217213241e+00 9.0318226985e+00
221 6.1059337796e-01 7.8383223424e-02 2.5243208080e+00 9.0433116219e+00
222 6.1064754278e-01 7.8341957764e-02 2.5227915282e+00 9.0432455963e+00
223 6.1088452435e-01 7.8740846623e-02 2.5072965409e+00 8.9329290789e+00
224 6.1112199017e-01 7.9056686897e-02 2.4873738213e+00 8.8070063959e+00
225 6.1113496201e-01 7.9052448016e-02 2.4856073523e+00 8.8031415188e+00
226 6.1119885808e-01 7.9086055893e-02 2.4797852312e+00 8.7812090664e+00
227 6.1140518573e-01 7.9451734842e-02 2.4606503229e+00 8.6673323019e+00
228 6.1038418410e-01 7.7791964716e-02 2.4772638725e+00 8.7749317802e+00
229 6.1040872393e-01 7.7835864894e-02 2.4777915414e+00 8.7724602919e+00
230 6.1044594783e-01 7.7830749689e-02 2.4769893920e+00 8.7699652625e+00
231 6.1042938481e-01 7.7831632874e-02 2.4727440777e+00 8.7613638703e+00
232 6.1036846521e-01 7.7871461069e-02 2.4702251711e+00 8.7521541402e+00
233 6.1185038057e-01 8.0672619113e-02 2.4518177723e+00 8.7074358853e+00
234 6.1191225159e-01 8.0690064229e-02 2.4514599896e+00 8.7038713079e+00
235 6.1163944951e-01 8.0295398533e-02 2.4670665457e+00 8.8148016256e+00
236 6.1181184801e-01 8.0586802125e-02 2.4513433247e+00 8.7126283476e+00
237 6.1134463205e-01 7.9735262509e-02 2.4423455482e+00 8.6523978454e+00
238 6.1129025810e-01 7.9656616344e-02 2.4437980084e+00 8.6617493781e+00
239 6.1127635698e-01 7.9663619712e-02 2.4421373771e+00 8.6481777045e+00
240 6.1142927075e-01 8.0099741396e-02 2.4518185616e+00 8.7073274351e+00
241 6.1151943753e-01 8.0425412289e-02 2.4343345311e+00 8.6049788267e+00
242 6.1182850458e-01 8.1198786121e-02 2.4249887998e+00 8.5353045187e+00
243 6.1184824347e-01 8.1284123457e-02 2.4218684270e+00 8.5190334659e+00
244 6.1210523334e-01 8.2099158575e-02 2.4347801549e+00 8.6339641642e+00
245 6.1237921085e-01 8.2393149672e-02 2.4197515501e+00 8.5350020254e+00
246 6.1274070295e-01 8.2777719756e-02 2.3882205848e+00 8.3558129936e+00
247 6.1238136178e-01 8.2506178039e-02 2.3990183415e+00 8.4400589743e+00
248 6.1261594665e-01 8.2866467967e-02 2.3913937558e+00 8.4004047835e+00
249 6.1244462327e-01 8.2377437467e-02 2.3786409687e+00 8.3456978828e+00
250 6.1233798180e-01 8.1834601398e-02 2.3569412446e+00 8.1937605260e+00
251 6.1260350324e-01 8.2151099015e-02 2.3410122675e+00 8.0953995610e+00
252 6.1230238068e-01 8.2082691409e-02 2.3712107440e+00 8.2537610872e+00
253 6.1216958249e-01 8.2140012310e-02 2.3699175244e+00 8.2469255962e+00
254 6.1227696198e-01 8.2742588645e-02 2.3822068301e+00 8.3395214470e+00
255 6.1255225382e-01 8.3148424953e-02 2.3712507244e+00 8.2716601186e+00
256 6.1324097813e-01 8.3843800000e-02 2.3310925509e+00 8.0226255622e+00
257 6.1340107593e-01 8.4387903663e-02 2.3442354371e+00 8.0936070100e+00
258 6.1316799806e-01 8.4033465623e-02 2.3563587871e+00 8.1850613854e+00
259 6.1313210525e-01 8.4060869322e-02 2.3582636076e+00 8.1945215428e+00
260 6.1344323179e-01 8.4910987646e-02 2.3749640239e+00 8.2656644036e+00
261 6.1337365214e-01 8.4404461969e-02 2.3634338562e+00 8.2109627260e+00
262 6.1309625483e-01 8.4166469096e-02 2.3781145627e+00 8.3004529886e+00
263 6.1335169030e-01 8.4364931450e-02 2.3625664188e+00 8.2056822022e+00
264 6.1329950657e-01 8.4426321670e-02 2.3574905981e+00 8.1896247713e+00
265 6.1299015562e-01 8.4147788442e-02 2.3733947167e+00 8.2843388339e+00
266 6.1302247296e-01 8.4704556872e-02 2.3821424241e+00 8.3426772931e+00
267 6.1322878534e-01 8.4937268563e-02 2.3674705362e+00 8.2571500712e+00
268 6.1283404305e-01 8.4250542500e-02 2.3595907000e+00 8.2057890589e+00
269 6.1292322713e-01 8.4795708327e-02 2.3652037674e+00 8.2222017755e+00
270 6.1283583127e-01 8.5083684118e-02 2.3933915986e+00 8.3861302170e+00
271 6.1250531045e-01 8.4028877064e-02 2.3700006238e+00 8.2695285609e+00
272 6.1232544511e-01 8.3458358518e-02 2.3572380144e+00 8.2197893916e+00
273 6.1220737901e-01 8.3528129953e-02 2.3557104735e+00 8.2108557182e+00
274 6.1254531089e-01 8.4053994358e-02 2.3290314405e+00 8.0456463292e+00
275 6.1225682447e-01 8.3880220079e-02 2.3435018188e+00 8.1230285664e+00
276 6.1226238742e-01 8.3875831426e-02 2.3439377251e+00 8.1237724508e+00
277 6.1241831234e-01 8.4085295966e-02 2.3303833002e+00 8.0468863627e+00
278 6.1242598720e-01 8.4113110350e-02 2.3308221753e+00 8.0450987784e+00
279 6.1285860635e-01 8.5003695304e-02 2.3393232502e+00 8.0951126483e+00
280 6.1324434118e-01 8.5333516253e-02 2.3080523041e+00 7.9321685675e+00
281 6.1324918005e-01 8.5324343153e-02 2.3088570547e+00 7.9348428585e+00
282 6.1344744965e-01 8.5648928412e-02 2.2925740574e+00 7.8399183421e+00
283 6.1338995495e-01 8.5093710650e-02 2.2741616761e+00 7.7453562844e+00
284 6.1353964599e-01 8.5375429519e-02 2.2593336343e+00 7.6650230337e+00
285 6.1323545976e-01 8.5210098309e-02 2.2706726153e+00 7.7318244332e+00
286 6.1337487244e-01 8.5646357974e-02 2.2894198678e+00 7.8562839406e+00
287 6.1351477256e-01 8.6102342233e-02 2.2951877130e+00 7.8738681172e+00
288 6.1366774572e-01 8.6033016817e-02 2.2718266179e+00 7.7505037778e+00
289 6.1360547829e-01 8.6091293882e-02 2.2716220155e+00 7.7464609613e+00
290 6.1413560854e-01 8.7047001641e-02 2.2647224459e+00 7.7012380692e+00
291 6.1355348216e-01 8.5830240480e-02 2.2431858700e+00 7.5898445849e+00
292 6.1347231305e-01 8.6216207881e-02 2.2761483450e+00 7.7821273666e+00
293 6.1335251577e-01 8.5880286979e-02 2.2566261370e+00 7.6476389442e+00
294 6.1354607467e-01 8.6423066477e-02 2.2792651952e+00 7.7948071858e+00
295 6.1391201921e-01 8.7160015832e-02 2.2811559677e+00 7.8033435741e+00
296 6.1400391297e-01 8.7112537452e-02 2.2733624887e+00 7.7516049500e+00
297 6.1447108303e-01 8.7412654791e-02 2.2441607040e+00 7.5982962197e+00
298 6.1473910459e-01 8.7706858723e-02 2.2295882791e+00 7.5136203671e+00
299 6.1479428741e-01 8.7832441132e-02 2.2277438982e+00 7.5003355956e+00
300 6.1476573425e-01 8.7857189228e-02 2.2263499045e+00 7.4951494587e+00
301 6.1518023409e-01 8.8645106228e-02 2.2277447260e+00 7.4932449185e+00
302 6.1479538633e-01 8.8000271833e-02 2.2324774248e+00 7.5333614313e+00
303 6.1484234379e-01 8.7984968028e-02 2.2324000636e+00 7.5334949540e+00
304 6.1472096556e-01 8.7915964572e-02 2.2355867761e+00 7.5590124073e+00
305 6.1485795752e-01 8.8428171902e-02 2.2416458003e+00 7.5725762122e+00
306 6.1495836620e-01 8.8534813057e-02 2.2436130636e+00 7.5858258574e+00
307 6.1460099962e-01 8.7979245897e-02 2.2494737810e+00 7.6333029742e+00
308 6.1487885583e-01 8.8332460972e-02 2.2358116927e+00 7.5527923145e+00
309 6.1478990842e-01 8.8376732452e-02 2.2345854949e+00 7.5474170456e+00
310 6.1434083057e-01 8.7462616021e-02 2.2286679517e+00 7.5118572025e+00
311 6.1446237444e-01 8.8022601140e-02 2.2484982480e+00 7.6344831525e+00
312 6.1433241919e-01 8.7884617457e-02 2.2421539055e+00 7.5945823453e+00
313 6.1398035291e-01 8.7319425203e-02 2.2450926305e+00 7.6303484033e+00
314 6.1372231079e-01 8.7138096183e-02 2.2595377236e+00 7.7014083396e+00
315 6.1393258858e-01 8.7510916662e-02 2.2415566819e+00 7.5839235404e+00
316 6.1400353731e-01 8.7939129319e-02 2.2498412240e+00 7.6390514146e+00
317 6.1400067713e-01 8.7964293926e-02 2.2478799263e+00 7.6307584689e+00
318 6.1457357704e-01 8.8918992396e-02 2.2339596954e+00 7.5475826319e+00
319 6.1392063969e-01 8.7967113267e-02 2.2459868809e+00 7.6338585494e+00
320 6.1405522175e-01 8.8365713420e-02 2.2620795778e+00 7.7378421653e+00
321 6.1387943701e-01 8.7844197803e-02 2.2468200214e+00 7.6529555269e+00
322 6.1428419504e-01 8.8652310405e-02 2.2433169211e+00 7.6189522350e+00
323 6.1426101538e-01 8.8650819876e-02 2.2432438818e+00 7.6189411924e+00
324 6.1423855839e-01 8.8646116603e-02 2.2431309807e+00 7.6194065707e+00
325 6.1425777311e-01 8.8654467933e-02 2.2423817665e+00 7.6165984743e+00
326 6.1388193763e-01 8.8059329216e-02 2.2517099932e+00 7.6858103494e+00
327 6.1396489647e-01 8.8079854215e-02 2.2537523181e+00 7.6998155952e+00
328 6.1394487787e-01 8.8130753176e-02 2.2489621746e+00 7.6859590419e+00
329 6.1428425576e-01 8.9088133232e-02 2.2577638054e+00 7.7523815799e+00
330 6.1415191777e-01 8.8977517109e-02 2.2636234774e+00 7.7812754527e+00
331 6.1432941763e-01 8.8978365266e-02 2.2583828705e+00 7.7565882541e+00
332 6.1443950918e-01 8.9403172597e-02 2.2525062720e+00 7.7090085444e+00
333 6.1454450274e-01 8.9663003317e-02 2.2396554410e+00 7.6379972965e+00
334 6.1440871027e-01 8.9336291311e-02 2.2403770737e+00 7.6639518195e+00
335 6.1412119057e-01 8.8448846162e-02 2.2240610823e+00 7.5990703844e+00
336 6.1419688789e-01 8.8893080634e-02 2.2293367754e+00 7.6069481643e+00
337 6.1415374304e-01 8.8884001243e-02 2.2293437427e+00 7.6116409063e+00
338 6.1351264482e-01 8.8112225271e-02 2.2449404785e+00 7.7312568421e+00
339 6.1341145303e-01 8.7281470124e-02 2.1852366164e+00 7.3529213068e+00
340 6.1328226108e-01 8.6833952631e-02 2.1776940953e+00 7.3259367285e+00
341 6.1325632526e-01 8.6852958599e-02 2.1768859613e+00 7.3222801035e+00
342 6.1327479127e-01 8.6849541114e-02 2.1770529559e+00 7.3210057785e+00
343 6.1325979616e-01 8.6906377861e-02 2.1766311590e+00 7.3153704728e+00
344 6.1261952439e-01 8.6065280761e-02 2.1874475387e+00 7.3767648145e+00
345 6.1237510815e-01 8.5753403629e-02 2.1932692655e+00 7.4339397156e+00
346 6.1211548282e-01 8.5677999590e-02 2.2023017823e+00 7.4805668473e+00
347 6.1200310314e-01 8.5197784003e-02 2.1834946174e+00 7.3881578000e+00
348 6.1217538449e-01 8.5742681455e-02 2.2006017084e+00 7.4848888937e+00
349 6.1232669384e-01 8.6034989188e-02 2.1809044636e+00 7.3992413189e+00
350 6.1301994045e-01 8.7020206849e-02 2.1444368619e+00 7.1668099354e+00
351 6.1297263076e-01 8.6909418353e-02 2.1305828253e+00 7.0682920197e+00
352 6.1276180265e-01 8.6561083018e-02 2.1347201005e+00 7.0723495210e+00
353 6.1294487484e-01 8.7472839905e-02 2.1601131511e+00 7.2163408020e+00
354 6.1289377875e-01 8.7466709438e-02 2.1607270753e+00 7.2179232599e+00
355 6.1286420349e-01 8.7458279606e-02 2.1602882968e+00 7.2191416558e+00
356 6.1284082905e-01 8.7448990069e-02 2.1551623605e+00 7.1850971252e+00
357 6.1305443561e-01 8.7780538198e-02 2.1432453716e+00 7.1100287966e+00
358 6.1291236777e-01 8.7454017319e-02 2.1307563251e+00 7.0431146890e+00
359 6.1288927907e-01 8.7452789054e-02 2.1316085516e+00 7.0457817777e+00
360 6.1250901476e-01 8.6868337132e-02 2.1392984789e+00 7.1073193788e+00
361 6.1217460142e-01 8.5854027610e-02 2.1029489228e+00 6.8947502032e+00
362 6.1243485165e-01 8.6066251931e-02 2.0914366126e+00 6.8309965606e+00
363 6.1238661078e-01 8.6053869211e-02 2.0895004551e+00 6.8301114632e+00
364 6.1243566488e-01 8.6056158980e-02 2.0868205915e+00 6.8201598231e+00
365 6.1268263877e-01 8.6507108789e-02 2.0802371952e+00 6.7670605195e+00
