1 5.9282947138e-01 1.1102230246e-16 1.0000000000e+00 1.0000000000e+00
2 5.9265336954e-01 2.4770552652e-03 -1.5988173991e+01 2.9767677086e+02
3 5.9291013447e-01 8.1076082635e-03 2.3097980465e+01 6.8451156158e+02
4 5.9307648514e-01 1.1019868419e-02 1.8561255624e+01 3.9873047487e+02
5 5.9308572253e-01 1.1038170481e-02 1.8466522832e+01 3.9603331760e+02
6 5.9355484545e-01 1.5209394898e-02 1.4125654371e+01 2.1761735661e+02
7 5.9373856218e-01 1.6944354470e-02 1.2749435311e+01 1.7597459596e+02
8 5.9371863985e-01 1.7105908356e-02 1.2378893205e+01 1.6957391390e+02
9 5.9367614852e-01 1.7217806137e-02 1.2122898358e+01 1.6540269773e+02
10 5.9399508582e-01 2.0239246887e-02 1.0408407020e+01 1.2058251425e+02
11 5.9384592169e-01 2.0341725460e-02 1.0262264855e+01 1.1848559696e+02
12 5.9397314180e-01 2.1681406636e-02 9.6758478606e+00 1.0466754920e+02
13 5.9415565401e-01 2.2822101704e-02 9.1468279892e+00 9.3477828831e+01
14 5.9458530729e-01 2.5109477540e-02 8.3806489249e+00 7.7694589835e+01
15 5.9476177205e-01 2.6110296260e-02 8.0124517180e+00 7.1179259779e+01
16 5.9514182074e-01 2.8139523167e-02 7.4236113771e+00 6.1103917915e+01
17 5.9540852619e-01 2.9101744664e-02 7.1813622452e+00 5.7094023877e+01
18 5.9532278880e-01 2.9237862932e-02 7.1724264584e+00 5.7029740539e+01
19 5.9542877533e-01 3.0187755788e-02 6.9475198157e+00 5.3482165749e+01
20 5.9560838393e-01 3.1041968844e-02 6.7548089811e+00 5.0467599126e+01
21 5.9538304817e-01 3.0205405717e-02 6.9131918677e+00 5.3133464452e+01
22 5.9529968583e-01 3.0251886027e-02 6.8870854180e+00 5.2885760351e+01
23 5.9535053082e-01 3.0258551741e-02 6.8779607707e+00 5.2793457915e+01
24 5.9552344312e-01 3.1219153311e-02 6.6295116484e+00 4.9459339053e+01
25 5.9594715699e-01 3.2635842900e-02 6.2992816665e+00 4.4561780804e+01
26 5.9588071394e-01 3.2677832824e-02 6.2785810910e+00 4.4387027075e+01
27 5.9589233882e-01 3.2679584209e-02 6.2765095922e+00 4.4368589193e+01
28 5.9583460473e-01 3.2618110241e-02 6.2613103924e+00 4.4248476930e+01
29 5.9579383882e-01 3.2628229597e-02 6.2586589741e+00 4.4225459200e+01
30 5.9572682026e-01 3.2680983398e-02 6.2301109565e+00 4.3998190215e+01
31 5.9570332172e-01 3.2702638532e-02 6.2186993725e+00 4.3900789865e+01
32 5.9631839717e-01 3.5024095697e-02 5.8017599015e+00 3.8112885015e+01
33 5.9628200538e-01 3.4962263033e-02 5.7918916491e+00 3.8039176917e+01
34 5.9624626328e-01 3.4972131720e-02 5.7897897094e+00 3.8020053633e+01
35 5.9623156469e-01 3.5028754111e-02 5.7620163349e+00 3.7786834593e+01
36 5.9597372984e-01 3.5138846487e-02 5.6733852975e+00 3.7139434801e+01
37 5.9614303924e-01 3.6052007936e-02 5.5392439941e+00 3.5457488643e+01
38 5.9614955335e-01 3.6067406468e-02 5.5308012380e+00 3.5394087814e+01
39 5.9638456805e-01 3.6907825086e-02 5.4272635500e+00 3.4002713768e+01
40 5.9630674355e-01 3.6986094075e-02 5.3935785106e+00 3.3768865032e+01
41 5.9620919415e-01 3.7082093049e-02 5.3506574565e+00 3.3495052903e+01
42 5.9611357515e-01 3.7174257099e-02 5.3130448195e+00 3.3226354061e+01
43 5.9632301395e-01 3.8000026648e-02 5.2299196070e+00 3.2079536365e+01
44 5.9614808018e-01 3.8077039776e-02 5.2075184060e+00 3.1921605520e+01
45 5.9638062593e-01 3.8762799086e-02 5.1257591044e+00 3.0829268489e+01
46 5.9634614377e-01 3.8859033734e-02 5.1262050404e+00 3.0838157436e+01
47 5.9647791252e-01 3.9627583811e-02 5.0196324968e+00 2.9661158092e+01
48 5.9643875169e-01 3.9647348846e-02 5.0143315573e+00 2.9622502057e+01
49 5.9641149785e-01 3.9671260760e-02 5.0055257592e+00 2.9567355145e+01
50 5.9641567870e-01 3.9607668305e-02 4.9997524204e+00 2.9532154061e+01
51 5.9660439922e-01 4.0353936520e-02 4.8876482515e+00 2.8378870772e+01
52 5.9643391148e-01 4.0460106615e-02 4.8541860615e+00 2.8176806162e+01
53 5.9644909420e-01 4.0390982565e-02 4.8496851216e+00 2.8151249123e+01
54 5.9648510172e-01 4.0446005331e-02 4.8268003424e+00 2.7983841777e+01
55 5.9664952932e-01 4.1521102356e-02 5.0217864188e+00 3.0813267446e+01
56 5.9689379938e-01 4.2232948127e-02 4.9425243438e+00 2.9744210054e+01
57 5.9686022887e-01 4.2239746998e-02 4.9419407982e+00 2.9740747539e+01
58 5.9683545395e-01 4.2367792880e-02 4.9281598196e+00 2.9642565933e+01
59 5.9680193760e-01 4.2360111124e-02 4.8906753143e+00 2.9096836182e+01
60 5.9669426223e-01 4.2470765647e-02 4.8530034366e+00 2.8854190064e+01
61 5.9645270695e-01 4.1869509471e-02 4.9175362783e+00 2.9767071080e+01
62 5.9641379577e-01 4.1903089297e-02 4.9073845438e+00 2.9691253239e+01
63 5.9652057231e-01 4.2598592092e-02 4.8034351728e+00 2.8533723706e+01
64 5.9655735890e-01 4.3266587720e-02 4.6997982827e+00 2.7438803731e+01
65 5.9673681884e-01 4.3955314015e-02 4.6355309681e+00 2.6597701189e+01
66 5.9692442046e-01 4.4353349437e-02 4.5688929793e+00 2.5835848193e+01
67 5.9687727483e-01 4.4358032075e-02 4.5431116201e+00 2.5675868843e+01
68 5.9685441230e-01 4.4396347307e-02 4.5305235326e+00 2.5600147437e+01
69 5.9681616740e-01 4.4495073816e-02 4.5248313639e+00 2.5551694961e+01
70 5.9695220365e-01 4.5251713393e-02 4.4758941879e+00 2.4872144762e+01
71 5.9727829756e-01 4.6804305037e-02 4.5188221021e+00 2.5455399562e+01
72 5.9733994251e-01 4.6808255598e-02 4.5139338792e+00 2.5423045470e+01
73 5.9733166832e-01 4.6827877101e-02 4.5084435997e+00 2.5383967273e+01
74 5.9756349490e-01 4.7135061348e-02 4.4599814648e+00 2.4835060403e+01
75 5.9756766376e-01 4.7157180966e-02 4.4526513878e+00 2.4787869882e+01
76 5.9754223298e-01 4.7186505607e-02 4.4515861251e+00 2.4770969161e+01
77 5.9766945175e-01 4.7859360335e-02 4.3855627919e+00 2.4024550048e+01
78 5.9779738272e-01 4.8480365583e-02 4.3133196953e+00 2.3286866650e+01
79 5.9816220115e-01 4.9874600371e-02 4.3188849778e+00 2.3298778033e+01
80 5.9818489616e-01 4.9908515822e-02 4.3070260803e+00 2.3230200447e+01
81 5.9810583323e-01 4.9896597509e-02 4.2965352548e+00 2.3178409440e+01
82 5.9834193848e-01 5.0428995334e-02 4.2392167374e+00 2.2551389973e+01
83 5.9828152240e-01 5.0451308526e-02 4.2366920528e+00 2.2532079283e+01
84 5.9818988427e-01 5.0447825795e-02 4.2147687591e+00 2.2330452816e+01
85 5.9830960742e-01 5.0938328162e-02 4.1603749047e+00 2.1756576820e+01
86 5.9842137072e-01 5.1870334133e-02 4.2237211403e+00 2.2432704581e+01
87 5.9802350755e-01 5.0715647745e-02 4.2105869411e+00 2.2395900603e+01
88 5.9807878087e-01 5.0433225111e-02 4.0920020915e+00 2.1143892440e+01
89 5.9799290511e-01 5.0483991211e-02 4.0829423464e+00 2.1088367400e+01
90 5.9794356759e-01 5.0571698466e-02 4.0776994800e+00 2.1043918172e+01
91 5.9794262843e-01 5.0666340228e-02 4.0710749141e+00 2.1009287602e+01
92 5.9789413457e-01 5.0707537448e-02 4.0631654569e+00 2.0957370240e+01
93 5.9820833105e-01 5.2131120910e-02 4.1244242549e+00 2.1772715768e+01
94 5.9842651078e-01 5.2659654691e-02 4.0726770499e+00 2.1220821103e+01
95 5.9863655825e-01 5.3155639278e-02 4.0264362672e+00 2.0709580110e+01
96 5.9862047267e-01 5.3144196529e-02 4.0179803225e+00 2.0676479129e+01
97 5.9860409129e-01 5.2967840188e-02 4.0152910913e+00 2.0710331400e+01
98 5.9870756968e-01 5.3795232319e-02 4.0495812217e+00 2.1049058152e+01
99 5.9900514955e-01 5.4291413346e-02 3.9962626740e+00 2.0508424021e+01
100 5.9909000765e-01 5.4989204863e-02 4.0494984936e+00 2.1040383438e+01
101 5.9900183900e-01 5.4948721650e-02 4.0470700823e+00 2.1042661814e+01
102 5.9876438825e-01 5.4511306605e-02 4.0918499566e+00 2.1531403442e+01
103 5.9873079341e-01 5.4529839254e-02 4.0890795380e+00 2.1512628724e+01
104 5.9855532573e-01 5.3751503596e-02 4.0317183209e+00 2.0987611627e+01
105 5.9872633751e-01 5.4592111911e-02 4.0809004854e+00 2.1478451834e+01
106 5.9859131652e-01 5.3759108148e-02 4.0339668655e+00 2.1081576604e+01
107 5.9859964114e-01 5.3771042422e-02 4.0306628003e+00 2.1060838793e+01
108 5.9850155519e-01 5.3752397366e-02 4.0180274195e+00 2.0929962425e+01
109 5.9851807846e-01 5.3768344661e-02 4.0136333220e+00 2.0900526959e+01
110 5.9852142045e-01 5.3750593329e-02 4.0133113257e+00 2.0906061129e+01
111 5.9874273694e-01 5.4293921203e-02 3.9675888077e+00 2.0396989498e+01
112 5.9885842860e-01 5.5131975618e-02 4.0399507990e+00 2.1116922853e+01
113 5.9877069857e-01 5.5061607657e-02 4.0431003708e+00 2.1172392948e+01
114 5.9842427725e-01 5.4784211914e-02 4.0963989853e+00 2.1824239970e+01
115 5.9780027473e-01 5.2723435867e-02 4.0375800146e+00 2.1430820853e+01
116 5.9739371511e-01 5.1361497717e-02 3.9828118561e+00 2.0901003757e+01
117 5.9729855100e-01 5.1401734061e-02 3.9776010830e+00 2.0866504200e+01
118 5.9735112521e-01 5.1479639243e-02 3.9664243930e+00 2.0781300012e+01
119 5.9752800535e-01 5.2162772993e-02 3.9165651282e+00 2.0225481315e+01
120 5.9768872937e-01 5.2753203870e-02 3.8712950573e+00 1.9726076169e+01
121 5.9783512868e-01 5.3366333836e-02 3.8206417381e+00 1.9212076559e+01
122 5.9808776589e-01 5.3805894822e-02 3.7779157062e+00 1.8778367617e+01
123 5.9806514364e-01 5.3821266156e-02 3.7756023897e+00 1.8763524329e+01
124 5.9808236063e-01 5.3785531974e-02 3.7749780511e+00 1.8757198895e+01
125 5.9820869168e-01 5.4772566530e-02 3.8592935971e+00 1.9787946078e+01
126 5.9850355601e-01 5.5273572483e-02 3.8123610099e+00 1.9311433058e+01
127 5.9868142975e-01 5.6047503071e-02 3.8649863075e+00 1.9788553294e+01
128 5.9881613268e-01 5.6527493751e-02 3.8163703978e+00 1.9318555583e+01
129 5.9903728027e-01 5.7886257334e-02 3.8470776650e+00 1.9596248866e+01
130 5.9872654421e-01 5.6617247587e-02 3.8125774966e+00 1.9272495411e+01
131 5.9871038850e-01 5.6660599183e-02 3.8027627696e+00 1.9221726687e+01
132 5.9870784493e-01 5.6671377562e-02 3.8005583280e+00 1.9207651217e+01
133 5.9870726394e-01 5.6666931051e-02 3.8015680092e+00 1.9213869757e+01
134 5.9872244992e-01 5.6667710162e-02 3.8004301172e+00 1.9208918252e+01
135 5.9888149067e-01 5.7546634618e-02 3.8667206714e+00 1.9895817785e+01
136 5.9883013816e-01 5.7607550263e-02 3.8548183954e+00 1.9828268626e+01
137 5.9865850944e-01 5.7718309898e-02 3.8377281036e+00 1.9725864344e+01
138 5.9893929840e-01 5.9171340169e-02 3.9443792169e+00 2.0692312501e+01
139 5.9895595257e-01 5.9213211018e-02 3.9353966142e+00 2.0630354460e+01
140 5.9890664572e-01 5.9249339958e-02 3.9299716651e+00 2.0593693934e+01
141 5.9874189759e-01 5.8459454882e-02 3.8560713707e+00 1.9965881898e+01
142 5.9908135071e-01 5.9583102050e-02 3.8439319182e+00 1.9734844825e+01
143 5.9879931609e-01 5.9310024392e-02 3.8799377903e+00 2.0076189198e+01
144 5.9874543452e-01 5.9354052466e-02 3.8776329963e+00 2.0054184478e+01
145 5.9884444798e-01 6.0239914993e-02 3.9182528478e+00 2.0479464410e+01
146 5.9872326056e-01 6.0321624499e-02 3.9051039392e+00 2.0377330618e+01
147 5.9891296699e-01 6.0737970256e-02 3.8580915575e+00 1.9933570788e+01
148 5.9867074226e-01 6.0193414448e-02 3.8573922633e+00 1.9938627786e+01
149 5.9897808590e-01 6.1388556070e-02 3.8465784343e+00 1.9760515216e+01
150 5.9862753374e-01 6.0335662857e-02 3.8594360470e+00 2.0022399311e+01
151 5.9878627823e-01 6.0808492485e-02 3.8132951703e+00 1.9562557319e+01
152 5.9870442266e-01 6.0820254945e-02 3.8106997209e+00 1.9550581039e+01
153 5.9866428561e-01 6.0400971371e-02 3.7162273623e+00 1.8713584053e+01
154 5.9816624720e-01 5.9192954405e-02 3.6974448811e+00 1.8663921168e+01
155 5.9843018445e-01 5.9574354887e-02 3.6608073237e+00 1.8294654067e+01
156 5.9800027186e-01 5.9024390244e-02 3.6770618744e+00 1.8466986531e+01
157 5.9758817978e-01 5.7866325951e-02 3.6437811367e+00 1.8281533928e+01
158 5.9791816396e-01 5.8806837231e-02 3.5701471149e+00 1.7511842296e+01
159 5.9785304766e-01 5.8850936504e-02 3.5647621737e+00 1.7475858848e+01
160 5.9773552983e-01 5.8930444478e-02 3.5528390040e+00 1.7414913738e+01
161 5.9785809568e-01 5.9714123166e-02 3.5935868164e+00 1.7761464784e+01
162 5.9781707400e-01 5.9593571294e-02 3.5714152767e+00 1.7514122607e+01
163 5.9803665508e-01 6.0078765025e-02 3.5279044010e+00 1.7112410130e+01
164 5.9806763183e-01 6.0068049367e-02 3.5289926829e+00 1.7116306735e+01
165 5.9799003793e-01 6.0085457716e-02 3.5290680793e+00 1.7115065557e+01
166 5.9804123503e-01 6.0211097698e-02 3.5346090523e+00 1.7142212491e+01
167 5.9815690517e-01 6.0742523913e-02 3.5618268272e+00 1.7295763533e+01
168 5.9825601453e-01 6.1469898675e-02 3.5976442812e+00 1.7557018932e+01
169 5.9812981162e-01 6.0657382737e-02 3.5565899680e+00 1.7301973771e+01
170 5.9859336186e-01 6.1543324490e-02 3.4904581987e+00 1.6639789761e+01
171 5.9818710120e-01 6.0644071524e-02 3.4945316108e+00 1.6781256594e+01
172 5.9854126643e-01 6.1674461601e-02 3.4442020775e+00 1.6387846042e+01
173 5.9820199846e-01 6.1294286057e-02 3.5018664493e+00 1.7080922529e+01
174 5.9819481066e-01 6.1260856680e-02 3.5097393716e+00 1.7116674829e+01
175 5.9818083543e-01 6.1213725296e-02 3.5104542596e+00 1.7133475121e+01
176 5.9817310170e-01 6.1324884173e-02 3.5173857791e+00 1.7215266023e+01
177 5.9809475478e-01 6.1348762721e-02 3.5062285134e+00 1.7173368039e+01
178 5.9782686462e-01 6.1091426593e-02 3.5371013028e+00 1.7453170681e+01
179 5.9820531930e-01 6.1835865276e-02 3.4695971797e+00 1.6814302547e+01
180 5.9816666028e-01 6.1850350199e-02 3.4686500301e+00 1.6807546610e+01
181 5.9814083025e-01 6.1734544295e-02 3.4510784514e+00 1.6622662474e+01
182 5.9855863633e-01 6.2410024479e-02 3.3934661074e+00 1.6071729198e+01
183 5.9854631679e-01 6.2000283560e-02 3.2997543517e+00 1.5234064798e+01
184 5.9896119545e-01 6.2732319895e-02 3.2431018764e+00 1.4711838502e+01
185 5.9932164512e-01 6.3844243094e-02 3.2747814807e+00 1.5012501475e+01
186 5.9929817562e-01 6.3747041598e-02 3.2574666715e+00 1.4817605590e+01
187 5.9893640083e-01 6.3391336824e-02 3.2831110676e+00 1.5065729892e+01
188 5.9910377224e-01 6.3811366408e-02 3.2504975518e+00 1.4721784980e+01
189 5.9899698532e-01 6.3903156761e-02 3.2484787949e+00 1.4700759057e+01
190 5.9921781196e-01 6.4302406081e-02 3.2187721966e+00 1.4437302312e+01
191 5.9915465469e-01 6.4394866762e-02 3.2054995508e+00 1.4370605906e+01
192 5.9930915343e-01 6.4799097535e-02 3.1748088491e+00 1.4116481285e+01
193 5.9922822256e-01 6.4847345000e-02 3.1655918201e+00 1.4082336274e+01
194 5.9918455852e-01 6.4863282808e-02 3.1649514091e+00 1.4077253793e+01
195 5.9928952883e-01 6.5535135670e-02 3.1896443636e+00 1.4232286324e+01
196 5.9929594575e-01 6.5584306514e-02 3.1893113487e+00 1.4222082043e+01
197 5.9925524902e-01 6.5572648264e-02 3.1912629279e+00 1.4238917033e+01
198 5.9886843205e-01 6.4580947120e-02 3.1877974638e+00 1.4296797385e+01
199 5.9886644432e-01 6.4622789789e-02 3.1877918206e+00 1.4286053183e+01
200 5.9868298683e-01 6.4775544715e-02 3.1677074046e+00 1.4195663572e+01
201 5.9872972525e-01 6.4760756768e-02 3.1686732300e+00 1.4198721366e+01
202 5.9871565934e-01 6.4735369842e-02 3.1710276706e+00 1.4213102978e+01
203 5.9866283648e-01 6.4757859507e-02 3.1695290942e+00 1.4204346593e+01
204 5.9839149653e-01 6.4447350650e-02 3.1927618255e+00 1.4423020233e+01
205 5.9908017698e-01 6.5711620434e-02 3.1121177463e+00 1.3686110044e+01
206 5.9887722803e-01 6.5011882769e-02 3.0789047864e+00 1.3435471959e+01
207 5.9887469334e-01 6.5024080701e-02 3.0770507775e+00 1.3426029294e+01
208 5.9885696432e-01 6.5025163598e-02 3.0778157335e+00 1.3428319188e+01
209 5.9884352322e-01 6.5132725785e-02 3.0920389488e+00 1.3582130126e+01
210 5.9879899674e-01 6.5186696413e-02 3.0843260297e+00 1.3549159766e+01
211 5.9897313194e-01 6.5943377068e-02 3.1402238666e+00 1.4028860951e+01
212 5.9854434750e-01 6.4776013912e-02 3.1034703251e+00 1.3758808153e+01
213 5.9829898794e-01 6.4212859027e-02 3.0879789291e+00 1.3579429939e+01
214 5.9856617794e-01 6.4606937855e-02 3.0533307595e+00 1.3278622570e+01
215 5.9849642550e-01 6.4506702716e-02 3.0523641053e+00 1.3283835178e+01
216 5.9850641409e-01 6.4353203418e-02 3.0004095480e+00 1.2899083460e+01
217 5.9844361352e-01 6.4440065726e-02 2.9948082208e+00 1.2867106753e+01
218 5.9836763443e-01 6.4496042206e-02 2.9876724236e+00 1.2840679496e+01
219 5.9812744000e-01 6.4077332427e-02 3.0116304917e+00 1.3060154848e+01
220 5.9764110194e-01 6.2782614121e-02 2.9421149245e+00 1.2398617721e+01
221 5.9806727288e-01 6.3298648648e-02 2.8983818523e+00 1.2058784868e+01
222 5.9794100585e-01 6.3648351771e-02 2.9909610706e+00 1.2903631289e+01
223 5.9790593579e-01 6.3726982256e-02 2.9706215962e+00 1.2819312180e+01
224 5.9774089881e-01 6.3092027964e-02 2.9322719631e+00 1.2541257084e+01
225 5.9771228750e-01 6.3111464427e-02 2.9307681172e+00 1.2531256139e+01
226 5.9814686753e-01 6.3925286732e-02 2.8843034780e+00 1.2131340925e+01
227 5.9833861385e-01 6.4468417595e-02 2.8637944176e+00 1.1947600538e+01
228 5.9815851510e-01 6.3671099803e-02 2.7844603082e+00 1.1275462607e+01
229 5.9812177141e-01 6.3689252077e-02 2.7832513451e+00 1.1269807878e+01
230 5.9802945970e-01 6.3746983915e-02 2.7774977418e+00 1.1248132258e+01
231 5.9834887493e-01 6.4985717282e-02 2.8707320591e+00 1.2266884569e+01
232 5.9811831383e-01 6.4616729136e-02 2.8933545074e+00 1.2463407111e+01
233 5.9836950060e-01 6.5136583725e-02 2.8852939673e+00 1.2371761815e+01
234 5.9837635548e-01 6.5172002821e-02 2.8788802223e+00 1.2345706389e+01
235 5.9851453492e-01 6.5697774008e-02 2.8447839859e+00 1.2099448300e+01
236 5.9855613791e-01 6.5710697892e-02 2.8414563394e+00 1.2082793335e+01
237 5.9843651226e-01 6.5860256649e-02 2.8323173342e+00 1.2041560090e+01
238 5.9808773394e-01 6.5554361585e-02 2.8370972684e+00 1.2147558986e+01
239 5.9838028197e-01 6.5887215627e-02 2.8104858511e+00 1.1945072165e+01
240 5.9833402545e-01 6.5936038196e-02 2.8039665589e+00 1.1921085951e+01
241 5.9832144694e-01 6.5962713473e-02 2.8002807017e+00 1.1904875142e+01
242 5.9851686840e-01 6.6425806002e-02 2.7822099086e+00 1.1726413274e+01
243 5.9862244705e-01 6.6973980868e-02 2.8195289600e+00 1.1995675262e+01
244 5.9857483668e-01 6.6956469288e-02 2.8162769253e+00 1.1988867125e+01
245 5.9810543617e-01 6.5858000915e-02 2.7823764468e+00 1.1792576146e+01
246 5.9867910349e-01 6.7363486618e-02 2.7840472238e+00 1.1726021857e+01
247 5.9858517281e-01 6.7331158860e-02 2.7781104952e+00 1.1714542878e+01
248 5.9831186028e-01 6.7008181596e-02 2.7946007936e+00 1.1875233236e+01
249 5.9825136230e-01 6.7047424752e-02 2.7918180619e+00 1.1858445582e+01
250 5.9814518407e-01 6.7103125766e-02 2.7878818813e+00 1.1838649846e+01
251 5.9814715010e-01 6.7116923393e-02 2.7854943716e+00 1.1829258743e+01
252 5.9818609878e-01 6.6991083626e-02 2.7931910667e+00 1.1872591587e+01
253 5.9796457667e-01 6.5962383080e-02 2.6786756636e+00 1.0786857375e+01
254 5.9806827356e-01 6.6368706974e-02 2.6556320560e+00 1.0616780860e+01
255 5.9812158668e-01 6.6399923858e-02 2.6484101715e+00 1.0590304896e+01
256 5.9853816053e-01 6.7104179719e-02 2.6123291500e+00 1.0300137626e+01
257 5.9855611404e-01 6.7127606333e-02 2.6079403926e+00 1.0284391056e+01
258 5.9855363419e-01 6.7108251471e-02 2.6049697060e+00 1.0270139859e+01
259 5.9870193067e-01 6.7805866576e-02 2.5937615109e+00 1.0155787260e+01
260 5.9864741889e-01 6.7863639062e-02 2.5874234332e+00 1.0132221233e+01
261 5.9859349261e-01 6.7878098437e-02 2.5878273214e+00 1.0132048514e+01
262 5.9879879641e-01 6.8140604112e-02 2.5666750797e+00 9.9976252815e+00
263 5.9879291081e-01 6.8185358411e-02 2.5663077173e+00 9.9896392827e+00
264 5.9880838768e-01 6.8196959180e-02 2.5596851861e+00 9.9178419009e+00
265 5.9870762804e-01 6.8214113882e-02 2.5618460173e+00 9.9231933168e+00
266 5.9869118312e-01 6.8983870145e-02 2.6058029751e+00 1.0296569528e+01
267 5.9873261230e-01 6.9039597402e-02 2.6052294567e+00 1.0288808807e+01
268 5.9867496034e-01 6.9035885425e-02 2.6030713738e+00 1.0284549182e+01
269 5.9891556984e-01 6.9234684483e-02 2.5859788483e+00 1.0169666895e+01
270 5.9916842861e-01 6.9607013254e-02 2.5688708839e+00 1.0032368697e+01
271 5.9973100999e-01 7.0505294565e-02 2.5249237565e+00 9.6884761716e+00
272 5.9961997369e-01 7.0494700269e-02 2.5156145292e+00 9.6684534216e+00
273 5.9948354102e-01 6.9846871139e-02 2.4658322119e+00 9.2953140010e+00
274 5.9944961817e-01 6.9851450629e-02 2.4609666498e+00 9.2795568690e+00
275 5.9964438308e-01 7.0167603803e-02 2.4425676846e+00 9.1550491539e+00
276 5.9958797771e-01 7.0211322353e-02 2.4394265229e+00 9.1409794914e+00
277 5.9940113860e-01 6.9710780768e-02 2.4036237411e+00 8.9038545178e+00
278 5.9960434711e-01 7.0080535171e-02 2.3913503328e+00 8.8011921068e+00
279 5.9970368308e-01 7.0580797490e-02 2.4075206737e+00 8.8935029345e+00
280 5.9988601802e-01 7.1129470978e-02 2.4352572295e+00 9.0703007777e+00
281 5.9989050072e-01 7.1252746439e-02 2.4373304718e+00 9.0704180531e+00
282 5.9969718133e-01 7.0940120342e-02 2.4511796038e+00 9.1793309845e+00
283 5.9983750161e-01 7.1350225305e-02 2.4416191353e+00 9.1264724410e+00
284 5.9977257930e-01 7.1397361939e-02 2.4458002972e+00 9.1360816059e+00
285 6.0027871840e-01 7.3179162999e-02 2.5313702362e+00 9.8096512569e+00
286 6.0059108548e-01 7.4233106640e-02 2.5847445041e+00 1.0290524767e+01
287 6.0038254821e-01 7.4335308364e-02 2.5810944024e+00 1.0271739715e+01
288 5.9976803953e-01 7.3370059315e-02 2.5966648022e+00 1.0416180461e+01
289 5.9970358004e-01 7.3361910563e-02 2.5946523942e+00 1.0412994726e+01
290 5.9965426007e-01 7.3437458820e-02 2.5863387899e+00 1.0380510742e+01
291 5.9933895137e-01 7.3138911391e-02 2.6002971831e+00 1.0505136610e+01
292 5.9932530391e-01 7.3141029811e-02 2.6006922771e+00 1.0505756465e+01
293 5.9872242570e-01 7.2175856980e-02 2.6236257865e+00 1.0737169517e+01
294 5.9871680201e-01 7.2188978277e-02 2.6219237329e+00 1.0730806404e+01
295 5.9869236971e-01 7.2257182451e-02 2.6164240045e+00 1.0704208506e+01
296 5.9865676747e-01 7.2269335028e-02 2.6161722961e+00 1.0702671825e+01
297 5.9887885266e-01 7.2551857045e-02 2.5967803453e+00 1.0563977185e+01
298 5.9848306233e-01 7.1690522424e-02 2.5831755212e+00 1.0486558318e+01
299 5.9845091389e-01 7.1741862196e-02 2.5776258690e+00 1.0463295546e+01
300 5.9821455391e-01 7.1286755998e-02 2.5936660704e+00 1.0623097260e+01
301 5.9809712690e-01 7.1234497873e-02 2.5871368079e+00 1.0603854672e+01
302 5.9835176549e-01 7.1459615023e-02 2.5684485858e+00 1.0475722249e+01
303 5.9849342547e-01 7.2095518791e-02 2.6075267805e+00 1.0739930152e+01
304 5.9830632350e-01 7.1372207289e-02 2.5702682223e+00 1.0492985027e+01
305 5.9821994380e-01 7.1417607147e-02 2.5682225151e+00 1.0479346152e+01
306 5.9817248798e-01 7.1305165100e-02 2.5639720468e+00 1.0484069420e+01
307 5.9813121735e-01 7.1310908446e-02 2.5621175649e+00 1.0480050296e+01
308 5.9815547196e-01 7.1345666826e-02 2.5572290003e+00 1.0457370482e+01
309 5.9792328233e-01 7.0962770749e-02 2.5669647240e+00 1.0550365739e+01
310 5.9791618497e-01 7.0968364363e-02 2.5665544248e+00 1.0548099211e+01
311 5.9816261280e-01 7.2330938461e-02 2.6356575935e+00 1.1058300621e+01
312 5.9846693413e-01 7.3029632860e-02 2.6326655764e+00 1.0967898760e+01
313 5.9844871561e-01 7.3060671007e-02 2.6370034105e+00 1.0977713910e+01
314 5.9863110100e-01 7.3246848175e-02 2.6150887041e+00 1.0813177418e+01
315 5.9850452774e-01 7.2577205862e-02 2.5646864136e+00 1.0417113479e+01
316 5.9888159654e-01 7.3664537118e-02 2.5773581205e+00 1.0432110735e+01
317 5.9896237909e-01 7.4237936919e-02 2.5953772248e+00 1.0534302912e+01
318 5.9888677678e-01 7.4369597823e-02 2.6109329049e+00 1.0701916233e+01
319 5.9898273250e-01 7.4305739959e-02 2.5707787999e+00 1.0414400332e+01
320 5.9895764861e-01 7.4320876690e-02 2.5696315709e+00 1.0410144791e+01
321 5.9898680083e-01 7.4356335543e-02 2.5697542506e+00 1.0406834207e+01
322 5.9909469077e-01 7.4929683545e-02 2.5807988298e+00 1.0451375173e+01
323 5.9902943107e-01 7.4839948657e-02 2.5814398732e+00 1.0466395261e+01
324 5.9891994564e-01 7.4886469413e-02 2.5752799253e+00 1.0447343231e+01
325 5.9878821055e-01 7.4762753620e-02 2.5902474298e+00 1.0545204780e+01
326 5.9853969850e-01 7.3560419962e-02 2.5230792688e+00 1.0021370566e+01
327 5.9843904207e-01 7.3507733167e-02 2.5239128897e+00 1.0035142617e+01
328 5.9845265884e-01 7.3974494402e-02 2.5496323849e+00 1.0189312999e+01
329 5.9844981879e-01 7.4682104738e-02 2.6159319012e+00 1.0613075896e+01
330 5.9835138529e-01 7.4668145114e-02 2.6181639289e+00 1.0625605574e+01
331 5.9820850448e-01 7.4399014384e-02 2.6084497331e+00 1.0573546053e+01
332 5.9841539707e-01 7.4695075016e-02 2.5744655635e+00 1.0284311821e+01
333 5.9867068027e-01 7.5061809441e-02 2.5577961863e+00 1.0146341237e+01
334 5.9891919801e-01 7.5458719813e-02 2.5409182012e+00 1.0007983797e+01
335 5.9865937696e-01 7.5100872141e-02 2.5258031757e+00 9.9492083526e+00
336 5.9878750439e-01 7.5764161846e-02 2.5660958574e+00 1.0233927834e+01
337 5.9878220617e-01 7.5782048919e-02 2.5610925198e+00 1.0214341982e+01
338 5.9881858673e-01 7.5783889487e-02 2.5595060362e+00 1.0208439203e+01
339 5.9903828287e-01 7.6100487411e-02 2.5412116747e+00 1.0068049075e+01
340 5.9923939320e-01 7.6522773279e-02 2.5244111191e+00 9.9317425732e+00
341 5.9897593756e-01 7.5837014835e-02 2.4871147422e+00 9.6717165993e+00
342 5.9890930268e-01 7.5862723866e-02 2.4865816136e+00 9.6679060579e+00
343 5.9911042314e-01 7.5928450485e-02 2.4781799148e+00 9.6160810239e+00
344 5.9926804129e-01 7.6228246557e-02 2.4611686257e+00 9.4963128093e+00
345 5.9934175359e-01 7.6392356606e-02 2.4412675495e+00 9.3591133493e+00
346 5.9948466131e-01 7.7060904143e-02 2.4537611064e+00 9.4558088327e+00
347 5.9949057595e-01 7.7139710973e-02 2.4498502586e+00 9.4389433088e+00
348 5.9978947830e-01 7.7941833383e-02 2.4190127729e+00 9.1861205331e+00
349 5.9967125248e-01 7.8064535373e-02 2.4171898435e+00 9.1676643940e+00
350 5.9948497028e-01 7.8362385077e-02 2.4505554108e+00 9.3587782336e+00
351 5.9959771374e-01 7.9004659952e-02 2.4807975090e+00 9.5499316978e+00
352 5.9977217209e-01 7.9174811276e-02 2.4682224705e+00 9.4686379896e+00
353 5.9994536287e-01 7.9565819638e-02 2.4516871563e+00 9.3273777663e+00
354 6.0013994532e-01 7.9986546031e-02 2.4572037732e+00 9.3311391216e+00
355 6.0015713782e-01 8.0316211250e-02 2.4432730862e+00 9.2247742503e+00
356 6.0017461482e-01 8.0378302704e-02 2.4402578616e+00 9.2103647761e+00
357 6.0028264187e-01 8.0714900274e-02 2.4400644457e+00 9.1684084412e+00
358 6.0064095092e-01 8.1525641610e-02 2.4391815932e+00 9.1382311061e+00
359 6.0020187880e-01 8.0616392775e-02 2.4332943044e+00 9.1192366971e+00
360 6.0040796877e-01 8.0896467956e-02 2.4152603292e+00 9.0136244513e+00
361 6.0066631818e-01 8.1534509491e-02 2.4155174198e+00 9.0057151971e+00
362 6.0056481889e-01 8.1583511736e-02 2.4138029093e+00 8.9970963430e+00
363 6.0081466367e-01 8.1739278004e-02 2.4021372137e+00 8.9272338534e+00
364 6.0108662662e-01 8.2103410095e-02 2.3848701755e+00 8.8073320922e+00
365 6.0099672338e-01 8.2146533495e-02 2.3834335998e+00 8.8001797863e+00
