1 5.9282947138e-01 1.1102230246e-16 1.0000000000e+00 1.0000000000e+00
2 5.9302972742e-01 7.4391459549e-03 3.0572123893e+01 9.5755509604e+02
3 5.9355847919e-01 1.2878786989e-02 1.7576271664e+01 3.1691683259e+02
4 5.9356475009e-01 1.2896726137e-02 1.7501765277e+01 3.1512503922e+02
5 5.9360638177e-01 1.3172936063e-02 1.7352222179e+01 3.1181290552e+02
6 5.9359256061e-01 1.3203007679e-02 1.7230502069e+01 3.0906619601e+02
7 5.9362588487e-01 1.3227794037e-02 1.7131944597e+01 3.0659381870e+02
8 5.9374889110e-01 1.5338842391e-02 1.4357926113e+01 2.2174682752e+02
9 5.9387375489e-01 1.8340550682e-02 1.6209303815e+01 2.9826594185e+02
10 5.9379347552e-01 1.8452936403e-02 1.5903491374e+01 2.9140811111e+02
11 5.9371253084e-01 1.8604468341e-02 1.5493868050e+01 2.8239812419e+02
12 5.9372453512e-01 1.8719001261e-02 1.5212507666e+01 2.7553888960e+02
13 5.9365871718e-01 1.8892625314e-02 1.4771831801e+01 2.6585230662e+02
14 5.9383069679e-01 2.0422922354e-02 1.3094984319e+01 2.1107613695e+02
15 5.9410729563e-01 2.1706935759e-02 1.2087410892e+01 1.7780207705e+02
16 5.9438398934e-01 2.1988103880e-02 9.3722568385e+00 1.0130804282e+02
17 5.9431691416e-01 2.2039027562e-02 9.3116407888e+00 1.0049429818e+02
18 5.9428596617e-01 2.2116154755e-02 9.2076046640e+00 9.9177504987e+01
19 5.9418909565e-01 2.2253842233e-02 9.0302120056e+00 9.6945676964e+01
20 5.9437620337e-01 2.3472629824e-02 8.6269270834e+00 8.7523458067e+01
21 5.9473080604e-01 2.5761783933e-02 7.9180626636e+00 7.2921055562e+01
22 5.9517942000e-01 2.7874519480e-02 7.3982067561e+00 6.2903027006e+01
23 5.9517390851e-01 2.7988259598e-02 7.4047382675e+00 6.2974657829e+01
24 5.9542097986e-01 2.8978917412e-02 7.1442108461e+00 5.8567337131e+01
25 5.9542035707e-01 2.9046189870e-02 7.0900991715e+00 5.8037386685e+01
26 5.9583827275e-01 3.0866067564e-02 6.6942448181e+00 5.1356517499e+01
27 5.9611053681e-01 3.1716174143e-02 6.5256489697e+00 4.8603972936e+01
28 5.9631841971e-01 3.2558753018e-02 6.3633751724e+00 4.6076287546e+01
29 5.9633092265e-01 3.2584710213e-02 6.3466590205e+00 4.5920647369e+01
30 5.9650234804e-01 3.3238681002e-02 6.1844960387e+00 4.3650021648e+01
31 5.9674568092e-01 3.4023161670e-02 6.0507867224e+00 4.1648513938e+01
32 5.9675564146e-01 3.4030202571e-02 6.0455899132e+00 4.1608039672e+01
33 5.9670948049e-01 3.4082761753e-02 6.0193475829e+00 4.1387487648e+01
34 5.9690790153e-01 3.4917464903e-02 5.8571476968e+00 3.9297430636e+01
35 5.9710023722e-01 3.5560823389e-02 5.7044005857e+00 3.7441780370e+01
36 5.9705632544e-01 3.5607490434e-02 5.6817572340e+00 3.7279872440e+01
37 5.9727408137e-01 3.6202335597e-02 5.5570601860e+00 3.5712412440e+01
38 5.9738730846e-01 3.6956394156e-02 5.4304045966e+00 3.4143039718e+01
39 5.9734667395e-01 3.7005307543e-02 5.4092981156e+00 3.3990917497e+01
40 5.9762703951e-01 3.7969783863e-02 5.3442219048e+00 3.3059751375e+01
41 5.9832036741e-01 3.9974735309e-02 5.0848625403e+00 2.9736012840e+01
42 5.9851197021e-01 4.1152869129e-02 5.2702854721e+00 3.2763553017e+01
43 5.9900569885e-01 4.2381748829e-02 5.0985395953e+00 3.0539144872e+01
44 5.9895822551e-01 4.2420186739e-02 5.0858578571e+00 3.0454116572e+01
45 5.9887489502e-01 4.2468594572e-02 5.0718508672e+00 3.0358258131e+01
46 5.9954778168e-01 4.4295086403e-02 4.8344810652e+00 2.7478045038e+01
47 5.9957880542e-01 4.4243676361e-02 4.8267365446e+00 2.7454086044e+01
48 5.9925861769e-01 4.3842752457e-02 4.8600862519e+00 2.8100310588e+01
49 5.9976157530e-01 4.4932971213e-02 4.7176583753e+00 2.6419674774e+01
50 6.0003547166e-01 4.5574543101e-02 4.6471641492e+00 2.5604887753e+01
51 6.0029685948e-01 4.6072229322e-02 4.5738091534e+00 2.4834693682e+01
52 6.0029872909e-01 4.6068197932e-02 4.5671635874e+00 2.4796614819e+01
53 6.0029548906e-01 4.6090779041e-02 4.5601109152e+00 2.4749824185e+01
54 6.0045614116e-01 4.6683187715e-02 4.4888377273e+00 2.4001709082e+01
55 6.0067817608e-01 4.7251319492e-02 4.4229052515e+00 2.3301826603e+01
56 6.0071733934e-01 4.7264790113e-02 4.4146633513e+00 2.3265443539e+01
57 6.0063165053e-01 4.7192706405e-02 4.4028022388e+00 2.3232373727e+01
58 6.0063414884e-01 4.7168824894e-02 4.4017533361e+00 2.3227366641e+01
59 6.0047849446e-01 4.7231116517e-02 4.3847268339e+00 2.3121731827e+01
60 6.0056802951e-01 4.8102869191e-02 4.4449543732e+00 2.3861993583e+01
61 6.0091223495e-01 4.9594939479e-02 4.4764359350e+00 2.4370067881e+01
62 6.0125118373e-01 5.0053400954e-02 4.4116673514e+00 2.3700240191e+01
63 6.0123629029e-01 4.9982906702e-02 4.4165358394e+00 2.3734496761e+01
64 6.0147473976e-01 5.0554725111e-02 4.3568982223e+00 2.3079509554e+01
65 6.0139246189e-01 5.0594990267e-02 4.3498125360e+00 2.3036069358e+01
66 6.0144150085e-01 5.0606543697e-02 4.3439324845e+00 2.2998405272e+01
67 6.0146385428e-01 5.0669037348e-02 4.3418397274e+00 2.2970488170e+01
68 6.0144637216e-01 5.0551723953e-02 4.3449500479e+00 2.3032259810e+01
69 6.0143769337e-01 5.0668341867e-02 4.3277666771e+00 2.2924974601e+01
70 6.0153455076e-01 5.1674424927e-02 4.3992181308e+00 2.3880928648e+01
71 6.0173069912e-01 5.2187970746e-02 4.3366765901e+00 2.3233782904e+01
72 6.0164264146e-01 5.2309129642e-02 4.3232833242e+00 2.3132075298e+01
73 6.0159484054e-01 5.2344732079e-02 4.3157207992e+00 2.3086633394e+01
74 6.0158421637e-01 5.2360172287e-02 4.3121794176e+00 2.3063119454e+01
75 6.0160865798e-01 5.2372608797e-02 4.3074169977e+00 2.3033436850e+01
76 6.0207704379e-01 5.4507706583e-02 4.3364797543e+00 2.3252157661e+01
77 6.0212281409e-01 5.5404816359e-02 4.3728618606e+00 2.3637057828e+01
78 6.0258237926e-01 5.6175834474e-02 4.2769551419e+00 2.2616253999e+01
79 6.0287583065e-01 5.7872783498e-02 4.3687368065e+00 2.3529326784e+01
80 6.0279387107e-01 5.7932422404e-02 4.3577265594e+00 2.3458872067e+01
81 6.0303646353e-01 5.8270129602e-02 4.3081826035e+00 2.2974815008e+01
82 6.0301257890e-01 5.8282108750e-02 4.3065408018e+00 2.2963117171e+01
83 6.0299652516e-01 5.8283753081e-02 4.3069227721e+00 2.2965296457e+01
84 6.0291913360e-01 5.8314222658e-02 4.3036093013e+00 2.2940409586e+01
85 6.0285637262e-01 5.8384632859e-02 4.2995924113e+00 2.2893138768e+01
86 6.0278263836e-01 5.8423728288e-02 4.2934875846e+00 2.2854770071e+01
87 6.0279527625e-01 5.8448859123e-02 4.2866518156e+00 2.2812309495e+01
88 6.0265613320e-01 5.7750591332e-02 4.2744604910e+00 2.2816242922e+01
89 6.0268485887e-01 5.7800317155e-02 4.2695230339e+00 2.2765323177e+01
90 6.0270556328e-01 5.7850358224e-02 4.2563748409e+00 2.2681912285e+01
91 6.0326293020e-01 5.8660904867e-02 4.1493398875e+00 2.1573987157e+01
92 6.0319591501e-01 5.8719048700e-02 4.1378180571e+00 2.1511069280e+01
93 6.0267088460e-01 5.7535324632e-02 4.1115301551e+00 2.1417654361e+01
94 6.0263315322e-01 5.7573257327e-02 4.1041007228e+00 2.1373149752e+01
95 6.0249946783e-01 5.7652007690e-02 4.0920104259e+00 2.1296196065e+01
96 6.0239891613e-01 5.7676115738e-02 4.0912489559e+00 2.1289854358e+01
97 6.0258732293e-01 5.8116811274e-02 4.0461603581e+00 2.0815857740e+01
98 6.0290286904e-01 5.8199241276e-02 3.9117860463e+00 1.9519386459e+01
99 6.0286743416e-01 5.8221936352e-02 3.9083866555e+00 1.9499061732e+01
100 6.0305021206e-01 5.8996483035e-02 3.9547733154e+00 1.9938163012e+01
101 6.0299499791e-01 5.9010935608e-02 3.9541968533e+00 1.9933755400e+01
102 6.0300663061e-01 5.8734160012e-02 3.8600131816e+00 1.9069523578e+01
103 6.0343152443e-01 5.9719709596e-02 3.7754209240e+00 1.8240386515e+01
104 6.0344273626e-01 5.9728719897e-02 3.7729114628e+00 1.8226731809e+01
105 6.0359716276e-01 6.0241940225e-02 3.7273864898e+00 1.7808705968e+01
106 6.0352049916e-01 6.0314235321e-02 3.7190437315e+00 1.7759530607e+01
107 6.0351478959e-01 6.0277667587e-02 3.7177211440e+00 1.7765614494e+01
108 6.0348916382e-01 6.0354724365e-02 3.7168333933e+00 1.7742721009e+01
109 6.0323248200e-01 5.9959383048e-02 3.7524190399e+00 1.8090918725e+01
110 6.0348684350e-01 6.0399067226e-02 3.7137659734e+00 1.7717977516e+01
111 6.0349636457e-01 6.0437395435e-02 3.7061780063e+00 1.7682777183e+01
112 6.0394503274e-01 6.1157113535e-02 3.6335007029e+00 1.7029104286e+01
113 6.0396236737e-01 6.1154699627e-02 3.6331620747e+00 1.7027576929e+01
114 6.0415232762e-01 6.1332628400e-02 3.5955508035e+00 1.6697606079e+01
115 6.0410522254e-01 6.1365385673e-02 3.5911861522e+00 1.6673856658e+01
116 6.0411953283e-01 6.1380308693e-02 3.5877070265e+00 1.6654385402e+01
117 6.0409954222e-01 6.1386711942e-02 3.5873822277e+00 1.6652195266e+01
118 6.0427060206e-01 6.1768917719e-02 3.5526699513e+00 1.6348676064e+01
119 6.0446062700e-01 6.2148472977e-02 3.5131396218e+00 1.6030643898e+01
120 6.0460948293e-01 6.2558783153e-02 3.4763150393e+00 1.5723674905e+01
121 6.0454588784e-01 6.2590104324e-02 3.4730692498e+00 1.5707797388e+01
122 6.0454341997e-01 6.2653022230e-02 3.4707814424e+00 1.5684358728e+01
123 6.0487442980e-01 6.3481810967e-02 3.4001117833e+00 1.5096350981e+01
124 6.0476306973e-01 6.3541389983e-02 3.4067644242e+00 1.5163931056e+01
125 6.0486398106e-01 6.4334672718e-02 3.4435524499e+00 1.5487043715e+01
126 6.0500147235e-01 6.4771364478e-02 3.4018228975e+00 1.5173412238e+01
127 6.0525346176e-01 6.5188269077e-02 3.3715498094e+00 1.4901258432e+01
128 6.0525220812e-01 6.5194460180e-02 3.3707157851e+00 1.4895815857e+01
129 6.0519680470e-01 6.5229881979e-02 3.3687616851e+00 1.4880802779e+01
130 6.0537251917e-01 6.5523416479e-02 3.3388741245e+00 1.4647814467e+01
131 6.0583110676e-01 6.6389266838e-02 3.2775790361e+00 1.4124122570e+01
132 6.0580873936e-01 6.6526448723e-02 3.2707380178e+00 1.4080155092e+01
133 6.0599065141e-01 6.6864152788e-02 3.2428018170e+00 1.3854822072e+01
134 6.0596103676e-01 6.6863965839e-02 3.2413475630e+00 1.3849907354e+01
135 6.0593861561e-01 6.6907676840e-02 3.2351848720e+00 1.3819043011e+01
136 6.0637765176e-01 6.7665853054e-02 3.1835854680e+00 1.3381614129e+01
137 6.0667731638e-01 6.8816865682e-02 3.1820533091e+00 1.3362319940e+01
138 6.0673324856e-01 6.8817886912e-02 3.1795628177e+00 1.3351107689e+01
139 6.0687032555e-01 6.8987643574e-02 3.1563577302e+00 1.3186384804e+01
140 6.0689600868e-01 6.8997901470e-02 3.1542117456e+00 1.3173362509e+01
141 6.0693858243e-01 6.8994291553e-02 3.1526446486e+00 1.3168730359e+01
142 6.0683903260e-01 6.8331497111e-02 3.1191240970e+00 1.2908260008e+01
143 6.0698437285e-01 6.8751567476e-02 3.0931202451e+00 1.2698402942e+01
144 6.0700335452e-01 6.8703657634e-02 3.0877353897e+00 1.2684186360e+01
145 6.0706246945e-01 6.9359618471e-02 3.1085627954e+00 1.2842160638e+01
146 6.0757969051e-01 7.0171218114e-02 3.0576573010e+00 1.2433001246e+01
147 6.0759556733e-01 7.0197597058e-02 3.0552776978e+00 1.2419590096e+01
148 6.0777509132e-01 7.0472008544e-02 3.0325240261e+00 1.2253027076e+01
149 6.0738688291e-01 6.9528564195e-02 3.0183718452e+00 1.2132254519e+01
150 6.0718047530e-01 6.8904344264e-02 2.9848368711e+00 1.1872795794e+01
151 6.0736816294e-01 6.9688594964e-02 3.0414489787e+00 1.2419851876e+01
152 6.0770308097e-01 7.0821253410e-02 3.0448864796e+00 1.2417687045e+01
153 6.0760569272e-01 7.0885758954e-02 3.0389421606e+00 1.2390837203e+01
154 6.0769260987e-01 7.1323635216e-02 3.0141110685e+00 1.2192984403e+01
155 6.0778611827e-01 7.1984694028e-02 3.0365886609e+00 1.2356389692e+01
156 6.0796141540e-01 7.2183078263e-02 3.0170967776e+00 1.2221802844e+01
157 6.0816871013e-01 7.2554469113e-02 2.9942810779e+00 1.2040723544e+01
158 6.0801880784e-01 7.2652007848e-02 2.9853010956e+00 1.2004536310e+01
159 6.0802981176e-01 7.2651804145e-02 2.9848749058e+00 1.2002862165e+01
160 6.0747689711e-01 7.0993801474e-02 2.9327870654e+00 1.1563870869e+01
161 6.0770716918e-01 7.1320469080e-02 2.9118754446e+00 1.1403211512e+01
162 6.0765758151e-01 7.1372779502e-02 2.9123883779e+00 1.1403862481e+01
163 6.0763676190e-01 7.1387520494e-02 2.9111867389e+00 1.1398117244e+01
164 6.0763218090e-01 7.1420129299e-02 2.9061049860e+00 1.1379773732e+01
165 6.0766978134e-01 7.2080795975e-02 2.9223703590e+00 1.1521843741e+01
166 6.0792411103e-01 7.2399990577e-02 2.9009203064e+00 1.1361220503e+01
167 6.0785505133e-01 7.2538745981e-02 2.8985805621e+00 1.1341294637e+01
168 6.0824787536e-01 7.3452720288e-02 2.9029268805e+00 1.1367263222e+01
169 6.0811065764e-01 7.2846892783e-02 2.8753368834e+00 1.1178304446e+01
170 6.0834213958e-01 7.3155899418e-02 2.8541747358e+00 1.1026270752e+01
171 6.0833406536e-01 7.3123126910e-02 2.8534001929e+00 1.1027185444e+01
172 6.0814488720e-01 7.2452710558e-02 2.8124972797e+00 1.0698299242e+01
173 6.0790609953e-01 7.2303949172e-02 2.8383020011e+00 1.0896072285e+01
174 6.0781301258e-01 7.2352796369e-02 2.8354690103e+00 1.0881952204e+01
175 6.0740160334e-01 7.1422280380e-02 2.8245819600e+00 1.0799062987e+01
176 6.0740534967e-01 7.1428564812e-02 2.8235725985e+00 1.0794728403e+01
177 6.0718965269e-01 7.0736450467e-02 2.7903471429e+00 1.0548251320e+01
178 6.0711873926e-01 7.0783027412e-02 2.7865861372e+00 1.0533024260e+01
179 6.0731957214e-01 7.1155093147e-02 2.7667023121e+00 1.0385445944e+01
180 6.0746693779e-01 7.1548770993e-02 2.7501153508e+00 1.0266846702e+01
181 6.0749738508e-01 7.1611106416e-02 2.7520302301e+00 1.0273879840e+01
182 6.0738491265e-01 7.1680460616e-02 2.7462566302e+00 1.0254514216e+01
183 6.0777409273e-01 7.2426828918e-02 2.7040909862e+00 9.9697951983e+00
184 6.0781479770e-01 7.2320072908e-02 2.6652010246e+00 9.7159874966e+00
185 6.0796273747e-01 7.2706131243e-02 2.6440623595e+00 9.5770610621e+00
186 6.0844933630e-01 7.3283733920e-02 2.6077689649e+00 9.3369859807e+00
187 6.0876893153e-01 7.4311129392e-02 2.6170290610e+00 9.4300250996e+00
188 6.0899175225e-01 7.4630262535e-02 2.6007626283e+00 9.3201277923e+00
189 6.0911188426e-01 7.5291182532e-02 2.6279376026e+00 9.5137639339e+00
190 6.0921682263e-01 7.5952553337e-02 2.6461939502e+00 9.6672721517e+00
191 6.0918893722e-01 7.5967181136e-02 2.6453447337e+00 9.6640992926e+00
192 6.0916626601e-01 7.6017796875e-02 2.6451711615e+00 9.6586146522e+00
193 6.0897106807e-01 7.5717119860e-02 2.6627147855e+00 9.7790384723e+00
194 6.0861976695e-01 7.4951666884e-02 2.6595047499e+00 9.7764934579e+00
195 6.0890092930e-01 7.5881874028e-02 2.6458379566e+00 9.6472900287e+00
196 6.0897023040e-01 7.6298109472e-02 2.6458926998e+00 9.6455962167e+00
197 6.0925656776e-01 7.7211493572e-02 2.6474060288e+00 9.6545467290e+00
198 6.0935297823e-01 7.7788898694e-02 2.6777905064e+00 9.8905161513e+00
199 6.0934341584e-01 7.7791073608e-02 2.6779716551e+00 9.8906425115e+00
200 6.0918250753e-01 7.7216768538e-02 2.6570340682e+00 9.7490356108e+00
201 6.0968409908e-01 7.7886145212e-02 2.6193367582e+00 9.4960768641e+00
202 6.1027217073e-01 7.8988189270e-02 2.6363983635e+00 9.7029404395e+00
203 6.1038005017e-01 7.9273546879e-02 2.6187753315e+00 9.5892955166e+00
204 6.1035857240e-01 7.9261489641e-02 2.6167114701e+00 9.5857165110e+00
205 6.1050728620e-01 7.9793479043e-02 2.6310052506e+00 9.6637488797e+00
206 6.1036490513e-01 7.8923364663e-02 2.5750138142e+00 9.3315692079e+00
207 6.1050559557e-01 7.9296083882e-02 2.5574339260e+00 9.2110729318e+00
208 6.1059006884e-01 8.0038979857e-02 2.5900809787e+00 9.4873195883e+00
209 6.1058939947e-01 8.0097794985e-02 2.5890753983e+00 9.4806589013e+00
210 6.1075697969e-01 8.0718265699e-02 2.6163606512e+00 9.6811674700e+00
211 6.1056453486e-01 8.0131581701e-02 2.5858599544e+00 9.4686743589e+00
212 6.1087302296e-01 8.0193988933e-02 2.5329581554e+00 9.1248686923e+00
213 6.1085246189e-01 8.0215008457e-02 2.5312592167e+00 9.1183664179e+00
214 6.1082631790e-01 8.0252363361e-02 2.5276738846e+00 9.1056367666e+00
215 6.1051200799e-01 7.9143892681e-02 2.4845782100e+00 8.8226887835e+00
216 6.1051427617e-01 7.9233419415e-02 2.4814031989e+00 8.8068438336e+00
217 6.1020947112e-01 7.8929395342e-02 2.4927785943e+00 8.9051367609e+00
218 6.1014123495e-01 7.8891427730e-02 2.4924113259e+00 8.9120679930e+00
219 6.1013657261e-01 7.8898268575e-02 2.4920298962e+00 8.9095699539e+00
220 6.1040303040e-01 7.9221893826e-02 2.4755282359e+00 8.8005615000e+00
221 6.1068929127e-01 8.0250599965e-02 2.4995356455e+00 8.9220274587e+00
222 6.1084442305e-01 8.0533290804e-02 2.4810272831e+00 8.8205883084e+00
223 6.1105875091e-01 8.0912217408e-02 2.4602438542e+00 8.6977601137e+00
224 6.1095354577e-01 8.0975590561e-02 2.4579602577e+00 8.6873418411e+00
225 6.1095108323e-01 8.0981731886e-02 2.4575078884e+00 8.6848352633e+00
226 6.1088378058e-01 8.0931352120e-02 2.4532801070e+00 8.6828273384e+00
227 6.1084512912e-01 8.0955793504e-02 2.4477709787e+00 8.6684801442e+00
228 6.1070140598e-01 8.1014083810e-02 2.4468206951e+00 8.6615743283e+00
229 6.1073449433e-01 8.1066355593e-02 2.4497702486e+00 8.6868819432e+00
230 6.1107569396e-01 8.1943302087e-02 2.4570411717e+00 8.7479205951e+00
231 6.1062057210e-01 8.0951724020e-02 2.4312953676e+00 8.5134079993e+00
232 6.1101011370e-01 8.1763100270e-02 2.4382355962e+00 8.5636957254e+00
233 6.1130634749e-01 8.2617606279e-02 2.4349821522e+00 8.5267033600e+00
234 6.1144654222e-01 8.3088923105e-02 2.4523666516e+00 8.6371324245e+00
235 6.1167242059e-01 8.3392747636e-02 2.4368174481e+00 8.5378654031e+00
236 6.1157286605e-01 8.3372979328e-02 2.4320997216e+00 8.5086926008e+00
237 6.1151507366e-01 8.3393511618e-02 2.4281319843e+00 8.4845239935e+00
238 6.1194421370e-01 8.3877592495e-02 2.3997511289e+00 8.3123561303e+00
239 6.1189855243e-01 8.3723545913e-02 2.4028675982e+00 8.3432937682e+00
240 6.1186106334e-01 8.3716050673e-02 2.4034822465e+00 8.3452837352e+00
241 6.1154387989e-01 8.3497187513e-02 2.4154970412e+00 8.4294256258e+00
242 6.1196301816e-01 8.3858301934e-02 2.3869167866e+00 8.2765326677e+00
243 6.1214996033e-01 8.4291485220e-02 2.3998076812e+00 8.3420225888e+00
244 6.1249552294e-01 8.4359436663e-02 2.3600784420e+00 8.1065309911e+00
245 6.1291824399e-01 8.5218087359e-02 2.3600452753e+00 8.0992940407e+00
246 6.1271751789e-01 8.4701240399e-02 2.3385151469e+00 7.9604715402e+00
247 6.1270047991e-01 8.4710405620e-02 2.3380932080e+00 7.9592244035e+00
248 6.1190391198e-01 8.2833671342e-02 2.3054829485e+00 7.7154152507e+00
249 6.1205293257e-01 8.3227052487e-02 2.2899681252e+00 7.6211236402e+00
250 6.1270062206e-01 8.4199039128e-02 2.2781123098e+00 7.5464422959e+00
251 6.1283255217e-01 8.4717227731e-02 2.2933923480e+00 7.6309131419e+00
252 6.1257178695e-01 8.4390570727e-02 2.3059120281e+00 7.6962758287e+00
253 6.1228116715e-01 8.4087759900e-02 2.3177921966e+00 7.7730704618e+00
254 6.1187152918e-01 8.3299111281e-02 2.3050337796e+00 7.6944509684e+00
255 6.1201563828e-01 8.3792715622e-02 2.3160341156e+00 7.7561525832e+00
256 6.1251513121e-01 8.5085809251e-02 2.3335471122e+00 7.8679872304e+00
257 6.1269506509e-01 8.5653621479e-02 2.3549854780e+00 8.0289695800e+00
258 6.1286144389e-01 8.6250978163e-02 2.3784461732e+00 8.1897906502e+00
259 6.1290178972e-01 8.6347461570e-02 2.3759239609e+00 8.1782465434e+00
260 6.1318204028e-01 8.6633216159e-02 2.3603632075e+00 8.0861274525e+00
261 6.1321473569e-01 8.6683589647e-02 2.3644290286e+00 8.1190260537e+00
262 6.1300484272e-01 8.6443129788e-02 2.3734382146e+00 8.1647647841e+00
263 6.1293365196e-01 8.6480107312e-02 2.3720486564e+00 8.1593451390e+00
264 6.1243147096e-01 8.5911379685e-02 2.3913656997e+00 8.2578756275e+00
265 6.1214761050e-01 8.5729195500e-02 2.4012064998e+00 8.3261629866e+00
266 6.1186146867e-01 8.5593528746e-02 2.4142314536e+00 8.3982946937e+00
267 6.1170132266e-01 8.5623128921e-02 2.4116047689e+00 8.3926972279e+00
268 6.1191916900e-01 8.6144531970e-02 2.3961351986e+00 8.2770705627e+00
269 6.1211858025e-01 8.6433420963e-02 2.3791056082e+00 8.1810855565e+00
270 6.1213226737e-01 8.6399480834e-02 2.3782249924e+00 8.1821226838e+00
271 6.1206844400e-01 8.6445396580e-02 2.3738754549e+00 8.1688815884e+00
272 6.1232312882e-01 8.6826855468e-02 2.3724186645e+00 8.1891945618e+00
273 6.1238206941e-01 8.7256376193e-02 2.3733156650e+00 8.1721086099e+00
274 6.1236916483e-01 8.7263896108e-02 2.3731390003e+00 8.1705973123e+00
275 6.1242414754e-01 8.7022023233e-02 2.3510964797e+00 8.0643063842e+00
276 6.1263881888e-01 8.7159758338e-02 2.3239798223e+00 7.9256414019e+00
277 6.1279002833e-01 8.7657359789e-02 2.3321260313e+00 7.9588349060e+00
278 6.1283213477e-01 8.7781744489e-02 2.3373174168e+00 7.9952382587e+00
279 6.1255860131e-01 8.7381267221e-02 2.3301622119e+00 7.9718411358e+00
280 6.1247170326e-01 8.7265622468e-02 2.3281041060e+00 7.9466880163e+00
281 6.1248197857e-01 8.7049664723e-02 2.3043142915e+00 7.8410447201e+00
282 6.1255406949e-01 8.7581013650e-02 2.3084135199e+00 7.8534058591e+00
283 6.1234317875e-01 8.7192368734e-02 2.3064542774e+00 7.8622684471e+00
284 6.1252900610e-01 8.7452667451e-02 2.2930561771e+00 7.7811988428e+00
285 6.1246469143e-01 8.7685317651e-02 2.3041777796e+00 7.8854696299e+00
286 6.1273942700e-01 8.8006162081e-02 2.2931420355e+00 7.8168310002e+00
287 6.1257653476e-01 8.7559001559e-02 2.2869487286e+00 7.7958558068e+00
288 6.1262564687e-01 8.7642268100e-02 2.2886945975e+00 7.8066594128e+00
289 6.1215702116e-01 8.7073121523e-02 2.2885915860e+00 7.8267347661e+00
290 6.1186097137e-01 8.6590156423e-02 2.2878619286e+00 7.7898069034e+00
291 6.1163917887e-01 8.6525558845e-02 2.3127951029e+00 7.9565445616e+00
292 6.1190065176e-01 8.6742522592e-02 2.2991493398e+00 7.8786364334e+00
293 6.1215100040e-01 8.6970468837e-02 2.2836579512e+00 7.7955306970e+00
294 6.1228181559e-01 8.7092437425e-02 2.2718523955e+00 7.7377155551e+00
295 6.1216909463e-01 8.6633093529e-02 2.2650482660e+00 7.7131910516e+00
296 6.1210733134e-01 8.6696207460e-02 2.2634860489e+00 7.7113030111e+00
297 6.1257351682e-01 8.8167514025e-02 2.3011521588e+00 7.9144396793e+00
298 6.1275882232e-01 8.8385247850e-02 2.2880077873e+00 7.8406688332e+00
299 6.1318084035e-01 8.8986951253e-02 2.2732091523e+00 7.7372443819e+00
300 6.1320418199e-01 8.9011514375e-02 2.2731827737e+00 7.7346055290e+00
301 6.1340548016e-01 8.9283136653e-02 2.2605214952e+00 7.6591957446e+00
302 6.1344491000e-01 8.9249272583e-02 2.2618716927e+00 7.6647304764e+00
303 6.1371287146e-01 8.9489772261e-02 2.2375391233e+00 7.5416130084e+00
304 6.1406290000e-01 9.0253696148e-02 2.2283432035e+00 7.4694073313e+00
305 6.1427266965e-01 9.0426998171e-02 2.2155066015e+00 7.4031395984e+00
306 6.1424109583e-01 9.0501997895e-02 2.2208554533e+00 7.4300083952e+00
307 6.1409142117e-01 9.0051492234e-02 2.2182032821e+00 7.4441871983e+00
308 6.1388233295e-01 8.9550323121e-02 2.2051424632e+00 7.3818151101e+00
309 6.1415699052e-01 8.9998551742e-02 2.1994298031e+00 7.3434083863e+00
310 6.1420507645e-01 8.9930285256e-02 2.2005547520e+00 7.3494382651e+00
311 6.1389285771e-01 8.9620629049e-02 2.2147331207e+00 7.4332129091e+00
312 6.1366659349e-01 8.9445156933e-02 2.2254849188e+00 7.4949668579e+00
313 6.1335636850e-01 8.9244556655e-02 2.2359750673e+00 7.5637514973e+00
314 6.1331401460e-01 8.9261125728e-02 2.2331226133e+00 7.5578563423e+00
315 6.1322254942e-01 8.8970493994e-02 2.2375463924e+00 7.6214617217e+00
316 6.1333978772e-01 8.9209394932e-02 2.2259287580e+00 7.5509906057e+00
317 6.1292489109e-01 8.8477200611e-02 2.2259767087e+00 7.5572284432e+00
318 6.1303772493e-01 8.9134971353e-02 2.2617982711e+00 7.8126085560e+00
319 6.1318996517e-01 8.9609254815e-02 2.2716953045e+00 7.8561586231e+00
320 6.1340148442e-01 8.9772546803e-02 2.2599710855e+00 7.7926455099e+00
321 6.1342338603e-01 8.9786104135e-02 2.2601824277e+00 7.7932676617e+00
322 6.1339875104e-01 8.9791800034e-02 2.2568300774e+00 7.7848843310e+00
323 6.1346353986e-01 9.0282537066e-02 2.2583600522e+00 7.7823311608e+00
324 6.1339649255e-01 9.0228820740e-02 2.2594995442e+00 7.7944531801e+00
325 6.1341601116e-01 9.0223309186e-02 2.2593792940e+00 7.7943398354e+00
326 6.1344261391e-01 8.9840046757e-02 2.2136214571e+00 7.4992135884e+00
327 6.1331136082e-01 8.9808175780e-02 2.2143705909e+00 7.5044695142e+00
328 6.1331787547e-01 9.0248642206e-02 2.2214708364e+00 7.5466591949e+00
329 6.1331394773e-01 9.0232714851e-02 2.2213374413e+00 7.5464199101e+00
330 6.1348088944e-01 9.0877763618e-02 2.2418181996e+00 7.6767140374e+00
331 6.1372757203e-01 9.0954633057e-02 2.2308126636e+00 7.6274420476e+00
332 6.1328177505e-01 9.0153638124e-02 2.2211920042e+00 7.5781449211e+00
333 6.1295139732e-01 9.0142161737e-02 2.2574998046e+00 7.7790453689e+00
334 6.1305330672e-01 9.0496131039e-02 2.2495146858e+00 7.7411993204e+00
335 6.1280609980e-01 9.0367637991e-02 2.2576900295e+00 7.7945018336e+00
336 6.1284134850e-01 9.0432790877e-02 2.2629037383e+00 7.8341016166e+00
337 6.1276901401e-01 9.0225493490e-02 2.2438656746e+00 7.6896337874e+00
338 6.1263439715e-01 9.0404191086e-02 2.2679205907e+00 7.8229385904e+00
339 6.1243822210e-01 8.9722394920e-02 2.2440868001e+00 7.6846005082e+00
340 6.1222853003e-01 8.9657900636e-02 2.2544598270e+00 7.7396998235e+00
341 6.1229028531e-01 8.9642630603e-02 2.2595278473e+00 7.7843296539e+00
342 6.1247586910e-01 8.9917872106e-02 2.2428742561e+00 7.7008537059e+00
343 6.1281769468e-01 9.0672371249e-02 2.2414322534e+00 7.6793440128e+00
344 6.1271217359e-01 9.0741032302e-02 2.2382775203e+00 7.6680810434e+00
345 6.1272732551e-01 9.0724999670e-02 2.2381022776e+00 7.6705737415e+00
346 6.1258321720e-01 9.0254690696e-02 2.2266582925e+00 7.6206790979e+00
347 6.1280903150e-01 9.0578368914e-02 2.2141214570e+00 7.5407662120e+00
348 6.1271203373e-01 9.0581626264e-02 2.2105881963e+00 7.5375121129e+00
349 6.1308547277e-01 9.1401793667e-02 2.2119282354e+00 7.5362255933e+00
350 6.1284820609e-01 9.1164261607e-02 2.2242610658e+00 7.6089891471e+00
351 6.1230499102e-01 9.0008649519e-02 2.2143670598e+00 7.5865458094e+00
352 6.1223893913e-01 9.0073706228e-02 2.2123605660e+00 7.5791070972e+00
353 6.1264881205e-01 9.0610194500e-02 2.1866861293e+00 7.4262870975e+00
354 6.1201639171e-01 8.9520984246e-02 2.1948596651e+00 7.4756725782e+00
355 6.1196935174e-01 8.9471328221e-02 2.1976196563e+00 7.4894788504e+00
356 6.1197296190e-01 8.9436910436e-02 2.1985577781e+00 7.4931120285e+00
357 6.1242305472e-01 9.0743871840e-02 2.2108485734e+00 7.5396107205e+00
358 6.1205977043e-01 8.9897284091e-02 2.2003804482e+00 7.4717427329e+00
359 6.1221668375e-01 9.0393900161e-02 2.2219097692e+00 7.6023065806e+00
360 6.1218667956e-01 9.0447347151e-02 2.2201344235e+00 7.5932174003e+00
361 6.1177155238e-01 8.9801407303e-02 2.2222734007e+00 7.6231180439e+00
362 6.1171359034e-01 8.9771830131e-02 2.2230608977e+00 7.6318781761e+00
363 6.1189924295e-01 9.0359305869e-02 2.2422588460e+00 7.7508191699e+00
364 6.1192234672e-01 9.0380256938e-02 2.2429171867e+00 7.7515231516e+00
365 6.1171995166e-01 9.0268995846e-02 2.2372788569e+00 7.7397415080e+00
