1 5.9282947138e-01 1.1102230246e-16 1.0000000000e+00 1.0000000000e+00
2 5.9281465226e-01 5.8585760762e-04 -8.7740931598e+00 1.9472531833e+02
3 5.9280557520e-01 2.8105334054e-03 -8.6424859265e+00 1.9774140658e+02
4 5.9280421733e-01 2.9802238161e-03 -7.6409928615e+00 1.6096982267e+02
5 5.9263485576e-01 3.8969096613e-03 -7.7957235666e+00 1.0492366224e+02
6 5.9309607970e-01 1.1251161429e-02 1.7263207956e+01 3.6746371973e+02
7 5.9358277570e-01 1.5324098232e-02 1.3735110303e+01 2.1125991240e+02
8 5.9386385048e-01 1.7036185705e-02 1.2477934666e+01 1.7196625668e+02
9 5.9390796279e-01 1.7059391307e-02 1.2422063608e+01 1.7090767682e+02
10 5.9384545833e-01 1.7229863179e-02 1.2023798682e+01 1.6455698740e+02
11 5.9409777639e-01 1.8740564202e-02 1.1200055292e+01 1.4041327207e+02
12 5.9447388212e-01 2.1503024809e-02 9.8463903271e+00 1.0728192985e+02
13 5.9444643191e-01 2.1523199530e-02 9.8209047795e+00 1.0693238131e+02
14 5.9431685412e-01 2.1707113717e-02 9.5546098288e+00 1.0366628008e+02
15 5.9459539299e-01 2.2927077840e-02 9.1028035146e+00 9.3239457298e+01
16 5.9451994238e-01 2.3021539644e-02 8.9870696845e+00 9.1863334934e+01
17 5.9493029821e-01 2.5362261081e-02 8.1727170723e+00 7.5678552741e+01
18 5.9492159442e-01 2.5370468430e-02 8.1654996685e+00 7.5592045516e+01
19 5.9490810606e-01 2.5382169169e-02 8.1548679115e+00 7.5471283473e+01
20 5.9537793711e-01 2.7426724555e-02 7.6040899134e+00 6.4872696080e+01
21 5.9541796549e-01 2.7507062200e-02 7.5283902008e+00 6.4087283009e+01
22 5.9565373223e-01 2.8364569945e-02 7.2926338356e+00 5.9904174077e+01
23 5.9569228259e-01 3.0038628312e-02 7.7211437868e+00 7.0302374950e+01
24 5.9553136633e-01 2.8438578309e-02 7.2043125818e+00 5.9088267633e+01
25 5.9550410452e-01 2.8461304167e-02 7.1886885313e+00 5.8928431160e+01
26 5.9554988647e-01 2.8483179834e-02 7.1689334210e+00 5.8703474319e+01
27 5.9582084806e-01 2.9413215737e-02 6.9620922936e+00 5.5117563002e+01
28 5.9626072147e-01 3.1213368223e-02 6.5787063709e+00 4.8983746410e+01
29 5.9623944655e-01 3.1296212402e-02 6.5284687282e+00 4.8493715684e+01
30 5.9623641459e-01 3.1344518781e-02 6.4942658107e+00 4.8205449427e+01
31 5.9627489439e-01 3.1364683580e-02 6.4788745125e+00 4.8050474671e+01
32 5.9627211351e-01 3.1391288783e-02 6.4624361538e+00 4.7891172146e+01
33 5.9620812233e-01 3.1453270480e-02 6.4244627521e+00 4.7576668745e+01
34 5.9616271084e-01 3.1515454100e-02 6.3865747749e+00 4.7247041742e+01
35 5.9615045185e-01 3.1587944326e-02 6.3393780994e+00 4.6834041174e+01
36 5.9658601685e-01 3.3279842273e-02 6.0358805795e+00 4.2228314972e+01
37 5.9664038404e-01 3.3323952318e-02 6.0077821857e+00 4.1967686095e+01
38 5.9708656226e-01 3.4871619334e-02 5.7710230707e+00 3.8428239514e+01
39 5.9753780552e-01 3.6306338844e-02 5.5622461950e+00 3.5444141964e+01
40 5.9756434208e-01 3.6325085388e-02 5.5535173728e+00 3.5357961267e+01
41 5.9757416356e-01 3.6334858408e-02 5.5480072159e+00 3.5314090564e+01
42 5.9757020585e-01 3.6351795910e-02 5.5387068633e+00 3.5254775431e+01
43 5.9747109191e-01 3.6345036510e-02 5.5164352007e+00 3.5096713222e+01
44 5.9744640559e-01 3.6357568236e-02 5.5122556066e+00 3.5063705330e+01
45 5.9733685718e-01 3.6246348066e-02 5.4890933980e+00 3.4934622450e+01
46 5.9750705584e-01 3.6932021578e-02 5.3713869815e+00 3.3480411451e+01
47 5.9757558425e-01 3.6945012918e-02 5.3604587290e+00 3.3393802737e+01
48 5.9781210063e-01 3.7796914212e-02 5.2431623803e+00 3.2008673685e+01
49 5.9780183166e-01 3.7821922063e-02 5.2329087834e+00 3.1930527779e+01
50 5.9780634958e-01 3.8008439762e-02 5.2370208209e+00 3.1948292312e+01
51 5.9785938686e-01 3.8085220903e-02 5.2396089133e+00 3.1975549313e+01
52 5.9785353895e-01 3.8086158249e-02 5.2396315993e+00 3.1975640632e+01
53 5.9809886419e-01 3.8925551838e-02 5.1652806436e+00 3.0976939129e+01
54 5.9806085580e-01 3.8956177883e-02 5.1554803542e+00 3.0900419632e+01
55 5.9810347469e-01 3.8952886956e-02 5.1535722514e+00 3.0888276295e+01
56 5.9855685875e-01 4.0196254009e-02 4.9908370366e+00 2.8859306665e+01
57 5.9895212738e-01 4.1831733894e-02 5.0920715126e+00 3.0792561205e+01
58 5.9893332728e-01 4.2018642942e-02 5.1216821237e+00 3.1463765251e+01
59 5.9892253330e-01 4.1969571631e-02 5.1122320584e+00 3.1411090633e+01
60 5.9884468823e-01 4.2017914149e-02 5.0975688439e+00 3.1307634416e+01
61 5.9876456810e-01 4.1901944252e-02 5.0938595137e+00 3.1347834106e+01
62 5.9851610674e-01 4.0771210457e-02 4.8321902867e+00 2.7397091402e+01
63 5.9846959995e-01 4.0816813242e-02 4.8161195080e+00 2.7301986031e+01
64 5.9834309255e-01 4.0917749646e-02 4.7823240790e+00 2.7105954083e+01
65 5.9862419820e-01 4.1561305685e-02 4.7126651700e+00 2.6297234489e+01
66 5.9891025711e-01 4.2443518737e-02 4.6588903890e+00 2.5656899548e+01
67 5.9889651510e-01 4.2460273562e-02 4.6540791571e+00 2.5622682047e+01
68 5.9954862194e-01 4.4942338502e-02 4.7244803632e+00 2.6706243172e+01
69 5.9936246243e-01 4.3943496523e-02 4.5591663361e+00 2.4463830009e+01
70 5.9934200927e-01 4.4006461240e-02 4.5502626856e+00 2.4420324349e+01
71 5.9950661089e-01 4.4579493369e-02 4.4716247240e+00 2.3658634301e+01
72 5.9954203227e-01 4.4580430393e-02 4.4592736145e+00 2.3574171299e+01
73 5.9928170436e-01 4.4078065846e-02 4.5024336774e+00 2.4138992529e+01
74 5.9943979771e-01 4.5116378558e-02 4.6560751190e+00 2.6288991986e+01
75 5.9971221223e-01 4.5676704065e-02 4.5905880283e+00 2.5515246486e+01
76 5.9965211507e-01 4.5707053595e-02 4.5835237320e+00 2.5473355751e+01
77 5.9942271533e-01 4.5203489446e-02 4.6287668290e+00 2.6100973681e+01
78 5.9937800581e-01 4.5238906772e-02 4.6084591895e+00 2.5995426455e+01
79 5.9958635882e-01 4.5781769480e-02 4.5324069794e+00 2.5178648346e+01
80 5.9981775469e-01 4.6385554947e-02 4.4583318711e+00 2.4371193436e+01
81 6.0005163465e-01 4.7260930830e-02 4.4132617743e+00 2.3816473491e+01
82 6.0003681700e-01 4.7271361456e-02 4.4110152901e+00 2.3801154354e+01
83 5.9999020906e-01 4.7292929172e-02 4.4070632236e+00 2.3775457571e+01
84 6.0021687261e-01 4.7893319820e-02 4.3520431438e+00 2.3137877075e+01
85 6.0036695563e-01 4.8540691293e-02 4.2858939650e+00 2.2456392704e+01
86 6.0063282434e-01 4.9066973508e-02 4.2182834754e+00 2.1783274570e+01
87 6.0107992097e-01 5.0548208520e-02 4.2467677867e+00 2.2321248094e+01
88 6.0121170135e-01 5.1499386975e-02 4.3118575451e+00 2.3068224604e+01
89 6.0160388491e-01 5.2376744887e-02 4.2060301588e+00 2.1967045913e+01
90 6.0169698110e-01 5.2453695189e-02 4.1951915031e+00 2.1892504914e+01
91 6.0162952930e-01 5.1268650660e-02 3.9882653076e+00 1.9574346010e+01
92 6.0229384625e-01 5.2630805277e-02 3.8608902692e+00 1.8308441507e+01
93 6.0244569472e-01 5.3101730218e-02 3.8106817709e+00 1.7874958365e+01
94 6.0244210784e-01 5.3184771810e-02 3.8009079491e+00 1.7818478633e+01
95 6.0242348482e-01 5.3214977189e-02 3.7942854353e+00 1.7784777922e+01
96 6.0237482948e-01 5.3251227865e-02 3.7880026772e+00 1.7751674672e+01
97 6.0304728843e-01 5.4927477193e-02 3.7752376622e+00 1.7744474156e+01
98 6.0304592730e-01 5.4952411996e-02 3.7691578649e+00 1.7713788753e+01
99 6.0322778180e-01 5.5800523545e-02 3.8304480294e+00 1.8410457526e+01
100 6.0309514845e-01 5.5132734537e-02 3.7645383211e+00 1.7752759984e+01
101 6.0305230348e-01 5.5053323808e-02 3.7605518417e+00 1.7758684877e+01
102 6.0303422642e-01 5.5048923148e-02 3.7628879038e+00 1.7768532863e+01
103 6.0302715662e-01 5.5053713399e-02 3.7622160833e+00 1.7764316782e+01
104 6.0308315282e-01 5.5045185760e-02 3.7616003474e+00 1.7759381811e+01
105 6.0356719311e-01 5.5834478518e-02 3.6852872811e+00 1.7048927644e+01
106 6.0368140211e-01 5.6345498691e-02 3.6378181651e+00 1.6644085349e+01
107 6.0390468484e-01 5.6849273797e-02 3.6039781240e+00 1.6323687555e+01
108 6.0414597986e-01 5.7320450645e-02 3.5654728452e+00 1.5987112926e+01
109 6.0462456780e-01 5.7953169454e-02 3.5061524388e+00 1.5465975785e+01
110 6.0456940627e-01 5.8005044625e-02 3.5061771078e+00 1.5487007775e+01
111 6.0452972179e-01 5.8033433543e-02 3.5027649457e+00 1.5466728122e+01
112 6.0536987561e-01 6.0334526191e-02 3.5040576603e+00 1.5483432018e+01
113 6.0545713357e-01 6.0032435719e-02 3.4203966575e+00 1.4805442179e+01
114 6.0578663495e-01 6.0875954878e-02 3.3478276643e+00 1.4239568844e+01
115 6.0563894701e-01 6.0486055242e-02 3.3724313463e+00 1.4468423427e+01
116 6.0579596795e-01 6.0836492337e-02 3.3389774581e+00 1.4207027109e+01
117 6.0578653465e-01 6.0443910927e-02 3.2507458193e+00 1.3419656134e+01
118 6.0608163119e-01 6.0899712779e-02 3.2229137548e+00 1.3189795227e+01
119 6.0655822158e-01 6.1698907907e-02 3.1694861122e+00 1.2758304433e+01
120 6.0671743087e-01 6.2485656588e-02 3.2271671803e+00 1.3350450702e+01
121 6.0689674262e-01 6.2950076955e-02 3.1951099493e+00 1.3113597793e+01
122 6.0713320685e-01 6.3115156136e-02 3.1576896100e+00 1.2835919872e+01
123 6.0695811508e-01 6.2732086457e-02 3.1819651470e+00 1.3040424873e+01
124 6.0713222699e-01 6.3034045428e-02 3.1555293817e+00 1.2842298947e+01
125 6.0714213710e-01 6.3054846472e-02 3.1580965982e+00 1.2864504482e+01
126 6.0717312604e-01 6.3049921438e-02 3.1574103883e+00 1.2862302627e+01
127 6.0738019681e-01 6.3444250111e-02 3.1296000120e+00 1.2645691657e+01
128 6.0734860128e-01 6.3385925523e-02 3.1260391713e+00 1.2638962405e+01
129 6.0780223063e-01 6.4213744593e-02 3.0749456343e+00 1.2236320171e+01
130 6.0779384200e-01 6.4324936491e-02 3.0686562376e+00 1.2203711175e+01
131 6.0800793762e-01 6.4809146259e-02 3.0414184454e+00 1.1997172895e+01
132 6.0801855737e-01 6.4805117491e-02 3.0415136570e+00 1.1998168088e+01
133 6.0789919206e-01 6.4775981961e-02 3.0404502891e+00 1.2007600375e+01
134 6.0790316109e-01 6.4787094330e-02 3.0389029994e+00 1.1998862127e+01
135 6.0805608177e-01 6.5413307693e-02 3.0623337108e+00 1.2185423021e+01
136 6.0762115645e-01 6.4997243513e-02 3.1328527160e+00 1.2826045688e+01
137 6.0760238855e-01 6.5054037068e-02 3.1350192308e+00 1.2835370458e+01
138 6.0757811390e-01 6.5028359279e-02 3.1332978381e+00 1.2835680269e+01
139 6.0720915992e-01 6.4169085279e-02 3.1260531427e+00 1.2809602272e+01
140 6.0713584355e-01 6.4231560976e-02 3.1240118084e+00 1.2811940711e+01
141 6.0733043619e-01 6.4691365043e-02 3.0930211185e+00 1.2579774053e+01
142 6.0733852112e-01 6.4693277791e-02 3.0896516973e+00 1.2568329570e+01
143 6.0771653953e-01 6.6306599900e-02 3.1863927394e+00 1.3490289404e+01
144 6.0792782082e-01 6.6614644812e-02 3.1594253688e+00 1.3283643717e+01
145 6.0792418643e-01 6.6590618484e-02 3.1574534101e+00 1.3283884492e+01
146 6.0785664479e-01 6.6637211708e-02 3.1525137899e+00 1.3260797770e+01
147 6.0812918984e-01 6.6937733064e-02 3.1272241703e+00 1.3061936868e+01
148 6.0830817702e-01 6.7147563222e-02 3.1048323394e+00 1.2903382189e+01
149 6.0824613488e-01 6.7163697483e-02 3.0988799345e+00 1.2886557099e+01
150 6.0837619453e-01 6.7746761030e-02 3.1258534080e+00 1.3076166336e+01
151 6.0820231911e-01 6.7060253913e-02 3.0838240716e+00 1.2721953563e+01
152 6.0825403669e-01 6.7087718314e-02 3.0814894128e+00 1.2703589784e+01
153 6.0837550345e-01 6.7747469719e-02 3.1012985602e+00 1.2861427896e+01
154 6.0840612460e-01 6.7765097907e-02 3.0972787565e+00 1.2842739804e+01
155 6.0873172409e-01 6.8108457672e-02 3.0689372892e+00 1.2630508527e+01
156 6.0861970413e-01 6.7371938281e-02 3.0097046983e+00 1.2079151861e+01
157 6.0876194486e-01 6.8154720528e-02 3.0563733208e+00 1.2531220487e+01
158 6.0836869258e-01 6.7219117575e-02 3.0539177931e+00 1.2529487300e+01
159 6.0883378251e-01 6.8033439968e-02 3.0002965904e+00 1.2116158524e+01
160 6.0845410525e-01 6.7074433603e-02 2.9976627958e+00 1.2125961101e+01
161 6.0848181716e-01 6.7062171473e-02 2.9985080271e+00 1.2129354706e+01
162 6.0823160166e-01 6.6759338722e-02 3.0169034773e+00 1.2293361265e+01
163 6.0892922438e-01 6.7623994336e-02 2.9411728445e+00 1.1690193221e+01
164 6.0905187818e-01 6.8274545286e-02 2.9841731408e+00 1.2086087140e+01
165 6.0902212256e-01 6.8303308715e-02 2.9808018177e+00 1.2071839853e+01
166 6.0882203582e-01 6.7953789642e-02 3.0035099928e+00 1.2253975897e+01
167 6.0898578442e-01 6.8399858039e-02 2.9745039005e+00 1.2037707387e+01
168 6.0907454542e-01 6.9104933403e-02 3.0146597234e+00 1.2365324463e+01
169 6.0933910579e-01 7.0369311970e-02 3.0509744108e+00 1.2607039248e+01
170 6.0937380057e-01 7.0081643232e-02 2.9897393216e+00 1.2122636558e+01
171 6.0945947733e-01 7.0743898814e-02 3.0160520547e+00 1.2315312439e+01
172 6.0939172864e-01 7.0820775871e-02 3.0065826953e+00 1.2276402623e+01
173 6.0935589200e-01 7.0847711508e-02 3.0039769002e+00 1.2264436846e+01
174 6.0933640004e-01 7.0863955729e-02 3.0024634012e+00 1.2256680854e+01
175 6.0937616190e-01 7.0901205874e-02 3.0035639149e+00 1.2254255935e+01
176 6.0931222839e-01 7.0930779564e-02 3.0018972884e+00 1.2245095246e+01
177 6.0938058506e-01 7.0870445741e-02 2.9447037598e+00 1.1732763635e+01
178 6.0936031094e-01 7.0876836528e-02 2.9445798946e+00 1.1732126747e+01
179 6.0935398571e-01 7.0875926177e-02 2.9437082133e+00 1.1730258438e+01
180 6.0910279101e-01 7.0617964128e-02 2.9619008849e+00 1.1876268768e+01
181 6.0927934492e-01 7.1224207794e-02 2.9574366574e+00 1.1842963284e+01
182 6.0928023146e-01 7.1244848661e-02 2.9544580973e+00 1.1829375290e+01
183 6.0949635135e-01 7.2680412406e-02 3.0337663425e+00 1.2420202575e+01
184 6.0902005864e-01 7.1660064111e-02 3.0164378817e+00 1.2315897833e+01
185 6.0886524899e-01 7.1996370136e-02 3.0687045668e+00 1.2733842957e+01
186 6.0892310110e-01 7.1987824003e-02 3.0661397037e+00 1.2725838482e+01
187 6.0923452378e-01 7.2957079894e-02 3.0642673269e+00 1.2676700621e+01
188 6.0926586895e-01 7.2970130754e-02 3.0611896801e+00 1.2662590400e+01
189 6.0926534106e-01 7.2976092910e-02 3.0603968922e+00 1.2658571421e+01
190 6.0957395249e-01 7.4176296408e-02 3.0997082219e+00 1.2913856085e+01
191 6.0927791981e-01 7.3907465134e-02 3.1249592082e+00 1.3094815947e+01
192 6.0866380135e-01 7.2837723124e-02 3.1541916948e+00 1.3341234749e+01
193 6.0895489105e-01 7.3191841397e-02 3.1240280777e+00 1.3119697729e+01
194 6.0902982009e-01 7.3223379098e-02 3.1210252700e+00 1.3099824400e+01
195 6.0887254103e-01 7.2644603631e-02 3.1077874440e+00 1.3043569441e+01
196 6.0868411523e-01 7.2194505652e-02 3.1000928894e+00 1.3043108476e+01
197 6.0889947091e-01 7.2539505774e-02 3.0733433501e+00 1.2841456944e+01
198 6.0887941009e-01 7.2614243582e-02 3.0677273581e+00 1.2806365540e+01
199 6.0890687265e-01 7.2619797800e-02 3.0660036095e+00 1.2797960596e+01
200 6.0885848925e-01 7.2719806549e-02 3.0615617445e+00 1.2772518710e+01
201 6.0931818572e-01 7.3366243257e-02 3.0171009075e+00 1.2421341430e+01
202 6.0937044916e-01 7.3140009307e-02 2.9785790344e+00 1.2165220816e+01
203 6.0928549045e-01 7.2678425337e-02 2.9673274889e+00 1.2116054826e+01
204 6.0945441151e-01 7.3316721042e-02 2.9812600219e+00 1.2189717895e+01
205 6.0943911687e-01 7.3360518713e-02 2.9776685921e+00 1.2171304138e+01
206 6.0974173920e-01 7.3739348871e-02 2.9191594517e+00 1.1717644540e+01
207 6.1017449817e-01 7.4243957424e-02 2.8798444806e+00 1.1439954070e+01
208 6.0983231148e-01 7.3290765260e-02 2.8705277325e+00 1.1378019840e+01
209 6.1012939282e-01 7.3681744163e-02 2.8405417961e+00 1.1138122817e+01
210 6.1002982381e-01 7.3113985828e-02 2.8140828909e+00 1.0950829308e+01
211 6.1025133887e-01 7.3505959939e-02 2.7874163167e+00 1.0776254118e+01
212 6.1020053157e-01 7.3642726892e-02 2.7938706202e+00 1.0824477396e+01
213 6.1020468052e-01 7.3644254991e-02 2.7933667117e+00 1.0823178003e+01
214 6.1022496187e-01 7.3648356361e-02 2.7920271849e+00 1.0817728367e+01
215 6.1039501464e-01 7.4320833759e-02 2.8160826794e+00 1.1012375420e+01
216 6.1015674751e-01 7.3981718510e-02 2.8363134852e+00 1.1164511408e+01
217 6.1024163496e-01 7.4229560664e-02 2.8196393474e+00 1.1045074235e+01
218 6.1026916737e-01 7.4330539322e-02 2.8163343063e+00 1.1021348696e+01
219 6.1048705846e-01 7.4644748412e-02 2.7934585067e+00 1.0868278257e+01
220 6.1052653784e-01 7.5255335295e-02 2.7993586795e+00 1.0882815009e+01
221 6.1026186905e-01 7.4517503366e-02 2.7690024042e+00 1.0692345770e+01
222 6.1010947112e-01 7.4126294340e-02 2.7513907456e+00 1.0559449181e+01
223 6.0963750120e-01 7.3313712686e-02 2.7425840129e+00 1.0527198100e+01
224 6.0966011012e-01 7.3318088289e-02 2.7412812964e+00 1.0521145816e+01
225 6.0978640015e-01 7.3974926559e-02 2.7657992929e+00 1.0709534318e+01
226 6.0980784076e-01 7.4026215219e-02 2.7632622834e+00 1.0692581310e+01
227 6.1006319580e-01 7.4626305140e-02 2.7519985628e+00 1.0578496748e+01
228 6.1031522549e-01 7.5009631107e-02 2.7286431534e+00 1.0421827576e+01
229 6.1037328496e-01 7.5632153307e-02 2.7528319771e+00 1.0589349374e+01
230 6.1038414232e-01 7.6013787233e-02 2.7304850338e+00 1.0438407399e+01
231 6.1056144679e-01 7.6401187647e-02 2.7110899694e+00 1.0293866918e+01
232 6.1096790828e-01 7.7325456438e-02 2.7200291594e+00 1.0375347650e+01
233 6.1131729639e-01 7.8553088644e-02 2.7725767276e+00 1.0752795893e+01
234 6.1108018241e-01 7.8228266663e-02 2.7896377420e+00 1.0886384336e+01
235 6.1082798924e-01 7.6744546753e-02 2.7047854253e+00 1.0310245299e+01
236 6.1116753061e-01 7.7630977747e-02 2.7150470142e+00 1.0418950004e+01
237 6.1098937953e-01 7.7059107707e-02 2.6776303283e+00 1.0157000681e+01
238 6.1090602438e-01 7.7064595160e-02 2.6773694863e+00 1.0157259713e+01
239 6.1136539420e-01 7.7925882849e-02 2.6789922978e+00 1.0153272379e+01
240 6.1137236100e-01 7.7997593582e-02 2.6744572936e+00 1.0130883225e+01
241 6.1108535027e-01 7.7403188270e-02 2.6729230421e+00 1.0105307951e+01
242 6.1094156775e-01 7.6831310482e-02 2.6298486017e+00 9.8136563681e+00
243 6.1104222123e-01 7.7446026705e-02 2.6479286896e+00 9.9705990505e+00
244 6.1117899182e-01 7.7782298516e-02 2.6554161065e+00 1.0002254158e+01
245 6.1090857261e-01 7.7510255499e-02 2.6720363268e+00 1.0122354316e+01
246 6.1094501109e-01 7.7509284830e-02 2.6708651790e+00 1.0117818328e+01
247 6.1087076866e-01 7.7579158041e-02 2.6678635427e+00 1.0098809643e+01
248 6.1048212168e-01 7.6679015284e-02 2.6651716582e+00 1.0097902719e+01
249 6.1052877140e-01 7.6675058672e-02 2.6637769556e+00 1.0093540397e+01
250 6.1059171167e-01 7.6699505371e-02 2.6613238558e+00 1.0079570093e+01
251 6.1041766178e-01 7.6093867217e-02 2.6431813475e+00 9.9787426924e+00
252 6.1034228812e-01 7.6133562759e-02 2.6407821717e+00 9.9698294310e+00
253 6.1098242489e-01 7.7860357043e-02 2.6660485487e+00 1.0177555819e+01
254 6.1057787317e-01 7.6959550291e-02 2.6614949543e+00 1.0166669682e+01
255 6.1060241040e-01 7.6986550087e-02 2.6616929845e+00 1.0166150559e+01
256 6.1115969628e-01 7.7851579968e-02 2.6304562607e+00 9.9440360883e+00
257 6.1094604483e-01 7.7150890304e-02 2.6002353425e+00 9.7428902622e+00
258 6.1068739680e-01 7.6760271747e-02 2.6168513809e+00 9.8655532948e+00
259 6.1071566550e-01 7.6756174519e-02 2.6161891596e+00 9.8638034460e+00
260 6.1079040340e-01 7.6797524475e-02 2.6125728323e+00 9.8457858586e+00
261 6.1077219071e-01 7.6874731151e-02 2.6094401292e+00 9.8274117248e+00
262 6.1063019950e-01 7.6339386063e-02 2.5894042578e+00 9.7061602861e+00
263 6.1057610435e-01 7.6354952648e-02 2.5863247086e+00 9.6987283212e+00
264 6.1079831112e-01 7.7139674787e-02 2.6351469434e+00 1.0078598774e+01
265 6.1076423722e-01 7.7213388977e-02 2.6326377833e+00 1.0064045852e+01
266 6.1056804582e-01 7.6862154150e-02 2.6476416557e+00 1.0190036649e+01
267 6.1062032416e-01 7.6542720889e-02 2.6023400511e+00 9.9160707386e+00
268 6.1116563886e-01 7.8010820881e-02 2.6252364172e+00 1.0029608652e+01
269 6.1122474635e-01 7.8007098129e-02 2.6234010676e+00 1.0023541369e+01
270 6.1126908070e-01 7.8269178238e-02 2.6598732377e+00 1.0395426210e+01
271 6.1131388238e-01 7.8249755261e-02 2.6606164416e+00 1.0399197200e+01
272 6.1195984652e-01 7.9051383025e-02 2.6084146243e+00 1.0035505929e+01
273 6.1193310940e-01 7.9057211465e-02 2.6087856708e+00 1.0036103956e+01
274 6.1208558372e-01 7.9585853671e-02 2.6220732116e+00 1.0101750912e+01
275 6.1223678607e-01 7.9880412043e-02 2.6066061023e+00 9.9848288211e+00
276 6.1239104864e-01 8.0277529786e-02 2.5814687038e+00 9.8369657111e+00
277 6.1217642532e-01 8.0107567919e-02 2.5965822790e+00 9.9296424970e+00
278 6.1217507258e-01 8.0082701868e-02 2.5951839524e+00 9.9282248988e+00
279 6.1235360011e-01 8.0693115302e-02 2.6155737917e+00 1.0047325546e+01
280 6.1235029601e-01 8.0735109825e-02 2.6154769840e+00 1.0042373376e+01
281 6.1240373646e-01 8.1498118770e-02 2.6408724693e+00 1.0233429257e+01
282 6.1262177669e-01 8.1776939722e-02 2.6165693673e+00 1.0097546670e+01
283 6.1282938646e-01 8.2063902625e-02 2.5976828490e+00 9.9611960637e+00
284 6.1279364190e-01 8.2006389092e-02 2.5965297867e+00 9.9665185033e+00
285 6.1293400349e-01 8.2581715754e-02 2.6161545152e+00 1.0075206636e+01
286 6.1304847328e-01 8.3020327165e-02 2.6219322325e+00 1.0086028229e+01
287 6.1323677944e-01 8.3469301410e-02 2.6208366404e+00 1.0121252052e+01
288 6.1291414421e-01 8.2901689973e-02 2.6206856325e+00 1.0098699095e+01
289 6.1360070608e-01 8.3809272839e-02 2.5701414397e+00 9.7441362391e+00
290 6.1320277447e-01 8.2845747531e-02 2.5646098095e+00 9.7322576248e+00
291 6.1312936882e-01 8.2993674432e-02 2.5638640467e+00 9.7505480666e+00
292 6.1331842344e-01 8.3965088186e-02 2.6229369785e+00 1.0129761492e+01
293 6.1293659529e-01 8.3273762320e-02 2.6305353568e+00 1.0221264455e+01
294 6.1248060127e-01 8.2145691690e-02 2.5918637039e+00 9.9580399956e+00
295 6.1201004789e-01 8.1265066465e-02 2.5849936838e+00 9.9379833319e+00
296 6.1222874839e-01 8.1487446949e-02 2.5695213598e+00 9.8340452666e+00
297 6.1201250200e-01 8.0837978013e-02 2.5377791421e+00 9.5962588404e+00
298 6.1189271778e-01 8.0318416825e-02 2.5195882174e+00 9.5067800358e+00
299 6.1191680404e-01 8.0368252200e-02 2.5172861634e+00 9.4918219760e+00
300 6.1221408595e-01 8.1740724274e-02 2.5970108352e+00 1.0106120195e+01
301 6.1201156548e-01 8.1903434968e-02 2.6170245467e+00 1.0250847357e+01
302 6.1206659118e-01 8.2042361441e-02 2.6156058058e+00 1.0226970466e+01
303 6.1197390586e-01 8.0921898854e-02 2.5408934452e+00 9.7325831821e+00
304 6.1200438302e-01 8.1637312644e-02 2.5827540526e+00 9.9596116590e+00
305 6.1192402058e-01 8.1682291725e-02 2.5805349835e+00 9.9486508651e+00
306 6.1189656671e-01 8.1707875806e-02 2.5784436170e+00 9.9402950800e+00
307 6.1167097034e-01 8.1094982181e-02 2.5568408935e+00 9.8156552071e+00
308 6.1166256400e-01 8.1128227617e-02 2.5573841115e+00 9.8133042808e+00
309 6.1174044927e-01 8.1779574270e-02 2.5894946318e+00 1.0046366589e+01
310 6.1195262327e-01 8.2012100616e-02 2.5730116694e+00 9.9365019108e+00
311 6.1216580601e-01 8.1992895499e-02 2.5225281695e+00 9.6071217430e+00
312 6.1194599124e-01 8.1444498215e-02 2.5081400768e+00 9.5592161514e+00
313 6.1240371916e-01 8.2013588954e-02 2.4688150911e+00 9.2638214234e+00
314 6.1266035940e-01 8.2363087641e-02 2.4535806027e+00 9.1545747748e+00
315 6.1281462560e-01 8.2843419065e-02 2.4697796147e+00 9.2378465615e+00
316 6.1230345286e-01 8.1378904563e-02 2.4432742701e+00 9.1002238982e+00
317 6.1143279817e-01 8.0127273265e-02 2.4854964418e+00 9.4932036524e+00
318 6.1192068237e-01 8.1321697365e-02 2.5075401433e+00 9.6078567032e+00
319 6.1199934466e-01 8.1764468925e-02 2.5083273507e+00 9.5897214230e+00
320 6.1180625545e-01 8.1472665242e-02 2.5184718582e+00 9.6476291545e+00
321 6.1181811421e-01 8.1476571258e-02 2.5182005654e+00 9.6446788134e+00
322 6.1204920764e-01 8.1863912812e-02 2.5020135046e+00 9.5190430416e+00
323 6.1185442342e-01 8.0906287815e-02 2.4419897895e+00 9.0670972029e+00
324 6.1191031218e-01 8.0866996274e-02 2.4396836695e+00 9.0618445329e+00
325 6.1193886814e-01 8.0849949275e-02 2.4403645982e+00 9.0658674520e+00
326 6.1195908539e-01 8.0929706538e-02 2.4387040187e+00 9.0517978013e+00
327 6.1191058968e-01 8.0999754417e-02 2.4363772143e+00 9.0376790539e+00
328 6.1225891495e-01 8.1457709497e-02 2.4047959820e+00 8.8490835761e+00
329 6.1225130019e-01 8.1456598346e-02 2.4053564590e+00 8.8501502705e+00
330 6.1245031571e-01 8.1829727812e-02 2.3908571949e+00 8.7427754869e+00
331 6.1215694272e-01 8.1624018764e-02 2.3954518805e+00 8.7316760555e+00
332 6.1238488551e-01 8.2037699738e-02 2.3780934811e+00 8.6131709848e+00
333 6.1238765959e-01 8.2080501719e-02 2.3775915349e+00 8.6068464592e+00
334 6.1256352346e-01 8.2274392306e-02 2.3635620197e+00 8.5258107168e+00
335 6.1258082446e-01 8.2302914925e-02 2.3636028128e+00 8.5226154264e+00
336 6.1232121865e-01 8.2029847909e-02 2.3781466932e+00 8.6164537932e+00
337 6.1204703719e-01 8.2200460065e-02 2.4189389171e+00 8.9186968796e+00
338 6.1206604634e-01 8.2178926616e-02 2.4137955991e+00 8.8685147373e+00
339 6.1234290352e-01 8.2558968613e-02 2.3938859217e+00 8.7468732535e+00
340 6.1232874458e-01 8.2643750342e-02 2.3932771970e+00 8.7385385792e+00
341 6.1205760084e-01 8.2535606325e-02 2.4021565697e+00 8.8021072711e+00
342 6.1218247507e-01 8.2522432989e-02 2.3991700874e+00 8.7930659469e+00
343 6.1200356866e-01 8.2101263877e-02 2.3861437897e+00 8.7327874135e+00
344 6.1224508291e-01 8.2399480104e-02 2.3720442539e+00 8.6399219263e+00
345 6.1207584048e-01 8.1787749350e-02 2.3407783736e+00 8.4287471714e+00
346 6.1212787360e-01 8.2246864400e-02 2.3449723516e+00 8.4268721143e+00
347 6.1214945923e-01 8.2272633918e-02 2.3447567621e+00 8.4226918923e+00
348 6.1203576650e-01 8.2426215475e-02 2.3770626691e+00 8.6237221058e+00
349 6.1148692938e-01 8.1205495521e-02 2.3609874919e+00 8.5583214523e+00
350 6.1167509620e-01 8.1438094260e-02 2.3445609760e+00 8.4550359897e+00
351 6.1139536178e-01 8.0636811682e-02 2.3446386402e+00 8.4821839151e+00
352 6.1131231092e-01 8.0673269955e-02 2.3417943544e+00 8.4728939519e+00
353 6.1130026455e-01 8.0601889057e-02 2.3399805422e+00 8.4723152401e+00
354 6.1101047674e-01 7.9805250621e-02 2.3249104948e+00 8.3687964080e+00
355 6.1096225430e-01 7.9890803236e-02 2.3250838778e+00 8.3652186041e+00
356 6.1097044932e-01 8.0452343809e-02 2.3336039532e+00 8.4239846715e+00
357 6.1091021440e-01 8.0487367955e-02 2.3319528815e+00 8.4171136809e+00
358 6.1097172387e-01 8.0430123590e-02 2.3295487416e+00 8.3920572507e+00
359 6.1082094147e-01 8.0033372755e-02 2.3126933939e+00 8.3164628244e+00
360 6.1052650882e-01 7.9622224605e-02 2.3249005479e+00 8.4199632989e+00
361 6.1031651294e-01 7.9342917848e-02 2.3379293725e+00 8.5105262019e+00
362 6.1020879535e-01 7.9397216463e-02 2.3356110929e+00 8.5014746594e+00
363 6.1052272000e-01 7.9910285343e-02 2.3128745505e+00 8.3366975198e+00
364 6.1051917734e-01 7.9917335464e-02 2.3133270562e+00 8.3388696166e+00
365 6.1069344652e-01 8.0048262556e-02 2.3018232795e+00 8.2737965477e+00
