1 5.9282947138e-01 1.1102230246e-16 1.0000000000e+00 1.0000000000e+00
2 5.9297767306e-01 7.6107798159e-03 2.8285144734e+01 8.7657152656e+02
3 5.9295919569e-01 7.6831872890e-03 2.7472238896e+01 8.4436716613e+02
4 5.9321621137e-01 1.0690747134e-02 2.0440078406e+01 4.4805769010e+02
5 5.9372462319e-01 1.4928344033e-02 1.4962738198e+01 2.3350733242e+02
6 5.9390835536e-01 1.6677350844e-02 1.3384150466e+01 1.8678593105e+02
7 5.9455305773e-01 2.0832830283e-02 1.0691199908e+01 1.1829232440e+02
8 5.9466232663e-01 2.0878275218e-02 1.0609805826e+01 1.1704780554e+02
9 5.9462293613e-01 2.0929479052e-02 1.0534803788e+01 1.1599250921e+02
10 5.9460101180e-01 2.1021947461e-02 1.0385480711e+01 1.1404427872e+02
11 5.9455396296e-01 2.1129278711e-02 1.0217851056e+01 1.1187672683e+02
12 5.9456810404e-01 2.1137128905e-02 1.0204422848e+01 1.1168341469e+02
13 5.9502997565e-01 2.3547370608e-02 9.2126395410e+00 9.0362658051e+01
14 5.9489468599e-01 2.3654215493e-02 9.0837114937e+00 8.8997590604e+01
15 5.9488477151e-01 2.3690881122e-02 9.0405011828e+00 8.8466088250e+01
16 5.9528772775e-01 2.5953338555e-02 8.3161278689e+00 7.4438764897e+01
17 5.9556671971e-01 2.6866963644e-02 7.9982502145e+00 6.8801063354e+01
18 5.9546410386e-01 2.6921008029e-02 7.9549182688e+00 6.8383335280e+01
19 5.9570100064e-01 2.7786497488e-02 7.6890619115e+00 6.3749980766e+01
20 5.9570360372e-01 2.7810167979e-02 7.6691358977e+00 6.3531990552e+01
21 5.9563439652e-01 2.7650101383e-02 7.6212078651e+00 6.3190192299e+01
22 5.9580618737e-01 2.8704692780e-02 7.2915889695e+00 5.8402221414e+01
23 5.9596251727e-01 2.9642053403e-02 7.0706331820e+00 5.4830191231e+01
24 5.9602033777e-01 2.9693009473e-02 7.0286617476e+00 5.4402029382e+01
25 5.9626006122e-01 3.0588352953e-02 6.8287073079e+00 5.1273488838e+01
26 5.9621936657e-01 3.0656853456e-02 6.7820703615e+00 5.0862007951e+01
27 5.9621008718e-01 3.0679153052e-02 6.7694544226e+00 5.0723564879e+01
28 5.9615528608e-01 3.0723442513e-02 6.7417875712e+00 5.0485166964e+01
29 5.9635168842e-01 3.1721052289e-02 6.5481233625e+00 4.7681620613e+01
30 5.9658429613e-01 3.2540366808e-02 6.3946501831e+00 4.5343697555e+01
31 5.9650834463e-01 3.2566158876e-02 6.3869838168e+00 4.5256423742e+01
32 5.9648404250e-01 3.2655200511e-02 6.3293676532e+00 4.4799311783e+01
33 5.9666375780e-01 3.3490197553e-02 6.1684906706e+00 4.2564579220e+01
34 5.9664134538e-01 3.3437272744e-02 6.1583229480e+00 4.2470725354e+01
35 5.9667589469e-01 3.3424592630e-02 6.1657475985e+00 4.2503179065e+01
36 5.9709575269e-01 3.5151331721e-02 5.8605462006e+00 3.8521229609e+01
37 5.9742219275e-01 3.6764130674e-02 5.6154363308e+00 3.5354382525e+01
38 5.9786552261e-01 3.8192461936e-02 5.3983763840e+00 3.2661022057e+01
39 5.9803456517e-01 3.9411320844e-02 5.6082679595e+00 3.6300893021e+01
40 5.9839343024e-01 4.0859152763e-02 5.3799610176e+00 3.3431798954e+01
41 5.9839027791e-01 4.0875793298e-02 5.3736018417e+00 3.3379575394e+01
42 5.9845922113e-01 4.0922660681e-02 5.3485046041e+00 3.3194255071e+01
43 5.9845922911e-01 4.0946384238e-02 5.3387150975e+00 3.3117812277e+01
44 5.9843515608e-01 4.0821424919e-02 5.3410833677e+00 3.3218866895e+01
45 5.9868926728e-01 4.1468301722e-02 5.2511399481e+00 3.2041126909e+01
46 5.9864646640e-01 4.1532220068e-02 5.2272896906e+00 3.1869565648e+01
47 5.9888021038e-01 4.2122405897e-02 5.1250818869e+00 3.0678711217e+01
48 5.9938222018e-01 4.3398471653e-02 4.9624960606e+00 2.8666851591e+01
49 5.9925060733e-01 4.3478706037e-02 4.9400379345e+00 2.8520340880e+01
50 5.9949433456e-01 4.3934665668e-02 4.8674156154e+00 2.7686344999e+01
51 5.9942786176e-01 4.3961686378e-02 4.8618992095e+00 2.7648723362e+01
52 5.9943522938e-01 4.4107834039e-02 4.8566743792e+00 2.7561898266e+01
53 5.9963275167e-01 4.4703086174e-02 4.7803130192e+00 2.6696097336e+01
54 5.9959907103e-01 4.4663603650e-02 4.7741375760e+00 2.6669898678e+01
55 5.9989785184e-01 4.5792090620e-02 4.6144884378e+00 2.5019163471e+01
56 6.0011646753e-01 4.6367148651e-02 4.5369772585e+00 2.4234957897e+01
57 6.0009756566e-01 4.6398743113e-02 4.5272622425e+00 2.4178447556e+01
58 6.0072514225e-01 4.7776284645e-02 4.3592702475e+00 2.2402034107e+01
59 6.0066117115e-01 4.7815067183e-02 4.3509097651e+00 2.2354724699e+01
60 6.0067907944e-01 4.7879618236e-02 4.3301233572e+00 2.2234330504e+01
61 6.0080966358e-01 4.8516783062e-02 4.2591058447e+00 2.1560205737e+01
62 6.0117684684e-01 4.9608478992e-02 4.1442380327e+00 2.0452296188e+01
63 6.0138397547e-01 5.0203831618e-02 4.0903896684e+00 1.9933224932e+01
64 6.0159651985e-01 5.0684080698e-02 4.0436076851e+00 1.9473360166e+01
65 6.0154041013e-01 5.0716846609e-02 4.0317132605e+00 1.9411970689e+01
66 6.0148370063e-01 5.0778664794e-02 4.0086075937e+00 1.9185707827e+01
67 6.0150918628e-01 5.0899217549e-02 4.0081283681e+00 1.9173866566e+01
68 6.0145719214e-01 5.0863123225e-02 4.0036664265e+00 1.9151078618e+01
69 6.0166270405e-01 5.1249520753e-02 3.9602890893e+00 1.8743746699e+01
70 6.0170279596e-01 5.1284196795e-02 3.9495620992e+00 1.8681533560e+01
71 6.0163149749e-01 5.1336699740e-02 3.9328819843e+00 1.8603305142e+01
72 6.0176809360e-01 5.1841518555e-02 3.8897091123e+00 1.8198345347e+01
73 6.0221147269e-01 5.2562250596e-02 3.8046265767e+00 1.7459024108e+01
74 6.0240090938e-01 5.3082512463e-02 3.7559318838e+00 1.7044585252e+01
75 6.0219536499e-01 5.2663598897e-02 3.7935604655e+00 1.7394361930e+01
76 6.0240682008e-01 5.3089957958e-02 3.7534077711e+00 1.7031275637e+01
77 6.0270404713e-01 5.4043593805e-02 3.6687164564e+00 1.6304738308e+01
78 6.0281563305e-01 5.4919326552e-02 3.7425279366e+00 1.7182580822e+01
79 6.0268905652e-01 5.4982706290e-02 3.7344588281e+00 1.7139754558e+01
80 6.0264302462e-01 5.4998178403e-02 3.7288342397e+00 1.7111207019e+01
81 6.0281317144e-01 5.5416179414e-02 3.6858202404e+00 1.6746150459e+01
82 6.0289322343e-01 5.6218378511e-02 3.7350492056e+00 1.7275079157e+01
83 6.0315519027e-01 5.6657092673e-02 3.6960621315e+00 1.6916927317e+01
84 6.0313339009e-01 5.6691999389e-02 3.6892592663e+00 1.6882166792e+01
85 6.0290805365e-01 5.5936406225e-02 3.6117597306e+00 1.6093397957e+01
86 6.0309359123e-01 5.6324724951e-02 3.5758738597e+00 1.5783947158e+01
87 6.0300459276e-01 5.6391141310e-02 3.5650247329e+00 1.5736203618e+01
88 6.0315664957e-01 5.7252670346e-02 3.6491410331e+00 1.6675599491e+01
89 6.0316898653e-01 5.7317637793e-02 3.6480609461e+00 1.6665057560e+01
90 6.0360100327e-01 5.8534939371e-02 3.6676937379e+00 1.6910806060e+01
91 6.0381231742e-01 5.8967273693e-02 3.6300273794e+00 1.6569732604e+01
92 6.0382784980e-01 5.9034332637e-02 3.6237206786e+00 1.6536258715e+01
93 6.0378701660e-01 5.9078006304e-02 3.6169635511e+00 1.6497971040e+01
94 6.0369125807e-01 5.9021804324e-02 3.6030787264e+00 1.6362288843e+01
95 6.0420755094e-01 6.0959554024e-02 3.6614222568e+00 1.6939869227e+01
96 6.0416537613e-01 6.0764761229e-02 3.6565208946e+00 1.6882743794e+01
97 6.0362959242e-01 5.8993294205e-02 3.6109899320e+00 1.6468762256e+01
98 6.0328112566e-01 5.8040932013e-02 3.6136099734e+00 1.6498840364e+01
99 6.0318215603e-01 5.8132714499e-02 3.6088844672e+00 1.6462872974e+01
100 6.0331589148e-01 5.8741971452e-02 3.6257845331e+00 1.6596977757e+01
101 6.0346222033e-01 5.9219307036e-02 3.5819927277e+00 1.6234880776e+01
102 6.0348356303e-01 5.9221807140e-02 3.5815874068e+00 1.6224722935e+01
103 6.0369454944e-01 5.9705811848e-02 3.5420146296e+00 1.5880562678e+01
104 6.0356400624e-01 5.9785168878e-02 3.5317031824e+00 1.5830031308e+01
105 6.0355778317e-01 5.9800650700e-02 3.5287056205e+00 1.5815562795e+01
106 6.0359604509e-01 5.9786591017e-02 3.5301287927e+00 1.5820178131e+01
107 6.0367606398e-01 5.9744530930e-02 3.5277843909e+00 1.5814263132e+01
108 6.0380095455e-01 5.9255100407e-02 3.4191953057e+00 1.4782017491e+01
109 6.0399453175e-01 5.9619142323e-02 3.3871151672e+00 1.4516188718e+01
110 6.0422044725e-01 6.0099322377e-02 3.3427617917e+00 1.4197847808e+01
111 6.0422983082e-01 6.0097839808e-02 3.3427552324e+00 1.4196811823e+01
112 6.0397640459e-01 5.9810613090e-02 3.3702050805e+00 1.4432342801e+01
113 6.0391702507e-01 5.9885968536e-02 3.3585480792e+00 1.4375398976e+01
114 6.0385475485e-01 5.9915016130e-02 3.3561492186e+00 1.4361905244e+01
115 6.0395195160e-01 6.0704761877e-02 3.4074093688e+00 1.4882004410e+01
116 6.0411148820e-01 6.1273905399e-02 3.3854353482e+00 1.4738484073e+01
117 6.0422242001e-01 6.1014833549e-02 3.3027379927e+00 1.3971051887e+01
118 6.0420324981e-01 6.1098806791e-02 3.3003883876e+00 1.3953263569e+01
119 6.0446276124e-01 6.1660207810e-02 3.2708689253e+00 1.3698009749e+01
120 6.0487319150e-01 6.2491926755e-02 3.2130107375e+00 1.3226763796e+01
121 6.0491405946e-01 6.2483738282e-02 3.2124681457e+00 1.3225192464e+01
122 6.0487746418e-01 6.2508796853e-02 3.2095035571e+00 1.3212453360e+01
123 6.0502768961e-01 6.2957316128e-02 3.1743223017e+00 1.2965595547e+01
124 6.0488183801e-01 6.3027677857e-02 3.1684091230e+00 1.2939417703e+01
125 6.0484608840e-01 6.2907715272e-02 3.1686451919e+00 1.2954831463e+01
126 6.0478146780e-01 6.2898088268e-02 3.1644293461e+00 1.2938251947e+01
127 6.0472955476e-01 6.2922500993e-02 3.1624851111e+00 1.2929327154e+01
128 6.0499371565e-01 6.3294139577e-02 3.1376603336e+00 1.2724002146e+01
129 6.0527523522e-01 6.4743474846e-02 3.2204237395e+00 1.3461637552e+01
130 6.0532283572e-01 6.5359898923e-02 3.2545612401e+00 1.3763463632e+01
131 6.0551104280e-01 6.5680574564e-02 3.2279247639e+00 1.3550798386e+01
132 6.0592295698e-01 6.6667134642e-02 3.2251208063e+00 1.3519603962e+01
133 6.0601104963e-01 6.7373085816e-02 3.2545913383e+00 1.3768429970e+01
134 6.0622467342e-01 6.7651993901e-02 3.2265435696e+00 1.3564367500e+01
135 6.0611498446e-01 6.7666490183e-02 3.2289153845e+00 1.3573931618e+01
136 6.0605749767e-01 6.7699955567e-02 3.2258245498e+00 1.3558772836e+01
137 6.0598259090e-01 6.7718101091e-02 3.2148202204e+00 1.3492208072e+01
138 6.0598013971e-01 6.7723326900e-02 3.2141626959e+00 1.3488569151e+01
139 6.0647958243e-01 6.8290205999e-02 3.1648391757e+00 1.3108524865e+01
140 6.0658647600e-01 6.7907906664e-02 3.0968808824e+00 1.2548471306e+01
141 6.0677589460e-01 6.8309713170e-02 3.0668743891e+00 1.2328219248e+01
142 6.0662988016e-01 6.7645611551e-02 3.0323906946e+00 1.2042601523e+01
143 6.0657048746e-01 6.7790520832e-02 3.0314370547e+00 1.2027280973e+01
144 6.0663293715e-01 6.8607639251e-02 3.0796335103e+00 1.2500172205e+01
145 6.0683241493e-01 6.9053345988e-02 3.0472316995e+00 1.2275100118e+01
146 6.0694338494e-01 6.9573658684e-02 3.0172301758e+00 1.2048523558e+01
147 6.0733492732e-01 7.0408053216e-02 2.9733491519e+00 1.1688258253e+01
148 6.0733362716e-01 7.0414676657e-02 2.9725278169e+00 1.1684099356e+01
149 6.0719742705e-01 7.0521733172e-02 2.9703375010e+00 1.1665754889e+01
150 6.0708214269e-01 6.9951291757e-02 2.9407896869e+00 1.1451406050e+01
151 6.0729951387e-01 7.0153228265e-02 2.9194179615e+00 1.1309948653e+01
152 6.0695362275e-01 6.9910347121e-02 2.9378109658e+00 1.1451558760e+01
153 6.0718214834e-01 7.0152779677e-02 2.9166391654e+00 1.1306261451e+01
154 6.0705631784e-01 6.9738033378e-02 2.9377311196e+00 1.1474796063e+01
155 6.0718049874e-01 7.0140770664e-02 2.9080761816e+00 1.1282217948e+01
156 6.0741116701e-01 7.0382424043e-02 2.8869996860e+00 1.1139587729e+01
157 6.0739665298e-01 7.0385826384e-02 2.8872477629e+00 1.1139700356e+01
158 6.0750198873e-01 7.1013386500e-02 2.9076311229e+00 1.1290913923e+01
159 6.0759395165e-01 7.0980900042e-02 2.9081402561e+00 1.1295950352e+01
160 6.0759762190e-01 7.0943652358e-02 2.9078338726e+00 1.1300003230e+01
161 6.0780337554e-01 7.2076103221e-02 2.9088599956e+00 1.1320290991e+01
162 6.0780669186e-01 7.2050095157e-02 2.9145037421e+00 1.1380801398e+01
163 6.0776938044e-01 7.2149715665e-02 2.9137860278e+00 1.1366789823e+01
164 6.0763170900e-01 7.2256903235e-02 2.9026223495e+00 1.1327305014e+01
165 6.0820226264e-01 7.3511557041e-02 2.8812214842e+00 1.1161742901e+01
166 6.0818988243e-01 7.3586461114e-02 2.8760306142e+00 1.1135117778e+01
167 6.0794123983e-01 7.3267904413e-02 2.8961466684e+00 1.1283866267e+01
168 6.0785060913e-01 7.3268086346e-02 2.8964999861e+00 1.1287005155e+01
169 6.0810892305e-01 7.3575802844e-02 2.8739989487e+00 1.1129572406e+01
170 6.0806558243e-01 7.3592941244e-02 2.8734145984e+00 1.1126245722e+01
171 6.0766426934e-01 7.2709027624e-02 2.8707764650e+00 1.1123102536e+01
172 6.0790304016e-01 7.3006815027e-02 2.8492399631e+00 1.0971666687e+01
173 6.0784702958e-01 7.3046196121e-02 2.8460684296e+00 1.0957435050e+01
174 6.0834854825e-01 7.4655704390e-02 2.8765615195e+00 1.1200526041e+01
175 6.0810201526e-01 7.4305454289e-02 2.8981553674e+00 1.1362725032e+01
176 6.0829846724e-01 7.4541097039e-02 2.8287957332e+00 1.0912350917e+01
177 6.0825863924e-01 7.4493628028e-02 2.8297102238e+00 1.0928154958e+01
178 6.0851764859e-01 7.4713022269e-02 2.8098989197e+00 1.0799174365e+01
179 6.0853857660e-01 7.4755851611e-02 2.8093904387e+00 1.0793253461e+01
180 6.0874229049e-01 7.5210389902e-02 2.7856896138e+00 1.0626917563e+01
181 6.0828647952e-01 7.4470915835e-02 2.8256186073e+00 1.0927330428e+01
182 6.0797842751e-01 7.4026439478e-02 2.8271902052e+00 1.0903728515e+01
183 6.0795011620e-01 7.4005144367e-02 2.8280078171e+00 1.0910858611e+01
184 6.0795444961e-01 7.4002642072e-02 2.8281845913e+00 1.0911617756e+01
185 6.0811096649e-01 7.4211667272e-02 2.8035537518e+00 1.0770022171e+01
186 6.0833118908e-01 7.4573134860e-02 2.7795827204e+00 1.0612326358e+01
187 6.0851812597e-01 7.4727457249e-02 2.7174736259e+00 1.0183787257e+01
188 6.0845666234e-01 7.4741521238e-02 2.7148964137e+00 1.0182135807e+01
189 6.0842639691e-01 7.4751048088e-02 2.7150312473e+00 1.0181225000e+01
190 6.0813588732e-01 7.4367786056e-02 2.7327442162e+00 1.0316305421e+01
191 6.0811634773e-01 7.4393723342e-02 2.7300151173e+00 1.0305357675e+01
192 6.0847559615e-01 7.5470785331e-02 2.7377330867e+00 1.0380214715e+01
193 6.0888282484e-01 7.6147611216e-02 2.6997904605e+00 1.0114426110e+01
194 6.0892181446e-01 7.6206197217e-02 2.7054727181e+00 1.0166032029e+01
195 6.0890271852e-01 7.6249245322e-02 2.7045603600e+00 1.0156789249e+01
196 6.0886941884e-01 7.6209644766e-02 2.7063111046e+00 1.0177617916e+01
197 6.0886211799e-01 7.6212286979e-02 2.7063088363e+00 1.0177210531e+01
198 6.0906010596e-01 7.6421876003e-02 2.6869768718e+00 1.0060584371e+01
199 6.0883751100e-01 7.6060539413e-02 2.7002052284e+00 1.0148660646e+01
200 6.0861142657e-01 7.5765090956e-02 2.7174997881e+00 1.0276092648e+01
201 6.0907557473e-01 7.6365133578e-02 2.6790326390e+00 1.0014609790e+01
202 6.0894369836e-01 7.5771338186e-02 2.6554139051e+00 9.8514048589e+00
203 6.0809920509e-01 7.4058205576e-02 2.6315579404e+00 9.7041366204e+00
204 6.0830541344e-01 7.4669910331e-02 2.6590471396e+00 9.8762356422e+00
205 6.0876383190e-01 7.5981540764e-02 2.6919694661e+00 1.0128389544e+01
206 6.0874333661e-01 7.5991359480e-02 2.6914860895e+00 1.0126277226e+01
207 6.0867159014e-01 7.5972970912e-02 2.6914806764e+00 1.0130792416e+01
208 6.0829279203e-01 7.5087507745e-02 2.6810909176e+00 1.0049264235e+01
209 6.0821716589e-01 7.5064473867e-02 2.6804110807e+00 1.0052039720e+01
210 6.0851706729e-01 7.5816780914e-02 2.6833326526e+00 1.0087383363e+01
211 6.0867680640e-01 7.6059469080e-02 2.6614113806e+00 9.9639600884e+00
212 6.0861597289e-01 7.6085771067e-02 2.6605830339e+00 9.9589883533e+00
213 6.0860966748e-01 7.6117840631e-02 2.6609826402e+00 9.9557242883e+00
214 6.0838662603e-01 7.5820241065e-02 2.6774508116e+00 1.0077497793e+01
215 6.0840388270e-01 7.6350112188e-02 2.6856138065e+00 1.0110458791e+01
216 6.0877120300e-01 7.7091682733e-02 2.6813051322e+00 1.0066207252e+01
217 6.0893604004e-01 7.7380878867e-02 2.6661162166e+00 9.9888873718e+00
218 6.0839828619e-01 7.6404024307e-02 2.6630056777e+00 9.9885588729e+00
219 6.0863692898e-01 7.6652430837e-02 2.6416682104e+00 9.8593566154e+00
220 6.0873756383e-01 7.6839193329e-02 2.6232159885e+00 9.7548533783e+00
221 6.0873713545e-01 7.6837960029e-02 2.6232978343e+00 9.7555787465e+00
222 6.0893117675e-01 7.7164001573e-02 2.6091049692e+00 9.6916869048e+00
223 6.0882451903e-01 7.6580252440e-02 2.5897755960e+00 9.5645039230e+00
224 6.0892659265e-01 7.6911569711e-02 2.5905518231e+00 9.5338142605e+00
225 6.0862620378e-01 7.6104247140e-02 2.5871120273e+00 9.5179347926e+00
226 6.0898306499e-01 7.6788734894e-02 2.5492101883e+00 9.2706569297e+00
227 6.0910916547e-01 7.7437606156e-02 2.5749250666e+00 9.4677591749e+00
228 6.0898407742e-01 7.7415604429e-02 2.5721275836e+00 9.4653657912e+00
229 6.0887366197e-01 7.6614303029e-02 2.5384002450e+00 9.2371075977e+00
230 6.0878430409e-01 7.6604256192e-02 2.5389190161e+00 9.2411345657e+00
231 6.0876269498e-01 7.6626938222e-02 2.5366504942e+00 9.2341575288e+00
232 6.0855605305e-01 7.6117020789e-02 2.5185384331e+00 9.1313285020e+00
233 6.0865333672e-01 7.6710359891e-02 2.5307035488e+00 9.1994407759e+00
234 6.0890591135e-01 7.7101084347e-02 2.5112333610e+00 9.0720351414e+00
235 6.0894040109e-01 7.7776456509e-02 2.5291881249e+00 9.1797937137e+00
236 6.0921587310e-01 7.8567060043e-02 2.5295909356e+00 9.1843485438e+00
237 6.0930949609e-01 7.8904702329e-02 2.5091505556e+00 9.0639861111e+00
238 6.0928233112e-01 7.8917805183e-02 2.5087375231e+00 9.0615133063e+00
239 6.0941587081e-01 7.9260293386e-02 2.4944957045e+00 8.9557652663e+00
240 6.0965311673e-01 8.0095869717e-02 2.4932625933e+00 8.9376881511e+00
241 6.0992165601e-01 7.9996027446e-02 2.4312586928e+00 8.5088318675e+00
242 6.1020498221e-01 8.0633345160e-02 2.4322232387e+00 8.5054851663e+00
243 6.1092396230e-01 8.1496844694e-02 2.3967024750e+00 8.2945622537e+00
244 6.1105773483e-01 8.1938341074e-02 2.4031449283e+00 8.3149657441e+00
245 6.1111795579e-01 8.2010120194e-02 2.4024471475e+00 8.3065088821e+00
246 6.1123777850e-01 8.2495825197e-02 2.4142995995e+00 8.3787616440e+00
247 6.1108968965e-01 8.2936752997e-02 2.4699107492e+00 8.7054652599e+00
248 6.1102280597e-01 8.2810446077e-02 2.4745261175e+00 8.7374387711e+00
249 6.1077989645e-01 8.2570824653e-02 2.4857595054e+00 8.7996072782e+00
250 6.1075139478e-01 8.2606239919e-02 2.4824155578e+00 8.7895045812e+00
251 6.1121520339e-01 8.3339003439e-02 2.4629890310e+00 8.6941506195e+00
252 6.1135918574e-01 8.3754037801e-02 2.4628664213e+00 8.6828041338e+00
253 6.1141612414e-01 8.3787017557e-02 2.4613207653e+00 8.6728085297e+00
254 6.1142315786e-01 8.3799721352e-02 2.4558106072e+00 8.6417478199e+00
255 6.1120849909e-01 8.3388129761e-02 2.4448538672e+00 8.5890846713e+00
256 6.1122193147e-01 8.3403205782e-02 2.4463170230e+00 8.6059649320e+00
257 6.1112131640e-01 8.3496134657e-02 2.4424712686e+00 8.5878782377e+00
258 6.1113573066e-01 8.3534260244e-02 2.4389707769e+00 8.5752191257e+00
259 6.1099883268e-01 8.3094482807e-02 2.4264544921e+00 8.5209741493e+00
260 6.1124668226e-01 8.3320162972e-02 2.4095171674e+00 8.4277927044e+00
261 6.1121761832e-01 8.3261327386e-02 2.4088281350e+00 8.4324212523e+00
262 6.1143516578e-01 8.3623734830e-02 2.3931834969e+00 8.3303104052e+00
263 6.1064472780e-01 8.2074068548e-02 2.3908354093e+00 8.3314492057e+00
264 6.1096115793e-01 8.2410623115e-02 2.3785712480e+00 8.2824159786e+00
265 6.1070422512e-01 8.1450942137e-02 2.3481585767e+00 8.1036943086e+00
266 6.1048515099e-01 8.1014522486e-02 2.3370229311e+00 8.0590184325e+00
267 6.1011473954e-01 8.0099158453e-02 2.3246271717e+00 7.9626062593e+00
268 6.1080869995e-01 8.1183125312e-02 2.2833397157e+00 7.6909590271e+00
269 6.1102587531e-01 8.1460564209e-02 2.2692361911e+00 7.6068345657e+00
270 6.1145008878e-01 8.2191678894e-02 2.2435472846e+00 7.4433150411e+00
271 6.1155368926e-01 8.2784391154e-02 2.2574969315e+00 7.5110906406e+00
272 6.1154093147e-01 8.2793078997e-02 2.2555051124e+00 7.5061677335e+00
273 6.1124940214e-01 8.2102001107e-02 2.2223849912e+00 7.2830615251e+00
274 6.1125919529e-01 8.2238357580e-02 2.2292746577e+00 7.3387262810e+00
275 6.1127922867e-01 8.1938855400e-02 2.2043094729e+00 7.1944432634e+00
276 6.1130432898e-01 8.1968342556e-02 2.2047395516e+00 7.1929324538e+00
277 6.1144659654e-01 8.2524912029e-02 2.2239184570e+00 7.3112512763e+00
278 6.1161659685e-01 8.2815741040e-02 2.2110182553e+00 7.2378294671e+00
279 6.1116993141e-01 8.2838068436e-02 2.2522757631e+00 7.4929371376e+00
280 6.1111954942e-01 8.2913462727e-02 2.2577102435e+00 7.5335438738e+00
281 6.1097993455e-01 8.2847573046e-02 2.2534951480e+00 7.5240164458e+00
282 6.1077546901e-01 8.2570322512e-02 2.2369279266e+00 7.4228513303e+00
283 6.1049248768e-01 8.2262239476e-02 2.2474374804e+00 7.4986325888e+00
284 6.1062151670e-01 8.2601823655e-02 2.2353649667e+00 7.4198560890e+00
285 6.1052150072e-01 8.2049481059e-02 2.2088935459e+00 7.2487126995e+00
286 6.1085594771e-01 8.2819318552e-02 2.2205346656e+00 7.3255152588e+00
287 6.1142050899e-01 8.3897619454e-02 2.1995401568e+00 7.1768051768e+00
288 6.1115780068e-01 8.3692982303e-02 2.2108900283e+00 7.2439054504e+00
289 6.1111929568e-01 8.3688817373e-02 2.2044682426e+00 7.2068500189e+00
290 6.1144948989e-01 8.4532663626e-02 2.2163251504e+00 7.2995238303e+00
291 6.1142281483e-01 8.4538172168e-02 2.2157701596e+00 7.3012925774e+00
292 6.1143313742e-01 8.4578933965e-02 2.2133222899e+00 7.2948653597e+00
293 6.1151206931e-01 8.5093047988e-02 2.2130549808e+00 7.2851590411e+00
294 6.1136653645e-01 8.4676813655e-02 2.2003477250e+00 7.2171622621e+00
295 6.1089165861e-01 8.4035382542e-02 2.2231809928e+00 7.3662734827e+00
296 6.1131549933e-01 8.4419689900e-02 2.1971586432e+00 7.2319469894e+00
297 6.1070547423e-01 8.3512495044e-02 2.2145367647e+00 7.3533711215e+00
298 6.1079066674e-01 8.4083679114e-02 2.2285297554e+00 7.4466692490e+00
299 6.1085613880e-01 8.4879062706e-02 2.2675814002e+00 7.6628063759e+00
300 6.1064222105e-01 8.5141693977e-02 2.2913431111e+00 7.7976016420e+00
301 6.1107618955e-01 8.5617739902e-02 2.2646862899e+00 7.6417702570e+00
302 6.1060744668e-01 8.4559190645e-02 2.2643820130e+00 7.6746178807e+00
303 6.1077709020e-01 8.4739324021e-02 2.2511162700e+00 7.6041056187e+00
304 6.1092268572e-01 8.5228507334e-02 2.2397464138e+00 7.5219630982e+00
305 6.1099235591e-01 8.5480722774e-02 2.2449904063e+00 7.5423844473e+00
306 6.1107266555e-01 8.6075086775e-02 2.2667311287e+00 7.6863097938e+00
307 6.1131021956e-01 8.6337139615e-02 2.2532850305e+00 7.6079366741e+00
308 6.1095034914e-01 8.5548223522e-02 2.2446580255e+00 7.5502355990e+00
309 6.1088056126e-01 8.5546102553e-02 2.2471279590e+00 7.5580662641e+00
310 6.1101045948e-01 8.5987293018e-02 2.2490713612e+00 7.5493977374e+00
311 6.1093844572e-01 8.6021056311e-02 2.2485435502e+00 7.5452728503e+00
312 6.1078225709e-01 8.5617028193e-02 2.2346642540e+00 7.4692810842e+00
313 6.1117559316e-01 8.6192314771e-02 2.2086181151e+00 7.3176203294e+00
314 6.1063805038e-01 8.4993691118e-02 2.1883899659e+00 7.1911889574e+00
315 6.1070388882e-01 8.5760366202e-02 2.2271574444e+00 7.4100879395e+00
316 6.1079837083e-01 8.6262117514e-02 2.2374690206e+00 7.4624280566e+00
317 6.1046494033e-01 8.6132280045e-02 2.2477101205e+00 7.5325423280e+00
318 6.1051268617e-01 8.6794481178e-02 2.2550400166e+00 7.5704019541e+00
319 6.1025501981e-01 8.6484578471e-02 2.2678264126e+00 7.6527013276e+00
320 6.1023939904e-01 8.6449409882e-02 2.2664489768e+00 7.6529426896e+00
321 6.1063857080e-01 8.7362960433e-02 2.2702093763e+00 7.6712071841e+00
322 6.1063319103e-01 8.7366110860e-02 2.2700968893e+00 7.6707457847e+00
323 6.1041744892e-01 8.6953929023e-02 2.2600809815e+00 7.6326408098e+00
324 6.1020684141e-01 8.6708262817e-02 2.2724397514e+00 7.7090671814e+00
325 6.1072794554e-01 8.7909923412e-02 2.2836595737e+00 7.7713821534e+00
326 6.1013875883e-01 8.6759576230e-02 2.2795646258e+00 7.7781811452e+00
327 6.1015683224e-01 8.6736489168e-02 2.2799148077e+00 7.7802405933e+00
328 6.1034075179e-01 8.6978534207e-02 2.2671902055e+00 7.7077455280e+00
329 6.1031155373e-01 8.6992519884e-02 2.2668562836e+00 7.7060126872e+00
330 6.1011416489e-01 8.7298657525e-02 2.2876695140e+00 7.8184571465e+00
331 6.1033642701e-01 8.7449862828e-02 2.2659074676e+00 7.6706864779e+00
332 6.1053347428e-01 8.7663056357e-02 2.2552290682e+00 7.6095769311e+00
333 6.0976654311e-01 8.6724847777e-02 2.2676087359e+00 7.6992592804e+00
334 6.0972562672e-01 8.6742814530e-02 2.2673523633e+00 7.6972788679e+00
335 6.0980260724e-01 8.7287050652e-02 2.2820523363e+00 7.7779327122e+00
336 6.0980946543e-01 8.7288579927e-02 2.2816564244e+00 7.7767008664e+00
337 6.0950837462e-01 8.6881970612e-02 2.2855597298e+00 7.7910775466e+00
338 6.0976589772e-01 8.7165724452e-02 2.2707379511e+00 7.7043277371e+00
339 6.0966095160e-01 8.7188567581e-02 2.2723697198e+00 7.7071388887e+00
340 6.0898615733e-01 8.6179254477e-02 2.2834167833e+00 7.7799328626e+00
341 6.0829697867e-01 8.4916893685e-02 2.2903568829e+00 7.8341189970e+00
342 6.0786245032e-01 8.4185239572e-02 2.3031869754e+00 7.9379464159e+00
343 6.0775706609e-01 8.4111049614e-02 2.3052136027e+00 7.9502580655e+00
344 6.0757532792e-01 8.3956969913e-02 2.3182779604e+00 8.0182425034e+00
345 6.0782480434e-01 8.4149378133e-02 2.3050590300e+00 7.9434748105e+00
346 6.0796759245e-01 8.4304099282e-02 2.2935423268e+00 7.8810760094e+00
347 6.0797884169e-01 8.4318736987e-02 2.2907434510e+00 7.8770770914e+00
348 6.0769519913e-01 8.3948006563e-02 2.3040377724e+00 7.9682064955e+00
349 6.0753086127e-01 8.3597543806e-02 2.3154812778e+00 8.0521365146e+00
350 6.0736295918e-01 8.3570139406e-02 2.3163450336e+00 8.0582669186e+00
351 6.0779993314e-01 8.4061727562e-02 2.2905132329e+00 7.8994197860e+00
352 6.0750922151e-01 8.3942112540e-02 2.3096956323e+00 8.0205639353e+00
353 6.0752974265e-01 8.3983201152e-02 2.3104186461e+00 8.0300369357e+00
354 6.0730575161e-01 8.3541007973e-02 2.2958559205e+00 7.9417041783e+00
355 6.0751047428e-01 8.3861468328e-02 2.2819712943e+00 7.8524481166e+00
356 6.0759651001e-01 8.3463400179e-02 2.2501597736e+00 7.6652246103e+00
357 6.0786711513e-01 8.4328734484e-02 2.2610081170e+00 7.7478877656e+00
358 6.0860563633e-01 8.5820908484e-02 2.2502776808e+00 7.6398547490e+00
359 6.0838651677e-01 8.5370858709e-02 2.2356436751e+00 7.5755901228e+00
360 6.0827635558e-01 8.4875949658e-02 2.2243618641e+00 7.5282845349e+00
361 6.0800896589e-01 8.4664210449e-02 2.2341834899e+00 7.5926488003e+00
362 6.0804540484e-01 8.4678056279e-02 2.2332028267e+00 7.5911913881e+00
363 6.0749447213e-01 8.3819634207e-02 2.2506973758e+00 7.7118116559e+00
364 6.0772160317e-01 8.3946453051e-02 2.2062571612e+00 7.4467810097e+00
365 6.0810775360e-01 8.4517444348e-02 2.2003899320e+00 7.4082442982e+00
