1 5.9282947138e-01 1.1102230246e-16 1.0000000000e+00 1.0000000000e+00
2 5.9281122519e-01 1.9123700649e-03 -1.7131342305e+01 4.3631645137e+02
3 5.9305778213e-01 7.8199672904e-03 2.6156795591e+01 7.8606340036e+02
4 5.9322661493e-01 1.1090922173e-02 1.8193899911e+01 3.8782509950e+02
5 5.9347978704e-01 1.3554646719e-02 1.4932980658e+01 2.5956079786e+02
6 5.9369769849e-01 1.5546943119e-02 1.3174224096e+01 1.9919451898e+02
7 5.9366389597e-01 1.5606512877e-02 1.3022158371e+01 1.9629721441e+02
8 5.9396249820e-01 1.7428451993e-02 1.2076799577e+01 1.6434077655e+02
9 5.9389406628e-01 1.7539777707e-02 1.1833452251e+01 1.6046196259e+02
10 5.9411900312e-01 1.9088370050e-02 1.0920262308e+01 1.3568096504e+02
11 5.9433259649e-01 2.0486237968e-02 1.0244337098e+01 1.1818425901e+02
12 5.9430608711e-01 2.0742286843e-02 1.0103312533e+01 1.1626968521e+02
13 5.9448116735e-01 2.2061150990e-02 9.5209737196e+00 1.0267893702e+02
14 5.9469703719e-01 2.3246085662e-02 9.0924112522e+00 9.2746010065e+01
15 5.9465960191e-01 2.3399445684e-02 8.9037110865e+00 9.0443353145e+01
16 5.9468815016e-01 2.3418964919e-02 8.8785800543e+00 9.0099919030e+01
17 5.9468892222e-01 2.3468338383e-02 8.8242154111e+00 8.9349212143e+01
18 5.9488305826e-01 2.4646861462e-02 8.4086320105e+00 8.0921886385e+01
19 5.9497566351e-01 2.5871632677e-02 7.9466737018e+00 7.2921767916e+01
20 5.9492627198e-01 2.5662353370e-02 7.9175455651e+00 7.2786798308e+01
21 5.9521141491e-01 2.6719803847e-02 7.6262999378e+00 6.7174807116e+01
22 5.9568733434e-01 2.8646322070e-02 7.1808698882e+00 5.8754999449e+01
23 5.9590702383e-01 2.9540080141e-02 6.9997550977e+00 5.5425245781e+01
24 5.9579663527e-01 2.9643543283e-02 6.9276844066e+00 5.4775227765e+01
25 5.9578603050e-01 2.9616806701e-02 6.9188751438e+00 5.4694338536e+01
26 5.9622979787e-01 3.1583171027e-02 6.5938939875e+00 4.9197786471e+01
27 5.9626775813e-01 3.1632343178e-02 6.5576147399e+00 4.8864931661e+01
28 5.9648610834e-01 3.2271870796e-02 6.3982387535e+00 4.6447012487e+01
29 5.9620996417e-01 3.1499210345e-02 6.5183752196e+00 4.8625376704e+01
30 5.9669400561e-01 3.2956170121e-02 6.2134021470e+00 4.3983266260e+01
31 5.9661100932e-01 3.3018640421e-02 6.1806839855e+00 4.3720785079e+01
32 5.9657754647e-01 3.3044345452e-02 6.1681929085e+00 4.3610722787e+01
33 5.9653764778e-01 3.3099283549e-02 6.1366976045e+00 4.3358095999e+01
34 5.9671991289e-01 3.3911191126e-02 5.9978068752e+00 4.1310919736e+01
35 5.9674225208e-01 3.3905468218e-02 5.9992814434e+00 4.1322292960e+01
36 5.9668156452e-01 3.3978750560e-02 5.9607219664e+00 4.1016946636e+01
37 5.9666766672e-01 3.3995165067e-02 5.9527284536e+00 4.0948026702e+01
38 5.9686751451e-01 3.4854229219e-02 5.7788019945e+00 3.8815104932e+01
39 5.9701892697e-01 3.5654446379e-02 5.6460570605e+00 3.7052860193e+01
40 5.9705738629e-01 3.5672245726e-02 5.6338561555e+00 3.6955104661e+01
41 5.9720501653e-01 3.6471273137e-02 5.5028233974e+00 3.5283035259e+01
42 5.9746488765e-01 3.7750422708e-02 5.7515735146e+00 3.9656350743e+01
43 5.9741726950e-01 3.7810885194e-02 5.7257541132e+00 3.9434486016e+01
44 5.9765670494e-01 3.8501106988e-02 5.6129778149e+00 3.7778732863e+01
45 5.9765270371e-01 3.8515368638e-02 5.6070466806e+00 3.7725746131e+01
46 5.9796676718e-01 3.8440820985e-02 5.1760604666e+00 3.1234500096e+01
47 5.9817238676e-01 3.9155981584e-02 5.0757612783e+00 3.0056200246e+01
48 5.9823772300e-01 4.0412513372e-02 5.2636283973e+00 3.3307275134e+01
49 5.9856680464e-01 4.1875655657e-02 5.3534768620e+00 3.4826114886e+01
50 5.9867254382e-01 4.2582874723e-02 5.2227366351e+00 3.3293680390e+01
51 5.9867419967e-01 4.2596469700e-02 5.2253024915e+00 3.3319029436e+01
52 5.9867944667e-01 4.2619484375e-02 5.2159541817e+00 3.3245037745e+01
53 5.9882925567e-01 4.3295634551e-02 5.1152705658e+00 3.1966482413e+01
54 5.9880024510e-01 4.3306574313e-02 5.1130507959e+00 3.1948125473e+01
55 5.9884550411e-01 4.3304582101e-02 5.1106279888e+00 3.1932635835e+01
56 5.9882698144e-01 4.3318886327e-02 5.1066862903e+00 3.1899580542e+01
57 5.9880294980e-01 4.3352589350e-02 5.0945990273e+00 3.1814052561e+01
58 5.9893014343e-01 4.2884916079e-02 4.8559914870e+00 2.8583560375e+01
59 5.9916634390e-01 4.3438832910e-02 4.7747103222e+00 2.7645982379e+01
60 5.9937933852e-01 4.4076161345e-02 4.6893581553e+00 2.6691879714e+01
61 5.9933099637e-01 4.4126490785e-02 4.6739174264e+00 2.6593830373e+01
62 5.9951039285e-01 4.4773434943e-02 4.5854893388e+00 2.5682015385e+01
63 5.9971047894e-01 4.5463504425e-02 4.5096526609e+00 2.4845548481e+01
64 5.9990983130e-01 4.6110037655e-02 4.4466477287e+00 2.4121990434e+01
65 5.9980557657e-01 4.6194786974e-02 4.4247947711e+00 2.3990426167e+01
66 6.0012784913e-01 4.7765408203e-02 4.4796020323e+00 2.4822380002e+01
67 6.0005973059e-01 4.7833757333e-02 4.4613638593e+00 2.4710449063e+01
68 6.0024379321e-01 4.8473067740e-02 4.3919522426e+00 2.3956042890e+01
69 6.0040122142e-01 4.9035205910e-02 4.3290025082e+00 2.3268727774e+01
70 6.0085994504e-01 4.9876104235e-02 4.2305370762e+00 2.2190881115e+01
71 6.0083453129e-01 4.9895063590e-02 4.2265272235e+00 2.2166566956e+01
72 6.0085577530e-01 4.9954285859e-02 4.2216110178e+00 2.2122897946e+01
73 6.0104248317e-01 5.0458522625e-02 4.1677865239e+00 2.1552767638e+01
74 6.0167838734e-01 5.1890929445e-02 4.0246394792e+00 2.0048506626e+01
75 6.0166017906e-01 5.1944239873e-02 4.0101326616e+00 1.9977010465e+01
76 6.0168577399e-01 5.1792718985e-02 4.0164676496e+00 2.0026060816e+01
77 6.0169023751e-01 5.1838314633e-02 4.0151602918e+00 2.0012479183e+01
78 6.0174667936e-01 5.2757194574e-02 4.0923261479e+00 2.0918321326e+01
79 6.0178250925e-01 5.2768800242e-02 4.0929095982e+00 2.0916400025e+01
80 6.0187539980e-01 5.3175951476e-02 4.0566846311e+00 2.0685681452e+01
81 6.0177997625e-01 5.3235445492e-02 4.0464850277e+00 2.0624205736e+01
82 6.0173624095e-01 5.3130476273e-02 4.0487433740e+00 2.0673279324e+01
83 6.0200377468e-01 5.3537103202e-02 4.0014501147e+00 2.0202904000e+01
84 6.0238890114e-01 5.4425527675e-02 3.9117113308e+00 1.9303279953e+01
85 6.0237340149e-01 5.4312140891e-02 3.9068021798e+00 1.9295475333e+01
86 6.0280285475e-01 5.5393491122e-02 3.8208868318e+00 1.8417613877e+01
87 6.0279149518e-01 5.5436048906e-02 3.8124406498e+00 1.8365044160e+01
88 6.0298555215e-01 5.5841752225e-02 3.7712778920e+00 1.7975238879e+01
89 6.0292813281e-01 5.5858690971e-02 3.7706346110e+00 1.7968978794e+01
90 6.0277083165e-01 5.6033755979e-02 3.7472536663e+00 1.7846628690e+01
91 6.0363599046e-01 5.7771974533e-02 3.5920161083e+00 1.6411735792e+01
92 6.0363193098e-01 5.7894890485e-02 3.5806460583e+00 1.6353486924e+01
93 6.0349210603e-01 5.7806504982e-02 3.5606520282e+00 1.6308034504e+01
94 6.0326999091e-01 5.7398086660e-02 3.5948094692e+00 1.6630793347e+01
95 6.0321354345e-01 5.7299756152e-02 3.5971939884e+00 1.6666072445e+01
96 6.0291437677e-01 5.6994297816e-02 3.6306135230e+00 1.6965300186e+01
97 6.0312865038e-01 5.7426816494e-02 3.5921792806e+00 1.6614861464e+01
98 6.0295588624e-01 5.7011859606e-02 3.6205527174e+00 1.6915531457e+01
99 6.0324486096e-01 5.7461813140e-02 3.5791756706e+00 1.6545846946e+01
100 6.0328653105e-01 5.7434436343e-02 3.5728190475e+00 1.6522283852e+01
101 6.0353541974e-01 5.7818740288e-02 3.5363472319e+00 1.6200534649e+01
102 6.0382039099e-01 5.8244350069e-02 3.5017093170e+00 1.5885125507e+01
103 6.0429343630e-01 5.8933169448e-02 3.4373135680e+00 1.5322758950e+01
104 6.0443162716e-01 5.9284753661e-02 3.4007249590e+00 1.5029562615e+01
105 6.0447063610e-01 5.9031155506e-02 3.2936891332e+00 1.3981088512e+01
106 6.0449295378e-01 5.9152140600e-02 3.2909917493e+00 1.3958628695e+01
107 6.0466205357e-01 5.9552779242e-02 3.2573546955e+00 1.3700962299e+01
108 6.0469164134e-01 5.9586494653e-02 3.2489521648e+00 1.3665223661e+01
109 6.0485718069e-01 5.9914833809e-02 3.2206679776e+00 1.3441288504e+01
110 6.0483985460e-01 5.9915508829e-02 3.2213400068e+00 1.3444393468e+01
111 6.0511747990e-01 6.1181453130e-02 3.2600531902e+00 1.3913846248e+01
112 6.0512982026e-01 6.1232737490e-02 3.2596283207e+00 1.3906201621e+01
113 6.0504607864e-01 6.1288560956e-02 3.2523528111e+00 1.3876750122e+01
114 6.0519516646e-01 6.1852478392e-02 3.2181501153e+00 1.3599288165e+01
115 6.0515263219e-01 6.1862344356e-02 3.2185609523e+00 1.3599409828e+01
116 6.0544143939e-01 6.2272930379e-02 3.1876618145e+00 1.3351248299e+01
117 6.0539687228e-01 6.2363279068e-02 3.1828624109e+00 1.3322542750e+01
118 6.0531105356e-01 6.2437832252e-02 3.1728150569e+00 1.3280038008e+01
119 6.0571396188e-01 6.3455970898e-02 3.1687992506e+00 1.3202866794e+01
120 6.0579906595e-01 6.4150465080e-02 3.2210746607e+00 1.3709852590e+01
121 6.0593848156e-01 6.4902640872e-02 3.2540889958e+00 1.4014692771e+01
122 6.0600486784e-01 6.4992789413e-02 3.2516243381e+00 1.3988881855e+01
123 6.0593666018e-01 6.5025913673e-02 3.2491726043e+00 1.3974374457e+01
124 6.0633941598e-01 6.5974137639e-02 3.2318405433e+00 1.3785850783e+01
125 6.0632908906e-01 6.5998140963e-02 3.2285441859e+00 1.3768078601e+01
126 6.0655417155e-01 6.6363706053e-02 3.2013964590e+00 1.3543133972e+01
127 6.0645317434e-01 6.6607982198e-02 3.2514536669e+00 1.3943797284e+01
128 6.0710741805e-01 6.8058729715e-02 3.2191431235e+00 1.3655277262e+01
129 6.0668107793e-01 6.7255111553e-02 3.2301191606e+00 1.3810345190e+01
130 6.0657345788e-01 6.7417796395e-02 3.2167146273e+00 1.3747486272e+01
131 6.0662253875e-01 6.8059755848e-02 3.2276394968e+00 1.3806980841e+01
132 6.0689040330e-01 6.8079810072e-02 3.1557969463e+00 1.3266087177e+01
133 6.0672706804e-01 6.7434322664e-02 3.1207096396e+00 1.2999733060e+01
134 6.0666547224e-01 6.7482840411e-02 3.1151531576e+00 1.2975678663e+01
135 6.0656527259e-01 6.7546634376e-02 3.1078797852e+00 1.2949393629e+01
136 6.0633050225e-01 6.7677235126e-02 3.0967932546e+00 1.2895843443e+01
137 6.0642890300e-01 6.7329309685e-02 3.0272803803e+00 1.2321928680e+01
138 6.0628810415e-01 6.7365910736e-02 3.0279049517e+00 1.2320923888e+01
139 6.0612695476e-01 6.6794030953e-02 2.9896312867e+00 1.1993565040e+01
140 6.0621155900e-01 6.6833630813e-02 2.9823156145e+00 1.1959150018e+01
141 6.0635329471e-01 6.7509173823e-02 3.0212812492e+00 1.2275585078e+01
142 6.0657147537e-01 6.7845354057e-02 2.9935897373e+00 1.2076315440e+01
143 6.0653715882e-01 6.7861642708e-02 2.9925606913e+00 1.2071067446e+01
144 6.0632162376e-01 6.7704581527e-02 3.0074023157e+00 1.2187618004e+01
145 6.0636204678e-01 6.7701776453e-02 3.0060533981e+00 1.2182388772e+01
146 6.0641965708e-01 6.7606361053e-02 3.0057268819e+00 1.2193393180e+01
147 6.0623261862e-01 6.6903075177e-02 2.9620660478e+00 1.1834591269e+01
148 6.0621122771e-01 6.6957484009e-02 2.9587651827e+00 1.1815822548e+01
149 6.0621064593e-01 6.6766600278e-02 2.9242310865e+00 1.1591615042e+01
150 6.0633311775e-01 6.7415002261e-02 2.9458048348e+00 1.1755095114e+01
151 6.0635951500e-01 6.7422417219e-02 2.9430113591e+00 1.1746094030e+01
152 6.0657091122e-01 6.7786798474e-02 2.9187877056e+00 1.1563794779e+01
153 6.0653033592e-01 6.7831100033e-02 2.9133668985e+00 1.1542208898e+01
154 6.0667991820e-01 6.8284328530e-02 2.8923866662e+00 1.1364627061e+01
155 6.0673559116e-01 6.8334514680e-02 2.8897852889e+00 1.1348873287e+01
156 6.0673955115e-01 6.8345358513e-02 2.8880726370e+00 1.1341086875e+01
157 6.0668834709e-01 6.8444795709e-02 2.8794370588e+00 1.1305185198e+01
158 6.0712878711e-01 6.9107144760e-02 2.8402655379e+00 1.0999830237e+01
159 6.0711207794e-01 6.9120200378e-02 2.8390010730e+00 1.0994641876e+01
160 6.0740452700e-01 6.9043933488e-02 2.7491372846e+00 1.0289303595e+01
161 6.0694538716e-01 6.8088366040e-02 2.7231928919e+00 1.0070494480e+01
162 6.0717185662e-01 6.8452601188e-02 2.7026571670e+00 9.9299527957e+00
163 6.0717407660e-01 6.8501962070e-02 2.7017814493e+00 9.9232810454e+00
164 6.0737735617e-01 6.8985008779e-02 2.6850127094e+00 9.7901899047e+00
165 6.0747484381e-01 6.9666322051e-02 2.7300812859e+00 1.0183950417e+01
166 6.0723526788e-01 6.8926073592e-02 2.6972970055e+00 9.9316907647e+00
167 6.0738665899e-01 6.9535292060e-02 2.7338415759e+00 1.0215667983e+01
168 6.0747796724e-01 6.9364559709e-02 2.6860449539e+00 9.8807714155e+00
169 6.0743600425e-01 6.9398852510e-02 2.6828939349e+00 9.8686948147e+00
170 6.0733545029e-01 6.9840434560e-02 2.7417458587e+00 1.0321807227e+01
171 6.0733076005e-01 6.9940559869e-02 2.7402741223e+00 1.0307865683e+01
172 6.0758606090e-01 7.0187458046e-02 2.7218099850e+00 1.0177170647e+01
173 6.0744770025e-01 7.0196108864e-02 2.7114535129e+00 1.0151888390e+01
174 6.0736268053e-01 7.0242591746e-02 2.7085344512e+00 1.0139190356e+01
175 6.0751461797e-01 7.0551089868e-02 2.6901809680e+00 1.0013496296e+01
176 6.0742635884e-01 7.0584146281e-02 2.6894496888e+00 1.0008706510e+01
177 6.0783016235e-01 7.1319971700e-02 2.6488852450e+00 9.7315016100e+00
178 6.0818354492e-01 7.1955834462e-02 2.6197884355e+00 9.5438281482e+00
179 6.0839348805e-01 7.2165566358e-02 2.6013000344e+00 9.4351029972e+00
180 6.0808478407e-01 7.1865383354e-02 2.6193483945e+00 9.5582111090e+00
181 6.0836928518e-01 7.3011678358e-02 2.6734399864e+00 9.9773290655e+00
182 6.0826144632e-01 7.3003071420e-02 2.6671063742e+00 9.9635290207e+00
183 6.0862388798e-01 7.3839012015e-02 2.6778222107e+00 1.0049124120e+01
184 6.0879541809e-01 7.4087434533e-02 2.6605511975e+00 9.9334174241e+00
185 6.0867564609e-01 7.3570952904e-02 2.6353761133e+00 9.7529804612e+00
186 6.0932464743e-01 7.4336462931e-02 2.5850015536e+00 9.3959226025e+00
187 6.0962567436e-01 7.5654360338e-02 2.6372817379e+00 9.7709015482e+00
188 6.0959874307e-01 7.5619891668e-02 2.6369809309e+00 9.7740283973e+00
189 6.0923080118e-01 7.4613027245e-02 2.6158466240e+00 9.6159429015e+00
190 6.0950957725e-01 7.4955149167e-02 2.5969529732e+00 9.4857424768e+00
191 6.0990504926e-01 7.5904381244e-02 2.6066801079e+00 9.5520582613e+00
192 6.0957044645e-01 7.5705385730e-02 2.6202252407e+00 9.6525208255e+00
193 6.0896218719e-01 7.4386498841e-02 2.5871855950e+00 9.4419963219e+00
194 6.0918900488e-01 7.4747360649e-02 2.5694762197e+00 9.3183405017e+00
195 6.0940902063e-01 7.4977403167e-02 2.5516712033e+00 9.2116429624e+00
196 6.0962921616e-01 7.5295273608e-02 2.5348859227e+00 9.0992760432e+00
197 6.1000984188e-01 7.6349191618e-02 2.5450929976e+00 9.2188291856e+00
198 6.0957759988e-01 7.5603760856e-02 2.5407240876e+00 9.2067784639e+00
199 6.0952626802e-01 7.5706666302e-02 2.5403668248e+00 9.1952638656e+00
200 6.0957949744e-01 7.5756372394e-02 2.5398813967e+00 9.1897024343e+00
201 6.0954451116e-01 7.5780109878e-02 2.5384556932e+00 9.1870893444e+00
202 6.0957124123e-01 7.5812838311e-02 2.5371601279e+00 9.1781188058e+00
203 6.0956364644e-01 7.5721512532e-02 2.5190234500e+00 8.9978989593e+00
204 6.0943869694e-01 7.5092613904e-02 2.4869541832e+00 8.7690049667e+00
205 6.0935489039e-01 7.5145661739e-02 2.4837172178e+00 8.7564921562e+00
206 6.0926752170e-01 7.5095920744e-02 2.4849422819e+00 8.7671104982e+00
207 6.0927409048e-01 7.5135711548e-02 2.4847555284e+00 8.7659252584e+00
208 6.0884723140e-01 7.4753752669e-02 2.4959187549e+00 8.8585350395e+00
209 6.0878692259e-01 7.4787691565e-02 2.4943850901e+00 8.8508680084e+00
210 6.0879184309e-01 7.4639731234e-02 2.4930662400e+00 8.8637396819e+00
211 6.0870900578e-01 7.4691437585e-02 2.4895903055e+00 8.8520934483e+00
212 6.0834536012e-01 7.3726197334e-02 2.4752846701e+00 8.7582362382e+00
213 6.0835703860e-01 7.3607471263e-02 2.4613221971e+00 8.6432552408e+00
214 6.0883021095e-01 7.4236823870e-02 2.4304613996e+00 8.4386113057e+00
215 6.0874849801e-01 7.4477060487e-02 2.4767734874e+00 8.7801609099e+00
216 6.0857657634e-01 7.4577339697e-02 2.4707162142e+00 8.7593368644e+00
217 6.0873821512e-01 7.5034598260e-02 2.4571534311e+00 8.6582860597e+00
218 6.0869251622e-01 7.5084574488e-02 2.4545031164e+00 8.6479529141e+00
219 6.0871045778e-01 7.5270814483e-02 2.4554273633e+00 8.6452746730e+00
220 6.0921698649e-01 7.6589469760e-02 2.4843045072e+00 8.8461792217e+00
221 6.0931433119e-01 7.7276853571e-02 2.5102592703e+00 9.0685179982e+00
222 6.0919125060e-01 7.7563535777e-02 2.5490524952e+00 9.3281683725e+00
223 6.0911241807e-01 7.7612203371e-02 2.5461652438e+00 9.3162352825e+00
224 6.0869928192e-01 7.6841275162e-02 2.5443943159e+00 9.3183016360e+00
225 6.0865950499e-01 7.6760210349e-02 2.5441793307e+00 9.3262348609e+00
226 6.0890105628e-01 7.7039341357e-02 2.5266145509e+00 9.2139094948e+00
227 6.0894877246e-01 7.7025877790e-02 2.5269031627e+00 9.2157603467e+00
228 6.0906514652e-01 7.7517965873e-02 2.5492072739e+00 9.3770427763e+00
229 6.0844655078e-01 7.6574981072e-02 2.5682747701e+00 9.5134779727e+00
230 6.0887481202e-01 7.7132533147e-02 2.5310469574e+00 9.2804247412e+00
231 6.0949693588e-01 7.8064066076e-02 2.4845221266e+00 8.9584773888e+00
232 6.0947261490e-01 7.8087110728e-02 2.4828062720e+00 8.9513629047e+00
233 6.0992742654e-01 7.8503694955e-02 2.4552710133e+00 8.7807153096e+00
234 6.0984395712e-01 7.8521184515e-02 2.4541397287e+00 8.7748245755e+00
235 6.0986278585e-01 7.8663915428e-02 2.4668189010e+00 8.8853711064e+00
236 6.1002907973e-01 7.9362232612e-02 2.5072467624e+00 9.1930646437e+00
237 6.0982626202e-01 7.8759861606e-02 2.4810288108e+00 9.0046455719e+00
238 6.0972772404e-01 7.8845125534e-02 2.4829241575e+00 9.0231019661e+00
239 6.0969040626e-01 7.8982061105e-02 2.4785119865e+00 9.0009100914e+00
240 6.0967831650e-01 7.8998209281e-02 2.4796358750e+00 9.0014202371e+00
241 6.0962864867e-01 7.8985081768e-02 2.4787697594e+00 8.9844509155e+00
242 6.0944960236e-01 7.8256079631e-02 2.4372981061e+00 8.6652821584e+00
243 6.0955664557e-01 7.8765064743e-02 2.4653751947e+00 8.8679631639e+00
244 6.0921642287e-01 7.8137727929e-02 2.4698511679e+00 8.9134979495e+00
245 6.0955758580e-01 7.9017239213e-02 2.4826906267e+00 9.0310471190e+00
246 6.1007427113e-01 7.9612903208e-02 2.4522706766e+00 8.8243388680e+00
247 6.1010002433e-01 7.9671100877e-02 2.4583235685e+00 8.8803531989e+00
248 6.1048134568e-01 8.0099147560e-02 2.4307304407e+00 8.7085149537e+00
249 6.1011894812e-01 7.9225809385e-02 2.4175722464e+00 8.6298011993e+00
250 6.1049187976e-01 7.9603285224e-02 2.3894044479e+00 8.4589868336e+00
251 6.1046569020e-01 7.9685581881e-02 2.3866098941e+00 8.4473679148e+00
252 6.1085748750e-01 8.0366847869e-02 2.3580094715e+00 8.2588664866e+00
253 6.1065594971e-01 7.9765290830e-02 2.3221490021e+00 8.0260214976e+00
254 6.1065854710e-01 7.9899002353e-02 2.3177779129e+00 8.0004824158e+00
255 6.1064070459e-01 7.9853164332e-02 2.3143088250e+00 7.9974790593e+00
256 6.1063374725e-01 7.9858269040e-02 2.3150183492e+00 7.9990949667e+00
257 6.1059133595e-01 7.9909886308e-02 2.3105401786e+00 7.9854168352e+00
258 6.1054916874e-01 8.0145142911e-02 2.3048605377e+00 7.9504617940e+00
259 6.1051282513e-01 8.0159910107e-02 2.3046299330e+00 7.9490313942e+00
260 6.1058988975e-01 8.0418888458e-02 2.2846622362e+00 7.7967376153e+00
261 6.1080896328e-01 8.1534878747e-02 2.3312289332e+00 8.0863642321e+00
262 6.1089445564e-01 8.1148791948e-02 2.2886445880e+00 7.8040108556e+00
263 6.1084468747e-01 8.0971754633e-02 2.2602210189e+00 7.6484576223e+00
264 6.1034725635e-01 7.9990842481e-02 2.2298163304e+00 7.4343339292e+00
265 6.1056726127e-01 8.0360354960e-02 2.2178787074e+00 7.3549742689e+00
266 6.1066297760e-01 8.0754849587e-02 2.1971132427e+00 7.2575637536e+00
267 6.1038151560e-01 8.0498312321e-02 2.2076682707e+00 7.3278990004e+00
268 6.1051038320e-01 8.0920776962e-02 2.1895428916e+00 7.2353443571e+00
269 6.1058866521e-01 8.0966050596e-02 2.1888927209e+00 7.2285781929e+00
270 6.1030623634e-01 8.0499097101e-02 2.1589282966e+00 7.0447328316e+00
271 6.0997064533e-01 8.0179467756e-02 2.1547047308e+00 6.9987308813e+00
272 6.1061032776e-01 8.1016219916e-02 2.1191924609e+00 6.7941496488e+00
273 6.1055931021e-01 8.0838421692e-02 2.1180163008e+00 6.8010930989e+00
274 6.1088701682e-01 8.1711752505e-02 2.1217728724e+00 6.8076766749e+00
275 6.1085309555e-01 8.1734229173e-02 2.1211764868e+00 6.8255113819e+00
276 6.1073772243e-01 8.1680129830e-02 2.1156972562e+00 6.7954931870e+00
277 6.1067642731e-01 8.1730241313e-02 2.1134874804e+00 6.7905405687e+00
278 6.1092158582e-01 8.2057831177e-02 2.1008661461e+00 6.7195471296e+00
279 6.1085659583e-01 8.2106184096e-02 2.0995732006e+00 6.7118952759e+00
280 6.1096149453e-01 8.2606108837e-02 2.1065361824e+00 6.7476380810e+00
281 6.1112959671e-01 8.3037937878e-02 2.1213784655e+00 6.8309991772e+00
282 6.1115936726e-01 8.3114822766e-02 2.1178335560e+00 6.8178848309e+00
283 6.1118616638e-01 8.3067690284e-02 2.1193210564e+00 6.8271578307e+00
284 6.1094146759e-01 8.2524371029e-02 2.0879059946e+00 6.6380739376e+00
285 6.1093194229e-01 8.2549165546e-02 2.0858327017e+00 6.6315407510e+00
286 6.1160424004e-01 8.3790590410e-02 2.1051670015e+00 6.8221077521e+00
287 6.1196096976e-01 8.4447379055e-02 2.0797140215e+00 6.6768427025e+00
288 6.1178631921e-01 8.3818477124e-02 2.0378999466e+00 6.3691761363e+00
289 6.1207259207e-01 8.4069656272e-02 2.0301762047e+00 6.3335852456e+00
290 6.1241519143e-01 8.5246195092e-02 2.0927201774e+00 6.7803419878e+00
291 6.1183284460e-01 8.4350863943e-02 2.0680923914e+00 6.5823193311e+00
292 6.1196188796e-01 8.4577155011e-02 2.0521742052e+00 6.4863421191e+00
293 6.1282092352e-01 8.6872944072e-02 2.1019036811e+00 6.7824710643e+00
294 6.1310445156e-01 8.6990845365e-02 2.0945389933e+00 6.7451708839e+00
295 6.1309068322e-01 8.6945742261e-02 2.0886895999e+00 6.7121550577e+00
296 6.1292352958e-01 8.6439002981e-02 2.0794045570e+00 6.6625664071e+00
297 6.1299562882e-01 8.6671294390e-02 2.0925295370e+00 6.7533358834e+00
298 6.1293476644e-01 8.6650500439e-02 2.0912493887e+00 6.7543366239e+00
299 6.1298233574e-01 8.6687347433e-02 2.0962105327e+00 6.7627343416e+00
300 6.1325229898e-01 8.6952823424e-02 2.0842061642e+00 6.6957572168e+00
301 6.1345338263e-01 8.7470468369e-02 2.0950305050e+00 6.7472942665e+00
302 6.1329632506e-01 8.7554009093e-02 2.0900826286e+00 6.7199918583e+00
303 6.1329187058e-01 8.7537192750e-02 2.0896002961e+00 6.7209674949e+00
304 6.1301940166e-01 8.7042441727e-02 2.0747603708e+00 6.6586296629e+00
305 6.1325103260e-01 8.7255807613e-02 2.0633833577e+00 6.5977675112e+00
306 6.1370877542e-01 8.8708975447e-02 2.1096789495e+00 6.8663556085e+00
307 6.1352764436e-01 8.8478569991e-02 2.1195405027e+00 6.9253636348e+00
308 6.1339400603e-01 8.8531148905e-02 2.1194257921e+00 6.9223509216e+00
309 6.1324902929e-01 8.8508116639e-02 2.1151020468e+00 6.9170128821e+00
310 6.1261130813e-01 8.7553004635e-02 2.1239897524e+00 6.9905347955e+00
311 6.1300170215e-01 8.7869310524e-02 2.1007871094e+00 6.8781514974e+00
312 6.1312605746e-01 8.7821345679e-02 2.0792466785e+00 6.7811509739e+00
313 6.1305413760e-01 8.7769127841e-02 2.0808273800e+00 6.7928127704e+00
314 6.1347698914e-01 8.8602781143e-02 2.1004492492e+00 6.9380216416e+00
315 6.1303206459e-01 8.7868095283e-02 2.0918159741e+00 6.9107271396e+00
316 6.1303740652e-01 8.7830004163e-02 2.0894984763e+00 6.8947400527e+00
317 6.1324973820e-01 8.8073824319e-02 2.0768105265e+00 6.8260833257e+00
318 6.1345315010e-01 8.8323036450e-02 2.0650687445e+00 6.7622397686e+00
319 6.1382629579e-01 8.8779184830e-02 2.0439053905e+00 6.6481116849e+00
320 6.1366646073e-01 8.8367676387e-02 2.0268405489e+00 6.5713680660e+00
321 6.1364519687e-01 8.8526256080e-02 2.0269740570e+00 6.5629413464e+00
322 6.1361765057e-01 8.8708491634e-02 2.0496198149e+00 6.6711637470e+00
323 6.1423750183e-01 8.9664123976e-02 2.0375195664e+00 6.6059075961e+00
324 6.1458311657e-01 9.0238201977e-02 2.0150571787e+00 6.4796996070e+00
325 6.1530707959e-01 9.1062121018e-02 1.9845320103e+00 6.3130632749e+00
326 6.1553327162e-01 9.1604024482e-02 1.9938395613e+00 6.3523471593e+00
327 6.1509371877e-01 9.1088104027e-02 1.9892889904e+00 6.3199263941e+00
328 6.1530835815e-01 9.1543426669e-02 1.9871088891e+00 6.3243316288e+00
329 6.1514237906e-01 9.1336384789e-02 1.9889461297e+00 6.3232570521e+00
330 6.1471031869e-01 9.0693460553e-02 1.9876626652e+00 6.3280019230e+00
331 6.1409885699e-01 8.9189815797e-02 1.9441267880e+00 6.0573542293e+00
332 6.1383653782e-01 8.9225855524e-02 1.9743874074e+00 6.2504470384e+00
333 6.1403702705e-01 8.9728692543e-02 1.9883624779e+00 6.3361226910e+00
334 6.1395299120e-01 8.9697368882e-02 1.9904569832e+00 6.3465967894e+00
335 6.1368867164e-01 8.9435224584e-02 1.9981103215e+00 6.4017032519e+00
336 6.1344268580e-01 8.9193513201e-02 2.0090953788e+00 6.4620044595e+00
337 6.1300728756e-01 8.8607805926e-02 2.0029631505e+00 6.4336825948e+00
338 6.1303772606e-01 8.8551092866e-02 2.0026057983e+00 6.4339564097e+00
339 6.1277733603e-01 8.8236797253e-02 2.0130933181e+00 6.4965944603e+00
340 6.1254514503e-01 8.7988765703e-02 2.0239340649e+00 6.5571387016e+00
341 6.1234766472e-01 8.7750170759e-02 2.0335104111e+00 6.6161286588e+00
342 6.1251390767e-01 8.8141616611e-02 2.0400505897e+00 6.6354252249e+00
343 6.1253321772e-01 8.8221398425e-02 2.0399132341e+00 6.6322656881e+00
344 6.1280111959e-01 8.8632819780e-02 2.0282008152e+00 6.5637192810e+00
345 6.1265885447e-01 8.8131923753e-02 2.0103724343e+00 6.4645780912e+00
346 6.1288426256e-01 8.8167526423e-02 1.9747980120e+00 6.2858861268e+00
347 6.1283666587e-01 8.8189854011e-02 1.9731118547e+00 6.2801847096e+00
348 6.1339110392e-01 8.9398018469e-02 1.9848943930e+00 6.3358620594e+00
349 6.1300794426e-01 8.8764837111e-02 1.9839602635e+00 6.3354446307e+00
350 6.1323610183e-01 8.9019809370e-02 1.9740016620e+00 6.2771383043e+00
351 6.1331440420e-01 8.9440710226e-02 1.9810587534e+00 6.3054482660e+00
352 6.1352252127e-01 8.9739064304e-02 1.9689607683e+00 6.2418069917e+00
353 6.1347856421e-01 8.9673166103e-02 1.9762643096e+00 6.2969619028e+00
354 6.1336720048e-01 8.9620820397e-02 1.9756978089e+00 6.2994014476e+00
355 6.1357737770e-01 9.0137665118e-02 1.9872080157e+00 6.3781721947e+00
356 6.1381483409e-01 9.0337769375e-02 1.9723084252e+00 6.2982534225e+00
357 6.1385723356e-01 9.0341612478e-02 1.9707831631e+00 6.2936134719e+00
358 6.1374244357e-01 9.0218483194e-02 1.9695958789e+00 6.2845056819e+00
359 6.1354900652e-01 8.9904035684e-02 1.9711583559e+00 6.2743408556e+00
360 6.1388022216e-01 9.0732061566e-02 1.9907753340e+00 6.3613044146e+00
361 6.1385005410e-01 9.0735213119e-02 1.9886672683e+00 6.3540932154e+00
362 6.1400166018e-01 9.1222889812e-02 2.0040559228e+00 6.4407386218e+00
363 6.1422713981e-01 9.1312529922e-02 1.9940163752e+00 6.3994346666e+00
364 6.1429169970e-01 9.1763044261e-02 2.0035469809e+00 6.4491841563e+00
365 6.1397340980e-01 9.1882768051e-02 2.0253557698e+00 6.6060434432e+00
