1 5.9282947138e-01 1.1102230246e-16 1.0000000000e+00 1.0000000000e+00
2 5.9329897095e-01 1.0523668053e-02 2.1537556252e+01 4.7602752491e+02
3 5.9335247254e-01 1.0948428319e-02 1.9094581817e+01 4.0674190210e+02
4 5.9336705680e-01 1.1022657641e-02 1.8706537485e+01 3.9584530235e+02
5 5.9338432457e-01 1.1044476572e-02 1.8591262072e+01 3.9261322957e+02
6 5.9330850225e-01 1.1280350297e-02 1.7308329782e+01 3.6196177135e+02
7 5.9353776696e-01 1.3585479472e-02 1.4825569304e+01 2.5689124408e+02
8 5.9351124165e-01 1.3617129344e-02 1.4731459356e+01 2.5463890230e+02
9 5.9349021837e-01 1.3689163835e-02 1.4483510368e+01 2.4946889195e+02
10 5.9346690798e-01 1.3736022505e-02 1.4329686767e+01 2.4619966687e+02
11 5.9342907085e-01 1.3782398026e-02 1.4185016554e+01 2.4307366058e+02
12 5.9337416479e-01 1.3831121670e-02 1.4040817266e+01 2.3990174592e+02
13 5.9377549166e-01 1.7408643538e-02 1.1712554847e+01 1.5801582344e+02
14 5.9416771629e-01 2.0466123179e-02 1.0311497777e+01 1.1889268868e+02
15 5.9406636204e-01 2.0260935108e-02 1.0157602003e+01 1.1724121764e+02
16 5.9432623577e-01 2.1553830065e-02 9.6427965722e+00 1.0442209043e+02
17 5.9451703027e-01 2.2833357880e-02 9.1170872864e+00 9.3178510724e+01
18 5.9446276523e-01 2.2976556467e-02 8.9357751229e+00 9.1008620329e+01
19 5.9450429936e-01 2.3117813118e-02 8.7404001816e+00 8.8854521570e+01
20 5.9452505878e-01 2.3162087772e-02 8.6895452657e+00 8.8152537825e+01
21 5.9505480777e-01 2.5168185765e-02 8.0185582095e+00 7.3968998500e+01
22 5.9499803945e-01 2.5243176549e-02 7.9454458813e+00 7.3180802095e+01
23 5.9546881663e-01 2.7285095463e-02 7.4496711608e+00 6.3325373386e+01
24 5.9548624283e-01 2.7357889711e-02 7.3968631735e+00 6.2657180616e+01
25 5.9540849174e-01 2.7417736985e-02 7.3482897305e+00 6.2206246019e+01
26 5.9537233305e-01 2.7501692705e-02 7.2786729844e+00 6.1501872675e+01
27 5.9542970344e-01 2.7548855738e-02 7.2371625219e+00 6.1025404888e+01
28 5.9539992899e-01 2.7558038869e-02 7.2327750932e+00 6.0975603485e+01
29 5.9553505865e-01 2.8830259563e-02 6.9805161702e+00 5.6836298155e+01
30 5.9588943435e-01 3.0523978518e-02 6.6280745482e+00 5.0747760248e+01
31 5.9579511275e-01 3.0755189891e-02 6.4711917334e+00 4.9354682241e+01
32 5.9579063009e-01 3.0767324803e-02 6.4633095257e+00 4.9281204484e+01
33 5.9571088750e-01 3.0823245108e-02 6.4309589383e+00 4.8998395205e+01
34 5.9629898967e-01 3.3464794768e-02 6.0188413983e+00 4.2269057724e+01
35 5.9630550018e-01 3.3486236744e-02 6.0082167450e+00 4.2155518582e+01
36 5.9627373807e-01 3.3505914113e-02 5.9999078102e+00 4.2079885357e+01
37 5.9627830181e-01 3.3542661376e-02 5.9798913624e+00 4.1894120318e+01
38 5.9642202635e-01 3.5003053881e-02 6.3923011492e+00 4.9713305824e+01
39 5.9670514987e-01 3.7028185653e-02 6.3645226788e+00 4.9385704416e+01
40 5.9714872406e-01 3.8421433405e-02 6.0852913185e+00 4.4845705333e+01
41 5.9716787163e-01 3.8496982308e-02 6.0855222128e+00 4.4775251627e+01
42 5.9715842060e-01 3.8503845588e-02 6.0838873659e+00 4.4747745713e+01
43 5.9697590518e-01 3.7452707347e-02 5.8973900900e+00 4.2128742696e+01
44 5.9734964910e-01 3.8963065409e-02 5.6280476517e+00 3.8319486607e+01
45 5.9776685179e-01 4.0329372764e-02 5.4170070816e+00 3.5301233241e+01
46 5.9756766367e-01 4.0443165650e-02 5.3793688058e+00 3.5019595055e+01
47 5.9785235490e-01 4.0940784710e-02 5.2827320899e+00 3.3777232963e+01
48 5.9788221302e-01 4.0937679699e-02 5.2827598339e+00 3.3770445119e+01
49 5.9785265770e-01 4.0728873509e-02 5.2619389126e+00 3.3715335727e+01
50 5.9810951788e-01 4.1417126641e-02 5.1620610704e+00 3.2393249064e+01
51 5.9862374830e-01 4.2752851341e-02 4.9855551997e+00 3.0094378215e+01
52 5.9874457829e-01 4.3450301754e-02 4.8897624312e+00 2.8965274421e+01
53 5.9919882697e-01 4.4630877406e-02 4.7438880568e+00 2.7165037249e+01
54 5.9913838543e-01 4.4696822443e-02 4.7233622557e+00 2.7035096272e+01
55 5.9909573299e-01 4.4650939766e-02 4.7194813398e+00 2.7028232357e+01
56 5.9928708044e-01 4.5676237659e-02 4.8476853106e+00 2.8759986903e+01
57 5.9991123894e-01 4.7357646068e-02 4.6245423272e+00 2.6149179255e+01
58 6.0013622782e-01 4.8065466000e-02 4.5495709057e+00 2.5308138627e+01
59 6.0074894962e-01 4.9621908426e-02 4.3617031811e+00 2.3255699191e+01
60 6.0002347060e-01 4.7436291374e-02 4.3483200284e+00 2.3106561958e+01
61 6.0028458748e-01 4.7969187634e-02 4.2930371105e+00 2.2493173623e+01
62 6.0044782640e-01 4.8523635788e-02 4.2373557760e+00 2.1893940965e+01
63 6.0091749631e-01 4.9590101490e-02 4.1285872075e+00 2.0766301400e+01
64 6.0090419960e-01 4.9141692613e-02 3.9367359699e+00 1.8401491871e+01
65 6.0112724582e-01 4.9649282944e-02 3.8860160142e+00 1.7960047227e+01
66 6.0113194107e-01 4.9660034520e-02 3.8836022579e+00 1.7942416792e+01
67 6.0108770278e-01 4.9682732672e-02 3.8803770063e+00 1.7923842637e+01
68 6.0101499193e-01 4.9722604101e-02 3.8737258078e+00 1.7890905791e+01
69 6.0098238921e-01 4.9677393958e-02 3.8732336862e+00 1.7894161743e+01
70 6.0067634200e-01 4.9339954115e-02 3.8905039513e+00 1.8169458089e+01
71 6.0068270130e-01 4.9431644104e-02 3.8787112621e+00 1.8107805691e+01
72 6.0104701384e-01 5.0403279940e-02 3.7941235877e+00 1.7322601337e+01
73 6.0104768843e-01 5.0385323646e-02 3.7927667238e+00 1.7314902506e+01
74 6.0104733893e-01 5.0385452741e-02 3.7930510120e+00 1.7314259379e+01
75 6.0101592678e-01 5.0393651619e-02 3.7929606068e+00 1.7312501856e+01
76 6.0097527391e-01 5.0422880268e-02 3.7874640021e+00 1.7286102484e+01
77 6.0122389214e-01 5.0915000610e-02 3.7502127671e+00 1.6933646555e+01
78 6.0162494691e-01 5.1997111182e-02 3.6736686156e+00 1.6250337762e+01
79 6.0184405710e-01 5.2542238192e-02 3.6393679543e+00 1.5939262680e+01
80 6.0193113488e-01 5.3506443954e-02 3.7489775904e+00 1.7320850249e+01
81 6.0203948034e-01 5.3918398397e-02 3.7036071805e+00 1.6945700638e+01
82 6.0205348562e-01 5.3932827403e-02 3.6997747959e+00 1.6924000778e+01
83 6.0203828046e-01 5.4026527689e-02 3.6931184629e+00 1.6890055167e+01
84 6.0205246085e-01 5.3990483478e-02 3.6867549027e+00 1.6868388347e+01
85 6.0250647926e-01 5.4970592376e-02 3.6113312404e+00 1.6178291904e+01
86 6.0263678456e-01 5.5475522842e-02 3.5702258826e+00 1.5825703527e+01
87 6.0287677655e-01 5.5917756806e-02 3.5368578371e+00 1.5523435634e+01
88 6.0235017672e-01 5.5197171213e-02 3.5984648153e+00 1.6087005744e+01
89 6.0251684258e-01 5.5949056301e-02 3.6403563226e+00 1.6521835152e+01
90 6.0278721504e-01 5.7226994627e-02 3.6621593564e+00 1.6888198205e+01
91 6.0271071845e-01 5.7261801386e-02 3.6581242564e+00 1.6868371539e+01
92 6.0277441157e-01 5.7252220578e-02 3.6570486687e+00 1.6863146637e+01
93 6.0310374738e-01 5.8187402028e-02 3.5719704607e+00 1.6141662731e+01
94 6.0334090972e-01 5.8636226930e-02 3.5293091125e+00 1.5788516870e+01
95 6.0293170216e-01 5.7762535612e-02 3.5224160886e+00 1.5717997362e+01
96 6.0305765141e-01 5.8217867128e-02 3.4793830639e+00 1.5373383272e+01
97 6.0293387690e-01 5.8356879570e-02 3.4697475713e+00 1.5315656019e+01
98 6.0295700680e-01 5.8366049380e-02 3.4667364661e+00 1.5300667626e+01
99 6.0307130301e-01 5.9130722435e-02 3.5231147501e+00 1.5885823913e+01
100 6.0330963234e-01 5.9596891979e-02 3.4931535083e+00 1.5602607915e+01
101 6.0352487986e-01 6.0128372762e-02 3.4533422911e+00 1.5269426467e+01
102 6.0358655294e-01 5.9677557885e-02 3.3680180955e+00 1.4474217130e+01
103 6.0392248819e-01 6.0877755556e-02 3.3701391507e+00 1.4557180888e+01
104 6.0374965586e-01 6.0228679915e-02 3.3274384718e+00 1.4156779921e+01
105 6.0335940320e-01 5.9038960563e-02 3.2904728522e+00 1.3744557381e+01
106 6.0317654657e-01 5.8184196035e-02 3.1980564162e+00 1.2777823464e+01
107 6.0365863987e-01 5.9175988879e-02 3.1438389152e+00 1.2364185765e+01
108 6.0364087163e-01 5.9250763028e-02 3.1302820897e+00 1.2309879427e+01
109 6.0390335651e-01 5.9672757152e-02 3.1027150552e+00 1.2103447968e+01
110 6.0372272058e-01 5.9773713954e-02 3.0926393745e+00 1.2062767730e+01
111 6.0384481826e-01 6.0548101072e-02 3.1570762517e+00 1.2720975674e+01
112 6.0386224645e-01 6.0595616460e-02 3.1508514426e+00 1.2693695952e+01
113 6.0388696613e-01 6.1061653165e-02 3.1151785220e+00 1.2447111511e+01
114 6.0433475656e-01 6.1686880526e-02 3.0662246753e+00 1.2067702339e+01
115 6.0427271705e-01 6.1721212239e-02 3.0626146637e+00 1.2055438090e+01
116 6.0415129150e-01 6.1827607469e-02 3.0489682873e+00 1.2001085434e+01
117 6.0427406312e-01 6.2652570487e-02 3.1122314845e+00 1.2673440871e+01
118 6.0416221676e-01 6.2717521407e-02 3.1057296333e+00 1.2645460272e+01
119 6.0430370306e-01 6.3351770926e-02 3.1444026643e+00 1.2989904736e+01
120 6.0423803390e-01 6.4054149981e-02 3.0959609246e+00 1.2680607835e+01
121 6.0416579786e-01 6.4179188106e-02 3.0881309083e+00 1.2634540580e+01
122 6.0414573385e-01 6.4307145669e-02 3.0869292964e+00 1.2624956060e+01
123 6.0408528513e-01 6.4331046366e-02 3.0858541167e+00 1.2618595528e+01
124 6.0450079447e-01 6.5385446739e-02 3.1038247233e+00 1.2788951416e+01
125 6.0450340414e-01 6.5474199720e-02 3.1053500347e+00 1.2783891016e+01
126 6.0423966530e-01 6.5188386886e-02 3.1246869608e+00 1.2956218715e+01
127 6.0417454053e-01 6.5197280208e-02 3.1157935836e+00 1.2924861394e+01
128 6.0484045370e-01 6.6430152887e-02 3.0406128673e+00 1.2309158381e+01
129 6.0519906410e-01 6.7551881267e-02 3.0602580450e+00 1.2528393209e+01
130 6.0531115657e-01 6.8200580306e-02 3.0928890418e+00 1.2803714133e+01
131 6.0541134620e-01 6.8945854592e-02 3.1342924829e+00 1.3157528369e+01
132 6.0517504499e-01 6.8600604057e-02 3.1588714050e+00 1.3361669934e+01
133 6.0553989882e-01 6.9624106261e-02 3.1639226212e+00 1.3375156540e+01
134 6.0585893621e-01 6.9952487119e-02 3.1372870160e+00 1.3166503402e+01
135 6.0590540688e-01 7.0011497211e-02 3.1332130620e+00 1.3133398847e+01
136 6.0609028690e-01 7.0486742635e-02 3.1023458177e+00 1.2894458910e+01
137 6.0656121798e-01 7.1199668963e-02 3.0539008989e+00 1.2507824504e+01
138 6.0642428910e-01 7.0584906498e-02 3.0212176481e+00 1.2284996850e+01
139 6.0630472084e-01 6.9932568577e-02 2.9919104937e+00 1.2064761399e+01
140 6.0673138855e-01 7.0630045066e-02 2.9461726043e+00 1.1715739675e+01
141 6.0711645951e-01 7.1448053585e-02 2.8904433879e+00 1.1335300353e+01
142 6.0784182994e-01 7.2412470834e-02 2.8244549489e+00 1.0862856247e+01
143 6.0849115716e-01 7.3397788841e-02 2.7630824854e+00 1.0426410341e+01
144 6.0850741900e-01 7.3411638005e-02 2.7624889366e+00 1.0422532098e+01
145 6.0854377861e-01 7.3629398710e-02 2.7423938432e+00 1.0305321491e+01
146 6.0849691940e-01 7.3763912473e-02 2.7365789310e+00 1.0274651366e+01
147 6.0870516485e-01 7.4229305663e-02 2.7155549926e+00 1.0127311213e+01
148 6.0871372091e-01 7.4281241470e-02 2.7135696662e+00 1.0116535142e+01
149 6.0848641210e-01 7.3628687878e-02 2.6735202402e+00 9.8197171204e+00
150 6.0858567942e-01 7.4335042210e-02 2.7275191138e+00 1.0301464074e+01
151 6.0921026967e-01 7.5357395583e-02 2.6669037812e+00 9.8839554266e+00
152 6.0886201750e-01 7.4715388080e-02 2.6152642798e+00 9.4316586270e+00
153 6.0873640497e-01 7.4799887188e-02 2.6090966448e+00 9.4092683983e+00
154 6.0917666429e-01 7.5452405990e-02 2.5752211462e+00 9.1774824601e+00
155 6.0921568536e-01 7.5467458379e-02 2.5718736709e+00 9.1652650083e+00
156 6.0924359901e-01 7.5467564108e-02 2.5720454096e+00 9.1673972478e+00
157 6.0990988092e-01 7.6459120972e-02 2.5516088929e+00 9.0313436208e+00
158 6.0983310373e-01 7.6482972774e-02 2.5515224996e+00 9.0308847968e+00
159 6.1005016063e-01 7.6723999301e-02 2.5333089036e+00 8.9263145859e+00
160 6.1056833818e-01 7.7398783903e-02 2.4983031406e+00 8.7013565137e+00
161 6.1042528385e-01 7.7454394779e-02 2.4951849498e+00 8.6902044822e+00
162 6.1064964240e-01 7.8109953913e-02 2.5200078133e+00 8.8858019194e+00
163 6.1055840576e-01 7.8154833109e-02 2.5135893562e+00 8.8679547208e+00
164 6.1044885051e-01 7.7625385977e-02 2.5030670245e+00 8.8133393334e+00
165 6.1023796208e-01 7.7026333597e-02 2.4779310310e+00 8.6422292274e+00
166 6.1031073073e-01 7.7642851588e-02 2.5012635991e+00 8.8093661706e+00
167 6.1025600566e-01 7.7682698600e-02 2.4964980328e+00 8.7635532741e+00
168 6.1045350937e-01 7.8011374269e-02 2.4808830014e+00 8.6592900819e+00
169 6.0998174955e-01 7.7168781658e-02 2.4650273954e+00 8.5310829970e+00
170 6.1021575950e-01 7.7583187795e-02 2.4486963561e+00 8.4240436797e+00
171 6.1037033580e-01 7.7902738684e-02 2.4319942615e+00 8.3204892952e+00
172 6.1058817455e-01 7.8248002131e-02 2.4161637296e+00 8.2200827461e+00
173 6.1055254997e-01 7.8207130737e-02 2.4091372058e+00 8.1659310150e+00
174 6.1070640039e-01 7.8648702357e-02 2.4041270728e+00 8.1646293911e+00
175 6.1103246976e-01 7.9127690385e-02 2.3724108753e+00 7.9939257945e+00
176 6.1074674789e-01 7.8864260906e-02 2.3864164244e+00 8.0812710510e+00
177 6.1077823865e-01 7.8829110047e-02 2.3898787675e+00 8.0891098022e+00
178 6.1083136971e-01 7.8574935091e-02 2.3530539782e+00 7.8667404409e+00
179 6.1040761121e-01 7.7625763888e-02 2.3359869579e+00 7.7109975020e+00
180 6.1090224658e-01 7.8192497109e-02 2.3073898938e+00 7.5467298179e+00
181 6.1082166803e-01 7.8191968645e-02 2.3064167005e+00 7.5446236859e+00
182 6.1077970047e-01 7.8343087497e-02 2.3406553621e+00 7.7743558457e+00
183 6.1069997716e-01 7.8169245936e-02 2.3412895261e+00 7.7907047868e+00
184 6.1081200587e-01 7.8758814165e-02 2.3657447562e+00 7.9678414476e+00
185 6.1072008794e-01 7.8941771282e-02 2.3691438271e+00 8.0112676271e+00
186 6.1079133171e-01 7.9318932816e-02 2.3525496901e+00 7.9149668313e+00
187 6.1078105633e-01 7.9302893025e-02 2.3531974436e+00 7.9167412888e+00
188 6.1074652704e-01 7.9333519051e-02 2.3507800602e+00 7.9097218282e+00
189 6.1075692964e-01 7.9339335367e-02 2.3498700390e+00 7.9061659123e+00
190 6.1095185619e-01 7.9655007143e-02 2.3350797859e+00 7.8161782607e+00
191 6.1092188050e-01 7.9683612813e-02 2.3330121916e+00 7.8091877741e+00
192 6.1115039486e-01 8.0009490606e-02 2.3188928091e+00 7.7219749251e+00
193 6.1140159641e-01 8.0219783929e-02 2.3043000577e+00 7.6437627161e+00
194 6.1195676798e-01 8.1285043009e-02 2.3193854718e+00 7.8106662595e+00
195 6.1213350532e-01 8.1488244231e-02 2.3048117329e+00 7.7327477348e+00
196 6.1233584452e-01 8.1885977372e-02 2.2916306946e+00 7.6446098996e+00
197 6.1273978580e-01 8.2388979955e-02 2.2648355636e+00 7.4988704522e+00
198 6.1296711142e-01 8.2318420008e-02 2.2086497190e+00 7.1508348604e+00
199 6.1284931361e-01 8.1762883233e-02 2.1896355634e+00 7.0381086728e+00
200 6.1282802657e-01 8.1775914031e-02 2.1891656681e+00 7.0359511503e+00
201 6.1363545162e-01 8.3100491349e-02 2.1694213775e+00 6.9256850693e+00
202 6.1448617126e-01 8.4576198485e-02 2.1367868978e+00 6.7617181872e+00
203 6.1433265597e-01 8.3971057308e-02 2.1017794042e+00 6.5016169799e+00
204 6.1430665605e-01 8.4232197674e-02 2.0911397867e+00 6.4439814246e+00
205 6.1440379487e-01 8.4806530127e-02 2.1088469055e+00 6.5643772917e+00
206 6.1495931673e-01 8.5918449149e-02 2.1056723357e+00 6.5727251610e+00
207 6.1514267452e-01 8.6200313646e-02 2.0927947538e+00 6.5055311736e+00
208 6.1505239972e-01 8.6281127473e-02 2.0901010036e+00 6.4969976746e+00
209 6.1501840537e-01 8.6272477495e-02 2.1021020191e+00 6.6030406934e+00
210 6.1516711389e-01 8.5903908439e-02 2.0505004433e+00 6.3179356722e+00
211 6.1569519520e-01 8.7124690692e-02 2.0730070081e+00 6.4680194110e+00
212 6.1539044488e-01 8.6927805415e-02 2.0792493441e+00 6.5218230477e+00
213 6.1509273969e-01 8.6587920654e-02 2.0895803610e+00 6.5654100556e+00
214 6.1484187516e-01 8.6329119162e-02 2.0707244119e+00 6.4649397699e+00
215 6.1515767701e-01 8.6900419938e-02 2.0483461036e+00 6.3449797799e+00
216 6.1468754425e-01 8.5559708839e-02 2.0213094302e+00 6.1519352667e+00
217 6.1522970028e-01 8.5812482091e-02 1.9719503276e+00 5.8889078471e+00
218 6.1527365400e-01 8.6038479625e-02 1.9625018310e+00 5.8422456944e+00
219 6.1545987604e-01 8.6188541968e-02 1.9486303472e+00 5.7894997427e+00
220 6.1537879089e-01 8.6235226370e-02 1.9449308164e+00 5.7846513283e+00
221 6.1550920280e-01 8.6682081920e-02 1.9460347898e+00 5.7845250456e+00
222 6.1577194586e-01 8.7254974274e-02 1.9560736044e+00 5.8784329595e+00
223 6.1622657507e-01 8.7657011729e-02 1.9370629621e+00 5.7802712131e+00
224 6.1619873865e-01 8.7770741944e-02 1.9426533850e+00 5.8163703765e+00
225 6.1644653156e-01 8.8049526789e-02 1.9302383304e+00 5.7572188214e+00
226 6.1633800704e-01 8.8289605994e-02 1.9572098327e+00 5.9174764938e+00
227 6.1603520612e-01 8.7780425849e-02 1.9238715040e+00 5.6890106125e+00
228 6.1587683943e-01 8.7805803142e-02 1.9218279821e+00 5.6885738066e+00
229 6.1612324806e-01 8.8731224535e-02 1.9479317238e+00 5.8376029827e+00
230 6.1610414391e-01 8.8691157518e-02 1.9483258851e+00 5.8404666518e+00
231 6.1611039478e-01 8.8765095839e-02 1.9485404192e+00 5.8389415294e+00
232 6.1576522197e-01 8.8538481035e-02 1.9580712255e+00 5.8914075465e+00
233 6.1589841699e-01 8.8891113037e-02 1.9692608774e+00 5.9584058552e+00
234 6.1572060728e-01 8.8330820832e-02 1.9479870919e+00 5.8252629630e+00
235 6.1564846538e-01 8.8378753225e-02 1.9460142565e+00 5.8203687671e+00
236 6.1605300805e-01 8.9407838333e-02 1.9619218545e+00 5.9243556756e+00
237 6.1607059127e-01 8.9452651487e-02 1.9641680521e+00 5.9466741813e+00
238 6.1588375555e-01 8.9162414945e-02 1.9615318712e+00 5.9460990826e+00
239 6.1620957807e-01 8.9648370554e-02 1.9392016403e+00 5.8381320122e+00
240 6.1630290538e-01 8.9921667091e-02 1.9277310748e+00 5.7849961867e+00
241 6.1673544125e-01 9.0541503078e-02 1.9209540971e+00 5.7477897833e+00
242 6.1710642342e-01 9.1210656688e-02 1.9191540865e+00 5.7574117449e+00
243 6.1727529728e-01 9.1308577289e-02 1.9098738369e+00 5.7188594466e+00
244 6.1732830975e-01 9.1812002473e-02 1.9235620273e+00 5.7996656540e+00
245 6.1703764698e-01 9.1586410414e-02 1.9326466820e+00 5.8507879537e+00
246 6.1703911380e-01 9.1564669325e-02 1.9360943231e+00 5.8603253368e+00
247 6.1702917796e-01 9.1739517529e-02 1.9453118045e+00 5.9168789847e+00
248 6.1720292027e-01 9.2012964450e-02 1.9333079134e+00 5.8592704479e+00
249 6.1721765768e-01 9.2543211163e-02 1.9395961155e+00 5.8785923365e+00
250 6.1711315343e-01 9.2555564654e-02 1.9374020983e+00 5.8648862965e+00
251 6.1706205898e-01 9.2613506419e-02 1.9367073955e+00 5.8599403618e+00
252 6.1775563919e-01 9.3195812912e-02 1.9064871454e+00 5.7184223133e+00
253 6.1766669852e-01 9.2961155105e-02 1.8825023766e+00 5.5971616971e+00
254 6.1767147412e-01 9.3060293509e-02 1.8821169031e+00 5.5958963961e+00
255 6.1779038107e-01 9.3719348367e-02 1.8999687957e+00 5.6734063698e+00
256 6.1803891682e-01 9.3967123293e-02 1.8872639902e+00 5.6182890233e+00
257 6.1785719305e-01 9.3578663297e-02 1.8868173290e+00 5.6319876916e+00
258 6.1798083337e-01 9.3639861239e-02 1.8851579806e+00 5.6277275686e+00
259 6.1838798579e-01 9.4522833622e-02 1.9079348260e+00 5.8111630499e+00
260 6.1853801404e-01 9.5015616146e-02 1.9192904864e+00 5.8682050264e+00
261 6.1892099610e-01 9.5721028064e-02 1.9203961183e+00 5.8732600328e+00
262 6.1853127111e-01 9.5025828359e-02 1.9218034172e+00 5.8840997675e+00
263 6.1895156900e-01 9.5478508862e-02 1.9028707579e+00 5.8034198782e+00
264 6.1895100375e-01 9.5502099033e-02 1.9012311632e+00 5.7983535425e+00
265 6.1941780776e-01 9.5936359788e-02 1.8823242441e+00 5.7045520879e+00
266 6.1948525613e-01 9.6125981091e-02 1.8724818697e+00 5.6333758942e+00
267 6.1915152616e-01 9.5479692593e-02 1.8642156647e+00 5.6102755081e+00
268 6.1891150937e-01 9.5277286712e-02 1.8723169208e+00 5.6515599143e+00
269 6.1915074597e-01 9.5363759510e-02 1.8491508495e+00 5.5113024538e+00
270 6.1851417369e-01 9.5037486611e-02 1.8658630122e+00 5.5932542697e+00
271 6.1856058448e-01 9.5016062161e-02 1.8660664911e+00 5.5942970076e+00
272 6.1848749636e-01 9.5031435933e-02 1.8631721986e+00 5.5772370216e+00
273 6.1853679242e-01 9.4337056036e-02 1.8176097205e+00 5.3019005730e+00
274 6.1855991934e-01 9.4327351495e-02 1.8176098041e+00 5.3033378464e+00
275 6.1851969970e-01 9.4263005050e-02 1.8177980930e+00 5.3087772272e+00
276 6.1805362365e-01 9.3431895530e-02 1.8163064496e+00 5.3041072002e+00
277 6.1781616057e-01 9.3318758123e-02 1.8235900007e+00 5.3382509922e+00
278 6.1821678445e-01 9.3774604742e-02 1.8042223123e+00 5.2490904419e+00
279 6.1837760494e-01 9.3915929600e-02 1.7949785208e+00 5.2100695115e+00
280 6.1851062665e-01 9.4250707011e-02 1.8000550255e+00 5.2280450628e+00
281 6.1862902074e-01 9.4669821008e-02 1.8055136370e+00 5.2574531806e+00
282 6.1877666964e-01 9.4746581031e-02 1.7764435174e+00 5.1322679904e+00
283 6.1889741128e-01 9.5196587904e-02 1.7845773488e+00 5.1733328640e+00
284 6.1905075329e-01 9.6058775571e-02 1.8074826728e+00 5.2950528360e+00
285 6.1904475219e-01 9.6028635108e-02 1.8055072714e+00 5.2961343774e+00
286 6.1944322596e-01 9.6027352639e-02 1.7753245928e+00 5.1738395688e+00
287 6.1949294511e-01 9.6056000505e-02 1.7721433926e+00 5.1566473820e+00
288 6.1947353713e-01 9.6078569426e-02 1.7712139921e+00 5.1534564354e+00
289 6.1952303387e-01 9.6311278587e-02 1.7812924535e+00 5.2219260342e+00
290 6.1943968543e-01 9.6258621324e-02 1.7811354740e+00 5.2260719589e+00
291 6.1949678715e-01 9.6678079983e-02 1.7921851302e+00 5.2760289824e+00
292 6.1937938464e-01 9.6653112800e-02 1.7942770867e+00 5.2842786397e+00
293 6.1953196410e-01 9.7153914068e-02 1.8060968648e+00 5.3491525050e+00
294 6.1993638468e-01 9.7732654377e-02 1.8035140024e+00 5.3446014123e+00
295 6.2023900946e-01 9.7776474828e-02 1.7649804240e+00 5.1552143276e+00
296 6.2047446096e-01 9.7963825704e-02 1.7560095861e+00 5.1167983167e+00
297 6.2023411870e-01 9.7618318824e-02 1.7468062365e+00 5.0721475679e+00
298 6.2019414147e-01 9.7619782630e-02 1.7470842577e+00 5.0765769966e+00
299 6.2022591816e-01 9.7897158681e-02 1.7377595198e+00 5.0346665212e+00
300 6.1983960608e-01 9.7317152463e-02 1.7373546153e+00 5.0318025189e+00
301 6.1940542803e-01 9.7074972681e-02 1.7467181477e+00 5.0839896744e+00
302 6.1959710831e-01 9.7267252013e-02 1.7362981289e+00 5.0427970311e+00
303 6.1980239237e-01 9.7868853664e-02 1.7523557442e+00 5.1306246921e+00
304 6.2000279602e-01 9.8368970263e-02 1.7704882851e+00 5.2298576340e+00
305 6.2017548291e-01 9.8772790837e-02 1.7737210404e+00 5.2389927802e+00
306 6.2055469745e-01 9.9392695406e-02 1.7728135654e+00 5.2322670971e+00
307 6.2058135732e-01 9.9444487190e-02 1.7688365133e+00 5.2233636271e+00
308 6.2038876926e-01 9.9178490094e-02 1.7796272622e+00 5.2825812230e+00
309 6.2077916015e-01 9.9433113555e-02 1.7644912956e+00 5.2191471119e+00
310 6.2107344377e-01 1.0020753466e-01 1.7837417510e+00 5.3118432451e+00
311 6.2079713624e-01 1.0008467872e-01 1.7902409209e+00 5.3448234322e+00
312 6.2061675402e-01 9.9637911993e-02 1.7819331032e+00 5.3144093421e+00
313 6.2099758429e-01 1.0012977078e-01 1.7592260381e+00 5.2241198870e+00
314 6.2080808493e-01 9.9684011843e-02 1.7446891234e+00 5.1465003459e+00
315 6.2102993266e-01 1.0017757900e-01 1.7557746934e+00 5.1979574989e+00
316 6.2047155442e-01 9.9123230123e-02 1.7446630845e+00 5.1520429327e+00
317 6.1989189873e-01 9.8094087020e-02 1.7337242769e+00 5.1001652953e+00
318 6.1997597302e-01 9.8141013010e-02 1.7352347884e+00 5.1032991249e+00
319 6.2005975695e-01 9.8668420360e-02 1.7494820844e+00 5.1740456266e+00
320 6.1940437168e-01 9.7705810591e-02 1.7331809911e+00 5.1048645405e+00
321 6.2006428502e-01 9.8547250154e-02 1.7259134812e+00 5.0802571008e+00
322 6.2062837562e-01 9.9913713165e-02 1.7438222447e+00 5.1770701543e+00
323 6.2101377189e-01 1.0068769108e-01 1.7485214232e+00 5.2125124284e+00
324 6.2102811124e-01 1.0071722861e-01 1.7452411384e+00 5.2057788630e+00
325 6.2100318336e-01 1.0076685043e-01 1.7444251542e+00 5.2028922562e+00
326 6.2068462188e-01 1.0058031322e-01 1.7541866077e+00 5.2441537072e+00
327 6.2057026129e-01 1.0020646767e-01 1.7436301032e+00 5.1965019719e+00
328 6.2030763022e-01 1.0003620441e-01 1.7517836845e+00 5.2335161929e+00
329 6.2027110063e-01 9.9877182179e-02 1.7430502378e+00 5.2099070839e+00
330 6.2007169865e-01 9.9683913088e-02 1.7510295881e+00 5.2482784522e+00
331 6.2010950605e-01 9.9722093107e-02 1.7495362317e+00 5.2441244824e+00
332 6.2058238886e-01 1.0008405185e-01 1.7282144151e+00 5.1450055233e+00
333 6.2089549327e-01 1.0055510110e-01 1.7291405802e+00 5.1548172881e+00
334 6.2079733745e-01 1.0058173473e-01 1.7369089555e+00 5.1792904974e+00
335 6.2095881851e-01 1.0072404550e-01 1.7274318559e+00 5.1294402263e+00
336 6.2057153967e-01 1.0049438934e-01 1.7369714364e+00 5.1747141446e+00
337 6.2080310512e-01 1.0077018806e-01 1.7278040806e+00 5.1289099649e+00
338 6.2075472086e-01 1.0103409867e-01 1.7438430219e+00 5.1988159665e+00
339 6.2082978927e-01 1.0112724641e-01 1.7431685709e+00 5.1951615708e+00
340 6.2054706374e-01 1.0062061920e-01 1.7384609781e+00 5.1813928736e+00
341 6.2062162189e-01 1.0051731604e-01 1.7194435785e+00 5.0860141613e+00
342 6.2061802284e-01 1.0113633044e-01 1.7402004627e+00 5.2072673398e+00
343 6.2028576978e-01 1.0079917128e-01 1.7489568994e+00 5.2528897210e+00
344 6.2045447329e-01 1.0095257140e-01 1.7396200116e+00 5.2163085342e+00
345 6.2014561953e-01 1.0065383888e-01 1.7392419169e+00 5.2125381750e+00
346 6.2045325700e-01 1.0159227982e-01 1.7766573223e+00 5.4240234607e+00
347 6.2049334258e-01 1.0218253460e-01 1.7956299163e+00 5.4916093680e+00
348 6.2113192634e-01 1.0285230739e-01 1.7729408167e+00 5.4055120976e+00
349 6.2108815336e-01 1.0282902558e-01 1.7718199004e+00 5.4073924533e+00
350 6.2146897790e-01 1.0310755323e-01 1.7557878064e+00 5.3379363676e+00
351 6.2202920503e-01 1.0372344809e-01 1.7331599169e+00 5.2280751729e+00
352 6.2239633607e-01 1.0415969093e-01 1.7158199372e+00 5.1475555336e+00
353 6.2298382201e-01 1.0467779860e-01 1.6921003456e+00 5.0423357822e+00
354 6.2291579177e-01 1.0479604325e-01 1.6910823346e+00 5.0359476645e+00
355 6.2300454624e-01 1.0525839482e-01 1.6923358860e+00 5.0361957812e+00
356 6.2303510715e-01 1.0531592657e-01 1.6922522438e+00 5.0335058950e+00
357 6.2341305823e-01 1.0559535077e-01 1.6734078188e+00 4.9505305747e+00
358 6.2362134791e-01 1.0629365263e-01 1.6759448303e+00 4.9424372431e+00
359 6.2323875216e-01 1.0593839693e-01 1.6819539186e+00 4.9769964921e+00
360 6.2345220623e-01 1.0662590019e-01 1.6858006230e+00 4.9650862408e+00
361 6.2332121812e-01 1.0684123384e-01 1.6951989165e+00 4.9935006994e+00
362 6.2346571153e-01 1.0722383430e-01 1.7010367005e+00 5.0179339417e+00
363 6.2290725314e-01 1.0620107545e-01 1.6933504235e+00 4.9887020873e+00
364 6.2244343756e-01 1.0546921832e-01 1.6823489805e+00 4.9161188153e+00
365 6.2245100693e-01 1.0546480444e-01 1.6824699934e+00 4.9162854063e+00
