1 5.9282947138e-01 1.1102230246e-16 1.0000000000e+00 1.0000000000e+00
2 5.9276008219e-01 2.2457417062e-03 -1.1891760931e+01 2.6615652003e+02
3 5.9273917680e-01 2.5707458881e-03 -9.2940884306e+00 1.7023117975e+02
4 5.9275185794e-01 2.7271439644e-03 -7.1452742496e+00 1.4140956685e+02
5 5.9297126516e-01 7.9164663485e-03 2.5092620011e+01 7.4944618168e+02
6 5.9285755315e-01 8.3243785674e-03 2.1207694972e+01 6.1666308820e+02
7 5.9282138186e-01 8.5229933916e-03 1.9573036639e+01 5.6259515887e+02
8 5.9285352672e-01 8.5593715859e-03 1.9320332504e+01 5.5281249567e+02
9 5.9281381439e-01 8.7109286528e-03 1.8174266657e+01 5.1661494120e+02
10 5.9281087827e-01 8.7961378819e-03 1.7618207434e+01 4.9704736582e+02
11 5.9293924990e-01 1.1607300948e-02 1.5692973933e+01 3.2545704730e+02
12 5.9298449420e-01 1.1638182345e-02 1.5560446513e+01 3.2177838326e+02
13 5.9316381348e-01 1.3855731231e-02 1.3909823068e+01 2.3909890484e+02
14 5.9367891353e-01 1.7344271004e-02 1.1823837864e+01 1.6062784995e+02
15 5.9386819305e-01 1.8932731495e-02 1.0885585869e+01 1.3531907918e+02
16 5.9431044781e-01 2.1942067531e-02 9.7215121424e+00 1.0562374974e+02
17 5.9467867135e-01 2.5401984758e-02 1.0248124393e+01 1.2507242282e+02
18 5.9470070445e-01 2.5421639139e-02 1.0224286248e+01 1.2465166510e+02
19 5.9466469973e-01 2.5492752358e-02 1.0134731734e+01 1.2333996495e+02
20 5.9482611429e-01 2.6646492341e-02 9.4953347193e+00 1.0877735671e+02
21 5.9481515362e-01 2.6721745435e-02 9.4108044163e+00 1.0758692473e+02
22 5.9481730211e-01 2.6751759492e-02 9.3785458193e+00 1.0710336378e+02
23 5.9536048169e-01 2.8700299605e-02 8.5813516806e+00 8.8577841016e+01
24 5.9532729924e-01 2.8737987901e-02 8.5474745366e+00 8.8158835637e+01
25 5.9533667873e-01 2.8777320664e-02 8.5105409688e+00 8.7668564777e+01
26 5.9516627453e-01 2.6797276825e-02 7.6491746785e+00 6.7269665659e+01
27 5.9516408084e-01 2.6927036721e-02 7.6488288324e+00 6.7283175051e+01
28 5.9544307313e-01 2.7930821884e-02 7.3861384486e+00 6.2469595927e+01
29 5.9545458312e-01 2.7972216079e-02 7.3529650737e+00 6.2091548329e+01
30 5.9569611127e-01 2.8812752394e-02 7.1331730561e+00 5.8170169838e+01
31 5.9573820093e-01 2.8864602378e-02 7.0911944632e+00 5.7715208671e+01
32 5.9570466328e-01 2.8887480677e-02 7.0758925466e+00 5.7567819279e+01
33 5.9572278051e-01 2.8918164810e-02 7.0495687941e+00 5.7309224395e+01
34 5.9551691857e-01 2.8027481709e-02 7.2120358032e+00 6.0627049787e+01
35 5.9546456550e-01 2.8078743350e-02 7.1720299368e+00 6.0249967950e+01
36 5.9534870815e-01 2.8149091972e-02 7.1232116207e+00 5.9777894633e+01
37 5.9533652167e-01 2.8173720346e-02 7.1051857105e+00 5.9582487384e+01
38 5.9536505373e-01 2.8228740179e-02 7.0607361230e+00 5.9093692249e+01
39 5.9530081989e-01 2.8295861422e-02 7.0082527783e+00 5.8609803041e+01
40 5.9521615567e-01 2.8323694562e-02 6.9935715129e+00 5.8463941883e+01
41 5.9527042298e-01 2.8388357608e-02 6.9417327061e+00 5.7884743400e+01
42 5.9571196607e-01 3.0419802283e-02 6.6175011114e+00 5.1678334786e+01
43 5.9593437704e-01 3.1318278059e-02 6.4353603857e+00 4.8731810622e+01
44 5.9591268436e-01 3.1157155713e-02 6.4097592637e+00 4.8583568921e+01
45 5.9597930486e-01 3.1188064560e-02 6.3838565536e+00 4.8338312323e+01
46 5.9587035792e-01 3.1301745710e-02 6.3152355141e+00 4.7743865262e+01
47 5.9602871064e-01 3.2129140979e-02 6.1215514109e+00 4.5007138101e+01
48 5.9588279242e-01 3.2239086025e-02 6.0615716128e+00 4.4525657572e+01
49 5.9586766815e-01 3.2125258348e-02 5.9936475622e+00 4.3909953060e+01
50 5.9582115899e-01 3.2187217123e-02 5.9564861234e+00 4.3620532838e+01
51 5.9575495661e-01 3.2275664242e-02 5.9053064805e+00 4.3208406810e+01
52 5.9593724611e-01 3.3140012359e-02 5.7691793315e+00 4.1071732404e+01
53 5.9587884199e-01 3.3187905690e-02 5.7449666519e+00 4.0883251023e+01
54 5.9590072599e-01 3.3230766360e-02 5.7204368168e+00 4.0660124861e+01
55 5.9584168806e-01 3.3320998368e-02 5.6681073736e+00 4.0286404147e+01
56 5.9648156949e-01 3.5459690371e-02 5.3686243288e+00 3.5478597111e+01
57 5.9672878120e-01 3.6070601168e-02 5.2709925277e+00 3.4077838415e+01
58 5.9665198504e-01 3.6225042032e-02 5.2498096064e+00 3.3940785311e+01
59 5.9666279007e-01 3.6239401481e-02 5.2431558732e+00 3.3881290184e+01
60 5.9665112592e-01 3.6463674805e-02 5.2233025299e+00 3.3692991627e+01
61 5.9688067910e-01 3.7238219331e-02 5.1173954930e+00 3.2287807345e+01
62 5.9711386756e-01 3.7990373468e-02 5.0151097670e+00 3.1007205182e+01
63 5.9724300127e-01 3.8556023890e-02 4.9268008807e+00 2.9903999413e+01
64 5.9758448066e-01 3.9309006553e-02 4.8519247880e+00 2.8892952316e+01
65 5.9753470241e-01 3.9502480858e-02 4.8437863600e+00 2.8806411100e+01
66 5.9747230102e-01 3.9528055461e-02 4.8385537021e+00 2.8763359209e+01
67 5.9740045154e-01 3.9609444031e-02 4.8085347827e+00 2.8573024468e+01
68 5.9739349099e-01 3.9648757233e-02 4.7947146983e+00 2.8465070007e+01
69 5.9783861613e-01 4.1200202875e-02 4.6438170767e+00 2.6677886066e+01
70 5.9813008170e-01 4.1847607495e-02 4.5796791493e+00 2.5888824876e+01
71 5.9814114255e-01 4.1859385310e-02 4.5745356427e+00 2.5856265329e+01
72 5.9839977177e-01 4.2828333810e-02 4.5329844404e+00 2.5253820968e+01
73 5.9844475749e-01 4.2800245773e-02 4.5157743502e+00 2.5137836435e+01
74 5.9844748845e-01 4.2796061413e-02 4.5173695886e+00 2.5145897404e+01
75 5.9839817046e-01 4.2775110322e-02 4.5019274305e+00 2.5055070435e+01
76 5.9838182259e-01 4.2818903366e-02 4.4872965456e+00 2.4962001754e+01
77 5.9844419655e-01 4.2819406964e-02 4.4830540451e+00 2.4934601957e+01
78 5.9845661008e-01 4.2858760866e-02 4.4701392250e+00 2.4839452883e+01
79 5.9841624060e-01 4.2893847883e-02 4.4597730542e+00 2.4778000441e+01
80 5.9838251660e-01 4.2906077868e-02 4.4577221499e+00 2.4763870221e+01
81 5.9849438760e-01 4.4031738903e-02 4.6211316811e+00 2.7132047898e+01
82 5.9847602209e-01 4.4049600118e-02 4.6167516192e+00 2.7096184076e+01
83 5.9866737817e-01 4.4703113187e-02 4.5339186150e+00 2.6139154543e+01
84 5.9890903054e-01 4.5299973891e-02 4.4670161765e+00 2.5324769796e+01
85 5.9910650330e-01 4.5814038180e-02 4.4075330438e+00 2.4607793362e+01
86 5.9872558996e-01 4.4283166718e-02 4.3003988095e+00 2.3109433168e+01
87 5.9870762103e-01 4.4287093618e-02 4.3003817224e+00 2.3108017165e+01
88 5.9862151815e-01 4.4358676597e-02 4.2813078033e+00 2.2997898361e+01
89 5.9861321578e-01 4.4300394648e-02 4.2772326430e+00 2.2980460082e+01
90 5.9903830909e-01 4.5972905615e-02 4.4174329420e+00 2.5014034733e+01
91 5.9902651623e-01 4.6058140062e-02 4.4145879442e+00 2.4978851374e+01
92 5.9902301284e-01 4.6174073375e-02 4.3983767089e+00 2.4881143404e+01
93 5.9901950181e-01 4.6200691243e-02 4.3902541661e+00 2.4825835829e+01
94 5.9934680384e-01 4.7866535699e-02 4.4711694941e+00 2.5971476656e+01
95 5.9929440131e-01 4.7895492885e-02 4.4661316849e+00 2.5927895596e+01
96 5.9938950882e-01 4.7445703389e-02 4.2440473015e+00 2.3236943175e+01
97 5.9959630449e-01 4.8007632921e-02 4.1874438910e+00 2.2591327512e+01
98 5.9952466375e-01 4.7929156756e-02 4.1446087387e+00 2.2059306772e+01
99 5.9954430803e-01 4.7929261450e-02 4.1431938069e+00 2.2052437296e+01
100 5.9964810519e-01 4.8884486387e-02 4.2659121463e+00 2.3499227254e+01
101 5.9966831513e-01 4.8918474404e-02 4.2542141825e+00 2.3429003749e+01
102 6.0013220911e-01 4.9844465212e-02 4.1268377631e+00 2.1904174449e+01
103 6.0008289440e-01 4.9783119632e-02 4.1112280505e+00 2.1863463757e+01
104 5.9963185552e-01 4.8506852342e-02 4.0514005567e+00 2.1285444976e+01
105 5.9961501898e-01 4.8559875428e-02 4.0369114010e+00 2.1203345289e+01
106 5.9996201000e-01 5.0038320839e-02 4.1024578542e+00 2.1983508211e+01
107 6.0009930584e-01 5.0917413644e-02 4.1820514020e+00 2.2809412862e+01
108 6.0007199664e-01 5.0960579973e-02 4.1719247095e+00 2.2743193476e+01
109 5.9998568500e-01 5.0905933470e-02 4.1585218868e+00 2.2689675783e+01
110 6.0023987558e-01 5.1336640192e-02 4.1091883944e+00 2.2133737035e+01
111 6.0022438673e-01 5.1338262928e-02 4.1097235992e+00 2.2135881569e+01
112 5.9989652295e-01 5.0869538795e-02 4.1546074021e+00 2.2685292983e+01
113 6.0049837913e-01 5.2647305760e-02 4.1385635433e+00 2.2462161130e+01
114 6.0045240733e-01 5.2567499944e-02 4.1370087848e+00 2.2501811397e+01
115 6.0040834430e-01 5.2582776414e-02 4.1357532251e+00 2.2489408337e+01
116 6.0066147482e-01 5.3072727982e-02 4.0822323995e+00 2.1902416990e+01
117 6.0060669925e-01 5.3066721017e-02 4.0605731933e+00 2.1708240714e+01
118 6.0056383262e-01 5.3098512618e-02 4.0545947825e+00 2.1670626693e+01
119 6.0051250967e-01 5.3135476931e-02 4.0487377217e+00 2.1625617284e+01
120 6.0024012246e-01 5.2610101886e-02 4.0940220662e+00 2.2168177454e+01
121 6.0039314052e-01 5.3158687944e-02 4.0342106928e+00 2.1547069429e+01
122 6.0048492317e-01 5.3181380640e-02 4.0233513258e+00 2.1483824470e+01
123 6.0010476658e-01 5.2803225988e-02 4.0561827645e+00 2.1893027437e+01
124 6.0025115453e-01 5.3116803971e-02 4.0208825753e+00 2.1489040082e+01
125 6.0048102614e-01 5.4013185255e-02 4.0806158674e+00 2.2135257351e+01
126 6.0054822403e-01 5.3977397370e-02 4.0872079596e+00 2.2170628785e+01
127 6.0067103245e-01 5.4343717516e-02 4.0404382709e+00 2.1693248020e+01
128 6.0070341658e-01 5.4457761727e-02 4.0485330021e+00 2.1844339189e+01
129 6.0066969679e-01 5.4499613647e-02 4.0396463469e+00 2.1788942813e+01
130 6.0063889165e-01 5.4517141041e-02 4.0363307539e+00 2.1771359722e+01
131 6.0098577168e-01 5.5938172451e-02 4.0463379550e+00 2.1736535592e+01
132 6.0086947511e-01 5.6025306400e-02 4.0308069025e+00 2.1637703308e+01
133 6.0062300377e-01 5.5231865274e-02 3.9841615791e+00 2.1297518092e+01
134 6.0080658580e-01 5.6926556320e-02 4.0994412885e+00 2.2316877992e+01
135 6.0049968706e-01 5.6392278612e-02 4.1414180799e+00 2.2860737212e+01
136 6.0070499923e-01 5.7203887713e-02 4.1848925800e+00 2.3199008796e+01
137 6.0087431809e-01 5.8084998310e-02 4.2314937354e+00 2.3609833145e+01
138 6.0083867049e-01 5.8112688780e-02 4.2265019804e+00 2.3576009866e+01
139 6.0108770175e-01 5.8513182454e-02 4.1811615062e+00 2.3066272782e+01
140 6.0127508064e-01 5.8679917347e-02 4.1327051978e+00 2.2561928067e+01
141 6.0150928312e-01 5.9176558598e-02 4.0853608283e+00 2.2033193387e+01
142 6.0256650800e-01 6.1581071237e-02 3.9411828498e+00 2.0425741734e+01
143 6.0254200224e-01 6.1591179358e-02 3.9402663669e+00 2.0418708214e+01
144 6.0265503373e-01 6.2055132118e-02 3.8917995695e+00 1.9955492811e+01
145 6.0244343062e-01 6.1753294589e-02 3.9295938560e+00 2.0318385325e+01
146 6.0224557729e-01 6.1409671993e-02 3.9508257193e+00 2.0554715119e+01
147 6.0220849983e-01 6.1389701180e-02 3.9480337964e+00 2.0554925543e+01
148 6.0210591814e-01 6.0633693100e-02 3.9137749707e+00 2.0325342511e+01
149 6.0163264739e-01 5.9454315464e-02 3.8902640718e+00 2.0269790617e+01
150 6.0146774177e-01 5.9421352439e-02 3.8869603662e+00 2.0282697045e+01
151 6.0174154243e-01 5.9860648211e-02 3.8406152192e+00 1.9820695726e+01
152 6.0168810588e-01 5.9910662007e-02 3.8323920759e+00 1.9769396971e+01
153 6.0188667804e-01 6.0333163622e-02 3.7935776088e+00 1.9361628595e+01
154 6.0234370138e-01 6.0896036794e-02 3.6221135516e+00 1.7690306800e+01
155 6.0258904541e-01 6.1247289529e-02 3.5893269983e+00 1.7369764488e+01
156 6.0258839678e-01 6.1247124603e-02 3.5895412205e+00 1.7369876811e+01
157 6.0257081035e-01 6.1321657304e-02 3.5862479590e+00 1.7341526517e+01
158 6.0228549296e-01 6.0985135926e-02 3.6189764851e+00 1.7661389767e+01
159 6.0250756804e-01 6.1466048021e-02 3.5798251448e+00 1.7280860154e+01
160 6.0255096552e-01 6.1457514937e-02 3.5795416835e+00 1.7279963153e+01
161 6.0298762296e-01 6.2160614556e-02 3.5208858286e+00 1.6730723639e+01
162 6.0278514230e-01 6.1438830967e-02 3.4670650062e+00 1.6282257995e+01
163 6.0251359785e-01 5.9913105973e-02 3.3623952262e+00 1.5352633644e+01
164 6.0335233450e-01 6.1780482874e-02 3.2502431321e+00 1.4271710253e+01
165 6.0351432755e-01 6.2189335707e-02 3.2185179237e+00 1.4010945787e+01
166 6.0362953185e-01 6.2207272838e-02 3.2099566824e+00 1.3972154566e+01
167 6.0359349207e-01 6.2109130794e-02 3.2003629652e+00 1.3857106406e+01
168 6.0379499493e-01 6.2460145099e-02 3.1749122813e+00 1.3633323960e+01
169 6.0401591228e-01 6.2856176382e-02 3.1486188727e+00 1.3404159002e+01
170 6.0384557682e-01 6.2159711219e-02 3.1020744288e+00 1.2994466654e+01
171 6.0400822463e-01 6.2802564081e-02 3.1193156529e+00 1.3113571705e+01
172 6.0405678751e-01 6.2841402034e-02 3.1098649477e+00 1.3073466182e+01
173 6.0372650313e-01 6.2643538959e-02 3.1211415110e+00 1.3219262294e+01
174 6.0371504226e-01 6.2687482901e-02 3.1128360708e+00 1.3188308292e+01
175 6.0378423211e-01 6.2740208480e-02 3.1097479401e+00 1.3167609889e+01
176 6.0413363233e-01 6.3266147243e-02 3.0617722952e+00 1.2787524096e+01
177 6.0381941581e-01 6.2623578788e-02 3.0321361993e+00 1.2625494311e+01
178 6.0414841038e-01 6.3932594709e-02 3.1033966834e+00 1.3187300674e+01
179 6.0437121386e-01 6.4240544254e-02 3.0765890125e+00 1.2981439411e+01
180 6.0437825141e-01 6.4262200552e-02 3.0732948601e+00 1.2962636700e+01
181 6.0448086268e-01 6.4954625895e-02 3.1186294863e+00 1.3373302804e+01
182 6.0441066036e-01 6.5028728638e-02 3.1066769170e+00 1.3334580400e+01
183 6.0458805169e-01 6.5614404674e-02 3.1211421425e+00 1.3406688347e+01
184 6.0454175986e-01 6.5610561708e-02 3.1216249557e+00 1.3405802264e+01
185 6.0469191249e-01 6.6220622671e-02 3.1418966343e+00 1.3526532951e+01
186 6.0533511135e-01 6.7649353623e-02 3.1286752949e+00 1.3393114605e+01
187 6.0531814951e-01 6.7536085706e-02 3.1131761570e+00 1.3240544481e+01
188 6.0509750308e-01 6.7377536066e-02 3.1445996119e+00 1.3501876950e+01
189 6.0526414539e-01 6.7731205948e-02 3.1150731676e+00 1.3270727234e+01
190 6.0532146561e-01 6.7496136433e-02 3.0559326074e+00 1.2792198611e+01
191 6.0555094744e-01 6.7783014491e-02 3.0313729808e+00 1.2608089423e+01
192 6.0599317611e-01 6.8513447251e-02 2.9791882324e+00 1.2183884691e+01
193 6.0615354621e-01 6.8827775339e-02 2.9544199520e+00 1.2003332624e+01
194 6.0645196841e-01 6.9326110045e-02 2.9317609304e+00 1.1809845647e+01
195 6.0666725725e-01 6.9572416483e-02 2.9130132385e+00 1.1664378120e+01
196 6.0624607722e-01 6.8728686266e-02 2.9097402776e+00 1.1664436511e+01
197 6.0668872457e-01 6.9770751490e-02 2.9200643409e+00 1.1744838298e+01
198 6.0668041990e-01 6.9773665333e-02 2.9200404840e+00 1.1744226150e+01
199 6.0694515666e-01 7.0866338824e-02 2.9240612792e+00 1.1776142921e+01
200 6.0710361859e-01 7.1112481279e-02 2.8957039665e+00 1.1605573451e+01
201 6.0741011624e-01 7.2255639764e-02 2.9170223137e+00 1.1676532343e+01
202 6.0704432041e-01 7.1360679767e-02 2.9184280960e+00 1.1705023204e+01
203 6.0688314961e-01 7.0708380136e-02 2.8848408966e+00 1.1476918550e+01
204 6.0717723013e-01 7.0945217075e-02 2.8630723224e+00 1.1327951755e+01
205 6.0732627048e-01 7.1579835282e-02 2.8926117107e+00 1.1545431975e+01
206 6.0732017888e-01 7.1601688631e-02 2.8848345585e+00 1.1519074235e+01
207 6.0740029211e-01 7.2233911090e-02 2.9011675121e+00 1.1629862799e+01
208 6.0714573120e-01 7.1941653994e-02 2.9200330578e+00 1.1784973627e+01
209 6.0699304111e-01 7.1496870256e-02 2.9135085017e+00 1.1786297324e+01
210 6.0686700552e-01 7.0898322103e-02 2.8517249082e+00 1.1367053304e+01
211 6.0702930340e-01 7.1457973412e-02 2.8738310376e+00 1.1506984357e+01
212 6.0686894087e-01 7.0914513525e-02 2.8559442834e+00 1.1413264005e+01
213 6.0704191482e-01 7.1282377468e-02 2.8326933501e+00 1.1241745123e+01
214 6.0736794084e-01 7.2325007131e-02 2.8402325271e+00 1.1270194881e+01
215 6.0737951520e-01 7.2343084256e-02 2.8363578970e+00 1.1259807562e+01
216 6.0747673861e-01 7.2246953637e-02 2.7758941731e+00 1.0889527954e+01
217 6.0738833586e-01 7.2222675302e-02 2.7729654404e+00 1.0882629773e+01
218 6.0764694278e-01 7.2665421050e-02 2.7544978070e+00 1.0728088650e+01
219 6.0775281671e-01 7.2965483858e-02 2.7326089475e+00 1.0585122217e+01
220 6.0773851095e-01 7.3005020760e-02 2.7330366162e+00 1.0580098969e+01
221 6.0740094498e-01 7.2431966305e-02 2.7000271934e+00 1.0381549410e+01
222 6.0743634941e-01 7.2079070378e-02 2.6452449618e+00 1.0003508971e+01
223 6.0762333987e-01 7.2730491648e-02 2.6650248254e+00 1.0127301388e+01
224 6.0756264540e-01 7.2721894793e-02 2.6670449343e+00 1.0144552464e+01
225 6.0753902329e-01 7.2615094632e-02 2.6603436809e+00 1.0099100696e+01
226 6.0751241862e-01 7.2244250680e-02 2.6073492720e+00 9.7453055599e+00
227 6.0748147754e-01 7.2340490344e-02 2.6029441430e+00 9.7244850900e+00
228 6.0781777519e-01 7.3283695547e-02 2.6220726555e+00 9.8746896325e+00
229 6.0798988921e-01 7.3575036047e-02 2.6040914049e+00 9.7524675313e+00
230 6.0798659878e-01 7.3540648995e-02 2.6037043576e+00 9.7546119282e+00
231 6.0821817967e-01 7.4849911334e-02 2.6465454000e+00 1.0067299885e+01
232 6.0814217759e-01 7.4897546822e-02 2.6430895748e+00 1.0054055955e+01
233 6.0839610676e-01 7.5200428747e-02 2.6256177165e+00 9.9266022088e+00
234 6.0835740891e-01 7.5219976131e-02 2.6407442035e+00 1.0073631206e+01
235 6.0860530186e-01 7.6206114474e-02 2.6425794449e+00 1.0086607144e+01
236 6.0858832345e-01 7.6244898361e-02 2.6379563888e+00 1.0069810815e+01
237 6.0904553320e-01 7.7082221576e-02 2.6050271797e+00 9.8394177409e+00
238 6.0917462728e-01 7.7646183056e-02 2.6302151791e+00 9.9911488141e+00
239 6.0900750307e-01 7.7141191106e-02 2.6117684504e+00 9.9002371268e+00
240 6.0895269029e-01 7.7117589749e-02 2.6113571723e+00 9.9006977170e+00
241 6.0910770302e-01 7.7608730590e-02 2.6208685823e+00 9.9339636520e+00
242 6.0906027187e-01 7.7638287808e-02 2.6206164953e+00 9.9319567098e+00
243 6.0964250810e-01 7.8625126514e-02 2.5662428018e+00 9.5560739825e+00
244 6.0961042156e-01 7.8560253853e-02 2.5678883864e+00 9.5729653465e+00
245 6.1010447603e-01 7.9243416815e-02 2.5346651106e+00 9.3358186856e+00
246 6.1006651258e-01 7.9280815364e-02 2.5318157793e+00 9.3236178318e+00
247 6.0959815624e-01 7.8491097109e-02 2.5213606444e+00 9.2807073699e+00
248 6.0932096080e-01 7.8173545309e-02 2.5374398783e+00 9.3949913393e+00
249 6.0939572773e-01 7.8194699818e-02 2.5337243821e+00 9.3804059270e+00
250 6.0934869655e-01 7.8218130403e-02 2.5325296074e+00 9.3759914728e+00
251 6.0916102491e-01 7.7962354690e-02 2.5466863459e+00 9.4761003750e+00
252 6.0910145209e-01 7.7985717449e-02 2.5461231019e+00 9.4729905418e+00
253 6.0859712039e-01 7.7010095837e-02 2.5261680800e+00 9.3538899137e+00
254 6.0848393577e-01 7.7042776591e-02 2.5226720691e+00 9.3464957951e+00
255 6.0892901499e-01 7.7851198287e-02 2.5282786217e+00 9.3722478766e+00
256 6.0918006882e-01 7.8151499074e-02 2.5108146125e+00 9.2561695351e+00
257 6.0917541754e-01 7.8157316378e-02 2.5103219778e+00 9.2541095832e+00
258 6.0873118930e-01 7.7412817286e-02 2.5110306489e+00 9.2855957118e+00
259 6.0875642120e-01 7.7476025578e-02 2.5105104645e+00 9.2752698948e+00
260 6.0919667406e-01 7.8150313941e-02 2.4740594388e+00 9.0358249729e+00
261 6.0938396666e-01 7.8760218925e-02 2.5024576276e+00 9.2373822207e+00
262 6.0937503168e-01 7.8763459220e-02 2.5024460591e+00 9.2370177465e+00
263 6.0938848397e-01 7.8747352877e-02 2.5039079131e+00 9.2424414243e+00
264 6.0939543786e-01 7.8796441304e-02 2.5036244452e+00 9.2394147957e+00
265 6.0939904873e-01 7.8795812908e-02 2.5035914128e+00 9.2391616800e+00
266 6.0935654785e-01 7.8817624535e-02 2.5038474146e+00 9.2401777835e+00
267 6.0948806699e-01 7.9407138980e-02 2.5221677760e+00 9.3762628221e+00
268 6.0972551757e-01 7.9635710552e-02 2.5066290244e+00 9.2740313830e+00
269 6.0970838004e-01 7.9635697592e-02 2.5062675626e+00 9.2732504641e+00
270 6.0953525520e-01 7.9199390425e-02 2.4952973857e+00 9.2492609899e+00
271 6.0905521693e-01 7.8176415735e-02 2.4850608566e+00 9.1941296898e+00
272 6.0935193046e-01 7.8425846357e-02 2.4671918057e+00 9.0865812657e+00
273 6.0950437585e-01 7.8587629596e-02 2.4528672880e+00 9.0079811717e+00
274 6.0928382569e-01 7.7695447796e-02 2.4131656357e+00 8.7185337480e+00
275 6.0930476147e-01 7.7772398836e-02 2.4153347740e+00 8.7528802675e+00
276 6.0945400951e-01 7.8406354274e-02 2.4445908992e+00 8.9412507961e+00
277 6.0889669555e-01 7.6890168706e-02 2.3943818521e+00 8.6001340293e+00
278 6.0891544226e-01 7.6886935587e-02 2.3940274961e+00 8.5992015532e+00
279 6.0880699336e-01 7.6932742010e-02 2.3925658262e+00 8.5940914140e+00
280 6.0842739722e-01 7.6338116480e-02 2.3883651933e+00 8.5902903856e+00
281 6.0840192319e-01 7.6353833464e-02 2.3870607300e+00 8.5882239373e+00
282 6.0866391185e-01 7.6772240847e-02 2.3746862688e+00 8.4946631184e+00
283 6.0877503556e-01 7.7056161523e-02 2.3592630122e+00 8.3984245093e+00
284 6.0879457034e-01 7.7045221852e-02 2.3594158473e+00 8.4007366419e+00
285 6.0902181436e-01 7.7379495423e-02 2.3432701059e+00 8.2992177079e+00
286 6.0893665468e-01 7.7353640014e-02 2.3407905055e+00 8.2995153229e+00
287 6.0891981938e-01 7.7361061129e-02 2.3421196093e+00 8.3020590722e+00
288 6.0907055733e-01 7.7652287448e-02 2.3271594894e+00 8.2067797620e+00
289 6.0903177338e-01 7.7743395179e-02 2.3230114821e+00 8.1929163907e+00
290 6.0899809719e-01 7.7668117412e-02 2.3249454912e+00 8.2077959430e+00
291 6.0901584753e-01 7.7667158199e-02 2.3242918529e+00 8.2061498574e+00
292 6.0900033524e-01 7.7712602081e-02 2.3267835636e+00 8.2222080904e+00
293 6.0896625956e-01 7.7797796208e-02 2.3251448331e+00 8.2094622906e+00
294 6.0890175451e-01 7.7268948835e-02 2.2957518791e+00 7.9950771372e+00
295 6.0882870179e-01 7.7567657175e-02 2.3415662769e+00 8.3134474004e+00
296 6.0899792570e-01 7.7792040886e-02 2.3306960133e+00 8.2361919250e+00
297 6.0920512853e-01 7.8194883722e-02 2.3190459968e+00 8.1515793363e+00
298 6.0918061486e-01 7.8196802077e-02 2.3182281717e+00 8.1487041034e+00
299 6.0914889717e-01 7.8145599073e-02 2.3134563804e+00 8.1338922011e+00
300 6.0941570575e-01 7.8453933777e-02 2.3003961610e+00 8.0513162236e+00
301 6.0940353531e-01 7.8470183164e-02 2.2988594140e+00 8.0467402065e+00
302 6.0946277526e-01 7.8497542954e-02 2.3008979981e+00 8.0522264461e+00
303 6.0950187155e-01 7.9015128335e-02 2.3208144119e+00 8.1891267826e+00
304 6.0940447836e-01 7.9083070347e-02 2.3164339771e+00 8.1747978784e+00
305 6.0924908454e-01 7.8598681547e-02 2.2885118735e+00 7.9865934341e+00
306 6.0940742916e-01 7.8943492364e-02 2.2750374976e+00 7.8950049666e+00
307 6.0942344893e-01 7.8887798858e-02 2.2770017708e+00 7.9046228409e+00
308 6.0936902617e-01 7.8977828920e-02 2.2740436570e+00 7.8926290103e+00
309 6.0937211105e-01 7.8980424414e-02 2.2752257094e+00 7.8973688008e+00
310 6.0930086530e-01 7.8919177244e-02 2.2766301935e+00 7.9081134119e+00
311 6.0969926170e-01 7.9854296444e-02 2.3008507296e+00 8.0119867899e+00
312 6.0973567652e-01 7.9851368478e-02 2.2997520308e+00 8.0089449333e+00
313 6.0964215145e-01 7.9989905982e-02 2.2958155103e+00 7.9851042000e+00
314 6.0944375300e-01 7.9487449929e-02 2.2831373281e+00 7.9263926545e+00
315 6.0942986621e-01 7.9553431529e-02 2.2756707714e+00 7.9051046468e+00
316 6.0931527292e-01 7.9544152981e-02 2.2772759574e+00 7.9106233953e+00
317 6.0948832358e-01 8.0200069344e-02 2.3059588866e+00 8.1106585093e+00
318 6.0947995982e-01 8.0191959421e-02 2.3047196087e+00 8.1070141145e+00
319 6.0963037074e-01 8.0735529950e-02 2.3169401767e+00 8.1897054654e+00
320 6.0978919404e-01 8.1362710459e-02 2.3502793432e+00 8.4248977200e+00
321 6.0979609969e-01 8.1423785302e-02 2.3541011513e+00 8.4545515179e+00
322 6.0981680868e-01 8.1490687353e-02 2.3506080936e+00 8.4354254259e+00
323 6.0983486703e-01 8.1592294775e-02 2.3483071659e+00 8.4227767729e+00
324 6.0951658888e-01 8.1445802336e-02 2.3516526784e+00 8.4974530419e+00
325 6.0973648109e-01 8.1628061487e-02 2.3250035100e+00 8.3120964327e+00
326 6.0971299112e-01 8.1677877727e-02 2.3252842056e+00 8.3094642330e+00
327 6.0980152217e-01 8.1801611147e-02 2.3237374606e+00 8.2949457608e+00
328 6.0914713798e-01 8.0891375743e-02 2.3315524681e+00 8.3944193768e+00
329 6.0923137097e-01 8.1540548907e-02 2.3640345445e+00 8.6149966163e+00
330 6.0947564659e-01 8.1880315844e-02 2.3493241738e+00 8.5123935756e+00
331 6.0972529420e-01 8.2961492967e-02 2.3869299170e+00 8.7396314316e+00
332 6.0966668613e-01 8.3000110612e-02 2.3865673616e+00 8.7350223740e+00
333 6.0979696547e-01 8.3479219763e-02 2.4052320521e+00 8.8513365090e+00
334 6.0978136123e-01 8.3388733362e-02 2.3985637798e+00 8.8102067421e+00
335 6.0982957260e-01 8.3444075710e-02 2.4017701144e+00 8.8406500924e+00
336 6.1001828613e-01 8.3934957294e-02 2.4058542281e+00 8.8403951556e+00
337 6.0977623551e-01 8.3360148332e-02 2.3868479316e+00 8.7339449655e+00
338 6.0983424769e-01 8.3381499732e-02 2.3866195953e+00 8.7308658781e+00
339 6.0976602460e-01 8.3443842885e-02 2.3814769572e+00 8.7158674829e+00
340 6.0958912626e-01 8.3032578085e-02 2.3799521414e+00 8.7336710671e+00
341 6.0958510137e-01 8.3054760585e-02 2.3773497207e+00 8.7258047221e+00
342 6.0946357392e-01 8.3099496134e-02 2.3733398987e+00 8.6969758631e+00
343 6.0970230548e-01 8.3215365056e-02 2.3609857295e+00 8.6322392846e+00
344 6.0960070210e-01 8.2712041702e-02 2.3441433232e+00 8.5501143581e+00
345 6.0957160684e-01 8.2765258550e-02 2.3440007216e+00 8.5452997104e+00
346 6.0957865564e-01 8.2770696986e-02 2.3467428673e+00 8.5704207705e+00
347 6.0969310943e-01 8.2992007818e-02 2.3384712186e+00 8.4773734260e+00
348 6.0956798059e-01 8.3121986751e-02 2.3507918674e+00 8.5684731432e+00
349 6.0952768400e-01 8.3153503327e-02 2.3486769841e+00 8.5611369763e+00
350 6.0922918760e-01 8.2947671591e-02 2.3741981164e+00 8.7659242714e+00
351 6.0952936531e-01 8.4213756016e-02 2.4134343202e+00 8.9791789812e+00
352 6.0951215133e-01 8.4201442870e-02 2.4156537378e+00 8.9856472395e+00
353 6.0950258202e-01 8.4155826495e-02 2.4183980440e+00 8.9995606735e+00
354 6.0934817906e-01 8.3668372245e-02 2.4071106521e+00 8.9725464597e+00
355 6.0923642599e-01 8.2985852415e-02 2.3690721211e+00 8.7203500182e+00
356 6.0950164287e-01 8.3295305091e-02 2.3525496032e+00 8.6140557668e+00
357 6.0955334944e-01 8.2987474937e-02 2.3165941940e+00 8.4265216161e+00
358 6.0919311867e-01 8.2220430302e-02 2.3139633467e+00 8.4342311968e+00
359 6.0933802531e-01 8.2944818151e-02 2.3567748286e+00 8.7502797146e+00
360 6.0997429215e-01 8.4060980798e-02 2.3426050731e+00 8.6426352428e+00
361 6.1025434394e-01 8.4495810029e-02 2.3292820012e+00 8.5384340027e+00
362 6.1048606206e-01 8.4752532833e-02 2.3153092966e+00 8.4478614623e+00
363 6.1037091782e-01 8.4720435915e-02 2.3169609480e+00 8.4591851944e+00
364 6.1057713639e-01 8.5115766654e-02 2.3014019467e+00 8.3556033391e+00
365 6.1073385629e-01 8.5459524033e-02 2.3019862363e+00 8.3230262148e+00
