1 5.9282947138e-01 1.1102230246e-16 1.0000000000e+00 1.0000000000e+00
2 5.9302503983e-01 7.4186936741e-03 3.0827711900e+01 9.6822406747e+02
3 5.9312880234e-01 1.0818052302e-02 1.9607314171e+01 4.2873140101e+02
4 5.9329286158e-01 1.3120754273e-02 1.6515689357e+01 2.9608422627e+02
5 5.9327784778e-01 1.3158272224e-02 1.6371793383e+01 2.9280938142e+02
6 5.9353343940e-01 1.5167235725e-02 1.4245459558e+01 2.2012089281e+02
7 5.9349177020e-01 1.5277725534e-02 1.3914741514e+01 2.1407398654e+02
8 5.9342078806e-01 1.5342506021e-02 1.3743964216e+01 2.1075002137e+02
9 5.9394665228e-01 1.8577085274e-02 1.1570656157e+01 1.4565252300e+02
10 5.9411491835e-01 2.0037943083e-02 1.0738712086e+01 1.2515071985e+02
11 5.9450982366e-01 2.2935191483e-02 9.5811041648e+00 9.9160491480e+01
12 5.9482116938e-01 2.4101995552e-02 9.1031585424e+00 8.9311921436e+01
13 5.9475371426e-01 2.4184426002e-02 9.0072049660e+00 8.8222475059e+01
14 5.9477198327e-01 2.4160102267e-02 8.9024935503e+00 8.6912062605e+01
15 5.9473833597e-01 2.4260752941e-02 8.7865462753e+00 8.5550071431e+01
16 5.9473561422e-01 2.4290822643e-02 8.7536840100e+00 8.5133277463e+01
17 5.9460173530e-01 2.4342986753e-02 8.7101098454e+00 8.4601047386e+01
18 5.9461303498e-01 2.4378436315e-02 8.6702526300e+00 8.4096126558e+01
19 5.9456284216e-01 2.4531303428e-02 8.4901870569e+00 8.2174105237e+01
20 5.9456760778e-01 2.4532473764e-02 8.4883734871e+00 8.2151836133e+01
21 5.9453826208e-01 2.4610459062e-02 8.4037292988e+00 8.1175165332e+01
22 5.9463390673e-01 2.5778330029e-02 8.0098755554e+00 7.3806243437e+01
23 5.9478265632e-01 2.6854827468e-02 7.6983559164e+00 6.7990289498e+01
24 5.9464654794e-01 2.6992926281e-02 7.5816107403e+00 6.6788640568e+01
25 5.9463101208e-01 2.7064976186e-02 7.5162832157e+00 6.6110415464e+01
26 5.9487153810e-01 2.8029735015e-02 7.3015174539e+00 6.1837485214e+01
27 5.9489578794e-01 2.8048688569e-02 7.2843421301e+00 6.1645991856e+01
28 5.9506956620e-01 2.9154404016e-02 7.0913212782e+00 5.8105736483e+01
29 5.9501658169e-01 2.9191209318e-02 7.0678767679e+00 5.7866694963e+01
30 5.9504794786e-01 2.9201393081e-02 7.0600968390e+00 5.7753124974e+01
31 5.9503058339e-01 2.9255562317e-02 7.0188535199e+00 5.7354183859e+01
32 5.9500876376e-01 2.9332106287e-02 6.9622945364e+00 5.6789479176e+01
33 5.9507182698e-01 2.9348591008e-02 6.9447046905e+00 5.6602692051e+01
34 5.9505668726e-01 2.9395548734e-02 6.9079832834e+00 5.6264871513e+01
35 5.9501521181e-01 2.9463688480e-02 6.8601463218e+00 5.5794160388e+01
36 5.9517246123e-01 3.0309869165e-02 6.6515158747e+00 5.2369403259e+01
37 5.9516027608e-01 3.0327500224e-02 6.6401207308e+00 5.2258421844e+01
38 5.9509167318e-01 3.0380393562e-02 6.6076547274e+00 5.1962949255e+01
39 5.9508620169e-01 3.0428822464e-02 6.5754185054e+00 5.1642759887e+01
40 5.9521739764e-01 3.1350763287e-02 6.4028311348e+00 4.8769003929e+01
41 5.9516285708e-01 3.1422726888e-02 6.3593963511e+00 4.8375661578e+01
42 5.9511466930e-01 3.1501698299e-02 6.3120252876e+00 4.7940905780e+01
43 5.9509181477e-01 3.1552903426e-02 6.2792960804e+00 4.7655462557e+01
44 5.9497856500e-01 3.1598040104e-02 6.2566789040e+00 4.7479947921e+01
45 5.9496658579e-01 3.1605027399e-02 6.2534454506e+00 4.7447577923e+01
46 5.9512956253e-01 3.2449612180e-02 6.0967690226e+00 4.4935615625e+01
47 5.9521220578e-01 3.2462514414e-02 6.0823135428e+00 4.4802507014e+01
48 5.9516850302e-01 3.2603057172e-02 6.0638616780e+00 4.4660078539e+01
49 5.9589168349e-01 3.5049781702e-02 5.7224346321e+00 3.9030653408e+01
50 5.9581951350e-01 3.5091610025e-02 5.7046775854e+00 3.8896327159e+01
51 5.9576722995e-01 3.5127247483e-02 5.6889466926e+00 3.8776801532e+01
52 5.9573113285e-01 3.5160262928e-02 5.6727512741e+00 3.8659618565e+01
53 5.9573583082e-01 3.5196141356e-02 5.6586014671e+00 3.8506005543e+01
54 5.9576760801e-01 3.5221909867e-02 5.6418035864e+00 3.8375382615e+01
55 5.9566510192e-01 3.5153957225e-02 5.6385377176e+00 3.8367065255e+01
56 5.9581679711e-01 3.5956449526e-02 5.5149894705e+00 3.6642495014e+01
57 5.9602499668e-01 3.6682014242e-02 5.4241277383e+00 3.5247035110e+01
58 5.9599328830e-01 3.6701515391e-02 5.4174265443e+00 3.5191421234e+01
59 5.9593786757e-01 3.6805361634e-02 5.3864367529e+00 3.4956399819e+01
60 5.9591029468e-01 3.6866082443e-02 5.3623356296e+00 3.4745107663e+01
61 5.9594642745e-01 3.6893932079e-02 5.3470519678e+00 3.4620122202e+01
62 5.9595982716e-01 3.6950732948e-02 5.3190091125e+00 3.4405492578e+01
63 5.9588645096e-01 3.6915296866e-02 5.2999035308e+00 3.4278466841e+01
64 5.9608662164e-01 3.7480828165e-02 5.2046223035e+00 3.2993849976e+01
65 5.9630844026e-01 3.8180556401e-02 5.1236731285e+00 3.1830147978e+01
66 5.9641139624e-01 3.8952116707e-02 5.0156555599e+00 3.0540103536e+01
67 5.9631546105e-01 3.9010154380e-02 4.9974170602e+00 3.0411735041e+01
68 5.9629776406e-01 3.9050801937e-02 4.9833180609e+00 3.0296113602e+01
69 5.9658819748e-01 3.9835999336e-02 4.8924458486e+00 2.9160314290e+01
70 5.9654048410e-01 3.9938453070e-02 4.8898651389e+00 2.9143162445e+01
71 5.9657575865e-01 3.9950086070e-02 4.8895230095e+00 2.9166761516e+01
72 5.9668756603e-01 4.1182942350e-02 5.0756422944e+00 3.2229922915e+01
73 5.9687961187e-01 4.1854353098e-02 4.9557181390e+00 3.0846236843e+01
74 5.9679876830e-01 4.1925979485e-02 4.9338919529e+00 3.0677162414e+01
75 5.9717960745e-01 4.3826130775e-02 5.0634350919e+00 3.2637580672e+01
76 5.9741125284e-01 4.4417054737e-02 4.9846047895e+00 3.1531987046e+01
77 5.9742770961e-01 4.4446007670e-02 4.9717117892e+00 3.1447224762e+01
78 5.9736126672e-01 4.4522685351e-02 4.9455372467e+00 3.1267794945e+01
79 5.9738916204e-01 4.4529316161e-02 4.9413633252e+00 3.1236677206e+01
80 5.9735775844e-01 4.4552672565e-02 4.9342895021e+00 3.1187503600e+01
81 5.9728857550e-01 4.4710735514e-02 4.9072097255e+00 3.0950294637e+01
82 5.9742048649e-01 4.5351674794e-02 4.8317595508e+00 2.9950517298e+01
83 5.9739897748e-01 4.5417413983e-02 4.8083012104e+00 2.9793728793e+01
84 5.9734014542e-01 4.5449381092e-02 4.8004301457e+00 2.9736692558e+01
85 5.9779659597e-01 4.6476628848e-02 4.6610038780e+00 2.7959567533e+01
86 5.9774753000e-01 4.6529016128e-02 4.6656527626e+00 2.7968210237e+01
87 5.9784687401e-01 4.7163312128e-02 4.5831235944e+00 2.7004721532e+01
88 5.9789298802e-01 4.7148796337e-02 4.5849649595e+00 2.7019151545e+01
89 5.9811999032e-01 4.7670928613e-02 4.5194103086e+00 2.6219640244e+01
90 5.9809219797e-01 4.7712565202e-02 4.5073683413e+00 2.6141518093e+01
91 5.9829774090e-01 4.7905302525e-02 4.2557890103e+00 2.3207728387e+01
92 5.9807164589e-01 4.7936502150e-02 4.2409168992e+00 2.3130245542e+01
93 5.9830160617e-01 4.8529135034e-02 4.1734418214e+00 2.2431283601e+01
94 5.9827639892e-01 4.8657621233e-02 4.1583201816e+00 2.2319674140e+01
95 5.9883207283e-01 5.0945403474e-02 4.2796505297e+00 2.3633719984e+01
96 5.9896905285e-01 5.1498944186e-02 4.2193262229e+00 2.2966835214e+01
97 5.9949597796e-01 5.3299498640e-02 4.1734355273e+00 2.2364417669e+01
98 5.9948171996e-01 5.2859988538e-02 4.0179212378e+00 2.0606954787e+01
99 5.9944300291e-01 5.2768722497e-02 4.0176054787e+00 2.0637913204e+01
100 5.9935842098e-01 5.2814880400e-02 4.0099214308e+00 2.0593910282e+01
101 5.9976232463e-01 5.4051842688e-02 4.0349209780e+00 2.0827094040e+01
102 6.0013344954e-01 5.5211105413e-02 3.9274109247e+00 1.9762651258e+01
103 6.0005147011e-01 5.5244945147e-02 3.9234109418e+00 1.9738954284e+01
104 6.0000384424e-01 5.5271443016e-02 3.9197361141e+00 1.9715079090e+01
105 5.9995419511e-01 5.5301431043e-02 3.9153659881e+00 1.9686930997e+01
106 5.9994101604e-01 5.5310525619e-02 3.9148452356e+00 1.9676996629e+01
107 6.0032732935e-01 5.6245355380e-02 3.8311809832e+00 1.8815426375e+01
108 6.0058374849e-01 5.6635880398e-02 3.7922797114e+00 1.8431485430e+01
109 6.0058729398e-01 5.6618082263e-02 3.7971105711e+00 1.8451219192e+01
110 6.0054016328e-01 5.6604491129e-02 3.7982981612e+00 1.8461367295e+01
111 6.0017097403e-01 5.5266627900e-02 3.7657159613e+00 1.8146774969e+01
112 6.0037168692e-01 5.5829350952e-02 3.7191854728e+00 1.7720246258e+01
113 6.0045330845e-01 5.5857537094e-02 3.7135756419e+00 1.7685611159e+01
114 6.0039727171e-01 5.5916041009e-02 3.7038219935e+00 1.7627933364e+01
115 6.0067310866e-01 5.6369399816e-02 3.6704480406e+00 1.7294226205e+01
116 6.0034390971e-01 5.5999360208e-02 3.7059576287e+00 1.7636499968e+01
117 6.0025495634e-01 5.6439191147e-02 3.8078107692e+00 1.8679345184e+01
118 6.0011556671e-01 5.6485172167e-02 3.7893208980e+00 1.8600486569e+01
119 6.0008643786e-01 5.6516521416e-02 3.7835921629e+00 1.8568262873e+01
120 6.0032094918e-01 5.7019529401e-02 3.7336253212e+00 1.8108127295e+01
121 6.0031680092e-01 5.7087341481e-02 3.7326781759e+00 1.8096199514e+01
122 6.0031349096e-01 5.7099658115e-02 3.7307007652e+00 1.8081442041e+01
123 6.0025229993e-01 5.7184259838e-02 3.7133296949e+00 1.7996738965e+01
124 6.0025371022e-01 5.7242686114e-02 3.7001544712e+00 1.7925744141e+01
125 6.0009403049e-01 5.6867280212e-02 3.7302739117e+00 1.8249840233e+01
126 6.0028492275e-01 5.7282583113e-02 3.6909229926e+00 1.7869454585e+01
127 6.0009894428e-01 5.7413928876e-02 3.6703302034e+00 1.7759509309e+01
128 6.0035369509e-01 5.8029070210e-02 3.6279235372e+00 1.7348059987e+01
129 6.0002346878e-01 5.7269911197e-02 3.5476481150e+00 1.6636325446e+01
130 6.0033749566e-01 5.7730386569e-02 3.5105460358e+00 1.6288166759e+01
131 6.0058671864e-01 5.8164628907e-02 3.4744984091e+00 1.5955261315e+01
132 6.0106158300e-01 5.8921649284e-02 3.4100522141e+00 1.5373951439e+01
133 6.0112896345e-01 5.8905253609e-02 3.4099702378e+00 1.5375106293e+01
134 6.0070080232e-01 5.7815165916e-02 3.3829855766e+00 1.5138041908e+01
135 6.0081649024e-01 5.8631381978e-02 3.4417820565e+00 1.5744425300e+01
136 6.0102710958e-01 5.9065853191e-02 3.4110761984e+00 1.5446638909e+01
137 6.0102037502e-01 5.9170875839e-02 3.4114860539e+00 1.5432772321e+01
138 6.0098767862e-01 5.9247080962e-02 3.4259694785e+00 1.5618096430e+01
139 6.0109612890e-01 5.9245323320e-02 3.4216141876e+00 1.5594150711e+01
140 6.0105032118e-01 5.9186516111e-02 3.4229790836e+00 1.5605372400e+01
141 6.0124853949e-01 5.9554335570e-02 3.3722244217e+00 1.5098818154e+01
142 6.0123669767e-01 5.9584167793e-02 3.3618714420e+00 1.5048022746e+01
143 6.0156305728e-01 6.0864698440e-02 3.4065211390e+00 1.5613639507e+01
144 6.0143168864e-01 6.0912472956e-02 3.3995042221e+00 1.5578424729e+01
145 6.0139454540e-01 6.0326961290e-02 3.3586718327e+00 1.5245598064e+01
146 6.0172739140e-01 6.0762034977e-02 3.3239662468e+00 1.4942222944e+01
147 6.0128707447e-01 5.9374162545e-02 3.2627019228e+00 1.4272528868e+01
148 6.0128237640e-01 5.9406168946e-02 3.2616967053e+00 1.4260374084e+01
149 6.0129874152e-01 5.9414113141e-02 3.2597648755e+00 1.4249238767e+01
150 6.0132021711e-01 5.9429059174e-02 3.2558613571e+00 1.4230538658e+01
151 6.0152731498e-01 5.9720005873e-02 3.2014045866e+00 1.3661515382e+01
152 6.0173728840e-01 6.0208789804e-02 3.1712338177e+00 1.3401995821e+01
153 6.0191902152e-01 6.0666985852e-02 3.1428199372e+00 1.3164660808e+01
154 6.0192037474e-01 6.0666594877e-02 3.1426950014e+00 1.3164776580e+01
155 6.0212975345e-01 6.0955346518e-02 3.1177434495e+00 1.2963739328e+01
156 6.0225663865e-01 6.1404968672e-02 3.0801914777e+00 1.2707017817e+01
157 6.0264133504e-01 6.2514627742e-02 3.1184153952e+00 1.3146869799e+01
158 6.0263574466e-01 6.2528190620e-02 3.1161671927e+00 1.3137171178e+01
159 6.0280585001e-01 6.2815687326e-02 3.0880054683e+00 1.2926266443e+01
160 6.0298495425e-01 6.3308987376e-02 3.1181718297e+00 1.3113439975e+01
161 6.0300312135e-01 6.2924412692e-02 3.0510698751e+00 1.2568852692e+01
162 6.0340208028e-01 6.4259715591e-02 3.0968515707e+00 1.2981091098e+01
163 6.0362806167e-01 6.4668706962e-02 3.0732974055e+00 1.2774057882e+01
164 6.0360004129e-01 6.4733703048e-02 3.0715052665e+00 1.2759708414e+01
165 6.0366930885e-01 6.4715519828e-02 3.0671552414e+00 1.2745708049e+01
166 6.0365420039e-01 6.4728462117e-02 3.0657382290e+00 1.2738613354e+01
167 6.0362895655e-01 6.4670422732e-02 3.0580978195e+00 1.2725073233e+01
168 6.0403011118e-01 6.5588611914e-02 3.0082402035e+00 1.2317914427e+01
169 6.0442511366e-01 6.6297159739e-02 2.9582559941e+00 1.1933674383e+01
170 6.0449761434e-01 6.6331222773e-02 2.9564782527e+00 1.1921292522e+01
171 6.0529782658e-01 6.7499064962e-02 2.8677371170e+00 1.1276951446e+01
172 6.0529903123e-01 6.7378252671e-02 2.8617505433e+00 1.1226050482e+01
173 6.0530752494e-01 6.7437322635e-02 2.8588498781e+00 1.1210160190e+01
174 6.0543772451e-01 6.8072829260e-02 2.8901066878e+00 1.1448873357e+01
175 6.0574358415e-01 6.8432889868e-02 2.8646839754e+00 1.1265949049e+01
176 6.0542064728e-01 6.7880284889e-02 2.8810927938e+00 1.1427500951e+01
177 6.0541320862e-01 6.7886399993e-02 2.8806628346e+00 1.1424624537e+01
178 6.0560772469e-01 6.8018764861e-02 2.8671875935e+00 1.1316312227e+01
179 6.0576051985e-01 6.8360670439e-02 2.8352599284e+00 1.1044039456e+01
180 6.0553455873e-01 6.7951839475e-02 2.8444179491e+00 1.1161960038e+01
181 6.0587644132e-01 6.9010491221e-02 2.8786549326e+00 1.1510855529e+01
182 6.0603002727e-01 6.9340864841e-02 2.8562108018e+00 1.1341170732e+01
183 6.0639752167e-01 7.0251970405e-02 2.8486661755e+00 1.1278274655e+01
184 6.0629429917e-01 7.0172958291e-02 2.8508343730e+00 1.1305659864e+01
185 6.0662700655e-01 7.1059354859e-02 2.8565095467e+00 1.1327492052e+01
186 6.0692114804e-01 7.1406055839e-02 2.8298171806e+00 1.1148905341e+01
187 6.0712980648e-01 7.1740985998e-02 2.8061845670e+00 1.0984881069e+01
188 6.0724127266e-01 7.2411570029e-02 2.8452102341e+00 1.1281928342e+01
189 6.0821860020e-01 7.3749554337e-02 2.7651146644e+00 1.0678555628e+01
190 6.0810486007e-01 7.3071330027e-02 2.7316932745e+00 1.0412555674e+01
191 6.0825105567e-01 7.3478880287e-02 2.7089142961e+00 1.0258395145e+01
192 6.0819144935e-01 7.3548995565e-02 2.7010933340e+00 1.0231325083e+01
193 6.0802207715e-01 7.3776890809e-02 2.7375660557e+00 1.0482756178e+01
194 6.0805830462e-01 7.3566811566e-02 2.7005736871e+00 1.0217521111e+01
195 6.0790379257e-01 7.3313106923e-02 2.7221021127e+00 1.0346360363e+01
196 6.0802738147e-01 7.3970458333e-02 2.7444382515e+00 1.0521820657e+01
197 6.0825969958e-01 7.4242216949e-02 2.7248824324e+00 1.0387434124e+01
198 6.0796137959e-01 7.3723393375e-02 2.6977160018e+00 1.0218501662e+01
199 6.0800674468e-01 7.3921389096e-02 2.7169485520e+00 1.0407719768e+01
200 6.0821594942e-01 7.4429004564e-02 2.7002599961e+00 1.0268217275e+01
201 6.0859042666e-01 7.5280603796e-02 2.7033022343e+00 1.0282532783e+01
202 6.0855167149e-01 7.5320235847e-02 2.6996432435e+00 1.0267423722e+01
203 6.0879278827e-01 7.5662542595e-02 2.6820241498e+00 1.0133052205e+01
204 6.0828472309e-01 7.4934859609e-02 2.6766532643e+00 1.0135319019e+01
205 6.0816471695e-01 7.4318607880e-02 2.6502810648e+00 9.9493737984e+00
206 6.0819581936e-01 7.4409065579e-02 2.6511428302e+00 9.9662746813e+00
207 6.0781881561e-01 7.3677175983e-02 2.6571346398e+00 1.0034171910e+01
208 6.0783239844e-01 7.3679121765e-02 2.6559694078e+00 1.0031986553e+01
209 6.0801372848e-01 7.4380552671e-02 2.6784005175e+00 1.0162494316e+01
210 6.0801961978e-01 7.4483323540e-02 2.6756682452e+00 1.0144674394e+01
211 6.0831081459e-01 7.5370097951e-02 2.6734904865e+00 1.0126577645e+01
212 6.0855351895e-01 7.5645494210e-02 2.6515144809e+00 9.9700604093e+00
213 6.0858659795e-01 7.5375179713e-02 2.6205608693e+00 9.7694805339e+00
214 6.0887370212e-01 7.5734778557e-02 2.6027990538e+00 9.6416564235e+00
215 6.0890451426e-01 7.5866235750e-02 2.6018285241e+00 9.6266532714e+00
216 6.0859706915e-01 7.5586611749e-02 2.6187656142e+00 9.7450937515e+00
217 6.0878534550e-01 7.6017111399e-02 2.5979950139e+00 9.6047649335e+00
218 6.0853708509e-01 7.5824700295e-02 2.6109224088e+00 9.6990207496e+00
219 6.0883585342e-01 7.7714550517e-02 2.6863515492e+00 1.0246155782e+01
220 6.0843438616e-01 7.6854669773e-02 2.6810539461e+00 1.0233312687e+01
221 6.0906355315e-01 7.8424533846e-02 2.7113626506e+00 1.0429482262e+01
222 6.0921481142e-01 7.8959966492e-02 2.7232785184e+00 1.0486891162e+01
223 6.0944064046e-01 7.9180681516e-02 2.7056289034e+00 1.0371985670e+01
224 6.0908644706e-01 7.8341212926e-02 2.7087877735e+00 1.0418308747e+01
225 6.0922068555e-01 7.8928895729e-02 2.7250791466e+00 1.0516958912e+01
226 6.0922619046e-01 7.8967513376e-02 2.7272727775e+00 1.0534198118e+01
227 6.0935903318e-01 7.9160140590e-02 2.7044490077e+00 1.0392183611e+01
228 6.0932042671e-01 7.9158565411e-02 2.7059973866e+00 1.0398265527e+01
229 6.0958134863e-01 7.9584823827e-02 2.6888671834e+00 1.0259957008e+01
230 6.0955182012e-01 7.9322146784e-02 2.6397127720e+00 9.9251676838e+00
231 6.0895416503e-01 7.8238058337e-02 2.6549413210e+00 1.0038631194e+01
232 6.0897842796e-01 7.8251437347e-02 2.6536685693e+00 1.0032975534e+01
233 6.0914839344e-01 7.8615066896e-02 2.6348658947e+00 9.8988964389e+00
234 6.0881190962e-01 7.8373642079e-02 2.6471287894e+00 1.0002680776e+01
235 6.0874293771e-01 7.8339268634e-02 2.6476896296e+00 1.0005858041e+01
236 6.0872658276e-01 7.8433976678e-02 2.6546888769e+00 1.0067885845e+01
237 6.0903878830e-01 7.8866787857e-02 2.6383006840e+00 9.9343640179e+00
238 6.0902024892e-01 7.8865312886e-02 2.6394508002e+00 9.9372472131e+00
239 6.0897827538e-01 7.8350033967e-02 2.6224935182e+00 9.8467188955e+00
240 6.0892711443e-01 7.8569026056e-02 2.6568678447e+00 1.0096426894e+01
241 6.0857484431e-01 7.7672383733e-02 2.6538246748e+00 1.0100001545e+01
242 6.0847098061e-01 7.7679764832e-02 2.6532670733e+00 1.0100709691e+01
243 6.0858563516e-01 7.8393729745e-02 2.6848132638e+00 1.0325517323e+01
244 6.0861616655e-01 7.8381245530e-02 2.6854178223e+00 1.0327362834e+01
245 6.0852615695e-01 7.8494126113e-02 2.6813997060e+00 1.0306146601e+01
246 6.0846676639e-01 7.8557902835e-02 2.6852106525e+00 1.0350402052e+01
247 6.0837100041e-01 7.8629603896e-02 2.6772231556e+00 1.0325431436e+01
248 6.0847131388e-01 7.8651895240e-02 2.6754069105e+00 1.0314184037e+01
249 6.0833475639e-01 7.8638296987e-02 2.6764140535e+00 1.0319084396e+01
250 6.0870385167e-01 7.9218184481e-02 2.6383660265e+00 1.0064192256e+01
251 6.0860900223e-01 7.8708283857e-02 2.6286116911e+00 1.0022299379e+01
252 6.0831500526e-01 7.8258543758e-02 2.6261146591e+00 9.9901166235e+00
253 6.0819271722e-01 7.8338127370e-02 2.6263624591e+00 9.9829655823e+00
254 6.0847240313e-01 7.8610846698e-02 2.6062814586e+00 9.8540894094e+00
255 6.0873004520e-01 7.8974599034e-02 2.5873829505e+00 9.7178803196e+00
256 6.0834215939e-01 7.8034833229e-02 2.5675858129e+00 9.5831336407e+00
257 6.0822570871e-01 7.7579928710e-02 2.5457728056e+00 9.4491297953e+00
258 6.0829090740e-01 7.7961149722e-02 2.5252310601e+00 9.3203583130e+00
259 6.0866228085e-01 7.8821042270e-02 2.5295510360e+00 9.3354946044e+00
260 6.0886120405e-01 7.9140049552e-02 2.5145615588e+00 9.2289738453e+00
261 6.0877081777e-01 7.9061307960e-02 2.5096418351e+00 9.1920891771e+00
262 6.0852691269e-01 7.8784161103e-02 2.5258749446e+00 9.2994736690e+00
263 6.0846288296e-01 7.8817701574e-02 2.5285725068e+00 9.3057905175e+00
264 6.0861351295e-01 7.9064384950e-02 2.5133636512e+00 9.2056685360e+00
265 6.0823873300e-01 7.8271835881e-02 2.5168589280e+00 9.2524805566e+00
266 6.0831425682e-01 7.8307026922e-02 2.5139119245e+00 9.2365536094e+00
267 6.0827099973e-01 7.8356426922e-02 2.5137596028e+00 9.2291464196e+00
268 6.0818593590e-01 7.8380785468e-02 2.5143199608e+00 9.2288018577e+00
269 6.0806723707e-01 7.8531697931e-02 2.5551838265e+00 9.5192209910e+00
270 6.0803191270e-01 7.8441569693e-02 2.5576381039e+00 9.5428795971e+00
271 6.0831963258e-01 7.9336238176e-02 2.5596798118e+00 9.5515800931e+00
272 6.0876108972e-01 7.9967899646e-02 2.5240434769e+00 9.3137178561e+00
273 6.0918549025e-01 8.0498148372e-02 2.4935408032e+00 9.1109459096e+00
274 6.0935225741e-01 8.0992377766e-02 2.5120487350e+00 9.2133089095e+00
275 6.0945499024e-01 8.1331132470e-02 2.5206325657e+00 9.2571274976e+00
276 6.0951000019e-01 8.1107429692e-02 2.4900946916e+00 9.0797635797e+00
277 6.0951299224e-01 8.1104554395e-02 2.4904449283e+00 9.0804252927e+00
278 6.0966354254e-01 8.1316475764e-02 2.4765263717e+00 8.9889399186e+00
279 6.0981880876e-01 8.1720383897e-02 2.4579634730e+00 8.8644026229e+00
280 6.0992064739e-01 8.2216895134e-02 2.4587780101e+00 8.8484597937e+00
281 6.0995822911e-01 8.2209536500e-02 2.4581331351e+00 8.8471791232e+00
282 6.0978168414e-01 8.2287489528e-02 2.4559904512e+00 8.8361756334e+00
283 6.1002659651e-01 8.2638535084e-02 2.4396758238e+00 8.7223112980e+00
284 6.1013599070e-01 8.3163275789e-02 2.4511889348e+00 8.7799238961e+00
285 6.1035804670e-01 8.3431634128e-02 2.4350695137e+00 8.6796076888e+00
286 6.1042283772e-01 8.3414726811e-02 2.4361754097e+00 8.6819033900e+00
287 6.1102672992e-01 8.4190249813e-02 2.4110909094e+00 8.5232351847e+00
288 6.1079271344e-01 8.4056004024e-02 2.4237534077e+00 8.5981817966e+00
289 6.1062903256e-01 8.3662379935e-02 2.4181396651e+00 8.5849651935e+00
290 6.1019106033e-01 8.2881823363e-02 2.4234679628e+00 8.6324345946e+00
291 6.1004904952e-01 8.2288786197e-02 2.4061087031e+00 8.5340680903e+00
292 6.0999798198e-01 8.2285697128e-02 2.4070498404e+00 8.5413098324e+00
293 6.1019485378e-01 8.2608086770e-02 2.3928878062e+00 8.4490062026e+00
294 6.1002425817e-01 8.2887948373e-02 2.4203047225e+00 8.6157990821e+00
295 6.0976443913e-01 8.2516408193e-02 2.4370500963e+00 8.7308980464e+00
296 6.0973452712e-01 8.2453080126e-02 2.4264703691e+00 8.6641778985e+00
297 6.0991265372e-01 8.2773495684e-02 2.4105119505e+00 8.5669214332e+00
298 6.0980483529e-01 8.2744543628e-02 2.4055716405e+00 8.5336108312e+00
299 6.0975920082e-01 8.2807400049e-02 2.4039464117e+00 8.5234781702e+00
300 6.0967241585e-01 8.2924841084e-02 2.4082206442e+00 8.5610648676e+00
301 6.1015568890e-01 8.3624203647e-02 2.3802608818e+00 8.3689937544e+00
302 6.1020160288e-01 8.3479929210e-02 2.3482696100e+00 8.2086451161e+00
303 6.1075609742e-01 8.4448972431e-02 2.3400372085e+00 8.1755507525e+00
304 6.1121005718e-01 8.4965317070e-02 2.3118749144e+00 8.0051655656e+00
305 6.1139155395e-01 8.5552813415e-02 2.3278683104e+00 8.0961002928e+00
306 6.1218473829e-01 8.6722170015e-02 2.3182130625e+00 8.0752935603e+00
307 6.1224700343e-01 8.6727785061e-02 2.3184792108e+00 8.0731781164e+00
308 6.1224328434e-01 8.6686830240e-02 2.3202481889e+00 8.0886210072e+00
309 6.1162585410e-01 8.5669873848e-02 2.3215909062e+00 8.1508339836e+00
310 6.1166465697e-01 8.5834166391e-02 2.3112601215e+00 8.0996153749e+00
311 6.1168372309e-01 8.5776395751e-02 2.3126482328e+00 8.1097121208e+00
312 6.1108673316e-01 8.4563370265e-02 2.2959233968e+00 8.0231645277e+00
313 6.1157761120e-01 8.5059566761e-02 2.2703574936e+00 7.8603042426e+00
314 6.1102807511e-01 8.3833794955e-02 2.2713240083e+00 7.8704308751e+00
315 6.1097711773e-01 8.3860545180e-02 2.2702292069e+00 7.8666112488e+00
316 6.1088683800e-01 8.3901995953e-02 2.2693939839e+00 7.8624511099e+00
317 6.1109160479e-01 8.4144271144e-02 2.2530895323e+00 7.7773467551e+00
318 6.1132371539e-01 8.4399415714e-02 2.2394403367e+00 7.6971531547e+00
319 6.1126660185e-01 8.4405382797e-02 2.2285999475e+00 7.6503691941e+00
320 6.1119139344e-01 8.4441078711e-02 2.2262387663e+00 7.6447496979e+00
321 6.1085799137e-01 8.4218984501e-02 2.2381249054e+00 7.7197256800e+00
322 6.1095471799e-01 8.4782050351e-02 2.2613020525e+00 7.8634703166e+00
323 6.1053096679e-01 8.3927481011e-02 2.2414512051e+00 7.7083070651e+00
324 6.1067620831e-01 8.4411729366e-02 2.2541204768e+00 7.7746666292e+00
325 6.1042951682e-01 8.4161962962e-02 2.2643900228e+00 7.8454997956e+00
326 6.1038975018e-01 8.4033358180e-02 2.2574609719e+00 7.7891003459e+00
327 6.1080552901e-01 8.4070287093e-02 2.2204754590e+00 7.5796019102e+00
328 6.1110246420e-01 8.4802836935e-02 2.2124895057e+00 7.5174770029e+00
329 6.1126212355e-01 8.5233183933e-02 2.2032894471e+00 7.4599415997e+00
330 6.1093196070e-01 8.4419117627e-02 2.1948083068e+00 7.4327777158e+00
331 6.1134651988e-01 8.5127723357e-02 2.2024179971e+00 7.4760368148e+00
332 6.1146412505e-01 8.5456171148e-02 2.2044821423e+00 7.4562994564e+00
333 6.1148453207e-01 8.5512437590e-02 2.2022154216e+00 7.4472783725e+00
334 6.1152684212e-01 8.5517072531e-02 2.1999603993e+00 7.4418189995e+00
335 6.1167098827e-01 8.5966040751e-02 2.2041275528e+00 7.4500079169e+00
336 6.1186945271e-01 8.6334655465e-02 2.2185839294e+00 7.5334503206e+00
337 6.1163992174e-01 8.5998108023e-02 2.2123726397e+00 7.5162794457e+00
338 6.1143834681e-01 8.5391872941e-02 2.1793520661e+00 7.2823347825e+00
339 6.1130339409e-01 8.4893019056e-02 2.1603728243e+00 7.1704162111e+00
340 6.1134043221e-01 8.5482461373e-02 2.1731867648e+00 7.2513164114e+00
341 6.1128364784e-01 8.5570659436e-02 2.1657371029e+00 7.2317490918e+00
342 6.1129838677e-01 8.5576709763e-02 2.1648225364e+00 7.2281880578e+00
343 6.1101107360e-01 8.5382609693e-02 2.1766569225e+00 7.2939280706e+00
344 6.1073477440e-01 8.4512143467e-02 2.1576909419e+00 7.2062253570e+00
345 6.1102668891e-01 8.5197058505e-02 2.1557701356e+00 7.1791653484e+00
346 6.1164858081e-01 8.6086888558e-02 2.1436818740e+00 7.1098696901e+00
347 6.1166287005e-01 8.6102075779e-02 2.1414946067e+00 7.1041208585e+00
348 6.1208907469e-01 8.6758985517e-02 2.1374352608e+00 7.0791372649e+00
349 6.1173693920e-01 8.6215561568e-02 2.1405174640e+00 7.1159709385e+00
350 6.1167309784e-01 8.6456431973e-02 2.1434690017e+00 7.1290551840e+00
351 6.1172519544e-01 8.6889062905e-02 2.1622639025e+00 7.2350952765e+00
352 6.1178239720e-01 8.6832807783e-02 2.1608822764e+00 7.2354403807e+00
353 6.1199963089e-01 8.6968850249e-02 2.1431592492e+00 7.1258921215e+00
354 6.1192985416e-01 8.7015870860e-02 2.1407143811e+00 7.1191233874e+00
355 6.1183698507e-01 8.7071996266e-02 2.1386342241e+00 7.1108702726e+00
356 6.1164102077e-01 8.7531738329e-02 2.1807463024e+00 7.3679208718e+00
357 6.1157084926e-01 8.7574012817e-02 2.1811827445e+00 7.3704751545e+00
358 6.1156045220e-01 8.7513033849e-02 2.1811611407e+00 7.3768919885e+00
359 6.1152903760e-01 8.7460523902e-02 2.1706933843e+00 7.2967009674e+00
360 6.1111659339e-01 8.6749474111e-02 2.1726171979e+00 7.2841565540e+00
361 6.1107122268e-01 8.6863531571e-02 2.1894250320e+00 7.4328057357e+00
362 6.1099110733e-01 8.6952218689e-02 2.1979310580e+00 7.5054718067e+00
363 6.1040124156e-01 8.6065040599e-02 2.2158040757e+00 7.6338791138e+00
364 6.1023409718e-01 8.5539450951e-02 2.1915670579e+00 7.4778912686e+00
365 6.0990614960e-01 8.4751965225e-02 2.1846212126e+00 7.4479721485e+00
