1 5.9282947138e-01 1.1102230246e-16 1.0000000000e+00 1.0000000000e+00
2 5.9324077280e-01 1.0845928666e-02 2.1315915359e+01 4.7320178533e+02
3 5.9345849464e-01 1.3104500052e-02 1.7618971757e+01 3.1993766447e+02
4 5.9381869473e-01 1.6847175233e-02 1.3437771607e+01 1.8831454995e+02
5 5.9522014527e-01 2.4600103286e-02 9.1720345143e+00 8.6705775880e+01
6 5.9518334584e-01 2.4673174474e-02 9.0872856727e+00 8.5756029166e+01
7 5.9520417258e-01 2.4679781321e-02 9.0774741709e+00 8.5633661792e+01
8 5.9523183152e-01 2.4687086820e-02 9.0660661454e+00 8.5491776236e+01
9 5.9587860710e-01 2.7710712302e-02 8.0297805466e+00 6.7086106219e+01
10 5.9627927845e-01 2.9615157465e-02 7.4665006037e+00 5.8286086305e+01
11 5.9624748582e-01 2.9636108454e-02 7.4529115535e+00 5.8154235973e+01
12 5.9694298472e-01 3.2260912005e-02 6.7894822406e+00 4.8516437388e+01
13 5.9717148420e-01 3.3111127428e-02 6.5852347915e+00 4.5825829506e+01
14 5.9740382335e-01 3.3906226864e-02 6.4177925395e+00 4.3565405847e+01
15 5.9719294400e-01 3.3138492404e-02 6.5654959834e+00 4.5659430102e+01
16 5.9737220234e-01 3.3970055772e-02 6.3803628739e+00 4.3267597866e+01
17 5.9734718360e-01 3.4119722667e-02 6.3481094358e+00 4.3027762528e+01
18 5.9760791534e-01 3.4874985862e-02 6.2029823878e+00 4.1073103583e+01
19 5.9779376630e-01 3.7024530681e-02 6.2506698734e+00 4.3430796131e+01
20 5.9765428428e-01 3.7118634057e-02 6.2079792431e+00 4.3094181212e+01
21 5.9787896515e-01 3.7740654856e-02 6.0738939131e+00 4.1238764732e+01
22 5.9815459844e-01 3.8393093238e-02 5.9595881184e+00 3.9571645409e+01
23 5.9863651571e-01 3.9725441406e-02 5.7194534004e+00 3.6399838539e+01
24 5.9887279579e-01 4.0334081014e-02 5.5955908025e+00 3.4927162894e+01
25 5.9893012836e-01 4.1519820482e-02 5.7247635554e+00 3.7181653756e+01
26 5.9889051936e-01 4.1555386338e-02 5.7106760253e+00 3.7079239236e+01
27 5.9877785595e-01 4.1618746431e-02 5.6897164023e+00 3.6918930095e+01
28 5.9920161090e-01 4.3398020981e-02 5.7222717897e+00 3.7745873423e+01
29 5.9962854884e-01 4.4725213778e-02 5.5135072446e+00 3.4961095150e+01
30 6.0011238317e-01 4.5811404774e-02 5.3267746483e+00 3.2641514676e+01
31 6.0013149040e-01 4.5815217870e-02 5.3242046196e+00 3.2621821801e+01
32 6.0073085809e-01 4.7904172460e-02 5.2170068476e+00 3.1419230700e+01
33 6.0070969119e-01 4.7939142721e-02 5.2050795697e+00 3.1339076035e+01
34 6.0110374914e-01 4.8950774591e-02 5.0333130088e+00 2.9431311858e+01
35 6.0123546758e-01 4.9893337995e-02 5.0870578406e+00 3.0082163785e+01
36 6.0167827535e-01 5.0846733118e-02 4.9384925812e+00 2.8399386728e+01
37 6.0129841723e-01 4.9469358754e-02 4.9417387583e+00 2.8479847499e+01
38 6.0125341620e-01 4.9501911877e-02 4.9336002820e+00 2.8423873690e+01
39 6.0143282030e-01 5.0062232044e-02 4.8535626448e+00 2.7543609188e+01
40 6.0118481549e-01 4.9649504298e-02 4.9135599470e+00 2.8257771862e+01
41 6.0178169186e-01 5.1579689925e-02 4.8209186880e+00 2.7264554869e+01
42 6.0232202049e-01 5.3112492603e-02 4.6058273887e+00 2.5015397350e+01
43 6.0279987642e-01 5.3927883017e-02 4.4927788166e+00 2.3844992493e+01
44 6.0330051548e-01 5.4539669715e-02 4.2726532170e+00 2.1567380766e+01
45 6.0320942815e-01 5.4476530129e-02 4.2719249845e+00 2.1602716463e+01
46 6.0315043137e-01 5.4591516792e-02 4.2577516743e+00 2.1509723365e+01
47 6.0363228350e-01 5.5487474472e-02 4.1578466510e+00 2.0526722352e+01
48 6.0386096794e-01 5.5857623732e-02 4.1124931168e+00 2.0098765090e+01
49 6.0422427320e-01 5.7189692728e-02 4.1081569294e+00 2.0109671483e+01
50 6.0411839347e-01 5.7213869715e-02 4.1044366806e+00 2.0091532131e+01
51 6.0474949934e-01 5.8873048320e-02 4.0384928118e+00 1.9469220397e+01
52 6.0475233667e-01 5.8670695786e-02 4.0453123737e+00 1.9572005308e+01
53 6.0474454170e-01 5.8681161213e-02 4.0433061100e+00 1.9560341958e+01
54 6.0483161955e-01 5.9512980005e-02 4.0857280923e+00 2.0017115180e+01
55 6.0506059015e-01 5.9882578110e-02 4.0408374164e+00 1.9611950691e+01
56 6.0508273418e-01 5.9884449893e-02 4.0393375012e+00 1.9603533608e+01
57 6.0508011880e-01 5.9885840376e-02 4.0391633377e+00 1.9602428118e+01
58 6.0504777814e-01 5.9906962929e-02 4.0359738029e+00 1.9583879635e+01
59 6.0465159416e-01 5.8657260033e-02 4.0325671742e+00 1.9527814794e+01
60 6.0459578652e-01 5.8694969607e-02 4.0263751053e+00 1.9494221689e+01
61 6.0422533093e-01 5.7216439262e-02 3.9198120922e+00 1.8352895920e+01
62 6.0414218487e-01 5.6048001140e-02 3.7651121279e+00 1.6714654382e+01
63 6.0433864263e-01 5.6562758938e-02 3.7230996069e+00 1.6358324841e+01
64 6.0439597820e-01 5.6567962144e-02 3.7191137857e+00 1.6337311185e+01
65 6.0434721770e-01 5.6670441338e-02 3.7105758515e+00 1.6290955675e+01
66 6.0457657281e-01 5.7139805430e-02 3.6818152855e+00 1.6081897244e+01
67 6.0481265008e-01 5.7636708232e-02 3.6459277566e+00 1.5767078833e+01
68 6.0499748723e-01 5.8082485197e-02 3.6032833304e+00 1.5435980402e+01
69 6.0496538031e-01 5.8162049670e-02 3.5991968470e+00 1.5413182614e+01
70 6.0557462075e-01 5.9699397954e-02 3.5640337237e+00 1.5191034746e+01
71 6.0571582450e-01 6.0517994918e-02 3.6191972149e+00 1.5828169788e+01
72 6.0616172691e-01 6.1363959732e-02 3.5511543802e+00 1.5247798969e+01
73 6.0589052045e-01 6.1035741272e-02 3.5824193661e+00 1.5511602786e+01
74 6.0589977405e-01 6.1022411217e-02 3.5786130660e+00 1.5504550220e+01
75 6.0629729128e-01 6.2192085590e-02 3.5941421937e+00 1.5753953732e+01
76 6.0645845630e-01 6.2617852316e-02 3.5554250781e+00 1.5445102613e+01
77 6.0663940730e-01 6.3416801939e-02 3.6076554125e+00 1.6018602890e+01
78 6.0662693679e-01 6.3451076547e-02 3.6017235273e+00 1.5995381692e+01
79 6.0660706358e-01 6.3405868818e-02 3.6027050012e+00 1.6009194441e+01
80 6.0691070174e-01 6.4605865465e-02 3.5978683831e+00 1.6038180584e+01
81 6.0712399275e-01 6.4978482596e-02 3.5615076307e+00 1.5745293089e+01
82 6.0733072706e-01 6.5277052391e-02 3.5197228238e+00 1.5379738478e+01
83 6.0743427119e-01 6.4926796993e-02 3.4571210917e+00 1.4845750899e+01
84 6.0765510791e-01 6.5314609135e-02 3.4222652205e+00 1.4575559909e+01
85 6.0742123261e-01 6.4792794032e-02 3.3915324410e+00 1.4329880579e+01
86 6.0696199840e-01 6.3770967673e-02 3.3683273153e+00 1.4083225820e+01
87 6.0745166728e-01 6.4549327586e-02 3.3076538019e+00 1.3597249718e+01
88 6.0734634110e-01 6.4562094560e-02 3.3035768080e+00 1.3586967073e+01
89 6.0751342890e-01 6.4963174136e-02 3.2720159327e+00 1.3349518157e+01
90 6.0749753862e-01 6.4972499159e-02 3.2711420512e+00 1.3345178366e+01
91 6.0744268099e-01 6.5004854375e-02 3.2677911642e+00 1.3330618159e+01
92 6.0747831944e-01 6.4718447786e-02 3.2134035630e+00 1.2903408065e+01
93 6.0765694710e-01 6.5111137396e-02 3.1845309442e+00 1.2686481420e+01
94 6.0770542561e-01 6.5116066860e-02 3.1780785382e+00 1.2616694000e+01
95 6.0739564337e-01 6.4952017412e-02 3.1920107382e+00 1.2753922235e+01
96 6.0728921254e-01 6.5003070277e-02 3.1880893271e+00 1.2735846143e+01
97 6.0741924208e-01 6.5473471286e-02 3.1560674377e+00 1.2506237670e+01
98 6.0740276812e-01 6.5498257150e-02 3.1524258741e+00 1.2491295351e+01
99 6.0762924960e-01 6.5816838691e-02 3.1272489082e+00 1.2303942971e+01
100 6.0831477391e-01 6.7166475925e-02 3.0527343406e+00 1.1734561396e+01
101 6.0861037017e-01 6.8228395784e-02 3.0558341428e+00 1.1794128400e+01
102 6.0854818262e-01 6.8256843639e-02 3.0512262006e+00 1.1777849033e+01
103 6.0874403110e-01 6.8531667347e-02 3.0273525149e+00 1.1613692962e+01
104 6.0863250670e-01 6.8584134932e-02 3.0240500005e+00 1.1598844701e+01
105 6.0864414996e-01 6.8638332750e-02 3.0227208149e+00 1.1590562671e+01
106 6.0867018476e-01 6.9114933112e-02 3.0445326259e+00 1.1780749999e+01
107 6.0940318462e-01 7.0117460577e-02 2.9743493092e+00 1.1276111259e+01
108 6.0953153585e-01 6.9848891847e-02 2.9249346168e+00 1.0902068114e+01
109 6.0964875478e-01 7.0507822713e-02 2.9469710983e+00 1.1126562443e+01
110 6.0960700926e-01 7.0541424411e-02 2.9435452675e+00 1.1113259934e+01
111 6.0957738519e-01 7.0589665217e-02 2.9431952527e+00 1.1106414180e+01
112 6.0962864823e-01 7.0490498483e-02 2.9448769819e+00 1.1124694242e+01
113 6.0965571902e-01 7.0481808404e-02 2.9449431744e+00 1.1125593305e+01
114 6.0988819981e-01 7.0785519808e-02 2.9238459541e+00 1.0973288957e+01
115 6.0973140933e-01 7.0147740133e-02 2.8744202324e+00 1.0531999411e+01
116 6.0999709659e-01 7.0558729349e-02 2.8550454256e+00 1.0388787307e+01
117 6.0998375696e-01 7.0522487945e-02 2.8544823055e+00 1.0389650628e+01
118 6.1015562373e-01 7.0893243213e-02 2.8294292593e+00 1.0233881477e+01
119 6.1059718907e-01 7.1816018061e-02 2.8228567605e+00 1.0199061250e+01
120 6.1046736259e-01 7.1193825138e-02 2.7845422663e+00 9.8772139727e+00
121 6.1093496839e-01 7.1697377801e-02 2.7471872142e+00 9.6413524745e+00
122 6.1114276566e-01 7.2024743642e-02 2.7254247424e+00 9.5092392774e+00
123 6.1106674706e-01 7.1920275394e-02 2.7218810213e+00 9.5046938286e+00
124 6.1108610850e-01 7.2572512909e-02 2.7316533332e+00 9.6089246682e+00
125 6.1097368938e-01 7.2899101541e-02 2.7755766856e+00 9.9518602561e+00
126 6.1114836714e-01 7.3556485769e-02 2.7996909198e+00 1.0148560741e+01
127 6.1048373173e-01 7.2709497969e-02 2.8579515232e+00 1.0538819401e+01
128 6.1043435121e-01 7.2796601143e-02 2.8568905998e+00 1.0531059280e+01
129 6.1069392156e-01 7.3327134347e-02 2.8821646162e+00 1.0729749385e+01
130 6.1056098968e-01 7.3348330731e-02 2.8789067440e+00 1.0721907368e+01
131 6.1070564529e-01 7.3689456946e-02 2.8554816666e+00 1.0569771484e+01
132 6.1103444408e-01 7.4660735677e-02 2.8553127548e+00 1.0594446409e+01
133 6.1097489499e-01 7.4551708034e-02 2.8443481868e+00 1.0504784647e+01
134 6.1119840621e-01 7.4865777097e-02 2.8232322344e+00 1.0363624553e+01
135 6.1143643231e-01 7.5886930687e-02 2.8182100402e+00 1.0354575407e+01
136 6.1139288336e-01 7.5871566756e-02 2.8180125129e+00 1.0358277356e+01
137 6.1165602413e-01 7.6203760737e-02 2.7968004207e+00 1.0216541059e+01
138 6.1201238571e-01 7.7140540719e-02 2.8004901447e+00 1.0286881094e+01
139 6.1201159956e-01 7.7176566681e-02 2.7950782621e+00 1.0269878571e+01
140 6.1256110769e-01 7.7507937991e-02 2.7193332847e+00 9.7608173017e+00
141 6.1250458723e-01 7.7528924390e-02 2.7181776912e+00 9.7629774163e+00
142 6.1266411652e-01 7.7878358841e-02 2.6974084149e+00 9.6307292212e+00
143 6.1270577577e-01 7.7839914891e-02 2.6954239717e+00 9.6265841213e+00
144 6.1264103897e-01 7.7851811794e-02 2.6949578516e+00 9.6251081989e+00
145 6.1281321972e-01 7.8117063038e-02 2.6751453685e+00 9.5124301822e+00
146 6.1283352151e-01 7.8121265094e-02 2.6737317384e+00 9.5077967609e+00
147 6.1277772005e-01 7.8149860926e-02 2.6723756075e+00 9.5019334810e+00
148 6.1273533905e-01 7.8220293712e-02 2.6705525659e+00 9.4912552351e+00
149 6.1217173441e-01 7.7582359830e-02 2.6719052862e+00 9.5267663265e+00
150 6.1210148182e-01 7.7626002592e-02 2.6689976176e+00 9.5161019425e+00
151 6.1254460250e-01 7.8302540758e-02 2.6313739280e+00 9.2718891168e+00
152 6.1249841677e-01 7.8394658516e-02 2.6346780689e+00 9.3069708671e+00
153 6.1252400389e-01 7.8498019375e-02 2.6287405280e+00 9.2490482051e+00
154 6.1253805167e-01 7.8488697151e-02 2.6284189113e+00 9.2496497915e+00
155 6.1251649907e-01 7.8495608718e-02 2.6263228635e+00 9.2436776195e+00
156 6.1254935968e-01 7.8600561734e-02 2.6213361815e+00 9.2225121655e+00
157 6.1220560444e-01 7.8352980102e-02 2.6321827566e+00 9.3163961981e+00
158 6.1183582507e-01 7.7649033137e-02 2.6369840574e+00 9.3469239291e+00
159 6.1223286716e-01 7.8482157831e-02 2.6335914059e+00 9.3274007410e+00
160 6.1245996725e-01 7.8808085071e-02 2.6160370402e+00 9.2113429387e+00
161 6.1217338081e-01 7.8517548413e-02 2.6307481877e+00 9.2980902996e+00
162 6.1225157631e-01 7.9159758155e-02 2.6444330882e+00 9.4029022626e+00
163 6.1229892616e-01 7.9064037991e-02 2.6046306698e+00 9.1385258939e+00
164 6.1231129213e-01 7.9120371509e-02 2.6041909108e+00 9.1304900685e+00
165 6.1207283837e-01 7.8918386492e-02 2.6345107873e+00 9.3592524871e+00
166 6.1220152244e-01 7.9267645434e-02 2.6117208232e+00 9.2315771778e+00
167 6.1218632771e-01 7.9286678946e-02 2.6099330750e+00 9.2251726101e+00
168 6.1220615567e-01 7.9299986100e-02 2.6096255388e+00 9.2238816215e+00
169 6.1220758933e-01 7.9357904690e-02 2.6086996599e+00 9.2161375770e+00
170 6.1262601914e-01 7.9961386242e-02 2.5746553835e+00 8.9968317987e+00
171 6.1249398403e-01 7.9399819385e-02 2.5559181980e+00 8.8718286193e+00
172 6.1276004271e-01 7.9694341946e-02 2.5396559123e+00 8.7675245606e+00
173 6.1298551162e-01 7.9953929511e-02 2.5186320465e+00 8.6277300942e+00
174 6.1335497431e-01 8.0841123162e-02 2.5144620910e+00 8.6011373678e+00
175 6.1346632272e-01 8.0612016244e-02 2.4894393057e+00 8.4602437974e+00
176 6.1327362591e-01 8.0345651097e-02 2.5049389274e+00 8.5538433537e+00
177 6.1310262167e-01 7.9818218531e-02 2.4938918351e+00 8.4966357916e+00
178 6.1308503122e-01 7.9854950167e-02 2.4928611648e+00 8.4906186422e+00
179 6.1311249427e-01 7.9609436014e-02 2.4596860647e+00 8.2810455163e+00
180 6.1310753187e-01 7.9625233092e-02 2.4572938627e+00 8.2770699361e+00
181 6.1305363003e-01 7.9512781997e-02 2.4514275424e+00 8.2214211454e+00
182 6.1319719854e-01 7.9856503638e-02 2.4335624900e+00 8.1188709255e+00
183 6.1318770395e-01 7.9846301741e-02 2.4335807206e+00 8.1199121091e+00
184 6.1304957084e-01 7.9286909096e-02 2.4177716831e+00 8.0155830502e+00
185 6.1304441728e-01 7.9273120677e-02 2.4178838062e+00 8.0164669619e+00
186 6.1322892840e-01 8.0432589598e-02 2.4539558348e+00 8.2725046423e+00
187 6.1368094114e-01 8.0908432424e-02 2.4259904517e+00 8.1064876382e+00
188 6.1378592030e-01 8.1518962628e-02 2.4486322111e+00 8.2734139623e+00
189 6.1393532447e-01 8.2074344687e-02 2.4637659920e+00 8.3804403878e+00
190 6.1360711862e-01 8.1395327084e-02 2.4624854688e+00 8.3729692753e+00
191 6.1367127322e-01 8.1431234767e-02 2.4608064374e+00 8.3636972842e+00
192 6.1391980200e-01 8.1740699275e-02 2.4447402337e+00 8.2660810889e+00
193 6.1385960019e-01 8.1796849336e-02 2.4403964075e+00 8.2522151279e+00
194 6.1380368251e-01 8.1827032779e-02 2.4391596946e+00 8.2471400891e+00
195 6.1406671445e-01 8.1779698960e-02 2.3831408051e+00 7.9007044243e+00
196 6.1400737582e-01 8.1154458205e-02 2.3594046005e+00 7.7254661694e+00
197 6.1425034018e-01 8.1412355350e-02 2.3446176833e+00 7.6416958586e+00
198 6.1404976339e-01 8.1151305202e-02 2.3600211697e+00 7.7280836880e+00
199 6.1402710822e-01 8.1086352683e-02 2.3574772014e+00 7.7099363600e+00
200 6.1402233186e-01 8.1096833222e-02 2.3564437097e+00 7.7067940002e+00
201 6.1394220716e-01 8.1056451983e-02 2.3553028884e+00 7.7079150445e+00
202 6.1436508043e-01 8.1837145326e-02 2.3560423875e+00 7.7245885404e+00
203 6.1452622176e-01 8.2039124872e-02 2.3363208292e+00 7.6161248907e+00
204 6.1477101279e-01 8.2371442709e-02 2.3191358233e+00 7.5102166297e+00
205 6.1483816806e-01 8.2038026443e-02 2.2896304409e+00 7.3399761417e+00
206 6.1480565517e-01 8.2052752900e-02 2.2893683729e+00 7.3384196032e+00
207 6.1414704988e-01 8.0952982341e-02 2.2961348232e+00 7.3537792614e+00
208 6.1382107811e-01 8.0160643105e-02 2.2895978015e+00 7.2971721258e+00
209 6.1403314882e-01 8.0507099781e-02 2.2744748531e+00 7.2158903120e+00
210 6.1418706636e-01 8.1094114364e-02 2.2966550264e+00 7.3685083981e+00
211 6.1417142066e-01 8.1158272659e-02 2.2939495530e+00 7.3592879533e+00
212 6.1451354558e-01 8.2049683079e-02 2.3031096738e+00 7.4404888290e+00
213 6.1448828577e-01 8.2053983604e-02 2.3036242546e+00 7.4417856756e+00
214 6.1545679448e-01 8.4392309821e-02 2.3563083302e+00 7.8759362347e+00
215 6.1561241770e-01 8.5017626173e-02 2.3776883981e+00 8.0211017926e+00
216 6.1624683908e-01 8.5885433181e-02 2.3334370023e+00 7.7640398324e+00
217 6.1643222432e-01 8.6063495660e-02 2.3195519658e+00 7.6950942829e+00
218 6.1596502449e-01 8.5536793900e-02 2.3478239792e+00 7.8598315964e+00
219 6.1581095164e-01 8.5525984794e-02 2.3467150743e+00 7.8632562862e+00
220 6.1569209957e-01 8.5542623086e-02 2.3466007482e+00 7.8640914524e+00
221 6.1589712122e-01 8.5917186455e-02 2.3324542840e+00 7.7740907929e+00
222 6.1600821146e-01 8.6515986349e-02 2.3537699978e+00 7.9203334096e+00
223 6.1583383896e-01 8.5942572595e-02 2.3317208737e+00 7.7939080752e+00
224 6.1582005532e-01 8.5998205573e-02 2.3286564867e+00 7.7809799482e+00
225 6.1624124705e-01 8.6492355593e-02 2.3018197020e+00 7.6256423514e+00
226 6.1592633519e-01 8.6210566893e-02 2.3136315254e+00 7.7049967210e+00
227 6.1589720057e-01 8.6129785688e-02 2.3059985739e+00 7.6487738243e+00
228 6.1576513232e-01 8.5290173059e-02 2.2607146714e+00 7.3743702062e+00
229 6.1652686977e-01 8.6749260921e-02 2.2603303242e+00 7.3849053833e+00
230 6.1660616294e-01 8.7311540487e-02 2.2765666325e+00 7.4881896035e+00
231 6.1611897785e-01 8.6951549035e-02 2.3072916343e+00 7.6729310367e+00
232 6.1631094602e-01 8.7100091953e-02 2.2933116100e+00 7.6028688375e+00
233 6.1609100656e-01 8.6633823136e-02 2.2782975367e+00 7.5201407226e+00
234 6.1591867446e-01 8.5995779817e-02 2.2464128082e+00 7.2832545781e+00
235 6.1590042249e-01 8.6063678998e-02 2.2445028298e+00 7.2745995590e+00
236 6.1576128481e-01 8.5545704621e-02 2.2265760470e+00 7.1560446095e+00
237 6.1576588807e-01 8.5541745954e-02 2.2268124210e+00 7.1568176000e+00
238 6.1615982540e-01 8.6403384790e-02 2.2339868075e+00 7.2226955079e+00
239 6.1620412631e-01 8.6386376579e-02 2.2340479868e+00 7.2236011851e+00
240 6.1615149637e-01 8.6216093008e-02 2.2046489571e+00 7.0530873256e+00
241 6.1635744883e-01 8.6735822570e-02 2.2248273268e+00 7.1836155250e+00
242 6.1636411381e-01 8.6743481351e-02 2.2226284603e+00 7.1787109082e+00
243 6.1637503785e-01 8.6465891301e-02 2.2075899951e+00 7.0669504547e+00
244 6.1649032513e-01 8.6863488376e-02 2.1922047897e+00 6.9860686468e+00
245 6.1693231597e-01 8.7313753796e-02 2.1669566755e+00 6.8526733161e+00
246 6.1708014203e-01 8.7908427803e-02 2.1830664804e+00 6.9604233337e+00
247 6.1696727279e-01 8.8056509374e-02 2.2038307126e+00 7.0689195078e+00
248 6.1724376024e-01 8.8334871878e-02 2.1892669391e+00 6.9918191766e+00
249 6.1747740418e-01 8.8600223575e-02 2.1761856614e+00 6.9209903550e+00
250 6.1689930655e-01 8.7781132967e-02 2.1607487038e+00 6.8274128515e+00
251 6.1711032359e-01 8.7979568887e-02 2.1490448303e+00 6.7667845987e+00
252 6.1697175463e-01 8.7548722394e-02 2.1393301780e+00 6.7221146413e+00
253 6.1743972715e-01 8.7814894478e-02 2.1084306510e+00 6.5478569688e+00
254 6.1746112050e-01 8.7817830463e-02 2.1074907154e+00 6.5449302421e+00
255 6.1693398035e-01 8.7288889726e-02 2.1254059759e+00 6.6293918462e+00
256 6.1718486123e-01 8.7518822652e-02 2.1123443368e+00 6.5646254020e+00
257 6.1721464473e-01 8.7574648938e-02 2.1133255299e+00 6.5621694697e+00
258 6.1756269235e-01 8.8291386315e-02 2.1220462133e+00 6.6347190901e+00
259 6.1770235353e-01 8.8769215179e-02 2.1343055396e+00 6.7138561677e+00
260 6.1791245282e-01 8.9084467093e-02 2.1209387234e+00 6.6435039429e+00
261 6.1814196040e-01 8.9440740956e-02 2.1101966946e+00 6.5888877825e+00
262 6.1891087594e-01 9.1242471102e-02 2.1492258969e+00 6.8522855621e+00
263 6.1890248773e-01 9.1270518235e-02 2.1491573183e+00 6.8488550475e+00
264 6.1915595127e-01 9.1663818615e-02 2.1721220241e+00 7.0066762536e+00
265 6.1893921452e-01 9.1127728765e-02 2.1561330644e+00 6.9258961589e+00
266 6.1912120057e-01 9.1248505153e-02 2.1440328670e+00 6.8642913671e+00
267 6.1972589927e-01 9.2161074849e-02 2.1273953707e+00 6.7710133922e+00
268 6.1969293877e-01 9.2158573123e-02 2.1286584996e+00 6.7747738893e+00
269 6.1954368347e-01 9.1639805581e-02 2.1182091118e+00 6.7255733331e+00
270 6.1912633727e-01 9.0896873398e-02 2.1154494927e+00 6.7059106534e+00
271 6.1939075212e-01 9.1128147333e-02 2.0978890229e+00 6.5963098939e+00
272 6.1929575748e-01 9.1194946483e-02 2.0971336547e+00 6.5924641674e+00
273 6.1928166870e-01 9.1245506408e-02 2.0960351877e+00 6.5875580445e+00
274 6.1934461494e-01 9.1709031750e-02 2.1017267581e+00 6.6041097575e+00
275 6.1929224240e-01 9.1744075739e-02 2.0991916431e+00 6.5993028698e+00
276 6.1963631686e-01 9.2501429138e-02 2.0983568845e+00 6.5938287258e+00
277 6.1967899488e-01 9.2514518491e-02 2.0959900230e+00 6.5863262105e+00
278 6.1959867302e-01 9.2540575819e-02 2.0964215660e+00 6.5864057763e+00
279 6.1958310883e-01 9.2546420023e-02 2.0964560936e+00 6.5861926945e+00
280 6.1893977151e-01 9.1534056878e-02 2.0809525935e+00 6.5066414678e+00
281 6.1909957174e-01 9.1710841640e-02 2.0697945348e+00 6.4499915581e+00
282 6.1904716179e-01 9.1795628842e-02 2.0661868551e+00 6.4402372637e+00
283 6.1932148260e-01 9.2128983617e-02 2.0582072233e+00 6.4079651585e+00
284 6.1958937177e-01 9.2300230259e-02 2.0449343633e+00 6.3496555745e+00
285 6.1961390857e-01 9.2193732240e-02 2.0275445708e+00 6.2658718474e+00
286 6.1978092813e-01 9.2349830706e-02 2.0145946125e+00 6.2062789644e+00
287 6.1976640199e-01 9.2323322230e-02 2.0146488868e+00 6.2091604934e+00
288 6.1984458486e-01 9.2313432808e-02 2.0136386861e+00 6.2066169694e+00
289 6.2065884637e-01 9.3512953130e-02 1.9961243690e+00 6.1288174323e+00
290 6.2070516107e-01 9.3889609023e-02 1.9964621225e+00 6.1231361180e+00
291 6.2067888931e-01 9.3843452548e-02 1.9916681909e+00 6.0921416712e+00
292 6.2084287217e-01 9.4033835722e-02 1.9806846384e+00 6.0422499168e+00
293 6.2098913566e-01 9.4319524585e-02 1.9667251998e+00 5.9811827602e+00
294 6.2118649750e-01 9.4391421582e-02 1.9554566795e+00 5.9288553154e+00
295 6.2155344265e-01 9.4995248218e-02 1.9574636681e+00 5.9529202392e+00
296 6.2174068962e-01 9.5229021323e-02 1.9480020997e+00 5.9028548626e+00
297 6.2195739972e-01 9.5423883260e-02 1.9378818323e+00 5.8545817768e+00
298 6.2222672057e-01 9.6408610702e-02 1.9680665614e+00 6.0270586530e+00
299 6.2245847872e-01 9.6641062304e-02 1.9579558258e+00 5.9797314351e+00
300 6.2249818265e-01 9.6670201246e-02 1.9560022629e+00 5.9732014917e+00
301 6.2254847966e-01 9.6668328213e-02 1.9539971057e+00 5.9695967112e+00
302 6.2197041416e-01 9.5708245774e-02 1.9469330848e+00 5.9346937444e+00
303 6.2148806343e-01 9.4890994729e-02 1.9376516570e+00 5.8825277627e+00
304 6.2153891421e-01 9.4846813591e-02 1.9375265574e+00 5.8842264103e+00
305 6.2165321461e-01 9.5283986905e-02 1.9421965284e+00 5.9047884596e+00
306 6.2137101610e-01 9.4305574701e-02 1.9122286636e+00 5.7378580504e+00
307 6.2130147627e-01 9.4356524452e-02 1.9119888944e+00 5.7332195821e+00
308 6.2123377146e-01 9.4636562551e-02 1.9358414872e+00 5.8586532788e+00
309 6.2119487938e-01 9.4677010285e-02 1.9347381975e+00 5.8538194745e+00
310 6.2123331588e-01 9.4699762998e-02 1.9337356653e+00 5.8493131962e+00
311 6.2139278355e-01 9.4956993543e-02 1.9226789486e+00 5.7964107270e+00
312 6.2059613488e-01 9.4344325100e-02 1.9546938950e+00 5.9482192303e+00
313 6.2110264361e-01 9.4860690225e-02 1.9321535969e+00 5.8375352914e+00
314 6.2125848345e-01 9.5243042001e-02 1.9432281974e+00 5.8880633665e+00
315 6.2065861568e-01 9.4427186799e-02 1.9565707877e+00 5.9566753112e+00
316 6.2052632788e-01 9.3913237349e-02 1.9427966451e+00 5.8797285159e+00
317 6.2055898219e-01 9.3871366788e-02 1.9422074446e+00 5.8814863659e+00
318 6.2102227081e-01 9.4283557554e-02 1.9217993651e+00 5.7835256564e+00
319 6.2102712073e-01 9.4259055733e-02 1.9216396830e+00 5.7859239201e+00
320 6.2055576920e-01 9.3616533279e-02 1.9119814920e+00 5.7051939081e+00
321 6.2072782790e-01 9.3836931462e-02 1.9012388531e+00 5.6558426654e+00
322 6.2113703465e-01 9.5271131935e-02 1.9401740830e+00 5.8739526255e+00
323 6.2112372870e-01 9.5320515458e-02 1.9373881389e+00 5.8663195545e+00
324 6.2083711647e-01 9.5289099978e-02 1.9432305731e+00 5.9001227101e+00
325 6.2099672255e-01 9.5750340223e-02 1.9536830985e+00 5.9498907938e+00
326 6.2120562587e-01 9.5958348175e-02 1.9430508851e+00 5.8995675806e+00
327 6.2076748721e-01 9.5282935190e-02 1.9436593511e+00 5.9013957614e+00
328 6.2100077430e-01 9.5517077655e-02 1.9324299396e+00 5.8496314395e+00
329 6.2117145964e-01 9.5864298721e-02 1.9233067608e+00 5.8085200192e+00
330 6.2119384591e-01 9.5853385025e-02 1.9234348553e+00 5.8092677392e+00
331 6.2152701827e-01 9.6613194539e-02 1.9378730075e+00 5.8661731096e+00
332 6.2115636383e-01 9.5965807947e-02 1.9381150967e+00 5.8666121128e+00
333 6.2125569709e-01 9.6372613184e-02 1.9371734953e+00 5.8627772831e+00
334 6.2120015509e-01 9.6371950865e-02 1.9366766072e+00 5.8631704904e+00
335 6.2126947007e-01 9.5956297786e-02 1.9123378332e+00 5.7343453599e+00
336 6.2098468625e-01 9.5709426005e-02 1.9243765361e+00 5.7924185030e+00
337 6.2113863816e-01 9.5825998597e-02 1.9150705262e+00 5.7558271758e+00
338 6.2072147463e-01 9.5494932834e-02 1.9195153271e+00 5.7937700134e+00
339 6.2029898877e-01 9.5090168690e-02 1.9496986714e+00 5.9613011550e+00
340 6.2041049448e-01 9.4762124199e-02 1.9278708024e+00 5.8607802459e+00
341 6.2031045187e-01 9.4990495727e-02 1.9535095783e+00 6.0018007803e+00
342 6.2022365952e-01 9.4544149560e-02 1.9432156799e+00 5.9558014887e+00
343 6.2020750040e-01 9.4545456414e-02 1.9425806983e+00 5.9540303681e+00
344 6.2013825500e-01 9.4542108133e-02 1.9426787347e+00 5.9574218156e+00
345 6.2014399154e-01 9.4694912205e-02 1.9447116530e+00 5.9643215713e+00
346 6.1989384663e-01 9.4500723591e-02 1.9551241203e+00 6.0127004594e+00
347 6.1957903404e-01 9.3918671704e-02 1.9600748363e+00 6.0472639905e+00
348 6.1974961702e-01 9.4421850905e-02 1.9788637093e+00 6.1581935879e+00
349 6.1989995188e-01 9.4622205360e-02 1.9635302291e+00 6.0804510277e+00
350 6.1993364931e-01 9.4521996606e-02 1.9520888082e+00 6.0042152612e+00
351 6.1988694840e-01 9.4467056201e-02 1.9487066422e+00 5.9750160153e+00
352 6.1989695782e-01 9.4466204694e-02 1.9438380499e+00 5.9366768837e+00
353 6.1991440119e-01 9.4462237285e-02 1.9435575030e+00 5.9362559021e+00
354 6.1983100638e-01 9.4522674509e-02 1.9410060587e+00 5.9296314428e+00
355 6.2006540792e-01 9.4810085370e-02 1.9316793922e+00 5.8782112360e+00
356 6.2062713301e-01 9.5445720037e-02 1.9160769569e+00 5.8119148629e+00
357 6.2087219137e-01 9.6099197400e-02 1.9395364672e+00 5.9598312830e+00
358 6.2116294206e-01 9.6938076704e-02 1.9534221121e+00 6.0183068257e+00
359 6.2114398702e-01 9.6927767863e-02 1.9530492930e+00 6.0186630547e+00
360 6.2108166128e-01 9.6859062281e-02 1.9546670803e+00 6.0307158232e+00
361 6.2080917589e-01 9.6541966074e-02 1.9644261396e+00 6.0887846210e+00
362 6.2044939889e-01 9.5896907965e-02 1.9693995690e+00 6.1198889202e+00
363 6.2079851611e-01 9.6278176825e-02 1.9476841518e+00 6.0200654569e+00
364 6.2087698498e-01 9.6714973189e-02 1.9529151582e+00 6.0362823507e+00
365 6.2101655167e-01 9.7148276104e-02 1.9627804897e+00 6.0816937979e+00
