1 5.9282947138e-01 1.1102230246e-16 1.0000000000e+00 1.0000000000e+00
2 5.9275033351e-01 2.5960734445e-03 -1.1985626188e+01 2.6147302996e+02
3 5.9296834210e-01 7.8936965051e-03 2.5203838870e+01 7.5930806414e+02
4 5.9292533149e-01 8.0607273151e-03 2.3470500589e+01 7.0011163941e+02
5 5.9305333441e-01 1.1131859831e-02 1.7912067894e+01 3.8338206803e+02
6 5.9301643457e-01 1.1208357888e-02 1.7489695192e+01 3.7365910053e+02
7 5.9307686328e-01 1.1291639518e-02 1.7081045864e+01 3.6249035550e+02
8 5.9309445371e-01 1.3806244772e-02 1.3984071255e+01 2.4323618744e+02
9 5.9312916358e-01 1.3911828768e-02 1.3676486110e+01 2.3584121894e+02
10 5.9312250244e-01 1.4021273870e-02 1.3324578376e+01 2.2874187161e+02
11 5.9355879510e-01 1.7581338271e-02 1.1299306807e+01 1.5276022662e+02
12 5.9372223478e-01 1.9205190779e-02 1.0376181431e+01 1.2838677829e+02
13 5.9376395278e-01 1.9230411595e-02 1.0334011858e+01 1.2762706323e+02
14 5.9370075033e-01 1.9344553699e-02 1.0141595569e+01 1.2482176868e+02
15 5.9365321194e-01 1.9415875971e-02 1.0018960505e+01 1.2314508912e+02
16 5.9384320005e-01 2.0781999366e-02 9.5347580372e+00 1.0902146999e+02
17 5.9402245556e-01 2.2098502786e-02 9.0499807526e+00 9.7128113194e+01
18 5.9428970039e-01 2.3287581282e-02 8.6795674049e+00 8.8180659587e+01
19 5.9422780836e-01 2.3256294552e-02 8.5543792383e+00 8.6797063322e+01
20 5.9440729237e-01 2.4479467946e-02 8.1463238931e+00 7.8489363051e+01
21 5.9433166523e-01 2.4506916618e-02 8.0721844907e+00 7.7726464897e+01
22 5.9458945018e-01 2.5702916225e-02 7.8246772397e+00 7.2072694576e+01
23 5.9457600668e-01 2.5854823702e-02 7.8092204795e+00 7.1909292347e+01
24 5.9472123498e-01 2.6920910293e-02 7.5278717229e+00 6.6462767967e+01
25 5.9468444823e-01 2.6727465935e-02 7.4913808387e+00 6.6228821953e+01
26 5.9514495234e-01 2.9364249666e-02 7.8378504935e+00 7.4184179242e+01
27 5.9509985621e-01 2.9646181102e-02 7.8963769509e+00 7.6470294469e+01
28 5.9531793558e-01 3.0565496521e-02 7.6110513917e+00 7.0704351762e+01
29 5.9557846151e-01 3.1428994783e-02 7.3700468547e+00 6.5892566227e+01
30 5.9561986566e-01 3.1435761996e-02 7.3627449913e+00 6.5794732326e+01
31 5.9552973422e-01 3.1493682737e-02 7.3258237828e+00 6.5403346149e+01
32 5.9554195470e-01 3.1602361776e-02 7.2639872042e+00 6.4743337723e+01
33 5.9544299668e-01 3.1714929716e-02 7.1841703895e+00 6.3940501475e+01
34 5.9567812037e-01 3.2651695671e-02 6.9021828403e+00 5.9214432074e+01
35 5.9562090417e-01 3.2708495377e-02 6.8672777020e+00 5.8858499935e+01
36 5.9584268666e-01 3.3465495406e-02 6.7231742849e+00 5.5754756750e+01
37 5.9585402911e-01 3.2780724354e-02 6.0768085566e+00 4.3874591113e+01
38 5.9604263672e-01 3.3404177825e-02 5.9480286819e+00 4.1901382647e+01
39 5.9626207819e-01 3.4161939443e-02 5.7944095306e+00 3.9789991187e+01
40 5.9622108059e-01 3.4225153707e-02 5.7616885753e+00 3.9531207083e+01
41 5.9625531560e-01 3.4283030584e-02 5.7260846365e+00 3.9248407955e+01
42 5.9628286297e-01 3.4289466887e-02 5.7205649878e+00 3.9201282366e+01
43 5.9618438718e-01 3.4430936068e-02 5.6424099260e+00 3.8663284160e+01
44 5.9664589574e-01 3.6000660159e-02 5.4137815735e+00 3.5380552905e+01
45 5.9704989766e-01 3.7492344343e-02 5.2140240247e+00 3.2644161313e+01
46 5.9694329150e-01 3.7585506202e-02 5.1765322109e+00 3.2392681186e+01
47 5.9680751673e-01 3.7597048417e-02 5.1412718815e+00 3.2155133395e+01
48 5.9682729767e-01 3.7517721390e-02 5.1470654919e+00 3.2230090626e+01
49 5.9709618752e-01 3.8214075338e-02 5.0647497431e+00 3.1088947625e+01
50 5.9712266161e-01 3.8225647703e-02 5.0478552541e+00 3.0952435230e+01
51 5.9709882176e-01 3.8267354980e-02 5.0310279566e+00 3.0833400452e+01
52 5.9727437984e-01 3.9627041880e-02 4.8271867881e+00 2.8467533995e+01
53 5.9754268248e-01 4.0311429391e-02 4.7477910000e+00 2.7488618220e+01
54 5.9737463708e-01 4.0436623726e-02 4.7063929178e+00 2.7244187565e+01
55 5.9762666276e-01 4.1089378092e-02 4.6395405281e+00 2.6398351140e+01
56 5.9776022338e-01 4.1863198862e-02 4.5619755369e+00 2.5540328391e+01
57 5.9792861752e-01 4.2515852187e-02 4.4952771440e+00 2.4765599471e+01
58 5.9786619401e-01 4.2567079969e-02 4.4806415101e+00 2.4676216267e+01
59 5.9834239377e-01 4.3731669857e-02 4.3691879234e+00 2.3346378065e+01
60 5.9831165259e-01 4.3744373143e-02 4.3673286811e+00 2.3331718719e+01
61 5.9856051766e-01 4.4351217701e-02 4.3057569667e+00 2.2683098616e+01
62 5.9861014249e-01 4.4422580340e-02 4.2989812194e+00 2.2630728670e+01
63 5.9822976295e-01 4.3967625214e-02 4.3182490390e+00 2.3027195834e+01
64 5.9848549973e-01 4.4396032510e-02 4.2603456413e+00 2.2395893184e+01
65 5.9891334382e-01 4.5695486265e-02 4.1539569897e+00 2.1266841983e+01
66 5.9915898543e-01 4.6261663131e-02 4.1053617596e+00 2.0735445637e+01
67 5.9885151667e-01 4.5737955372e-02 4.1368347372e+00 2.1163891206e+01
68 5.9884093790e-01 4.5789839711e-02 4.1203479669e+00 2.1078332454e+01
69 5.9880687324e-01 4.5802613851e-02 4.1188435467e+00 2.1067280040e+01
70 5.9919429027e-01 4.7034810276e-02 4.0171928533e+00 2.0041496142e+01
71 5.9942216865e-01 4.7595039132e-02 3.9701242018e+00 1.9551706505e+01
72 6.0001790350e-01 4.9604586914e-02 4.0123065337e+00 2.0224732094e+01
73 5.9992101807e-01 4.9743187794e-02 3.9967471693e+00 2.0136479662e+01
74 5.9990300236e-01 4.9773709931e-02 3.9891451477e+00 2.0094385444e+01
75 5.9990969714e-01 4.9814508598e-02 3.9774089711e+00 2.0028293842e+01
76 6.0020113360e-01 5.0430315632e-02 3.9219519357e+00 1.9497459592e+01
77 6.0042559810e-01 5.0983362316e-02 3.8657942851e+00 1.8985130985e+01
78 6.0038211674e-01 5.1022346512e-02 3.8585752356e+00 1.8941128659e+01
79 6.0100866127e-01 5.2835192105e-02 3.8818662802e+00 1.9265056952e+01
80 6.0066963899e-01 5.1455035499e-02 3.8179362797e+00 1.8528765550e+01
81 6.0069158350e-01 5.1530532344e-02 3.8132612702e+00 1.8507789393e+01
82 6.0102651025e-01 5.2915544629e-02 3.8662288184e+00 1.9148639723e+01
83 6.0104999498e-01 5.2863374411e-02 3.8613220043e+00 1.9128027791e+01
84 6.0098486095e-01 5.2900234302e-02 3.8556059959e+00 1.9095030894e+01
85 6.0072472492e-01 5.2578284815e-02 3.8841408608e+00 1.9442415202e+01
86 6.0084005389e-01 5.3236571950e-02 3.8329659336e+00 1.8929149148e+01
87 6.0082642612e-01 5.3236960280e-02 3.8335114081e+00 1.8932466208e+01
88 6.0054128219e-01 5.2697606272e-02 3.8688117398e+00 1.9370423509e+01
89 6.0077577952e-01 5.3219040714e-02 3.8162299439e+00 1.8879076378e+01
90 6.0081457389e-01 5.3220149752e-02 3.8146312433e+00 1.8865986982e+01
91 6.0100227668e-01 5.3448326753e-02 3.7772222805e+00 1.8538750922e+01
92 6.0117629099e-01 5.3939350773e-02 3.7368974491e+00 1.8126513565e+01
93 6.0114460318e-01 5.3926375742e-02 3.7338101059e+00 1.8128647200e+01
94 6.0158353298e-01 5.5303003932e-02 3.7463221940e+00 1.8160719929e+01
95 6.0168595671e-01 5.6221398543e-02 3.8082978325e+00 1.8807361025e+01
96 6.0223874879e-01 5.7583887712e-02 3.6910511269e+00 1.7635613123e+01
97 6.0233196173e-01 5.7209401205e-02 3.5942327671e+00 1.6671903272e+01
98 6.0229706707e-01 5.7232925660e-02 3.6187000453e+00 1.7032407053e+01
99 6.0245357099e-01 5.7658149319e-02 3.5787437304e+00 1.6676207564e+01
100 6.0296427104e-01 5.8567808864e-02 3.5104285122e+00 1.6026754011e+01
101 6.0283254844e-01 5.8612699557e-02 3.5074061625e+00 1.6011069258e+01
102 6.0306763291e-01 5.9137828668e-02 3.4769233904e+00 1.5705814910e+01
103 6.0336280238e-01 5.9645222169e-02 3.4606835283e+00 1.5597168533e+01
104 6.0350844514e-01 6.0396693440e-02 3.5127475878e+00 1.6092175593e+01
105 6.0339095549e-01 6.0437162645e-02 3.5102639672e+00 1.6077558296e+01
106 6.0315305352e-01 6.0108594906e-02 3.5399677921e+00 1.6353153909e+01
107 6.0316939449e-01 6.0161181575e-02 3.5387574254e+00 1.6339855487e+01
108 6.0313876064e-01 6.0173494936e-02 3.5346108606e+00 1.6322996115e+01
109 6.0340927392e-01 6.0564048060e-02 3.4947462920e+00 1.5988299777e+01
110 6.0338524094e-01 6.0580954866e-02 3.4926723111e+00 1.5976248798e+01
111 6.0338509276e-01 6.0597997637e-02 3.4893925703e+00 1.5958631090e+01
112 6.0298598646e-01 5.9391325872e-02 3.4426427586e+00 1.5496355496e+01
113 6.0296347907e-01 5.9438995088e-02 3.4348453162e+00 1.5453017672e+01
114 6.0295877642e-01 5.9429495950e-02 3.4368121903e+00 1.5463849368e+01
115 6.0278176186e-01 5.8686324301e-02 3.3695537835e+00 1.4832778570e+01
116 6.0277643819e-01 5.8613580202e-02 3.3652481568e+00 1.4829890469e+01
117 6.0275315762e-01 5.8644807181e-02 3.3601697788e+00 1.4804549239e+01
118 6.0245248369e-01 5.8178378546e-02 3.3912049251e+00 1.5083164512e+01
119 6.0226894496e-01 5.8235264645e-02 3.3894501552e+00 1.5067575486e+01
120 6.0267098393e-01 5.8967160845e-02 3.3293024002e+00 1.4543041437e+01
121 6.0293172073e-01 5.9252059284e-02 3.3058028510e+00 1.4323963768e+01
122 6.0312260445e-01 5.9589896776e-02 3.2745866969e+00 1.4076145110e+01
123 6.0309076118e-01 5.9639032834e-02 3.2725396033e+00 1.4062344361e+01
124 6.0312260970e-01 5.9704528604e-02 3.2687364834e+00 1.4041887100e+01
125 6.0303537526e-01 5.9732508782e-02 3.2644591239e+00 1.4024800584e+01
126 6.0273061824e-01 5.9333097413e-02 3.2929259889e+00 1.4275590646e+01
127 6.0296596681e-01 5.9706775297e-02 3.2635739613e+00 1.4024895510e+01
128 6.0290837879e-01 5.9819402012e-02 3.2533323502e+00 1.3980635763e+01
129 6.0304027438e-01 6.0249542273e-02 3.2264287091e+00 1.3737437095e+01
130 6.0346622805e-01 6.1402433253e-02 3.2399447017e+00 1.3895737468e+01
131 6.0341387382e-01 6.1423059620e-02 3.2390152019e+00 1.3888210452e+01
132 6.0334303044e-01 6.1822846101e-02 3.3184994872e+00 1.4605253463e+01
133 6.0320409512e-01 6.1207853310e-02 3.2671695079e+00 1.4119697495e+01
134 6.0344051786e-01 6.1669254552e-02 3.2373719391e+00 1.3864543182e+01
135 6.0370438717e-01 6.2078171518e-02 3.2069600357e+00 1.3612651376e+01
136 6.0340700185e-01 6.1699051608e-02 3.2338207155e+00 1.3845141463e+01
137 6.0385457837e-01 6.2446977032e-02 3.1804601501e+00 1.3389841923e+01
138 6.0397930436e-01 6.3207743576e-02 3.2414306842e+00 1.3959856236e+01
139 6.0421482498e-01 6.3634799607e-02 3.2122890979e+00 1.3713451013e+01
140 6.0435025932e-01 6.3986046600e-02 3.1818956737e+00 1.3491618691e+01
141 6.0459574594e-01 6.4353435592e-02 3.1541692338e+00 1.3267090208e+01
142 6.0469041817e-01 6.4951103428e-02 3.1855152300e+00 1.3534507273e+01
143 6.0454310667e-01 6.4199304902e-02 3.1407174498e+00 1.3164384765e+01
144 6.0432318500e-01 6.3806268812e-02 3.1652637139e+00 1.3379044095e+01
145 6.0421076702e-01 6.4169983213e-02 3.2466144576e+00 1.4105159554e+01
146 6.0442095472e-01 6.4531701896e-02 3.2060112693e+00 1.3765724244e+01
147 6.0467398150e-01 6.4952727847e-02 3.1794879637e+00 1.3533889686e+01
148 6.0461247234e-01 6.4912663934e-02 3.1858215332e+00 1.3572829009e+01
149 6.0476071453e-01 6.5442912219e-02 3.1557189557e+00 1.3322341753e+01
150 6.0500562429e-01 6.5815871884e-02 3.1290188697e+00 1.3103337280e+01
151 6.0517652151e-01 6.6029786699e-02 3.1070893624e+00 1.2941423615e+01
152 6.0579148661e-01 6.7249417891e-02 3.0978291386e+00 1.2888065142e+01
153 6.0564344065e-01 6.7337556198e-02 3.0896596600e+00 1.2850497464e+01
154 6.0613980029e-01 6.8145868872e-02 3.0384482334e+00 1.2435096662e+01
155 6.0628132185e-01 6.8688999535e-02 3.0598076048e+00 1.2563221491e+01
156 6.0628913147e-01 6.8725327439e-02 3.0603905854e+00 1.2595289926e+01
157 6.0628881634e-01 6.8824603777e-02 3.0663356736e+00 1.2658013664e+01
158 6.0631106618e-01 6.8884249106e-02 3.0653013241e+00 1.2644480512e+01
159 6.0629537898e-01 6.8853943110e-02 3.0654249692e+00 1.2652092303e+01
160 6.0639036588e-01 6.8841945872e-02 3.0637150116e+00 1.2642795691e+01
161 6.0633528723e-01 6.9194253360e-02 3.1180234235e+00 1.3058005195e+01
162 6.0697851589e-01 7.0043687780e-02 3.0478586130e+00 1.2517670808e+01
163 6.0708079189e-01 7.0714144165e-02 3.0722186834e+00 1.2704151535e+01
164 6.0677499059e-01 6.9469940302e-02 3.0083370774e+00 1.2197432409e+01
165 6.0667417039e-01 6.9522725184e-02 3.0047075234e+00 1.2178704581e+01
166 6.0667511030e-01 6.9508955743e-02 3.0036138586e+00 1.2181883114e+01
167 6.0707915840e-01 7.0275121147e-02 2.9614695022e+00 1.1834550987e+01
168 6.0677362491e-01 6.9993541875e-02 2.9846413596e+00 1.2003318897e+01
169 6.0710904833e-01 7.0745859396e-02 2.9314125194e+00 1.1623105871e+01
170 6.0711710871e-01 7.0743638620e-02 2.9315100041e+00 1.1622943887e+01
171 6.0708337546e-01 7.0785788542e-02 2.9266495164e+00 1.1601767802e+01
172 6.0726953643e-01 7.1261847816e-02 2.9008676417e+00 1.1409761231e+01
173 6.0775322192e-01 7.1874835029e-02 2.8589157525e+00 1.1101610742e+01
174 6.0775496628e-01 7.1881107255e-02 2.8579409185e+00 1.1097611970e+01
175 6.0776385681e-01 7.1920776468e-02 2.8580914057e+00 1.1093301782e+01
176 6.0772349224e-01 7.1910172850e-02 2.8554870518e+00 1.1087855034e+01
177 6.0786895060e-01 7.2568006655e-02 2.8886503684e+00 1.1350461303e+01
178 6.0788621397e-01 7.2723977089e-02 2.8896308769e+00 1.1345798782e+01
179 6.0809148091e-01 7.3082575800e-02 2.8647935724e+00 1.1181946607e+01
180 6.0809072736e-01 7.3090035725e-02 2.8638477107e+00 1.1177545484e+01
181 6.0784378315e-01 7.2834659953e-02 2.8822862074e+00 1.1314765202e+01
182 6.0794393738e-01 7.3527992588e-02 2.9215278171e+00 1.1651134322e+01
183 6.0820574162e-01 7.3790285022e-02 2.9018323509e+00 1.1504275142e+01
184 6.0860649673e-01 7.4713854671e-02 2.9093372588e+00 1.1565843303e+01
185 6.0843714454e-01 7.4129446551e-02 2.8915167771e+00 1.1471863753e+01
186 6.0839627468e-01 7.4181510874e-02 2.8853625966e+00 1.1448044945e+01
187 6.0822329158e-01 7.3574627073e-02 2.8627799238e+00 1.1292520497e+01
188 6.0857203403e-01 7.4229055470e-02 2.8153639955e+00 1.0973841793e+01
189 6.0815551024e-01 7.4139172699e-02 2.8387506239e+00 1.1119929751e+01
190 6.0840615437e-01 7.5263517405e-02 2.8658307907e+00 1.1267754277e+01
191 6.0895551975e-01 7.6899559410e-02 2.8644879242e+00 1.1250159019e+01
192 6.0888201049e-01 7.5984637414e-02 2.8081844157e+00 1.0876505796e+01
193 6.0879422099e-01 7.5532517432e-02 2.7977974901e+00 1.0825611757e+01
194 6.0926107752e-01 7.6207126783e-02 2.7542821322e+00 1.0521869492e+01
195 6.0916246120e-01 7.6265521675e-02 2.7524648376e+00 1.0510002902e+01
196 6.0919074589e-01 7.6276152063e-02 2.7503419063e+00 1.0500107050e+01
197 6.1008764532e-01 7.7971795750e-02 2.7240256908e+00 1.0305919819e+01
198 6.0981249405e-01 7.7766962928e-02 2.7404000818e+00 1.0415540957e+01
199 6.1001290341e-01 7.8045346466e-02 2.7191801341e+00 1.0267880973e+01
200 6.1036563816e-01 7.8747278130e-02 2.6797868812e+00 9.9958813429e+00
201 6.1051204684e-01 7.9193351268e-02 2.6831680483e+00 9.9968710280e+00
202 6.1091329079e-01 8.0008534571e-02 2.6813215588e+00 9.9773102939e+00
203 6.1049296168e-01 7.9032126804e-02 2.6616048319e+00 9.8357759944e+00
204 6.1048077969e-01 7.9055396934e-02 2.6592215025e+00 9.8262243789e+00
205 6.1056583687e-01 7.9406696279e-02 2.6345446295e+00 9.6881260344e+00
206 6.1059531302e-01 7.9394593357e-02 2.6348408565e+00 9.6899889792e+00
207 6.1006761603e-01 7.8273561833e-02 2.6372618996e+00 9.7507950006e+00
208 6.1040750174e-01 7.9206086083e-02 2.6393373025e+00 9.7593938422e+00
209 6.1040966308e-01 7.9192992690e-02 2.6411111976e+00 9.7648880625e+00
210 6.1025212977e-01 7.8884752867e-02 2.6575279293e+00 9.8815756209e+00
211 6.0998603085e-01 7.8290976545e-02 2.6418508224e+00 9.7984886573e+00
212 6.1028084608e-01 7.9180207837e-02 2.6373601839e+00 9.7560074310e+00
213 6.0983175378e-01 7.8334114398e-02 2.6282442529e+00 9.6995132894e+00
214 6.0986886876e-01 7.8306579521e-02 2.6284120176e+00 9.7030127213e+00
215 6.0960759324e-01 7.8010122714e-02 2.6500428405e+00 9.8637299059e+00
216 6.0955644128e-01 7.8050077733e-02 2.6466426762e+00 9.8520155265e+00
217 6.0948235567e-01 7.8047497916e-02 2.6454762787e+00 9.8520252749e+00
218 6.0955076696e-01 7.8684520666e-02 2.6644985915e+00 9.9536921073e+00
219 6.0939452174e-01 7.8491727116e-02 2.6807886716e+00 1.0055193348e+01
220 6.0930150229e-01 7.8557613720e-02 2.6757830111e+00 1.0036366048e+01
221 6.0930674399e-01 7.8529640672e-02 2.6739952461e+00 1.0032491301e+01
222 6.0966475158e-01 7.9404315977e-02 2.6863929980e+00 1.0139957560e+01
223 6.1013629926e-01 8.0107591535e-02 2.6484444098e+00 9.8698467337e+00
224 6.0977816373e-01 7.9246375923e-02 2.6489187251e+00 9.8862409632e+00
225 6.0975018523e-01 7.9376854321e-02 2.6543273404e+00 9.9326885001e+00
226 6.0995864056e-01 7.9628267391e-02 2.6368141416e+00 9.8189190728e+00
227 6.1013187898e-01 8.0141932553e-02 2.6512628758e+00 9.9019820953e+00
228 6.1005333874e-01 7.9564526451e-02 2.6410545503e+00 9.8480747312e+00
229 6.1036705431e-01 8.0223630032e-02 2.6340150214e+00 9.7926494399e+00
230 6.1080969474e-01 8.0873911313e-02 2.6003851155e+00 9.5584809662e+00
231 6.1079849058e-01 8.0957693608e-02 2.6024364106e+00 9.5690261134e+00
232 6.1098630784e-01 8.1496590629e-02 2.6179693907e+00 9.6606267220e+00
233 6.1062907318e-01 8.0642722554e-02 2.6175535028e+00 9.6831663644e+00
234 6.1067523240e-01 8.0630567630e-02 2.6172060176e+00 9.6828714382e+00
235 6.1074118963e-01 8.0662160476e-02 2.6111192788e+00 9.6599384673e+00
236 6.1080960135e-01 8.0666530462e-02 2.6084491776e+00 9.6490233485e+00
237 6.1058203771e-01 8.0197648525e-02 2.5952554903e+00 9.5838920840e+00
238 6.1145150601e-01 8.1908028912e-02 2.5994521755e+00 9.5865187484e+00
239 6.1185790800e-01 8.2745843116e-02 2.6045028567e+00 9.6310752913e+00
240 6.1185047707e-01 8.2747795086e-02 2.6045553966e+00 9.6311255510e+00
241 6.1181518465e-01 8.2757817214e-02 2.6047689277e+00 9.6309938329e+00
242 6.1177427796e-01 8.2639125806e-02 2.5981427749e+00 9.5863726113e+00
243 6.1182323807e-01 8.2713274959e-02 2.5957221032e+00 9.5664751735e+00
244 6.1166130009e-01 8.1880660631e-02 2.5587721551e+00 9.3758372655e+00
245 6.1142307428e-01 8.1722173802e-02 2.5785695383e+00 9.4987530497e+00
246 6.1131219382e-01 8.0928804937e-02 2.5264690418e+00 9.1772636269e+00
247 6.1150556715e-01 8.1160682798e-02 2.5108104969e+00 9.0834910739e+00
248 6.1108509641e-01 8.0183660452e-02 2.5008436639e+00 9.0112221889e+00
249 6.1107690730e-01 8.0148660671e-02 2.5002117609e+00 9.0123162203e+00
250 6.1086036277e-01 7.9511499708e-02 2.4687403323e+00 8.7879819193e+00
251 6.1091130903e-01 7.9594690869e-02 2.4665291193e+00 8.7726408382e+00
252 6.1090540083e-01 7.9536401698e-02 2.4666721001e+00 8.7809980738e+00
253 6.1083562137e-01 7.9469219116e-02 2.4660492674e+00 8.7911694854e+00
254 6.1080826762e-01 7.9470915091e-02 2.4669229710e+00 8.7938080542e+00
255 6.1059563658e-01 7.9222247638e-02 2.4806294268e+00 8.8870530874e+00
256 6.1054501986e-01 7.9252215869e-02 2.4790011509e+00 8.8806834120e+00
257 6.1076801044e-01 7.9414061230e-02 2.4641035770e+00 8.7940025823e+00
258 6.1074764571e-01 7.9393940646e-02 2.4672378385e+00 8.8043631175e+00
259 6.1100727928e-01 7.9519051194e-02 2.4410964066e+00 8.6065927246e+00
260 6.1082756697e-01 7.9361098613e-02 2.4515435441e+00 8.6755434058e+00
261 6.1059245687e-01 7.9077921744e-02 2.4668094345e+00 8.7751989600e+00
262 6.1055509221e-01 7.9141922134e-02 2.4655314631e+00 8.7660357598e+00
263 6.1075896652e-01 7.9498931735e-02 2.4499521779e+00 8.6611774725e+00
264 6.1031340019e-01 7.8854334956e-02 2.4848759071e+00 8.9069548528e+00
265 6.1031229123e-01 7.8822808003e-02 2.4860299079e+00 8.9154656273e+00
266 6.0986799006e-01 7.8864389566e-02 2.5206133401e+00 9.1217984297e+00
267 6.0966414094e-01 7.8905647502e-02 2.5407939925e+00 9.2606646748e+00
268 6.0955095609e-01 7.8944689871e-02 2.5361194652e+00 9.2445468553e+00
269 6.1001456980e-01 7.9632864226e-02 2.5059207133e+00 9.0291496800e+00
270 6.0956663630e-01 7.9149630947e-02 2.5323303190e+00 9.1995986574e+00
271 6.1000321704e-01 8.0290401968e-02 2.5658174306e+00 9.4888548973e+00
272 6.1040512554e-01 8.1197959992e-02 2.5814652527e+00 9.6164855678e+00
273 6.1059067691e-01 8.1479297321e-02 2.5634868606e+00 9.5033723341e+00
274 6.1107074589e-01 8.1967993380e-02 2.5269316266e+00 9.2571970775e+00
275 6.1067937005e-01 8.1332929974e-02 2.5332481982e+00 9.3259194333e+00
276 6.1036939953e-01 8.0972983709e-02 2.5461701315e+00 9.4334324187e+00
277 6.1038886663e-01 8.0666966071e-02 2.5153982733e+00 9.2525229720e+00
278 6.1056351195e-01 8.1224445137e-02 2.5311609586e+00 9.3347521072e+00
279 6.1055212055e-01 8.1260839365e-02 2.5306485380e+00 9.3294291034e+00
280 6.1064815963e-01 8.1577365738e-02 2.5106532460e+00 9.2125946022e+00
281 6.1023839598e-01 8.0702934844e-02 2.5015978933e+00 9.1693434759e+00
282 6.1048912458e-01 8.0878057346e-02 2.4857370011e+00 9.0752398425e+00
283 6.1046801074e-01 8.0970034058e-02 2.4849867604e+00 9.0670687849e+00
284 6.1056386330e-01 8.1573274925e-02 2.5069810503e+00 9.2150996389e+00
285 6.1004077272e-01 8.0118272658e-02 2.4776249102e+00 9.0473859522e+00
286 6.0995286991e-01 7.9686803396e-02 2.4585487829e+00 8.9294033056e+00
287 6.0991904282e-01 7.9724057510e-02 2.4556112956e+00 8.9177725701e+00
288 6.0973802917e-01 7.9340299086e-02 2.4694745655e+00 9.0252365671e+00
289 6.0967803349e-01 7.9385907353e-02 2.4660207669e+00 9.0138404714e+00
290 6.1040137292e-01 8.0232265622e-02 2.4202664786e+00 8.7091359238e+00
291 6.1030839755e-01 8.0258619841e-02 2.4053872531e+00 8.6204888163e+00
292 6.1023566848e-01 8.0288922367e-02 2.4002252464e+00 8.6071480188e+00
293 6.1025054251e-01 8.0361733165e-02 2.3969501331e+00 8.5900650684e+00
294 6.1048972758e-01 8.0651111715e-02 2.3803463726e+00 8.4881129530e+00
295 6.1039432159e-01 8.0887394325e-02 2.4127864673e+00 8.7088454492e+00
296 6.1035071240e-01 8.0886380495e-02 2.4123654003e+00 8.7091654592e+00
297 6.1010996061e-01 8.0597141863e-02 2.4237218314e+00 8.7977580023e+00
298 6.1050127672e-01 8.1208186214e-02 2.3896015954e+00 8.5869090529e+00
299 6.1049884761e-01 8.1238426688e-02 2.3892059425e+00 8.5810200852e+00
300 6.1074434727e-01 8.1363966335e-02 2.3748156775e+00 8.5081243134e+00
301 6.1088883489e-01 8.1840074769e-02 2.3916134502e+00 8.6055757832e+00
302 6.1047082038e-01 8.1009967698e-02 2.3844842907e+00 8.5599043209e+00
303 6.1045037834e-01 8.0880564177e-02 2.3733264244e+00 8.4835478221e+00
304 6.1062160668e-01 8.1037173526e-02 2.3580250732e+00 8.4075681240e+00
305 6.1024769099e-01 8.0683639151e-02 2.3671105604e+00 8.4845349587e+00
306 6.1021181415e-01 8.0437005814e-02 2.3405486361e+00 8.3226123483e+00
307 6.1020814337e-01 8.0551356943e-02 2.3391787559e+00 8.3113063427e+00
308 6.1048218692e-01 8.0943549499e-02 2.3243825412e+00 8.2093179594e+00
309 6.1059683805e-01 8.1448184129e-02 2.3343793703e+00 8.2562812766e+00
310 6.1060543798e-01 8.1439051950e-02 2.3333724605e+00 8.2524009071e+00
311 6.1096296483e-01 8.1956347853e-02 2.3066788541e+00 8.0839371135e+00
312 6.1091497452e-01 8.1989230187e-02 2.3049601666e+00 8.0769268837e+00
313 6.1115387161e-01 8.2244520588e-02 2.2896026253e+00 7.9874394173e+00
314 6.1135605096e-01 8.2522001539e-02 2.2755721863e+00 7.8997083855e+00
315 6.1152554061e-01 8.2990568321e-02 2.2850282012e+00 7.9389225114e+00
316 6.1152832710e-01 8.3038700265e-02 2.2842384879e+00 7.9339331144e+00
317 6.1149979260e-01 8.3055883286e-02 2.2829356017e+00 7.9318923574e+00
318 6.1146238903e-01 8.3057595725e-02 2.2794476975e+00 7.9223474674e+00
319 6.1106499581e-01 8.2374771768e-02 2.2767918182e+00 7.9342760709e+00
320 6.1149217767e-01 8.3144820721e-02 2.2803046167e+00 7.9521803525e+00
321 6.1154877646e-01 8.3658787512e-02 2.2963846428e+00 8.0295100617e+00
322 6.1153766563e-01 8.3670894439e-02 2.2948114395e+00 8.0276108603e+00
323 6.1111640410e-01 8.2870098145e-02 2.2838065631e+00 7.9541975487e+00
324 6.1109363092e-01 8.2823478857e-02 2.2824551111e+00 7.9503198714e+00
325 6.1096975632e-01 8.3222724364e-02 2.3311393464e+00 8.2963960505e+00
326 6.1076822223e-01 8.2831081471e-02 2.3102062969e+00 8.1979658662e+00
327 6.1094877020e-01 8.3399151884e-02 2.3341118791e+00 8.3500273614e+00
328 6.1063232413e-01 8.2518480623e-02 2.2995224306e+00 8.0842745676e+00
329 6.1112552556e-01 8.3136669710e-02 2.2715708923e+00 7.9089444285e+00
330 6.1083134873e-01 8.2945132252e-02 2.2844586524e+00 7.9831218486e+00
331 6.1055160529e-01 8.2779748435e-02 2.2964921200e+00 8.0571827721e+00
332 6.1068334946e-01 8.3292959074e-02 2.3075767854e+00 8.1145761952e+00
333 6.1125255703e-01 8.4494389980e-02 2.3007155220e+00 8.0520511791e+00
334 6.1148343347e-01 8.4608096812e-02 2.2833273893e+00 7.9513898085e+00
335 6.1153647253e-01 8.4571436923e-02 2.2838774669e+00 7.9534776598e+00
336 6.1153422180e-01 8.4588516608e-02 2.2861649399e+00 7.9608734553e+00
337 6.1149783689e-01 8.4486350829e-02 2.2833381744e+00 7.9445935980e+00
338 6.1151251125e-01 8.4483469327e-02 2.2830971724e+00 7.9465584942e+00
339 6.1173181297e-01 8.4781442787e-02 2.2683724409e+00 7.8563601421e+00
340 6.1204469704e-01 8.5529826293e-02 2.2629083980e+00 7.8084827806e+00
341 6.1232656396e-01 8.6436278097e-02 2.2761216058e+00 7.9103112174e+00
342 6.1216965867e-01 8.6242525623e-02 2.2864287451e+00 7.9798129842e+00
343 6.1205205228e-01 8.5728246480e-02 2.2725476761e+00 7.9203020152e+00
344 6.1206343273e-01 8.5755843945e-02 2.2700622513e+00 7.9090101662e+00
345 6.1212835519e-01 8.5864508299e-02 2.2719337722e+00 7.9183304383e+00
346 6.1166998241e-01 8.5352919135e-02 2.2993257713e+00 8.0852847429e+00
347 6.1188911807e-01 8.5718729393e-02 2.2851916659e+00 7.9972309725e+00
348 6.1159038088e-01 8.5432039731e-02 2.2992801119e+00 8.0856741658e+00
349 6.1159527494e-01 8.5959505934e-02 2.3061112034e+00 8.1046329422e+00
350 6.1236727300e-01 8.7550090713e-02 2.3021168701e+00 8.0310101528e+00
351 6.1271801149e-01 8.8199494230e-02 2.3020439431e+00 8.0127491328e+00
352 6.1284296160e-01 8.8756944844e-02 2.3063986891e+00 8.0273951116e+00
353 6.1282309301e-01 8.8730179814e-02 2.3059613795e+00 8.0288628375e+00
354 6.1307301442e-01 8.9658518962e-02 2.3188290538e+00 8.0718016407e+00
355 6.1306973454e-01 8.9655372948e-02 2.3193336554e+00 8.0730586875e+00
356 6.1261546240e-01 8.9166662738e-02 2.3462694693e+00 8.2356023318e+00
357 6.1265421499e-01 8.9151132426e-02 2.3462899116e+00 8.2373219155e+00
358 6.1286534563e-01 8.9809831212e-02 2.3768050724e+00 8.4518491648e+00
359 6.1260472397e-01 8.9599053106e-02 2.3895787789e+00 8.5318668388e+00
360 6.1259757080e-01 8.9686899604e-02 2.3827268905e+00 8.5074278987e+00
361 6.1251810365e-01 8.9246426543e-02 2.3516980385e+00 8.3221124721e+00
362 6.1248368370e-01 8.9262672338e-02 2.3512369202e+00 8.3200300010e+00
363 6.1264013152e-01 8.9470236893e-02 2.3375001408e+00 8.2447627003e+00
364 6.1277374664e-01 8.9766446250e-02 2.3212710918e+00 8.1528511890e+00
365 6.1268990891e-01 8.9456483143e-02 2.3205077468e+00 8.1680878880e+00
