1 5.9282947138e-01 1.1102230246e-16 1.0000000000e+00 1.0000000000e+00
2 5.9274327299e-01 2.2040173454e-03 -1.3774499239e+01 2.7350116523e+02
3 5.9276162584e-01 3.5458250979e-03 -6.5007473962e+00 1.2546244371e+02
4 5.9267443917e-01 4.2672147001e-03 -6.3715740050e+00 9.3142677928e+01
5 5.9263014870e-01 4.6715344546e-03 -5.9068900642e+00 7.7339665722e+01
6 5.9260642470e-01 4.7565431427e-03 -5.6912787841e+00 7.2496018425e+01
7 5.9253130086e-01 5.1350514271e-03 -5.4956762868e+00 6.1905061401e+01
8 5.9278258483e-01 9.1512021784e-03 1.5406754380e+01 4.2696178772e+02
9 5.9288323971e-01 1.2070362259e-02 1.3609870608e+01 2.8078502255e+02
10 5.9281719324e-01 1.2294954482e-02 1.2780516724e+01 2.6159324039e+02
11 5.9323536707e-01 1.6205217867e-02 1.1411851119e+01 1.7094128463e+02
12 5.9319302310e-01 1.6316908899e-02 1.1159379634e+01 1.6651437669e+02
13 5.9306647816e-01 1.6487151343e-02 1.0798962636e+01 1.6018405986e+02
14 5.9359773677e-01 1.9510351247e-02 9.8289021701e+00 1.2106017685e+02
15 5.9382861329e-01 2.0862487062e-02 9.3818990976e+00 1.0751123039e+02
16 5.9402194730e-01 2.2141688162e-02 8.9686882111e+00 9.6458603880e+01
17 5.9443650541e-01 2.4326555663e-02 8.3101014080e+00 8.0420665620e+01
18 5.9432428381e-01 2.4417859164e-02 8.2192727066e+00 7.9396683368e+01
19 5.9462332816e-01 2.5531893149e-02 7.9028686477e+00 7.2804170707e+01
20 5.9460148226e-01 2.5543201681e-02 7.8946622846e+00 7.2702490434e+01
21 5.9456402074e-01 2.5652601404e-02 7.7847989487e+00 7.1548686244e+01
22 5.9458100421e-01 2.5683737116e-02 7.7529800591e+00 7.1184020478e+01
23 5.9464003555e-01 2.5828605431e-02 7.7411529219e+00 7.1036271323e+01
24 5.9463906613e-01 2.5855665729e-02 7.7165326314e+00 7.0742137646e+01
25 5.9459110125e-01 2.5912071408e-02 7.6640576584e+00 7.0199324199e+01
26 5.9462423242e-01 2.5921968570e-02 7.6524924409e+00 7.0053187128e+01
27 5.9479131330e-01 2.7065164164e-02 7.3068602725e+00 6.4135683702e+01
28 5.9482154227e-01 2.6966313262e-02 7.2739989037e+00 6.3750877175e+01
29 5.9475983258e-01 2.7011855112e-02 7.2434568142e+00 6.3384814428e+01
30 5.9483044705e-01 2.7026411492e-02 7.2246406767e+00 6.3173350084e+01
31 5.9478259250e-01 2.7048717267e-02 7.2103233109e+00 6.3018062299e+01
32 5.9476316950e-01 2.7119948001e-02 7.1491920302e+00 6.2395063780e+01
33 5.9482841649e-01 2.7152361375e-02 7.1195775237e+00 6.2032801361e+01
34 5.9483539464e-01 2.7192372152e-02 7.0890647954e+00 6.1665890230e+01
35 5.9528601334e-01 2.9012997004e-02 6.6999903864e+00 5.4243954168e+01
36 5.9540834540e-01 2.9982157981e-02 6.5065129179e+00 5.0956262898e+01
37 5.9537287843e-01 3.0038481000e-02 6.4679989134e+00 5.0614538156e+01
38 5.9539988463e-01 3.0124901463e-02 6.4096979239e+00 5.0030426766e+01
39 5.9540986758e-01 3.0231435658e-02 6.3297562485e+00 4.9352305312e+01
40 5.9581052924e-01 3.1971181317e-02 6.0675934056e+00 4.4643191608e+01
41 5.9577056190e-01 3.1987827335e-02 6.0616293605e+00 4.4579594140e+01
42 5.9599387118e-01 3.2815073659e-02 5.9378659414e+00 4.2501696072e+01
43 5.9599882346e-01 3.2870298611e-02 5.9088534227e+00 4.2217400928e+01
44 5.9626649038e-01 3.3668077321e-02 5.7927533676e+00 4.0339291004e+01
45 5.9643375017e-01 3.4504131816e-02 5.6568609831e+00 3.8422537522e+01
46 5.9660949035e-01 3.5378330961e-02 5.5518907295e+00 3.6847092223e+01
47 5.9674417834e-01 3.6076060638e-02 5.4378769885e+00 3.5295302795e+01
48 5.9675084863e-01 3.6085094469e-02 5.4329608575e+00 3.5256152670e+01
49 5.9666007653e-01 3.5957511734e-02 5.4015818907e+00 3.5024543625e+01
50 5.9659995451e-01 3.6048275881e-02 5.3596166970e+00 3.4717981781e+01
51 5.9681006216e-01 3.6776061368e-02 5.2720796484e+00 3.3436780346e+01
52 5.9678909077e-01 3.6804053885e-02 5.2601035743e+00 3.3349112014e+01
53 5.9673145696e-01 3.6828585033e-02 5.2519468291e+00 3.3297662586e+01
54 5.9672294320e-01 3.6837321709e-02 5.2485208932e+00 3.3270982996e+01
55 5.9692554535e-01 3.7574311688e-02 5.1549839913e+00 3.2005949750e+01
56 5.9710005470e-01 3.8250874805e-02 5.0498979336e+00 3.0732310111e+01
57 5.9705528209e-01 3.8331278962e-02 5.0169747828e+00 3.0507308250e+01
58 5.9728273776e-01 3.8853284196e-02 4.9273977244e+00 2.9422377332e+01
59 5.9726681824e-01 3.8889471542e-02 4.9129578848e+00 2.9324164742e+01
60 5.9755331844e-01 3.9539461424e-02 4.8465610871e+00 2.8416233568e+01
61 5.9744568598e-01 3.9371892010e-02 4.8102239277e+00 2.8186437062e+01
62 5.9739646853e-01 3.9425754279e-02 4.7908443284e+00 2.8061357189e+01
63 5.9734536503e-01 3.9463504312e-02 4.7780030151e+00 2.7983007925e+01
64 5.9758750724e-01 4.0064741854e-02 4.7020881500e+00 2.7070597228e+01
65 5.9753829860e-01 4.0172888221e-02 4.6932984669e+00 2.7006453151e+01
66 5.9755957406e-01 4.0015621279e-02 4.6892756948e+00 2.7005194143e+01
67 5.9778505798e-01 4.0775539491e-02 4.5838647274e+00 2.5942940247e+01
68 5.9776524952e-01 4.0781511532e-02 4.5845608607e+00 2.5934278415e+01
69 5.9774929150e-01 4.0866257168e-02 4.5791184855e+00 2.5882231098e+01
70 5.9792960762e-01 4.1470945107e-02 4.5248664017e+00 2.5166413073e+01
71 5.9807104249e-01 4.2206834652e-02 4.4560160472e+00 2.4385165417e+01
72 5.9827731789e-01 4.2715123602e-02 4.3950204422e+00 2.3732886471e+01
73 5.9874266064e-01 4.3909577781e-02 4.2832474016e+00 2.2454684362e+01
74 5.9875239821e-01 4.3908865778e-02 4.2827946564e+00 2.2452340883e+01
75 5.9874599924e-01 4.3908828853e-02 4.2832280301e+00 2.2454915845e+01
76 5.9921744144e-01 4.5107812497e-02 4.1740135819e+00 2.1269769214e+01
77 5.9916770657e-01 4.5176605753e-02 4.1546708049e+00 2.1163194774e+01
78 5.9944198572e-01 4.5909687067e-02 4.1117278881e+00 2.0694171580e+01
79 5.9950076661e-01 4.5907771646e-02 4.1089398030e+00 2.0676450539e+01
80 5.9973473486e-01 4.6409532005e-02 4.0591186990e+00 2.0162990772e+01
81 5.9969881969e-01 4.6472572155e-02 4.0404118071e+00 2.0073771906e+01
82 5.9964571212e-01 4.6496361167e-02 4.0370767478e+00 2.0051125412e+01
83 6.0004064297e-01 4.8063893515e-02 4.1305547030e+00 2.1359329741e+01
84 6.0028322558e-01 4.8612724909e-02 4.0773058402e+00 2.0794369060e+01
85 6.0066340740e-01 5.0227176185e-02 4.1256341280e+00 2.1311108606e+01
86 6.0065632835e-01 5.0230253115e-02 4.1254587665e+00 2.1308175678e+01
87 6.0083585922e-01 5.1285461144e-02 4.2768859424e+00 2.3281751088e+01
88 6.0077664087e-01 5.1321222447e-02 4.2698709414e+00 2.3239075919e+01
89 6.0075754779e-01 5.1361616655e-02 4.2596977064e+00 2.3173586737e+01
90 6.0051930038e-01 5.0495000462e-02 4.1651071748e+00 2.2152769576e+01
91 6.0027660892e-01 4.9337963602e-02 3.9859384511e+00 1.9842668043e+01
92 6.0025643300e-01 4.9304830554e-02 3.9810415690e+00 1.9828569247e+01
93 6.0062937941e-01 5.0320926020e-02 3.8786626760e+00 1.8837787624e+01
94 6.0053795865e-01 5.0366809225e-02 3.8716460268e+00 1.8799530713e+01
95 6.0052459415e-01 5.0453595996e-02 3.8712139530e+00 1.8815518563e+01
96 6.0053362390e-01 5.0546146283e-02 3.8614829965e+00 1.8755966508e+01
97 6.0047967093e-01 5.0454729819e-02 3.8653933709e+00 1.8794067439e+01
98 6.0040348342e-01 5.0475940870e-02 3.8649833139e+00 1.8784731449e+01
99 6.0038191396e-01 5.0503629390e-02 3.8586671970e+00 1.8751584615e+01
100 6.0063440425e-01 5.1007129252e-02 3.8172018469e+00 1.8327381105e+01
101 6.0079300474e-01 5.1910737740e-02 3.9218439214e+00 1.9577926992e+01
102 6.0088362928e-01 5.2464056940e-02 3.8701249917e+00 1.9078893964e+01
103 6.0131606861e-01 5.3500539368e-02 3.7813493521e+00 1.8197704694e+01
104 6.0135977840e-01 5.3587435249e-02 3.7720324612e+00 1.8146811359e+01
105 6.0159287419e-01 5.3991407393e-02 3.7358725830e+00 1.7780715616e+01
106 6.0177168777e-01 5.4603682793e-02 3.7118901416e+00 1.7676895033e+01
107 6.0176709968e-01 5.4611867783e-02 3.7137881767e+00 1.7679173989e+01
108 6.0178943826e-01 5.4659961006e-02 3.7150396992e+00 1.7679225077e+01
109 6.0243450528e-01 5.7249402283e-02 3.7576958619e+00 1.8257112347e+01
110 6.0269879123e-01 5.7736632785e-02 3.7182240721e+00 1.7859924789e+01
111 6.0269571421e-01 5.7267004031e-02 3.6237283574e+00 1.6951433115e+01
112 6.0264524404e-01 5.7309735484e-02 3.6169726398e+00 1.6914915765e+01
113 6.0261572717e-01 5.7335668858e-02 3.6126937894e+00 1.6892699111e+01
114 6.0246533407e-01 5.6411463868e-02 3.5148362963e+00 1.5865607565e+01
115 6.0276407908e-01 5.7543523907e-02 3.4953203582e+00 1.5664440919e+01
116 6.0294311199e-01 5.7873740006e-02 3.4622548598e+00 1.5381750173e+01
117 6.0345155849e-01 5.9869186934e-02 3.5376341545e+00 1.6138436921e+01
118 6.0344488728e-01 5.9868798159e-02 3.5379369836e+00 1.6140735137e+01
119 6.0340555561e-01 6.0280838700e-02 3.5973023425e+00 1.6664386410e+01
120 6.0331230832e-01 6.0347015272e-02 3.5882438748e+00 1.6615370150e+01
121 6.0327376108e-01 6.0392344460e-02 3.5803764794e+00 1.6576696874e+01
122 6.0331900038e-01 6.0494664242e-02 3.5764637681e+00 1.6537710428e+01
123 6.0310257787e-01 5.9953176021e-02 3.5532062275e+00 1.6402776522e+01
124 6.0308761708e-01 5.9997969970e-02 3.5440234478e+00 1.6360240120e+01
125 6.0300052333e-01 5.9960670346e-02 3.5356694887e+00 1.6346720460e+01
126 6.0322986298e-01 6.0428362017e-02 3.5018366739e+00 1.6024283190e+01
127 6.0306332941e-01 6.0529787952e-02 3.4885401285e+00 1.5960230119e+01
128 6.0301317824e-01 6.0593329725e-02 3.4775421833e+00 1.5907786987e+01
129 6.0362411607e-01 6.1862120634e-02 3.3880403306e+00 1.5079110587e+01
130 6.0359548701e-01 6.1872754227e-02 3.3840274122e+00 1.5061599795e+01
131 6.0445297916e-01 6.3580556527e-02 3.3413546830e+00 1.4714895410e+01
132 6.0453916396e-01 6.3296403436e-02 3.2550134280e+00 1.3924539385e+01
133 6.0438149387e-01 6.2530790482e-02 3.2053977437e+00 1.3496069607e+01
134 6.0420585252e-01 6.2598556032e-02 3.2010302949e+00 1.3475784376e+01
135 6.0439524007e-01 6.3038763339e-02 3.1673702671e+00 1.3218968653e+01
136 6.0467691926e-01 6.3451751247e-02 3.1435603482e+00 1.3005222886e+01
137 6.0465628553e-01 6.3500528910e-02 3.1367590620e+00 1.2970506094e+01
138 6.0503828349e-01 6.4444808465e-02 3.1271209550e+00 1.2874034871e+01
139 6.0506265525e-01 6.4412243175e-02 3.1231876178e+00 1.2860547781e+01
140 6.0510025171e-01 6.4399907917e-02 3.1222075048e+00 1.2856500856e+01
141 6.0499595428e-01 6.4477309792e-02 3.1132103077e+00 1.2818091273e+01
142 6.0490905115e-01 6.4634313580e-02 3.1101977943e+00 1.2796346379e+01
143 6.0515388962e-01 6.5000869214e-02 3.0859548925e+00 1.2596567161e+01
144 6.0512506887e-01 6.5017368933e-02 3.0845127636e+00 1.2589643211e+01
145 6.0528282448e-01 6.4655485230e-02 3.0213072867e+00 1.2065073048e+01
146 6.0562029151e-01 6.5988411879e-02 3.0852689094e+00 1.2604656776e+01
147 6.0599256722e-01 6.7053205452e-02 3.0781643809e+00 1.2533129941e+01
148 6.0624241968e-01 6.7293593563e-02 3.0541210479e+00 1.2360826650e+01
149 6.0624584510e-01 6.7259471738e-02 3.0538971920e+00 1.2365001677e+01
150 6.0623931502e-01 6.7353610351e-02 3.0564782566e+00 1.2386588671e+01
151 6.0625253525e-01 6.7363630037e-02 3.0541985546e+00 1.2377166089e+01
152 6.0640997879e-01 6.7740723515e-02 3.0275307901e+00 1.2177319273e+01
153 6.0678086754e-01 6.8853465077e-02 3.0461861677e+00 1.2354439564e+01
154 6.0670271542e-01 6.9304139778e-02 3.1451634391e+00 1.3311653625e+01
155 6.0664602245e-01 6.9239066684e-02 3.1466599295e+00 1.3332516357e+01
156 6.0681417102e-01 6.9919374922e-02 3.1792793569e+00 1.3590334387e+01
157 6.0673553799e-01 6.9960478358e-02 3.1754471489e+00 1.3574545077e+01
158 6.0675579999e-01 6.9976555620e-02 3.1719835000e+00 1.3558981050e+01
159 6.0690087108e-01 7.0597767178e-02 3.1877881040e+00 1.3643441209e+01
160 6.0698398279e-01 7.1261754824e-02 3.2084309814e+00 1.3778633631e+01
161 6.0695315609e-01 7.1331817805e-02 3.2044115393e+00 1.3754341061e+01
162 6.0739117160e-01 7.2273632264e-02 3.1909943278e+00 1.3604253430e+01
163 6.0732797720e-01 7.2289372039e-02 3.1856143797e+00 1.3588598194e+01
164 6.0735835548e-01 7.2339459432e-02 3.1830339740e+00 1.3571777445e+01
165 6.0736612550e-01 7.2329637082e-02 3.1810990336e+00 1.3569856920e+01
166 6.0768008663e-01 7.3534565181e-02 3.2144223581e+00 1.3759848378e+01
167 6.0780734054e-01 7.3965354200e-02 3.1822449848e+00 1.3516382524e+01
168 6.0763603117e-01 7.3350105037e-02 3.1536033138e+00 1.3318269011e+01
169 6.0750081637e-01 7.2560448498e-02 3.0953723163e+00 1.2780665135e+01
170 6.0806379835e-01 7.3791017489e-02 3.0553363330e+00 1.2443585404e+01
171 6.0806394776e-01 7.3749010340e-02 3.0567480187e+00 1.2456429863e+01
172 6.0839480350e-01 7.4977070060e-02 3.0973426988e+00 1.2730825635e+01
173 6.0857909269e-01 7.5234594137e-02 3.0748793267e+00 1.2570469568e+01
174 6.0860410858e-01 7.5207728088e-02 3.0756189130e+00 1.2577085395e+01
175 6.0797452731e-01 7.3746202327e-02 3.0532937316e+00 1.2449055319e+01
176 6.0744741998e-01 7.2897892309e-02 3.0640858890e+00 1.2572571492e+01
177 6.0708756769e-01 7.1682751463e-02 3.0384928958e+00 1.2453960341e+01
178 6.0716009619e-01 7.1762406661e-02 3.0370095978e+00 1.2434384476e+01
179 6.0719362912e-01 7.1912564514e-02 3.0493420482e+00 1.2536905351e+01
180 6.0762798730e-01 7.2668959488e-02 2.9970741036e+00 1.2151318807e+01
181 6.0808402898e-01 7.4215967787e-02 3.0053707985e+00 1.2164660101e+01
182 6.0801651950e-01 7.4679072837e-02 3.0487260033e+00 1.2478433990e+01
183 6.0782870101e-01 7.4113632233e-02 3.0223501761e+00 1.2337535003e+01
184 6.0802522879e-01 7.4574522834e-02 3.0049123833e+00 1.2226450059e+01
185 6.0816566647e-01 7.5394518530e-02 3.0503594173e+00 1.2665526198e+01
186 6.0812178470e-01 7.5441568052e-02 3.0450783504e+00 1.2642507755e+01
187 6.0820892190e-01 7.4887575834e-02 2.9685129250e+00 1.2016083981e+01
188 6.0818534170e-01 7.4925405529e-02 2.9663126347e+00 1.2004226663e+01
189 6.0845219776e-01 7.5251607930e-02 2.9414346480e+00 1.1825604918e+01
190 6.0788854478e-01 7.4419312714e-02 2.9325450517e+00 1.1815195267e+01
191 6.0784715313e-01 7.4457294698e-02 2.9283080366e+00 1.1799306088e+01
192 6.0759728751e-01 7.4089875005e-02 2.9483915617e+00 1.1971573966e+01
193 6.0760586977e-01 7.4730966049e-02 2.9671058683e+00 1.2092761884e+01
194 6.0772340208e-01 7.4346679139e-02 2.9210133830e+00 1.1750159508e+01
195 6.0753441460e-01 7.3893864555e-02 2.9445328945e+00 1.1942828391e+01
196 6.0795088162e-01 7.4812110985e-02 2.9544484686e+00 1.2023525782e+01
197 6.0813577139e-01 7.5068933496e-02 2.9332962450e+00 1.1878495524e+01
198 6.0782372635e-01 7.3703839548e-02 2.8920929767e+00 1.1633033764e+01
199 6.0779325585e-01 7.3727237590e-02 2.8902924536e+00 1.1623324223e+01
200 6.0789832604e-01 7.3920520928e-02 2.8707071571e+00 1.1498995316e+01
201 6.0805651756e-01 7.4342410897e-02 2.8478335084e+00 1.1323316754e+01
202 6.0808264732e-01 7.4370508214e-02 2.8435590131e+00 1.1302604024e+01
203 6.0786649731e-01 7.3894358930e-02 2.8182732933e+00 1.1171380384e+01
204 6.0783332365e-01 7.3884295675e-02 2.8163130018e+00 1.1167792360e+01
205 6.0767407666e-01 7.3397254809e-02 2.7944559968e+00 1.0994857277e+01
206 6.0792939992e-01 7.4498154031e-02 2.8114459455e+00 1.1052746246e+01
207 6.0803598947e-01 7.5124957289e-02 2.8503130099e+00 1.1364131292e+01
208 6.0817499408e-01 7.5403771137e-02 2.8304357538e+00 1.1221734896e+01
209 6.0815955529e-01 7.5477794631e-02 2.8377595785e+00 1.1283903488e+01
210 6.0828439582e-01 7.6086510861e-02 2.8583749043e+00 1.1422711282e+01
211 6.0821960844e-01 7.6019806914e-02 2.8514052187e+00 1.1385451769e+01
212 6.0823639547e-01 7.6029818981e-02 2.8495047210e+00 1.1376922482e+01
213 6.0883455615e-01 7.7274936738e-02 2.8266520755e+00 1.1181232152e+01
214 6.0881150950e-01 7.7253154672e-02 2.8178972016e+00 1.1116703852e+01
215 6.0860436631e-01 7.6684981408e-02 2.7863195025e+00 1.0863684151e+01
216 6.0861321043e-01 7.6678829690e-02 2.7868306406e+00 1.0865650878e+01
217 6.0878111887e-01 7.7265998980e-02 2.8031696077e+00 1.0974558820e+01
218 6.0868248214e-01 7.7360071354e-02 2.7934127405e+00 1.0940093432e+01
219 6.0867410962e-01 7.7272910194e-02 2.7954858155e+00 1.0961394589e+01
220 6.0871361645e-01 7.7317744311e-02 2.7931094501e+00 1.0949262730e+01
221 6.0918542346e-01 7.7960512654e-02 2.7542368936e+00 1.0667477514e+01
222 6.0920000824e-01 7.7963356116e-02 2.7533165377e+00 1.0663933242e+01
223 6.0917282422e-01 7.7985877895e-02 2.7514644657e+00 1.0655955226e+01
224 6.0874113412e-01 7.7257458793e-02 2.7533101937e+00 1.0700093317e+01
225 6.0884938465e-01 7.7630335259e-02 2.7289999414e+00 1.0508919546e+01
226 6.0886537261e-01 7.7679909066e-02 2.7283169833e+00 1.0502168930e+01
227 6.0885950294e-01 7.7805649818e-02 2.7418095432e+00 1.0634327338e+01
228 6.0904738401e-01 7.7924269694e-02 2.7282815477e+00 1.0549221913e+01
229 6.0924059726e-01 7.8060196581e-02 2.7036801091e+00 1.0376593311e+01
230 6.0919974996e-01 7.8070107379e-02 2.7038366716e+00 1.0377263142e+01
231 6.0822414930e-01 7.6659126853e-02 2.7118663467e+00 1.0500782598e+01
232 6.0802418309e-01 7.6456168147e-02 2.7251168107e+00 1.0645405313e+01
233 6.0825782073e-01 7.6626341410e-02 2.7097997210e+00 1.0543972577e+01
234 6.0834590902e-01 7.7192985403e-02 2.7248504988e+00 1.0621028726e+01
235 6.0848596598e-01 7.7881853811e-02 2.7460852611e+00 1.0733440657e+01
236 6.0807325523e-01 7.7037082543e-02 2.7486796069e+00 1.0803155409e+01
237 6.0830009304e-01 7.7281728249e-02 2.7253154356e+00 1.0661563020e+01
238 6.0823809723e-01 7.7271563776e-02 2.7248375320e+00 1.0664394113e+01
239 6.0809358332e-01 7.6785549012e-02 2.7134069300e+00 1.0617665569e+01
240 6.0789270531e-01 7.6344823942e-02 2.7026295024e+00 1.0592966832e+01
241 6.0770711862e-01 7.5794154708e-02 2.6855495463e+00 1.0501365898e+01
242 6.0751013992e-01 7.5348884723e-02 2.7018922314e+00 1.0644953077e+01
243 6.0776773051e-01 7.5610924426e-02 2.6824908959e+00 1.0511162312e+01
244 6.0778023304e-01 7.5663183378e-02 2.6750282460e+00 1.0480131168e+01
245 6.0797743673e-01 7.6098392802e-02 2.6511550481e+00 1.0316949624e+01
246 6.0818506530e-01 7.6367782312e-02 2.6329826653e+00 1.0190836832e+01
247 6.0831915921e-01 7.6691487391e-02 2.6124357078e+00 1.0053464619e+01
248 6.0814887303e-01 7.6434633451e-02 2.6035377868e+00 1.0001993583e+01
249 6.0822195841e-01 7.6816247825e-02 2.5775771754e+00 9.8496546365e+00
250 6.0831294933e-01 7.6811943100e-02 2.5745489836e+00 9.8396176398e+00
251 6.0839946540e-01 7.7131631254e-02 2.5464971515e+00 9.7021944754e+00
252 6.0867215709e-01 7.7524887352e-02 2.5291954247e+00 9.5718477762e+00
253 6.0898046365e-01 7.8463262373e-02 2.5532826987e+00 9.6856957840e+00
254 6.0897319464e-01 7.8462594952e-02 2.5537021678e+00 9.6868276696e+00
255 6.0913935895e-01 7.9199683147e-02 2.6049371631e+00 1.0110814352e+01
256 6.0934482153e-01 7.9498138294e-02 2.5849963495e+00 9.9795963402e+00
257 6.0934982800e-01 7.9515088613e-02 2.5826053189e+00 9.9711011101e+00
258 6.0925910713e-01 7.9504935268e-02 2.5792556809e+00 9.9716476924e+00
259 6.0824025206e-01 7.6838182408e-02 2.4930522958e+00 9.3222525535e+00
260 6.0855519902e-01 7.8107974820e-02 2.5565080908e+00 9.8168665179e+00
261 6.0856571366e-01 7.8089288253e-02 2.5539102457e+00 9.8132322495e+00
262 6.0809294281e-01 7.7664439771e-02 2.5807488268e+00 1.0014535833e+01
263 6.0787880669e-01 7.7442986253e-02 2.5972454996e+00 1.0135958401e+01
264 6.0805117774e-01 7.7653997359e-02 2.5823926881e+00 1.0034943343e+01
265 6.0809701952e-01 7.8318895688e-02 2.6043550573e+00 1.0177698779e+01
266 6.0846971125e-01 7.9046329934e-02 2.5971942446e+00 1.0083634482e+01
267 6.0849135186e-01 7.9065009436e-02 2.5942674869e+00 1.0071783087e+01
268 6.0851141450e-01 7.9113845802e-02 2.5900883516e+00 1.0054574645e+01
269 6.0850187879e-01 7.9146064649e-02 2.5875393086e+00 1.0048762478e+01
270 6.0852896207e-01 7.9156015732e-02 2.5855368371e+00 1.0040258790e+01
271 6.0857241024e-01 7.9230348165e-02 2.5886843158e+00 1.0079872554e+01
272 6.0772913654e-01 7.7757418862e-02 2.6120218704e+00 1.0294070390e+01
273 6.0774557763e-01 7.7806882011e-02 2.6054170438e+00 1.0266742954e+01
274 6.0809827024e-01 7.8632658828e-02 2.5946293101e+00 1.0134031237e+01
275 6.0825641128e-01 7.9159894067e-02 2.6101609412e+00 1.0203154199e+01
276 6.0804135679e-01 7.8731241583e-02 2.5886870040e+00 1.0063296277e+01
277 6.0778694570e-01 7.8375839542e-02 2.6035999331e+00 1.0191052192e+01
278 6.0775448858e-01 7.8379476672e-02 2.6023812387e+00 1.0185987314e+01
279 6.0772183722e-01 7.8344278263e-02 2.6028008487e+00 1.0169323045e+01
280 6.0759643880e-01 7.8336450733e-02 2.5936866812e+00 1.0119845374e+01
281 6.0750594469e-01 7.8366689191e-02 2.5910731016e+00 1.0108495073e+01
282 6.0745762108e-01 7.8407941249e-02 2.5876170966e+00 1.0094910741e+01
283 6.0742987645e-01 7.8337844582e-02 2.5771823522e+00 1.0008249389e+01
284 6.0764154150e-01 7.8642905098e-02 2.5574256964e+00 9.8919134222e+00
285 6.0752648446e-01 7.8635457322e-02 2.5662039459e+00 9.9431100786e+00
286 6.0774711852e-01 7.8939006384e-02 2.5494435319e+00 9.8211653654e+00
287 6.0794643980e-01 7.9387558748e-02 2.5324448688e+00 9.6903170672e+00
288 6.0781716951e-01 7.8910741658e-02 2.5249813863e+00 9.6849922294e+00
289 6.0779793544e-01 7.8950083773e-02 2.5243999847e+00 9.6765541507e+00
290 6.0778223445e-01 7.9068161064e-02 2.5346268326e+00 9.7827992094e+00
291 6.0779119135e-01 7.9087640857e-02 2.5319572488e+00 9.7724257616e+00
292 6.0814211574e-01 8.0000257932e-02 2.5548205001e+00 9.9544550151e+00
293 6.0863659307e-01 8.1486617789e-02 2.5792985471e+00 1.0066600621e+01
294 6.0869300359e-01 8.1962676079e-02 2.5896943053e+00 1.0101228738e+01
295 6.0883182039e-01 8.2550268984e-02 2.6037961065e+00 1.0164477669e+01
296 6.0903506956e-01 8.2647212367e-02 2.5930768617e+00 1.0099593988e+01
297 6.0926132975e-01 8.3214741628e-02 2.5988136918e+00 1.0102918762e+01
298 6.0920100717e-01 8.3258014266e-02 2.5956598587e+00 1.0091033952e+01
299 6.0915537486e-01 8.3215379101e-02 2.5952211386e+00 1.0095581767e+01
300 6.0885936712e-01 8.2262032150e-02 2.5805869719e+00 1.0076883560e+01
301 6.0880448569e-01 8.2324243189e-02 2.5789579920e+00 1.0064543058e+01
302 6.0806905843e-01 8.0378566429e-02 2.5473960810e+00 9.8582343882e+00
303 6.0779093677e-01 7.9333967421e-02 2.5175109211e+00 9.7140529140e+00
304 6.0798146529e-01 7.9746189175e-02 2.5005074052e+00 9.5914017512e+00
305 6.0825359309e-01 8.0727035897e-02 2.5259420676e+00 9.6969611481e+00
306 6.0799632461e-01 8.0484272195e-02 2.5368292596e+00 9.7651734058e+00
307 6.0826088073e-01 8.0751973778e-02 2.5192940549e+00 9.6487432918e+00
308 6.0839198395e-01 8.1333245347e-02 2.5323267112e+00 9.7216616273e+00
309 6.0829105222e-01 8.1380643347e-02 2.5306776611e+00 9.7123855445e+00
310 6.0833748733e-01 8.1494502124e-02 2.5308549401e+00 9.6998077600e+00
311 6.0821974383e-01 8.0906047262e-02 2.5034271729e+00 9.5296673550e+00
312 6.0808035115e-01 8.0668900550e-02 2.4937438336e+00 9.4895381669e+00
313 6.0839353372e-01 8.1037741291e-02 2.4754585807e+00 9.3618681796e+00
314 6.0821027680e-01 8.0580535108e-02 2.4448607934e+00 9.1923730522e+00
315 6.0790440080e-01 8.0011945505e-02 2.4129720381e+00 8.9963802751e+00
316 6.0810844896e-01 8.0730295101e-02 2.4450956958e+00 9.2135182853e+00
317 6.0773922331e-01 7.9958920573e-02 2.4410394284e+00 9.2155259046e+00
318 6.0775958217e-01 7.9929769786e-02 2.4422970851e+00 9.2220297555e+00
319 6.0773198648e-01 8.0009557337e-02 2.4409514967e+00 9.2137559893e+00
320 6.0750011665e-01 7.9260360915e-02 2.3964039159e+00 8.9591052722e+00
321 6.0748785706e-01 7.9244564656e-02 2.3975572918e+00 8.9627669693e+00
322 6.0684207044e-01 7.8253496036e-02 2.4115364228e+00 9.0789660056e+00
323 6.0667581670e-01 7.8026368940e-02 2.4333840612e+00 9.2439537622e+00
324 6.0664267964e-01 7.8039005846e-02 2.4330675989e+00 9.2426005537e+00
325 6.0661481548e-01 7.8037035748e-02 2.4342959508e+00 9.2469976290e+00
326 6.0636841563e-01 7.7717706992e-02 2.4462776415e+00 9.3539677326e+00
327 6.0657537178e-01 7.8028885355e-02 2.4261300097e+00 9.2276683778e+00
328 6.0679227020e-01 7.8325531165e-02 2.4107967126e+00 9.1182136782e+00
329 6.0671756324e-01 7.8375080478e-02 2.4123651990e+00 9.1175229288e+00
330 6.0675057406e-01 7.8406442814e-02 2.4120826613e+00 9.1103183785e+00
331 6.0666428881e-01 7.8405575568e-02 2.4099098188e+00 9.1027584566e+00
332 6.0641933112e-01 7.8169959362e-02 2.4242786539e+00 9.2015878106e+00
333 6.0637436178e-01 7.8103055653e-02 2.4249342007e+00 9.2107347430e+00
334 6.0637244004e-01 7.8112949725e-02 2.4237054970e+00 9.2067391672e+00
335 6.0636825386e-01 7.8165517720e-02 2.4224104130e+00 9.1984148842e+00
336 6.0630750597e-01 7.8179679073e-02 2.4236599368e+00 9.1987091903e+00
337 6.0609682412e-01 7.7548888850e-02 2.3880767859e+00 8.9628862092e+00
338 6.0622061216e-01 7.7508752157e-02 2.3876092710e+00 8.9658253205e+00
339 6.0599108177e-01 7.6760135380e-02 2.3583054300e+00 8.7891514707e+00
340 6.0597828153e-01 7.6750669559e-02 2.3572375488e+00 8.7871190752e+00
341 6.0550948217e-01 7.5919290708e-02 2.3471737694e+00 8.7333707027e+00
342 6.0585325702e-01 7.6565066566e-02 2.3190459623e+00 8.4504864309e+00
343 6.0551623517e-01 7.5549357986e-02 2.2875810886e+00 8.2211993359e+00
344 6.0550846238e-01 7.5610317217e-02 2.2877188603e+00 8.2176395316e+00
345 6.0523657559e-01 7.5665003379e-02 2.2814971132e+00 8.2049047967e+00
346 6.0567025922e-01 7.6236415305e-02 2.2513015900e+00 8.0153980020e+00
347 6.0589700516e-01 7.6545127360e-02 2.2372158310e+00 7.9221330592e+00
348 6.0615495366e-01 7.6864713525e-02 2.2194920126e+00 7.8203076161e+00
349 6.0632574570e-01 7.7471774869e-02 2.2591191766e+00 8.0895628056e+00
350 6.0666799570e-01 7.8507919187e-02 2.3142180514e+00 8.4432576244e+00
351 6.0668655063e-01 7.8508124977e-02 2.3131597078e+00 8.4417751172e+00
352 6.0687318473e-01 7.8818571063e-02 2.2983696154e+00 8.3421008272e+00
353 6.0729062830e-01 7.9159378734e-02 2.2717815541e+00 8.1884992241e+00
354 6.0727699289e-01 7.9170493725e-02 2.2758848433e+00 8.2237236713e+00
355 6.0701962414e-01 7.8940643652e-02 2.2880937394e+00 8.3145141539e+00
356 6.0715643975e-01 7.9477019354e-02 2.3047184995e+00 8.4081477264e+00
357 6.0687699343e-01 7.9190283089e-02 2.3192419946e+00 8.5050913454e+00
358 6.0689591789e-01 7.8944966094e-02 2.2790342518e+00 8.2110029858e+00
359 6.0662232956e-01 7.8572988676e-02 2.2660553154e+00 8.1341247396e+00
360 6.0682392311e-01 7.8791514944e-02 2.2511668121e+00 8.0292105885e+00
361 6.0684414539e-01 7.8786368354e-02 2.2479743230e+00 7.9903940240e+00
362 6.0638611857e-01 7.8044519089e-02 2.2424711327e+00 7.9613974910e+00
363 6.0640992381e-01 7.7984235388e-02 2.2421329294e+00 7.9666661708e+00
364 6.0678001335e-01 7.8989302255e-02 2.2530407376e+00 8.0061797838e+00
365 6.0684631780e-01 7.9034843485e-02 2.2545843455e+00 8.0037656167e+00
