1 5.9282947138e-01 1.1102230246e-16 1.0000000000e+00 1.0000000000e+00
2 5.9271959320e-01 2.7054911095e-03 -1.0204430059e+01 2.4638351815e+02
3 5.9284660083e-01 8.0672206767e-03 2.3354414376e+01 6.9885227055e+02
4 5.9287793981e-01 8.0977128252e-03 2.3083826088e+01 6.8804076473e+02
5 5.9325400042e-01 1.3349530735e-02 1.5628134590e+01 2.7673160554e+02
6 5.9338933500e-01 1.5386931214e-02 1.3585690501e+01 2.0854079991e+02
7 5.9337680713e-01 1.8360590120e-02 1.5170442733e+01 2.7109614772e+02
8 5.9326259442e-01 1.5659200026e-02 1.2861712054e+01 1.9500559089e+02
9 5.9320940512e-01 1.5799223443e-02 1.2497587422e+01 1.8845570443e+02
10 5.9316768979e-01 1.5872669682e-02 1.2328697019e+01 1.8513839324e+02
11 5.9332801176e-01 1.7614802856e-02 1.1272774266e+01 1.5209885957e+02
12 5.9376818505e-01 2.0475003632e-02 1.0036266250e+01 1.1565241322e+02
13 5.9375337244e-01 2.0500655805e-02 9.9971602462e+00 1.1511226219e+02
14 5.9398942220e-01 2.1837322775e-02 9.4411529524e+00 1.0173153264e+02
15 5.9398204921e-01 2.1877775939e-02 9.3898994854e+00 1.0099879430e+02
16 5.9393616910e-01 2.1933853482e-02 9.3211169445e+00 1.0005455631e+02
17 5.9430199469e-01 2.4309583267e-02 8.5303510153e+00 8.2332444167e+01
18 5.9451673613e-01 2.5550181520e-02 8.1905556176e+00 7.5502808536e+01
19 5.9478865646e-01 2.6700664264e-02 7.9101942212e+00 6.9960659954e+01
20 5.9466033563e-01 2.6882801541e-02 7.7369014734e+00 6.8299654327e+01
21 5.9458996651e-01 2.6942646504e-02 7.6866023657e+00 6.7787257856e+01
22 5.9446098598e-01 2.7042262296e-02 7.6064807551e+00 6.6953942865e+01
23 5.9444479618e-01 2.6940844726e-02 7.5978687628e+00 6.6883214372e+01
24 5.9471388029e-01 2.7868617769e-02 7.3171758448e+00 6.1947507141e+01
25 5.9477459237e-01 2.7897515031e-02 7.2886695728e+00 6.1629004718e+01
26 5.9485989759e-01 2.8950825445e-02 7.0067901577e+00 5.7098360463e+01
27 5.9477130492e-01 2.9020523141e-02 6.9588583407e+00 5.6647084370e+01
28 5.9494783686e-01 2.9864752175e-02 6.7569987781e+00 5.3202839041e+01
29 5.9505427940e-01 3.0854230424e-02 6.5275323561e+00 4.9752349911e+01
30 5.9496217245e-01 3.0905309729e-02 6.5014914092e+00 4.9504873992e+01
31 5.9488325183e-01 3.0999537314e-02 6.4452172007e+00 4.8981393922e+01
32 5.9483154072e-01 3.1023537007e-02 6.4344289054e+00 4.8873498909e+01
33 5.9531051267e-01 3.3336340181e-02 6.6699287922e+00 5.3838078960e+01
34 5.9537595265e-01 3.3977727164e-02 6.4481303813e+00 5.0693130155e+01
35 5.9552259944e-01 3.4633314566e-02 6.2712205231e+00 4.8032854674e+01
36 5.9569012954e-01 3.5476946110e-02 6.0858013786e+00 4.5298113140e+01
37 5.9564742355e-01 3.5892599328e-02 6.1868019092e+00 4.7890998765e+01
38 5.9582280629e-01 3.6573361925e-02 6.0428485208e+00 4.5564849993e+01
39 5.9573728093e-01 3.6724004160e-02 6.0086650748e+00 4.5198671248e+01
40 5.9591154705e-01 3.7482111749e-02 5.8827059644e+00 4.3070862918e+01
41 5.9585604792e-01 3.7535840075e-02 5.8589463377e+00 4.2864430076e+01
42 5.9604111926e-01 3.8304134160e-02 5.7141230566e+00 4.0717062976e+01
43 5.9623705045e-01 3.9011498293e-02 5.5964851710e+00 3.8933973881e+01
44 5.9616218968e-01 3.9044257111e-02 5.5870276361e+00 3.8847105825e+01
45 5.9633662241e-01 3.9528264377e-02 5.4798980518e+00 3.7415669264e+01
46 5.9621837096e-01 3.9607025318e-02 5.4505844784e+00 3.7191617779e+01
47 5.9614408697e-01 3.9660357626e-02 5.4321570651e+00 3.7034897075e+01
48 5.9630793029e-01 4.0364243838e-02 5.3071040958e+00 3.5408070904e+01
49 5.9632435660e-01 4.0405134308e-02 5.2878840057e+00 3.5259638713e+01
50 5.9623850179e-01 4.0500957875e-02 5.2504122209e+00 3.4983432375e+01
51 5.9648538355e-01 4.1146645764e-02 5.1628167977e+00 3.3682069934e+01
52 5.9673935514e-01 4.1754357620e-02 5.0804885842e+00 3.2500227748e+01
53 5.9674903716e-01 4.1757027690e-02 5.0787761230e+00 3.2487223755e+01
54 5.9658090073e-01 4.0536861298e-02 4.7547124135e+00 2.7479863661e+01
55 5.9693412449e-01 4.1821921355e-02 4.6193867509e+00 2.5825165501e+01
56 5.9699996094e-01 4.1906803749e-02 4.5913759466e+00 2.5640979092e+01
57 5.9698406726e-01 4.1979462811e-02 4.5898137876e+00 2.5611012079e+01
58 5.9722155257e-01 4.2399013844e-02 4.5202880544e+00 2.4845125937e+01
59 5.9711419251e-01 4.2495508514e-02 4.4893868670e+00 2.4677502611e+01
60 5.9734072996e-01 4.3113784494e-02 4.4320751855e+00 2.3989591060e+01
61 5.9704431839e-01 4.2521358294e-02 4.4850798722e+00 2.4647674572e+01
62 5.9703709558e-01 4.2570289394e-02 4.4697039854e+00 2.4539169116e+01
63 5.9695008377e-01 4.2550003022e-02 4.4555621175e+00 2.4454829609e+01
64 5.9697611176e-01 4.2566112922e-02 4.4485685274e+00 2.4407369191e+01
65 5.9693536223e-01 4.2548649777e-02 4.4496118166e+00 2.4419511040e+01
66 5.9683328977e-01 4.2636915867e-02 4.4240067979e+00 2.4269117069e+01
67 5.9704915186e-01 4.3258905656e-02 4.3451702250e+00 2.3447527069e+01
68 5.9771388911e-01 4.5054998873e-02 4.1957347626e+00 2.1694054760e+01
69 5.9797877895e-01 4.6784726066e-02 4.2864810963e+00 2.3098001873e+01
70 5.9820456450e-01 4.7352229674e-02 4.2306476812e+00 2.2465216624e+01
71 5.9837329123e-01 4.7881783349e-02 4.1671597251e+00 2.1817124993e+01
72 5.9831813015e-01 4.7908657582e-02 4.1628490409e+00 2.1787885244e+01
73 5.9800673495e-01 4.7494025425e-02 4.1960786924e+00 2.2256467220e+01
74 5.9776505734e-01 4.7020406362e-02 4.2431320809e+00 2.2811696353e+01
75 5.9778848859e-01 4.7662037273e-02 4.1774079955e+00 2.2128226555e+01
76 5.9760615412e-01 4.7743280873e-02 4.1643999735e+00 2.2044709854e+01
77 5.9784574962e-01 4.8300181837e-02 4.1122518122e+00 2.1461561084e+01
78 5.9807088809e-01 4.8879327382e-02 4.0531863961e+00 2.0862450830e+01
79 5.9847517359e-01 5.0112849319e-02 3.9558460335e+00 1.9833147135e+01
80 5.9856758414e-01 5.1145331848e-02 4.0738411195e+00 2.1372372333e+01
81 5.9842749620e-01 5.1529681751e-02 4.1896951441e+00 2.2666966809e+01
82 5.9882214496e-01 5.3010697936e-02 4.2497196280e+00 2.3410820493e+01
83 5.9872883849e-01 5.3450233952e-02 4.3759864738e+00 2.4789073399e+01
84 5.9898070135e-01 5.4450033877e-02 4.4273299522e+00 2.5217555079e+01
85 5.9902479488e-01 5.4437239199e-02 4.4283318497e+00 2.5226697143e+01
86 5.9921624182e-01 5.4995555008e-02 4.3579573523e+00 2.4493544030e+01
87 5.9896444297e-01 5.4130261655e-02 4.2608661109e+00 2.3479408298e+01
88 5.9960866410e-01 5.5889748400e-02 4.2246555709e+00 2.2912412623e+01
89 5.9952991236e-01 5.5932780744e-02 4.2168123537e+00 2.2869841708e+01
90 5.9930801717e-01 5.5064799955e-02 4.1631693394e+00 2.2393654602e+01
91 5.9926897672e-01 5.5144404880e-02 4.1609179001e+00 2.2359807903e+01
92 5.9923698937e-01 5.5187706437e-02 4.1513587669e+00 2.2301090538e+01
93 5.9938299078e-01 5.5513473219e-02 4.1033164961e+00 2.1833289218e+01
94 5.9952105439e-01 5.6035629193e-02 4.0560638290e+00 2.1307462362e+01
95 5.9936105150e-01 5.6125911030e-02 4.0422938308e+00 2.1219543541e+01
96 5.9947358548e-01 5.6826118574e-02 3.9816246402e+00 2.0614242846e+01
97 5.9935350516e-01 5.6916954117e-02 3.9653846466e+00 2.0520363881e+01
98 5.9929848936e-01 5.6626522304e-02 3.8371679382e+00 1.9221702192e+01
99 5.9970702678e-01 5.7610596477e-02 3.7536051078e+00 1.8372301202e+01
100 5.9993263720e-01 5.8058466070e-02 3.7145156712e+00 1.7983937862e+01
101 6.0017862786e-01 5.8557310244e-02 3.6746797619e+00 1.7591854823e+01
102 6.0036470837e-01 5.9096175060e-02 3.6286650350e+00 1.7181158706e+01
103 6.0042510114e-01 5.9046103694e-02 3.6285548073e+00 1.7189772693e+01
104 6.0059148360e-01 5.9467872473e-02 3.5882892106e+00 1.6831220375e+01
105 6.0063363087e-01 6.0313676435e-02 3.6551102080e+00 1.7476322043e+01
106 6.0050826336e-01 6.0239602016e-02 3.6568412943e+00 1.7514097988e+01
107 6.0073431958e-01 6.1278331968e-02 3.6539887051e+00 1.7476176055e+01
108 6.0107377794e-01 6.2270533358e-02 3.5627424384e+00 1.6692371225e+01
109 6.0098457023e-01 6.2252633424e-02 3.5613996869e+00 1.6690891901e+01
110 6.0082936168e-01 6.2331090401e-02 3.5576850949e+00 1.6668494302e+01
111 6.0115600083e-01 6.3415926834e-02 3.5325651003e+00 1.6428910518e+01
112 6.0091849392e-01 6.3028975878e-02 3.5638075181e+00 1.6727909185e+01
113 6.0092755569e-01 6.2977509785e-02 3.5649143988e+00 1.6747989219e+01
114 6.0093965446e-01 6.2613320034e-02 3.4787855033e+00 1.5947942052e+01
115 6.0101951643e-01 6.2954377872e-02 3.4423766376e+00 1.5606521831e+01
116 6.0117509212e-01 6.3362444861e-02 3.4067636852e+00 1.5320911926e+01
117 6.0115952053e-01 6.3354769701e-02 3.4085946312e+00 1.5331724978e+01
118 6.0103132593e-01 6.2655373066e-02 3.3873740934e+00 1.5240744052e+01
119 6.0101559625e-01 6.2725123721e-02 3.3737292736e+00 1.5181137327e+01
120 6.0097978242e-01 6.2735347959e-02 3.3736575794e+00 1.5179028638e+01
121 6.0093185840e-01 6.2808755060e-02 3.3614683410e+00 1.5121331262e+01
122 6.0121087958e-01 6.3240146195e-02 3.3375105639e+00 1.4907489290e+01
123 6.0094181412e-01 6.2851396109e-02 3.3670592182e+00 1.5174367044e+01
124 6.0064040470e-01 6.2418975960e-02 3.3993653686e+00 1.5469826393e+01
125 6.0097961841e-01 6.3504423917e-02 3.4017019132e+00 1.5443458545e+01
126 6.0134003388e-01 6.4661576230e-02 3.4217838883e+00 1.5600742848e+01
127 6.0131626920e-01 6.4650569715e-02 3.4173240083e+00 1.5587085016e+01
128 6.0132459666e-01 6.4676826231e-02 3.4123656756e+00 1.5560478326e+01
129 6.0109450165e-01 6.3837639492e-02 3.3659798729e+00 1.5158351931e+01
130 6.0105334877e-01 6.3852452790e-02 3.3651533027e+00 1.5153308492e+01
131 6.0089282658e-01 6.3152113248e-02 3.3168809966e+00 1.4753730899e+01
132 6.0083139579e-01 6.3185120002e-02 3.3138013904e+00 1.4736498041e+01
133 6.0121337178e-01 6.3763796016e-02 3.2564040643e+00 1.4273923598e+01
134 6.0124837533e-01 6.4457312833e-02 3.3064143700e+00 1.4725052822e+01
135 6.0125014021e-01 6.4453797278e-02 3.3069486798e+00 1.4727804316e+01
136 6.0120056797e-01 6.4447372126e-02 3.2997719907e+00 1.4704492354e+01
137 6.0123608630e-01 6.4724756816e-02 3.3135433466e+00 1.4839936384e+01
138 6.0136848374e-01 6.5157495598e-02 3.2689250488e+00 1.4530651878e+01
139 6.0171651028e-01 6.6128632128e-02 3.2655193844e+00 1.4447736974e+01
140 6.0196530801e-01 6.6540464063e-02 3.2402267012e+00 1.4209732707e+01
141 6.0212683169e-01 6.6953379648e-02 3.2089665727e+00 1.3955737115e+01
142 6.0244155527e-01 6.7621115461e-02 3.1550297171e+00 1.3523775552e+01
143 6.0209663402e-01 6.7688670809e-02 3.2259341989e+00 1.4076924586e+01
144 6.0226018273e-01 6.8181784185e-02 3.1869024529e+00 1.3793605791e+01
145 6.0163628552e-01 6.6398731413e-02 3.1226391138e+00 1.3336304364e+01
146 6.0162568057e-01 6.7070073848e-02 3.1391996506e+00 1.3440854985e+01
147 6.0143453939e-01 6.6509674917e-02 3.1126643187e+00 1.3286577264e+01
148 6.0147699312e-01 6.6111056950e-02 3.0432771407e+00 1.2714443644e+01
149 6.0137279133e-01 6.6247231600e-02 3.0417025043e+00 1.2692992529e+01
150 6.0132940628e-01 6.6314724375e-02 3.0315498293e+00 1.2668122604e+01
151 6.0151142290e-01 6.6617651183e-02 3.0005263225e+00 1.2410987208e+01
152 6.0147353553e-01 6.6659618139e-02 2.9981142674e+00 1.2396065119e+01
153 6.0160418459e-01 6.7087892494e-02 2.9763454453e+00 1.2201819999e+01
154 6.0148536915e-01 6.7117470159e-02 2.9742150255e+00 1.2194130565e+01
155 6.0149308829e-01 6.7120114656e-02 2.9733765823e+00 1.2191060413e+01
156 6.0131500587e-01 6.6647679537e-02 2.9454412980e+00 1.1935259801e+01
157 6.0102012893e-01 6.6156174508e-02 2.9638438642e+00 1.2117656295e+01
158 6.0121839289e-01 6.6536826409e-02 2.9354119790e+00 1.1918888852e+01
159 6.0144542957e-01 6.6878669810e-02 2.9113898627e+00 1.1732941729e+01
160 6.0162656378e-01 6.7153961583e-02 2.8939259534e+00 1.1605242343e+01
161 6.0175551542e-01 6.7732995997e-02 2.9230335563e+00 1.1822712843e+01
162 6.0180037074e-01 6.7853211853e-02 2.9330884780e+00 1.1935758208e+01
163 6.0176076223e-01 6.7881193390e-02 2.9295671807e+00 1.1926065329e+01
164 6.0189059390e-01 6.8601575036e-02 2.9750984284e+00 1.2313743402e+01
165 6.0272784764e-01 7.0258314730e-02 2.9332808862e+00 1.1968931222e+01
166 6.0297604527e-01 7.0688209071e-02 2.9083840218e+00 1.1773312876e+01
167 6.0320203852e-01 7.0986198511e-02 2.8865035543e+00 1.1610040911e+01
168 6.0345202449e-01 7.1420492185e-02 2.8744103343e+00 1.1519882344e+01
169 6.0368842592e-01 7.1870960832e-02 2.8429876492e+00 1.1316483973e+01
170 6.0362913109e-01 7.1875569098e-02 2.8382283391e+00 1.1302157044e+01
171 6.0423750607e-01 7.3371617161e-02 2.8134714016e+00 1.1084407605e+01
172 6.0377901292e-01 7.2437489777e-02 2.8142879395e+00 1.1112705583e+01
173 6.0337809505e-01 7.1468384516e-02 2.8080547763e+00 1.1108958221e+01
174 6.0335662748e-01 7.1460927448e-02 2.8040056401e+00 1.1098568075e+01
175 6.0366773781e-01 7.1818315351e-02 2.7912953611e+00 1.1022773788e+01
176 6.0364595417e-01 7.1999668163e-02 2.7884222895e+00 1.1056206282e+01
177 6.0342588568e-01 7.1867552461e-02 2.8047278028e+00 1.1163176961e+01
178 6.0364080488e-01 7.2149942584e-02 2.7831239705e+00 1.1012023519e+01
179 6.0356162739e-01 7.2201676415e-02 2.7788010602e+00 1.0994532256e+01
180 6.0318239673e-01 7.1431646977e-02 2.7714877095e+00 1.0982384404e+01
181 6.0343424140e-01 7.1644851580e-02 2.7508037350e+00 1.0842399854e+01
182 6.0330666592e-01 7.1656286082e-02 2.7495759898e+00 1.0839853453e+01
183 6.0355392281e-01 7.1953482344e-02 2.7306085018e+00 1.0703146715e+01
184 6.0374226939e-01 7.2269748711e-02 2.7088192493e+00 1.0552906500e+01
185 6.0387047153e-01 7.2743606979e-02 2.6876307602e+00 1.0389954586e+01
186 6.0436067754e-01 7.3472273447e-02 2.6517302302e+00 1.0112925703e+01
187 6.0414170844e-01 7.2844992311e-02 2.6107507903e+00 9.7800319544e+00
188 6.0465518646e-01 7.3435850754e-02 2.5530684307e+00 9.3833411630e+00
189 6.0462099194e-01 7.3485260340e-02 2.5490142404e+00 9.3696191088e+00
190 6.0459644323e-01 7.3510766239e-02 2.5465714693e+00 9.3607124419e+00
191 6.0466368992e-01 7.4064655730e-02 2.5510290873e+00 9.3834255360e+00
192 6.0457789919e-01 7.4110620503e-02 2.5503672441e+00 9.3769653335e+00
193 6.0453817108e-01 7.4183946966e-02 2.5477431126e+00 9.3617725879e+00
194 6.0446164975e-01 7.4217389368e-02 2.5452023464e+00 9.3528476180e+00
195 6.0450233897e-01 7.4293907317e-02 2.5474910926e+00 9.3845593865e+00
196 6.0445821770e-01 7.4269106687e-02 2.5463817287e+00 9.3814100901e+00
197 6.0439259991e-01 7.4273076106e-02 2.5427769163e+00 9.3632959953e+00
198 6.0530825775e-01 7.6435831102e-02 2.5400368063e+00 9.3208153680e+00
199 6.0534143838e-01 7.6345039083e-02 2.5138594996e+00 9.1518332879e+00
200 6.0555429426e-01 7.6280989712e-02 2.4822940909e+00 8.9414543098e+00
201 6.0555586373e-01 7.6277902889e-02 2.4817477155e+00 8.9382876195e+00
202 6.0585450164e-01 7.6736392926e-02 2.4659265401e+00 8.8210040439e+00
203 6.0599570693e-01 7.7136988035e-02 2.4546016542e+00 8.7299888683e+00
204 6.0601549972e-01 7.7145052653e-02 2.4526869160e+00 8.7243409010e+00
205 6.0624296685e-01 7.7502169393e-02 2.4355070426e+00 8.6139500822e+00
206 6.0593766042e-01 7.7202948868e-02 2.4494839055e+00 8.7161382050e+00
207 6.0595802701e-01 7.7923497745e-02 2.5119223811e+00 9.1457936470e+00
208 6.0608404169e-01 7.8504418948e-02 2.5406718350e+00 9.3573193329e+00
209 6.0625666356e-01 7.8886441354e-02 2.5246262367e+00 9.2416283982e+00
210 6.0582301057e-01 7.8064238879e-02 2.5185514284e+00 9.2236944686e+00
211 6.0577836074e-01 7.8049583017e-02 2.5189646681e+00 9.2269925520e+00
212 6.0571966490e-01 7.8102754841e-02 2.5193195712e+00 9.2396352461e+00
213 6.0622707926e-01 7.9364076655e-02 2.5094464782e+00 9.2002062065e+00
214 6.0616891862e-01 7.9401545965e-02 2.5071662113e+00 9.1911469720e+00
215 6.0583346028e-01 7.9142381108e-02 2.5232271085e+00 9.2946788714e+00
216 6.0582956993e-01 7.9189029593e-02 2.5243690778e+00 9.2944754597e+00
217 6.0588655079e-01 7.9902874805e-02 2.5452137998e+00 9.4455603153e+00
218 6.0577234180e-01 7.9990475404e-02 2.5388470379e+00 9.4212839522e+00
219 6.0597710202e-01 8.0177523604e-02 2.5235127608e+00 9.3273469536e+00
220 6.0607917639e-01 8.0518001540e-02 2.5041420404e+00 9.2094012752e+00
221 6.0603946493e-01 8.0474181064e-02 2.4985422376e+00 9.1800201031e+00
222 6.0624434351e-01 8.1571038999e-02 2.5398803518e+00 9.4548688877e+00
223 6.0669253326e-01 8.2213763306e-02 2.5154213225e+00 9.2984500375e+00
224 6.0667856909e-01 8.2118693784e-02 2.5295273409e+00 9.4351838133e+00
225 6.0653380691e-01 8.2085695241e-02 2.5301803144e+00 9.4427734269e+00
226 6.0629436371e-01 8.1319866945e-02 2.5081060940e+00 9.3175898057e+00
227 6.0643437136e-01 8.1683281098e-02 2.4919920599e+00 9.2011303082e+00
228 6.0642950388e-01 8.1656772858e-02 2.4903210732e+00 9.2026776327e+00
229 6.0614164187e-01 8.0344545462e-02 2.4401336193e+00 8.9045174520e+00
230 6.0570773245e-01 7.9377477819e-02 2.4435532769e+00 8.9801615157e+00
231 6.0537393397e-01 7.9146401012e-02 2.4534482284e+00 9.0643573982e+00
232 6.0479219502e-01 7.7679823325e-02 2.4020528163e+00 8.6926077797e+00
233 6.0481411791e-01 7.7667830142e-02 2.4019457894e+00 8.6942406467e+00
234 6.0549816214e-01 7.8629452461e-02 2.3599325806e+00 8.4128712497e+00
235 6.0569612304e-01 7.8966087934e-02 2.3371430217e+00 8.2955149856e+00
236 6.0547660922e-01 7.9162591702e-02 2.3703303961e+00 8.5022076608e+00
237 6.0540901274e-01 7.9169671757e-02 2.3703182192e+00 8.5014548324e+00
238 6.0535893973e-01 7.9114887582e-02 2.3687328962e+00 8.5010648597e+00
239 6.0522566914e-01 7.9137553928e-02 2.3635651011e+00 8.4836797125e+00
240 6.0517890298e-01 7.9197662562e-02 2.3657970736e+00 8.4871641244e+00
241 6.0581708411e-01 8.0379307931e-02 2.3590469832e+00 8.4447663049e+00
242 6.0577145742e-01 8.0403739496e-02 2.3594067480e+00 8.4436398295e+00
243 6.0601411990e-01 8.0742407211e-02 2.3437404973e+00 8.3385819070e+00
244 6.0595288894e-01 8.0698350503e-02 2.3421142097e+00 8.3114806276e+00
245 6.0581597241e-01 8.0530835431e-02 2.3393904571e+00 8.3132163374e+00
246 6.0536323457e-01 7.9681269728e-02 2.3295727577e+00 8.2469600898e+00
247 6.0579139319e-01 8.0979000976e-02 2.3524990734e+00 8.3935619035e+00
248 6.0608949720e-01 8.1903933125e-02 2.3650544452e+00 8.4682428232e+00
249 6.0606105152e-01 8.2031144596e-02 2.3616439560e+00 8.4490944400e+00
250 6.0602333083e-01 8.1996122829e-02 2.3596367971e+00 8.4438616941e+00
251 6.0584869700e-01 8.1620809056e-02 2.3730422644e+00 8.5477427026e+00
252 6.0572255081e-01 8.1060168274e-02 2.3537523936e+00 8.4410274360e+00
253 6.0590716477e-01 8.1311138544e-02 2.3382140621e+00 8.3476191121e+00
254 6.0598003405e-01 8.0999839276e-02 2.2914360414e+00 8.0345752424e+00
255 6.0613712050e-01 8.1188828626e-02 2.2597132228e+00 7.7891505188e+00
256 6.0609516272e-01 8.1121017269e-02 2.2478724334e+00 7.6784170120e+00
257 6.0604698345e-01 8.1382745205e-02 2.2557249548e+00 7.7399074632e+00
258 6.0581645236e-01 8.1010551886e-02 2.2677936395e+00 7.8249791338e+00
259 6.0599238072e-01 8.1361993680e-02 2.2502174257e+00 7.7301226280e+00
260 6.0636371045e-01 8.2336159048e-02 2.2531945379e+00 7.7470033699e+00
261 6.0598418371e-01 8.1495342774e-02 2.2443318600e+00 7.7073581776e+00
262 6.0614800613e-01 8.2050948625e-02 2.2672066842e+00 7.8564379334e+00
263 6.0660628189e-01 8.2519574657e-02 2.2440707757e+00 7.7405943925e+00
264 6.0661086283e-01 8.2601265705e-02 2.2457347320e+00 7.7429388357e+00
265 6.0657879252e-01 8.2560684393e-02 2.2485009405e+00 7.7558741624e+00
266 6.0618513937e-01 8.1853870810e-02 2.2452842879e+00 7.7532100602e+00
267 6.0596389090e-01 8.1176979823e-02 2.2147603676e+00 7.5608955544e+00
268 6.0602261099e-01 8.1834097670e-02 2.2506305583e+00 7.8026112723e+00
269 6.0598279612e-01 8.1862874280e-02 2.2490503911e+00 7.7966159173e+00
270 6.0551325415e-01 8.1102522934e-02 2.2361020756e+00 7.7157529271e+00
271 6.0537657232e-01 8.1117121649e-02 2.2350650706e+00 7.7191341952e+00
272 6.0562172668e-01 8.1421962563e-02 2.2239299569e+00 7.6452860701e+00
273 6.0584851613e-01 8.1797643337e-02 2.2119881219e+00 7.5627157313e+00
274 6.0580487108e-01 8.1766175789e-02 2.2132769892e+00 7.5649464852e+00
275 6.0612203922e-01 8.1843779486e-02 2.1663297687e+00 7.2747234027e+00
276 6.0623326408e-01 8.2310875536e-02 2.1879967992e+00 7.3553339232e+00
277 6.0635928112e-01 8.3056981171e-02 2.2119832688e+00 7.4931073870e+00
278 6.0648736985e-01 8.3460408230e-02 2.1997787375e+00 7.4106806505e+00
279 6.0666056947e-01 8.3682102775e-02 2.1884336620e+00 7.3416050948e+00
280 6.0656824746e-01 8.3729566172e-02 2.1870257303e+00 7.3354156965e+00
281 6.0649150579e-01 8.3652085059e-02 2.1855312114e+00 7.3406248641e+00
282 6.0672968628e-01 8.3980235026e-02 2.1725803334e+00 7.2602607424e+00
283 6.0682123924e-01 8.4551564036e-02 2.1886885826e+00 7.3724604053e+00
284 6.0719850624e-01 8.5071085957e-02 2.1617127081e+00 7.2235984177e+00
285 6.0764125417e-01 8.5671477420e-02 2.1374784148e+00 7.0782046364e+00
286 6.0752697755e-01 8.5638765660e-02 2.1382285227e+00 7.0811005778e+00
287 6.0754093581e-01 8.5613277007e-02 2.1379577928e+00 7.0829817899e+00
288 6.0764673446e-01 8.6225231926e-02 2.1582993256e+00 7.1976071657e+00
289 6.0706651813e-01 8.5365192908e-02 2.1617054953e+00 7.2014497334e+00
290 6.0697487801e-01 8.5358733189e-02 2.1602005575e+00 7.1988087576e+00
291 6.0689186508e-01 8.5399702621e-02 2.1580657052e+00 7.1934832009e+00
292 6.0687382324e-01 8.5516407181e-02 2.1579223710e+00 7.1930334577e+00
293 6.0724622559e-01 8.6251644371e-02 2.1315935627e+00 7.0374142751e+00
294 6.0714419704e-01 8.6285362484e-02 2.1321687160e+00 7.0367625452e+00
295 6.0721127762e-01 8.6264573526e-02 2.1318134412e+00 7.0381207174e+00
296 6.0759997123e-01 8.6840972692e-02 2.1102098673e+00 6.9095519098e+00
297 6.0777071558e-01 8.6953481481e-02 2.0996900406e+00 6.8581089227e+00
298 6.0769399344e-01 8.7041672006e-02 2.0931344687e+00 6.8415248903e+00
299 6.0849657042e-01 8.8274319545e-02 2.0740117392e+00 6.7275758749e+00
300 6.0914047896e-01 8.8965705782e-02 2.0411159233e+00 6.5463449465e+00
301 6.0911323435e-01 8.8919657125e-02 2.0372618322e+00 6.5268389905e+00
302 6.0909641135e-01 8.8925804204e-02 2.0359631605e+00 6.5240732082e+00
303 6.0978663983e-01 8.9645515364e-02 2.0024191380e+00 6.3459871008e+00
304 6.0974934971e-01 8.9608521856e-02 2.0026881755e+00 6.3516995702e+00
305 6.0950051306e-01 8.9218484255e-02 1.9992743575e+00 6.3128477166e+00
306 6.0965779817e-01 8.9967866704e-02 2.0489284668e+00 6.6722524247e+00
307 6.0970023687e-01 8.9952666225e-02 2.0488278293e+00 6.6725906787e+00
308 6.0952431180e-01 8.9735718453e-02 2.0625298005e+00 6.7499290233e+00
309 6.0998440427e-01 9.0253169956e-02 2.0472334825e+00 6.6853364102e+00
310 6.0983414586e-01 9.0197357377e-02 2.0409514907e+00 6.6432029046e+00
311 6.0982188659e-01 9.0200116271e-02 2.0379525522e+00 6.6360837597e+00
312 6.1012892372e-01 9.0994409904e-02 2.0488076895e+00 6.7117104165e+00
313 6.1073715638e-01 9.2421699639e-02 2.0754128408e+00 6.8679936902e+00
314 6.1090801951e-01 9.2941679366e-02 2.0918317661e+00 6.9567893317e+00
315 6.1150545533e-01 9.3911978602e-02 2.0879986721e+00 6.9416047617e+00
316 6.1148415520e-01 9.3915465586e-02 2.0878551477e+00 6.9439379561e+00
317 6.1159173422e-01 9.4445405326e-02 2.1037483179e+00 7.0337147117e+00
318 6.1142987569e-01 9.4004373669e-02 2.0950607715e+00 7.0007471781e+00
319 6.1158531959e-01 9.4221984223e-02 2.0821419156e+00 6.9382187708e+00
320 6.1179389349e-01 9.4538768187e-02 2.0787190679e+00 6.9480957571e+00
321 6.1139820225e-01 9.3703553596e-02 2.0827342353e+00 6.9992189237e+00
322 6.1154198458e-01 9.4116493199e-02 2.0878192696e+00 7.0005142674e+00
323 6.1134723891e-01 9.3861842174e-02 2.0991045664e+00 7.0666921457e+00
324 6.1157406421e-01 9.4901220303e-02 2.1246604481e+00 7.1948186015e+00
325 6.1162901339e-01 9.4913375654e-02 2.1216462437e+00 7.1871077971e+00
326 6.1138044391e-01 9.4076381688e-02 2.0763378823e+00 6.8839980011e+00
327 6.1117873658e-01 9.3873839178e-02 2.0861707638e+00 6.9408823574e+00
328 6.1149379366e-01 9.3935142790e-02 2.0445820417e+00 6.7168871192e+00
329 6.1090225974e-01 9.3315047334e-02 2.0479223932e+00 6.7507940330e+00
330 6.1085857576e-01 9.3150331694e-02 2.0229032246e+00 6.5880355467e+00
331 6.1078833486e-01 9.3283586515e-02 2.0178059601e+00 6.5712042235e+00
332 6.1073746405e-01 9.3367456297e-02 2.0136508942e+00 6.5586320328e+00
333 6.1131985562e-01 9.4137109630e-02 2.0072036206e+00 6.5332535841e+00
334 6.1141621315e-01 9.4541268015e-02 2.0125530409e+00 6.5441167194e+00
335 6.1154722459e-01 9.4931564484e-02 2.0190007283e+00 6.5543084501e+00
336 6.1202677903e-01 9.6022456495e-02 2.0269702209e+00 6.5766680923e+00
337 6.1203112730e-01 9.6033640316e-02 2.0260197190e+00 6.5732236030e+00
338 6.1267914846e-01 9.6899841364e-02 2.0117328726e+00 6.4893676051e+00
339 6.1250542438e-01 9.6972635371e-02 2.0078766734e+00 6.4814706710e+00
340 6.1266139137e-01 9.7206255107e-02 1.9953297989e+00 6.4253932749e+00
341 6.1292368122e-01 9.7393594402e-02 1.9843108122e+00 6.3708116516e+00
342 6.1270891886e-01 9.7282755656e-02 2.0010819348e+00 6.4700697755e+00
343 6.1200848079e-01 9.6306646726e-02 2.0046340697e+00 6.4963656018e+00
344 6.1162124470e-01 9.5425837422e-02 1.9833887098e+00 6.4037318835e+00
345 6.1169587669e-01 9.5731542620e-02 1.9856213445e+00 6.4012357459e+00
346 6.1151187021e-01 9.6053286071e-02 2.0077645763e+00 6.5053765112e+00
347 6.1138473853e-01 9.5441523802e-02 1.9866304738e+00 6.4214983166e+00
348 6.1120617153e-01 9.4814523940e-02 1.9652331024e+00 6.3073746257e+00
349 6.1115554416e-01 9.4911380748e-02 1.9640109565e+00 6.2975392396e+00
350 6.1123060539e-01 9.5156909394e-02 1.9719725082e+00 6.3313713817e+00
351 6.1164881493e-01 9.5434937574e-02 1.9728424552e+00 6.3286980881e+00
352 6.1224869334e-01 9.6014503776e-02 1.9468054862e+00 6.1919571041e+00
353 6.1241282301e-01 9.6249535947e-02 1.9350677185e+00 6.1358242094e+00
354 6.1187033774e-01 9.5169145255e-02 1.9217411034e+00 6.0625634978e+00
355 6.1171053168e-01 9.5268196454e-02 1.9163695005e+00 6.0521218797e+00
356 6.1169066977e-01 9.5348306774e-02 1.9160675774e+00 6.0477572107e+00
357 6.1144463237e-01 9.5473448636e-02 1.9444854414e+00 6.2330416139e+00
358 6.1150615152e-01 9.5974247398e-02 1.9458738336e+00 6.2268153362e+00
359 6.1118091474e-01 9.5794857017e-02 1.9578616326e+00 6.2823193289e+00
360 6.1152132735e-01 9.6468491579e-02 1.9630427692e+00 6.3255130767e+00
361 6.1103250293e-01 9.5637129025e-02 1.9549293692e+00 6.2884454858e+00
362 6.1073888674e-01 9.5243868935e-02 1.9618042766e+00 6.3180260009e+00
363 6.1031833581e-01 9.4395385086e-02 1.9492504500e+00 6.2443091099e+00
364 6.1065775681e-01 9.4770026750e-02 1.9297851816e+00 6.1278737152e+00
365 6.1032116491e-01 9.3899235526e-02 1.9029339091e+00 5.9755640576e+00
