1 5.9282947138e-01 1.1102230246e-16 1.0000000000e+00 1.0000000000e+00
2 5.9277759444e-01 2.2990422704e-03 -7.2516814008e+00 2.8147929523e+02
3 5.9277364050e-01 3.0718363172e-03 -2.2010841591e+00 1.2352247910e+02
4 5.9269593632e-01 3.6699896890e-03 -4.1857792162e+00 9.5852260020e+01
5 5.9308349194e-01 1.1124069533e-02 1.8102781093e+01 3.8384901400e+02
6 5.9312135592e-01 1.1205245305e-02 1.7704223661e+01 3.7265433666e+02
7 5.9325739127e-01 1.3594089370e-02 1.4804586734e+01 2.5748749060e+02
8 5.9324466015e-01 1.3597877719e-02 1.4791422806e+01 2.5725075101e+02
9 5.9313539260e-01 1.3817750229e-02 1.4031282457e+01 2.4203493461e+02
10 5.9330605590e-01 1.5745369322e-02 1.2644562562e+01 1.9071800013e+02
11 5.9332396423e-01 1.5764679902e-02 1.2592690260e+01 1.8973472652e+02
12 5.9335958472e-01 1.5788163616e-02 1.2533610823e+01 1.8850076665e+02
13 5.9322279599e-01 1.5989878006e-02 1.2022969622e+01 1.7978059987e+02
14 5.9318208981e-01 1.6211084033e-02 1.1491964121e+01 1.7046592890e+02
15 5.9334173921e-01 1.7840927288e-02 1.0800511169e+01 1.4469040998e+02
16 5.9353136897e-01 1.9335283507e-02 1.0187580757e+01 1.2535593955e+02
17 5.9346093158e-01 1.9389421815e-02 1.0106587965e+01 1.2412052810e+02
18 5.9388884416e-01 2.1981963236e-02 9.1659303130e+00 9.8371166645e+01
19 5.9413952743e-01 2.2886558226e-02 8.8006862539e+00 8.9677840472e+01
20 5.9408682923e-01 2.3002169265e-02 8.6653516468e+00 8.7993459852e+01
21 5.9427520381e-01 2.4311965699e-02 8.2181242346e+00 7.9189124706e+01
22 5.9448661292e-01 2.5435377855e-02 7.9026455748e+00 7.2695612674e+01
23 5.9452975288e-01 2.5448903177e-02 7.8855780663e+00 7.2488413614e+01
24 5.9476635877e-01 2.6744079404e-02 7.6792700126e+00 6.8019336041e+01
25 5.9497020522e-01 2.7729960230e-02 7.4445390317e+00 6.3443519471e+01
26 5.9490671933e-01 2.7885747157e-02 7.3464735197e+00 6.2520431420e+01
27 5.9509061814e-01 2.9011609535e-02 7.0876558963e+00 5.8146008987e+01
28 5.9538225855e-01 3.0042985252e-02 6.8870426693e+00 5.4608638592e+01
29 5.9574691650e-01 3.1877622215e-02 6.4767398774e+00 4.8251683494e+01
30 5.9560273105e-01 3.1789910956e-02 6.4140727214e+00 4.7823119286e+01
31 5.9582109970e-01 3.2831683388e-02 6.2665649549e+00 4.5452728194e+01
32 5.9583453398e-01 3.2899585927e-02 6.2262148916e+00 4.5071631444e+01
33 5.9602208319e-01 3.3705603123e-02 6.0680996146e+00 4.2776045879e+01
34 5.9594580889e-01 3.3736073629e-02 6.0573570514e+00 4.2677207055e+01
35 5.9633853203e-01 3.5927012722e-02 6.2203777941e+00 4.6009861683e+01
36 5.9628090525e-01 3.5865107201e-02 6.2209377970e+00 4.6131251168e+01
37 5.9625024231e-01 3.5917862886e-02 6.1931169057e+00 4.5886342587e+01
38 5.9625472597e-01 3.5931659326e-02 6.1855992088e+00 4.5812965943e+01
39 5.9626495381e-01 3.5965676491e-02 6.1500661376e+00 4.5507086846e+01
40 5.9651001908e-01 3.6861124441e-02 6.0668944389e+00 4.4538991152e+01
41 5.9697043012e-01 3.8284314727e-02 5.8079463704e+00 4.0566649318e+01
42 5.9691940876e-01 3.8322231515e-02 5.7918065950e+00 4.0441318323e+01
43 5.9682898348e-01 3.8391790075e-02 5.7647893809e+00 4.0207898960e+01
44 5.9725164027e-01 3.9692533353e-02 5.5261919117e+00 3.6878271347e+01
45 5.9745279038e-01 4.0427268125e-02 5.3880803211e+00 3.5196615525e+01
46 5.9733538387e-01 4.0492338081e-02 5.3672018774e+00 3.5037451312e+01
47 5.9743473025e-01 4.0510060010e-02 5.3538802325e+00 3.4923821569e+01
48 5.9745637488e-01 4.0468927189e-02 5.3348964519e+00 3.4811106031e+01
49 5.9758436190e-01 4.1055501337e-02 5.2138254613e+00 3.3375664394e+01
50 5.9756502914e-01 4.1065929115e-02 5.2110027450e+00 3.3351732450e+01
51 5.9754143912e-01 4.1110765144e-02 5.1941480232e+00 3.3221259511e+01
52 5.9753853967e-01 4.1222611377e-02 5.1780769332e+00 3.3073449099e+01
53 5.9778022812e-01 4.1859990020e-02 5.0893207945e+00 3.1870403455e+01
54 5.9802203523e-01 4.2368954550e-02 4.9993900572e+00 3.0777583272e+01
55 5.9824680674e-01 4.3065012507e-02 4.9176421519e+00 2.9695642526e+01
56 5.9844784941e-01 4.3722151576e-02 4.8279993674e+00 2.8625031919e+01
57 5.9894507808e-01 4.4825073069e-02 4.6929523372e+00 2.6934526610e+01
58 5.9893156225e-01 4.4764836721e-02 4.6825306249e+00 2.6891260909e+01
59 5.9914976744e-01 4.5180731964e-02 4.6177213589e+00 2.6172319954e+01
60 5.9955480773e-01 4.6323456824e-02 4.4907861363e+00 2.4675710124e+01
61 5.9948902155e-01 4.6354650953e-02 4.4840127262e+00 2.4636680963e+01
62 5.9966572507e-01 4.7296466289e-02 4.5947308498e+00 2.6062416745e+01
63 5.9978438485e-01 4.8145087763e-02 4.6531817167e+00 2.6759008736e+01
64 5.9999933315e-01 4.8740987168e-02 4.5881126664e+00 2.5966030833e+01
65 6.0024368650e-01 4.9202972230e-02 4.5262268791e+00 2.5266110673e+01
66 6.0044717298e-01 4.9761217489e-02 4.4563728502e+00 2.4500484217e+01
67 6.0064929641e-01 5.0425288809e-02 4.3964123515e+00 2.3804883624e+01
68 6.0055961999e-01 5.0515282696e-02 4.3739882917e+00 2.3672210330e+01
69 6.0079207757e-01 5.0889351490e-02 4.3233648297e+00 2.3132016435e+01
70 6.0105622311e-01 5.1464997523e-02 4.2674318503e+00 2.2524171775e+01
71 6.0098068102e-01 5.1386214899e-02 4.2670352651e+00 2.2565000155e+01
72 6.0099518046e-01 5.1469665170e-02 4.2698519752e+00 2.2572701923e+01
73 6.0084455330e-01 5.1545846265e-02 4.2566127941e+00 2.2492287025e+01
74 6.0084378548e-01 5.1030754297e-02 4.0748417500e+00 2.0518965035e+01
75 6.0076090955e-01 5.1077494324e-02 4.0606642170e+00 2.0442776275e+01
76 6.0079079028e-01 5.1026774020e-02 4.0555285743e+00 2.0427551863e+01
77 6.0098583115e-01 5.1589944931e-02 3.9939154962e+00 1.9853737851e+01
78 6.0087799328e-01 5.1640929259e-02 3.9800962575e+00 1.9783044558e+01
79 6.0056195060e-01 5.1017901305e-02 4.0227073285e+00 2.0296778131e+01
80 6.0050447701e-01 5.1097588421e-02 4.0068007765e+00 2.0191654137e+01
81 6.0075803677e-01 5.1141665995e-02 3.8499739222e+00 1.8544149636e+01
82 6.0098857662e-01 5.1611548617e-02 3.8101080439e+00 1.8141457263e+01
83 6.0104980489e-01 5.1608551557e-02 3.8074389609e+00 1.8127540773e+01
84 6.0091486432e-01 5.1728141290e-02 3.7916978393e+00 1.8039523540e+01
85 6.0068952098e-01 5.0949250138e-02 3.6810061342e+00 1.6786342655e+01
86 6.0091764764e-01 5.1451152356e-02 3.6444871104e+00 1.6442246442e+01
87 6.0085623883e-01 5.1476302573e-02 3.6420390685e+00 1.6427977548e+01
88 6.0083677062e-01 5.1442025211e-02 3.6352462483e+00 1.6389525500e+01
89 6.0101853733e-01 5.1966234225e-02 3.5952916973e+00 1.6040541644e+01
90 6.0099140916e-01 5.1956020508e-02 3.5935373180e+00 1.6032891817e+01
91 6.0067474364e-01 5.1562196950e-02 3.6184727062e+00 1.6303546737e+01
92 6.0101376677e-01 5.2056518023e-02 3.5774303979e+00 1.5949388529e+01
93 6.0100780492e-01 5.2109107189e-02 3.5667997932e+00 1.5887575649e+01
94 6.0103607250e-01 5.2130996133e-02 3.5645742241e+00 1.5872678852e+01
95 6.0104808328e-01 5.3237293771e-02 3.7130473081e+00 1.7899965679e+01
96 6.0146400695e-01 5.4254289516e-02 3.6391110700e+00 1.7142939763e+01
97 6.0167683858e-01 5.4816937553e-02 3.5997806162e+00 1.6757525290e+01
98 6.0273850116e-01 5.6827536200e-02 3.4315454929e+00 1.5212822210e+01
99 6.0273144094e-01 5.6829106389e-02 3.4316053065e+00 1.5212849492e+01
100 6.0271143867e-01 5.7625697815e-02 3.4678474093e+00 1.5567368107e+01
101 6.0265850632e-01 5.7689323794e-02 3.4557709966e+00 1.5516382985e+01
102 6.0277348593e-01 5.8364828517e-02 3.4723182689e+00 1.5667792277e+01
103 6.0302858955e-01 5.8788587342e-02 3.4400711832e+00 1.5367177133e+01
104 6.0304860484e-01 5.8802106485e-02 3.4363047874e+00 1.5348701626e+01
105 6.0287664524e-01 5.8373752145e-02 3.4617554558e+00 1.5610313416e+01
106 6.0242917025e-01 5.6828652865e-02 3.3638215706e+00 1.4470861226e+01
107 6.0262831670e-01 5.7275149349e-02 3.3342774613e+00 1.4209822058e+01
108 6.0290235293e-01 5.7657565672e-02 3.3027129422e+00 1.3951104706e+01
109 6.0311673652e-01 5.8151480962e-02 3.2740919033e+00 1.3703173969e+01
110 6.0358293324e-01 5.8904229379e-02 3.2171405370e+00 1.3238241906e+01
111 6.0324798103e-01 5.8341515672e-02 3.1531286304e+00 1.2729160862e+01
112 6.0321100404e-01 5.8507883030e-02 3.1426652151e+00 1.2662116916e+01
113 6.0319355129e-01 5.8537673965e-02 3.1382263550e+00 1.2640571199e+01
114 6.0340953874e-01 5.9156090829e-02 3.1112923782e+00 1.2417719813e+01
115 6.0353495571e-01 5.9935741078e-02 3.1901305161e+00 1.3263289941e+01
116 6.0345016914e-01 6.0030649308e-02 3.1751252094e+00 1.3203000660e+01
117 6.0341946751e-01 5.9943789100e-02 3.1736166471e+00 1.3208700749e+01
118 6.0340108296e-01 5.9867575826e-02 3.1760298157e+00 1.3239835297e+01
119 6.0381448243e-01 6.1069767095e-02 3.2124177269e+00 1.3609347364e+01
120 6.0384476164e-01 6.1892887786e-02 3.2434902565e+00 1.3976495859e+01
121 6.0384918589e-01 6.1897178172e-02 3.2430039001e+00 1.3971412774e+01
122 6.0372763576e-01 6.2103938578e-02 3.2489813838e+00 1.4102973992e+01
123 6.0400831278e-01 6.2559901058e-02 3.2187660387e+00 1.3843968439e+01
124 6.0416627957e-01 6.2885569349e-02 3.1905714063e+00 1.3618557390e+01
125 6.0411465989e-01 6.2833364005e-02 3.1905051726e+00 1.3634102706e+01
126 6.0398438844e-01 6.2902130633e-02 3.1843652437e+00 1.3602460752e+01
127 6.0401957242e-01 6.2931794922e-02 3.1780453616e+00 1.3570919491e+01
128 6.0410219546e-01 6.2954582334e-02 3.1769482163e+00 1.3559182166e+01
129 6.0374629976e-01 6.2570718701e-02 3.1893964277e+00 1.3628122205e+01
130 6.0386045177e-01 6.2960816095e-02 3.1591832627e+00 1.3388369075e+01
131 6.0405265720e-01 6.3274941042e-02 3.1330652384e+00 1.3179690994e+01
132 6.0420422543e-01 6.3671730455e-02 3.1014376233e+00 1.2942570087e+01
133 6.0421616911e-01 6.3723081599e-02 3.0945967728e+00 1.2907337120e+01
134 6.0430911556e-01 6.4427605053e-02 3.1379999332e+00 1.3305626528e+01
135 6.0447471228e-01 6.4709841290e-02 3.1111063541e+00 1.3106572977e+01
136 6.0370901327e-01 6.2368121607e-02 3.0225410188e+00 1.2274160290e+01
137 6.0392815089e-01 6.2711950267e-02 2.9998941125e+00 1.2089235691e+01
138 6.0387442176e-01 6.2744939631e-02 2.9973137305e+00 1.2074172857e+01
139 6.0366704526e-01 6.2195674254e-02 2.9520031067e+00 1.1719826338e+01
140 6.0368325053e-01 6.2204899930e-02 2.9495123805e+00 1.1710205155e+01
141 6.0362174816e-01 6.2226446698e-02 2.9487073552e+00 1.1706592430e+01
142 6.0365617506e-01 6.2219011076e-02 2.9484614220e+00 1.1705302681e+01
143 6.0379955220e-01 6.2903275501e-02 2.9965062388e+00 1.2159325147e+01
144 6.0419186332e-01 6.4070163513e-02 3.0248999792e+00 1.2454314034e+01
145 6.0407386355e-01 6.4038036206e-02 3.0209460281e+00 1.2450389292e+01
146 6.0405156815e-01 6.4067770725e-02 3.0166047270e+00 1.2432955007e+01
147 6.0418993601e-01 6.4778603479e-02 3.0651078026e+00 1.2850535778e+01
148 6.0459549545e-01 6.5512030164e-02 3.0246357476e+00 1.2498059182e+01
149 6.0480198643e-01 6.5893809873e-02 3.0006087246e+00 1.2300139372e+01
150 6.0480927694e-01 6.5595802021e-02 2.9357038162e+00 1.1782337224e+01
151 6.0473236319e-01 6.5604991478e-02 2.9388233090e+00 1.1787367632e+01
152 6.0488961012e-01 6.6350093042e-02 2.9851496895e+00 1.2208594853e+01
153 6.0521832574e-01 6.6849371875e-02 2.9604643966e+00 1.1996207066e+01
154 6.0468990392e-01 6.5909338129e-02 2.9314924976e+00 1.1760983998e+01
155 6.0459360499e-01 6.5817623062e-02 2.9272923376e+00 1.1760786400e+01
156 6.0461321151e-01 6.5737621419e-02 2.8821428084e+00 1.1439746051e+01
157 6.0465225155e-01 6.6455542962e-02 2.9182634693e+00 1.1775223664e+01
158 6.0508220990e-01 6.7259781113e-02 2.8763440257e+00 1.1427604754e+01
159 6.0505391560e-01 6.7279234359e-02 2.8746451706e+00 1.1419606655e+01
160 6.0502162377e-01 6.7331940309e-02 2.8681801268e+00 1.1390502663e+01
161 6.0461163312e-01 6.6275425000e-02 2.8403195956e+00 1.1175277725e+01
162 6.0459848079e-01 6.6299006336e-02 2.8366775870e+00 1.1163365862e+01
163 6.0451322255e-01 6.6345198363e-02 2.8348356788e+00 1.1156869545e+01
164 6.0454854599e-01 6.6314871555e-02 2.8299197742e+00 1.1140382549e+01
165 6.0456773054e-01 6.6402026815e-02 2.8255376937e+00 1.1120804073e+01
166 6.0454462857e-01 6.6408130112e-02 2.8256844952e+00 1.1120753501e+01
167 6.0465948658e-01 6.7072189973e-02 2.8415612100e+00 1.1234555561e+01
168 6.0457436929e-01 6.7147017586e-02 2.8333939689e+00 1.1202236871e+01
169 6.0455178550e-01 6.7256735338e-02 2.8572363583e+00 1.1446211570e+01
170 6.0466461160e-01 6.7569294446e-02 2.8326604297e+00 1.1275856259e+01
171 6.0462612375e-01 6.7576128887e-02 2.8286946301e+00 1.1257906891e+01
172 6.0426894677e-01 6.7391645406e-02 2.8402099768e+00 1.1381303121e+01
173 6.0434339887e-01 6.7383329189e-02 2.8384959054e+00 1.1373916707e+01
174 6.0413196133e-01 6.7104021737e-02 2.8569392071e+00 1.1518467882e+01
175 6.0477378803e-01 6.8518019729e-02 2.8535572463e+00 1.1500906074e+01
176 6.0495270932e-01 6.8822033141e-02 2.8319812753e+00 1.1337933842e+01
177 6.0469053384e-01 6.8174856713e-02 2.7838508123e+00 1.0950672433e+01
178 6.0463190413e-01 6.8204491146e-02 2.7820741807e+00 1.0941818778e+01
179 6.0482129396e-01 6.8452070596e-02 2.7650817506e+00 1.0816480386e+01
180 6.0475332150e-01 6.8495363150e-02 2.7612726705e+00 1.0802024372e+01
181 6.0466324116e-01 6.8545024705e-02 2.7577308827e+00 1.0787079775e+01
182 6.0469455107e-01 6.8543134299e-02 2.7570088503e+00 1.0782780006e+01
183 6.0466662368e-01 6.8537680749e-02 2.7592044058e+00 1.0790190374e+01
184 6.0490564392e-01 6.8839357694e-02 2.7439010216e+00 1.0664798060e+01
185 6.0486681020e-01 6.8836190239e-02 2.7395860209e+00 1.0654232397e+01
186 6.0442055856e-01 6.7870532929e-02 2.7108284485e+00 1.0430674834e+01
187 6.0444550701e-01 6.7873919377e-02 2.7092643760e+00 1.0424661543e+01
188 6.0434325789e-01 6.8023607730e-02 2.7071872819e+00 1.0408555832e+01
189 6.0476916072e-01 6.8555899541e-02 2.6646050154e+00 1.0131600869e+01
190 6.0473108672e-01 6.8575567819e-02 2.6635353213e+00 1.0126301647e+01
191 6.0466260542e-01 6.8522133964e-02 2.6629209960e+00 1.0133850188e+01
192 6.0495313897e-01 6.9018815609e-02 2.6845756303e+00 1.0264181698e+01
193 6.0492816674e-01 6.9074863761e-02 2.6839042983e+00 1.0257296598e+01
194 6.0510887571e-01 6.9825996148e-02 2.7318083571e+00 1.0660025209e+01
195 6.0525272658e-01 7.0511674340e-02 2.7632577688e+00 1.0922034203e+01
196 6.0524197215e-01 7.0537449487e-02 2.7601001371e+00 1.0908206387e+01
197 6.0584890134e-01 7.1477681804e-02 2.6993975054e+00 1.0470098463e+01
198 6.0597712930e-01 7.1841001557e-02 2.6710166723e+00 1.0311399155e+01
199 6.0598097355e-01 7.1880295990e-02 2.6669756737e+00 1.0294474352e+01
200 6.0548084538e-01 7.0904194673e-02 2.6344007206e+00 1.0053063877e+01
201 6.0576510562e-01 7.1166539937e-02 2.6134051512e+00 9.9177710602e+00
202 6.0603127879e-01 7.1332517786e-02 2.5955444817e+00 9.8105771639e+00
203 6.0604471561e-01 7.1398768640e-02 2.5944462480e+00 9.8050731535e+00
204 6.0626561543e-01 7.1700945911e-02 2.5793466576e+00 9.6947294659e+00
205 6.0618386299e-01 7.1943147242e-02 2.6296863125e+00 1.0067879734e+01
206 6.0641958727e-01 7.2218243738e-02 2.6100118950e+00 9.9340001801e+00
207 6.0616489486e-01 7.2217857581e-02 2.6360339026e+00 1.0135571217e+01
208 6.0617231960e-01 7.2228736251e-02 2.6346648842e+00 1.0128466467e+01
209 6.0600542302e-01 7.1441800093e-02 2.5980525455e+00 9.8820399425e+00
210 6.0609719162e-01 7.2102683774e-02 2.6392575700e+00 1.0233230313e+01
211 6.0578145542e-01 7.1883569208e-02 2.6620151083e+00 1.0421648962e+01
212 6.0571638297e-01 7.1873613674e-02 2.6619617343e+00 1.0426012778e+01
213 6.0572037107e-01 7.1917905319e-02 2.6557101842e+00 1.0401804951e+01
214 6.0580652887e-01 7.2023694069e-02 2.6661177284e+00 1.0489579108e+01
215 6.0552224285e-01 7.1693724008e-02 2.6818835171e+00 1.0630911539e+01
216 6.0548519696e-01 7.1630343217e-02 2.6690677110e+00 1.0504096964e+01
217 6.0552670047e-01 7.1616975003e-02 2.6692457746e+00 1.0505329877e+01
218 6.0577956587e-01 7.1944556868e-02 2.6516340944e+00 1.0365020661e+01
219 6.0575149009e-01 7.2002054446e-02 2.6516488698e+00 1.0359540423e+01
220 6.0560920480e-01 7.2067617886e-02 2.6468854848e+00 1.0340292114e+01
221 6.0559537370e-01 7.2104791825e-02 2.6457294834e+00 1.0328295417e+01
222 6.0557331376e-01 7.2146130896e-02 2.6472136917e+00 1.0329181715e+01
223 6.0581065671e-01 7.2881064443e-02 2.6993164568e+00 1.0788580969e+01
224 6.0582203658e-01 7.2900800059e-02 2.6961565321e+00 1.0775690834e+01
225 6.0583535102e-01 7.3111234613e-02 2.6900337312e+00 1.0743114501e+01
226 6.0627757872e-01 7.3618740860e-02 2.6534094181e+00 1.0481445993e+01
227 6.0622733494e-01 7.3660888476e-02 2.6497694559e+00 1.0465545434e+01
228 6.0649671759e-01 7.3975138077e-02 2.6297370390e+00 1.0321603623e+01
229 6.0673538850e-01 7.4871274020e-02 2.6379337979e+00 1.0374088897e+01
230 6.0671939437e-01 7.4891287531e-02 2.6379759037e+00 1.0371375978e+01
231 6.0622580299e-01 7.4344701929e-02 2.6693816123e+00 1.0623078534e+01
232 6.0646514057e-01 7.4809878680e-02 2.6475902482e+00 1.0452566532e+01
233 6.0662767893e-01 7.5126334544e-02 2.6320591601e+00 1.0326291276e+01
234 6.0676897380e-01 7.5494219856e-02 2.6110675021e+00 1.0179789930e+01
235 6.0674503126e-01 7.5504732465e-02 2.6105351567e+00 1.0177731620e+01
236 6.0670890924e-01 7.5492116518e-02 2.6059211731e+00 1.0136670216e+01
237 6.0639315848e-01 7.5360325216e-02 2.6142451522e+00 1.0219142058e+01
238 6.0648997676e-01 7.5378802527e-02 2.6175719081e+00 1.0228487642e+01
239 6.0648823060e-01 7.6071072141e-02 2.6519378389e+00 1.0474234211e+01
240 6.0629249476e-01 7.5481820406e-02 2.6159278690e+00 1.0228881268e+01
241 6.0624622472e-01 7.5472385242e-02 2.6162636110e+00 1.0235126569e+01
242 6.0598821686e-01 7.5145668399e-02 2.6201870833e+00 1.0234093046e+01
243 6.0563699585e-01 7.4915230444e-02 2.6303762399e+00 1.0339978794e+01
244 6.0567185694e-01 7.4893463429e-02 2.6282046613e+00 1.0337039763e+01
245 6.0574302590e-01 7.5355236612e-02 2.6071641675e+00 1.0181901778e+01
246 6.0580574600e-01 7.5348505273e-02 2.6056942111e+00 1.0176617287e+01
247 6.0536154727e-01 7.4378483069e-02 2.5791400714e+00 1.0004032631e+01
248 6.0528691382e-01 7.4474344685e-02 2.5759694521e+00 9.9844405244e+00
249 6.0517745835e-01 7.4494508425e-02 2.5689497401e+00 9.9698931448e+00
250 6.0456244935e-01 7.2856348824e-02 2.5252235355e+00 9.5932386340e+00
251 6.0477639504e-01 7.3286594206e-02 2.5118944294e+00 9.4747291737e+00
252 6.0432176487e-01 7.2930099225e-02 2.5417356525e+00 9.6684765500e+00
253 6.0424344412e-01 7.3047696227e-02 2.5400120005e+00 9.6511273555e+00
254 6.0451581628e-01 7.3559042937e-02 2.5267232675e+00 9.5230658257e+00
255 6.0511232030e-01 7.4683691945e-02 2.5125444656e+00 9.4108041048e+00
256 6.0498835437e-01 7.4451726257e-02 2.4936351889e+00 9.2610711225e+00
257 6.0492187637e-01 7.4484177298e-02 2.4922702042e+00 9.2545704416e+00
258 6.0473751148e-01 7.4028035453e-02 2.4749908560e+00 9.1523688431e+00
259 6.0459009029e-01 7.3379000076e-02 2.4318191406e+00 8.8499281802e+00
260 6.0474196735e-01 7.3668909141e-02 2.4179049934e+00 8.7486366457e+00
261 6.0478202130e-01 7.3818872964e-02 2.4115094565e+00 8.7153544377e+00
262 6.0475060699e-01 7.3890431102e-02 2.4083632787e+00 8.6990608081e+00
263 6.0488267466e-01 7.4511383848e-02 2.4435598172e+00 8.9518501008e+00
264 6.0517247099e-01 7.4796948346e-02 2.4282290236e+00 8.8444746393e+00
265 6.0530095206e-01 7.5119031731e-02 2.4072089189e+00 8.6881166782e+00
266 6.0551603221e-01 7.5331731542e-02 2.3934025244e+00 8.5995622724e+00
267 6.0541783868e-01 7.5395087304e-02 2.3894618260e+00 8.5850930360e+00
268 6.0546763949e-01 7.5484494835e-02 2.3874576993e+00 8.5759552098e+00
269 6.0522516636e-01 7.5149433627e-02 2.3997487970e+00 8.6693526109e+00
270 6.0533594258e-01 7.5141103376e-02 2.3931669922e+00 8.6480161126e+00
271 6.0581959758e-01 7.5916204043e-02 2.3614065679e+00 8.4323832340e+00
272 6.0600802359e-01 7.6123462144e-02 2.3469135082e+00 8.3462008176e+00
273 6.0596202385e-01 7.6198603069e-02 2.3465671843e+00 8.3448719653e+00
274 6.0594919427e-01 7.6224502798e-02 2.3482136743e+00 8.3479608590e+00
275 6.0606136790e-01 7.6546049618e-02 2.3308469349e+00 8.2441045109e+00
276 6.0575642677e-01 7.6093409045e-02 2.3306709024e+00 8.2738286281e+00
277 6.0573032604e-01 7.6106558165e-02 2.3302274000e+00 8.2711983281e+00
278 6.0571872240e-01 7.6092422402e-02 2.3253385843e+00 8.2423832040e+00
279 6.0573857152e-01 7.6132825546e-02 2.3253306740e+00 8.2400776477e+00
280 6.0598810084e-01 7.6696181655e-02 2.3206369154e+00 8.1839396420e+00
281 6.0590332030e-01 7.6767924648e-02 2.3173636379e+00 8.1711411062e+00
282 6.0584221634e-01 7.6820416824e-02 2.3134913141e+00 8.1578791633e+00
283 6.0587107761e-01 7.7412021539e-02 2.3466880386e+00 8.3744941587e+00
284 6.0618260028e-01 7.8119645014e-02 2.3360672693e+00 8.2799204492e+00
285 6.0634027401e-01 7.8582837541e-02 2.3471473237e+00 8.3421540404e+00
286 6.0679665646e-01 7.9281671706e-02 2.3203466060e+00 8.1530490187e+00
287 6.0686008727e-01 7.9320079478e-02 2.3196500015e+00 8.1477210266e+00
288 6.0681645312e-01 7.9259643488e-02 2.3176686549e+00 8.1437221143e+00
289 6.0707929766e-01 8.0358558847e-02 2.3448781065e+00 8.3805020517e+00
290 6.0726758300e-01 8.0723395139e-02 2.3306980879e+00 8.2822983651e+00
291 6.0741153567e-01 8.1067821582e-02 2.3185654390e+00 8.1941698620e+00
292 6.0739986431e-01 8.1054286596e-02 2.3178170769e+00 8.1936312717e+00
293 6.0744179124e-01 8.0993900648e-02 2.3180559102e+00 8.2009244514e+00
294 6.0755953606e-01 8.1470795459e-02 2.3381504247e+00 8.3356037650e+00
295 6.0746039765e-01 8.1414783025e-02 2.3357018041e+00 8.3414020649e+00
296 6.0744547687e-01 8.1378525876e-02 2.3355772654e+00 8.3435138936e+00
297 6.0759453050e-01 8.1705570643e-02 2.3169607785e+00 8.2233205778e+00
298 6.0759178330e-01 8.1595012979e-02 2.3121035309e+00 8.2039875943e+00
299 6.0756377347e-01 8.1601599609e-02 2.3124454697e+00 8.2047177458e+00
300 6.0758122694e-01 8.1617464784e-02 2.3098594284e+00 8.1972751738e+00
301 6.0720254340e-01 8.0772884409e-02 2.3017217360e+00 8.1555480140e+00
302 6.0698163551e-01 8.0634243770e-02 2.3091114808e+00 8.2029744448e+00
303 6.0716179443e-01 8.0877906976e-02 2.3005253482e+00 8.1277533020e+00
304 6.0701941069e-01 8.0144278805e-02 2.2796183476e+00 7.9743347127e+00
305 6.0713733778e-01 8.0580351928e-02 2.3120930295e+00 8.1962207907e+00
306 6.0728756504e-01 8.0934493808e-02 2.2975393923e+00 8.0987731932e+00
307 6.0730201251e-01 8.1064545085e-02 2.3083853369e+00 8.1822842334e+00
308 6.0771041120e-01 8.1644995869e-02 2.2883581868e+00 8.0562317917e+00
309 6.0766275791e-01 8.1845124738e-02 2.3007932204e+00 8.1498868325e+00
310 6.0783286791e-01 8.2120259231e-02 2.2886103218e+00 8.0718760761e+00
311 6.0776366452e-01 8.1793879697e-02 2.2832945709e+00 8.0679594358e+00
312 6.0807180521e-01 8.1993289359e-02 2.2676035220e+00 7.9813154027e+00
313 6.0829011076e-01 8.3452282225e-02 2.3224097202e+00 8.3260241767e+00
314 6.0864462110e-01 8.4286837370e-02 2.3348325431e+00 8.4121091969e+00
315 6.0835675791e-01 8.4120808003e-02 2.3626720549e+00 8.5858921896e+00
316 6.0828267230e-01 8.4169035088e-02 2.3606781965e+00 8.5744237281e+00
317 6.0829357004e-01 8.3824939356e-02 2.3271880202e+00 8.3664965459e+00
318 6.0824789636e-01 8.3811083518e-02 2.3299041272e+00 8.3769205188e+00
319 6.0818210438e-01 8.3951533163e-02 2.3393440453e+00 8.4474224854e+00
320 6.0850353304e-01 8.4835957380e-02 2.3385790156e+00 8.4351620458e+00
321 6.0816637076e-01 8.3557783300e-02 2.2984056808e+00 8.2169432582e+00
322 6.0802908646e-01 8.3598206017e-02 2.2982677206e+00 8.2121481564e+00
323 6.0785074921e-01 8.3185744547e-02 2.2700468571e+00 8.0200571059e+00
324 6.0783011009e-01 8.3180762440e-02 2.2663044697e+00 8.0100263137e+00
325 6.0782558665e-01 8.3217707213e-02 2.2623282615e+00 7.9975335189e+00
326 6.0779740262e-01 8.3238468140e-02 2.2610935585e+00 7.9931771200e+00
327 6.0788732574e-01 8.3584757943e-02 2.2504948739e+00 7.9100222346e+00
328 6.0786736306e-01 8.3641902920e-02 2.2538162069e+00 7.9446536542e+00
329 6.0811247486e-01 8.3844560465e-02 2.2364841079e+00 7.8569094265e+00
330 6.0786212235e-01 8.3662472709e-02 2.2549700832e+00 7.9831504625e+00
331 6.0770927455e-01 8.3753506318e-02 2.2502083563e+00 7.9644780965e+00
332 6.0817247628e-01 8.4463335985e-02 2.2239556420e+00 7.7868763046e+00
333 6.0844646734e-01 8.5331463554e-02 2.2377879263e+00 7.8409914199e+00
334 6.0829535069e-01 8.5605784106e-02 2.2675603198e+00 8.0096053531e+00
335 6.0819617367e-01 8.5587588576e-02 2.2663847630e+00 8.0046597885e+00
336 6.0834035186e-01 8.5816778931e-02 2.2524130738e+00 7.9264844646e+00
337 6.0837854613e-01 8.5946541742e-02 2.2620727639e+00 7.9999719805e+00
338 6.0840063799e-01 8.5939581538e-02 2.2619805549e+00 8.0001308229e+00
339 6.0849377771e-01 8.5617377843e-02 2.2223143324e+00 7.7464943101e+00
340 6.0832016885e-01 8.4945475170e-02 2.1863850898e+00 7.5241745827e+00
341 6.0828266503e-01 8.4828660274e-02 2.1539763627e+00 7.3327332173e+00
342 6.0826317639e-01 8.5240348690e-02 2.1954709658e+00 7.5926349343e+00
343 6.0874162255e-01 8.5716946154e-02 2.1678516248e+00 7.4378924619e+00
344 6.0870944150e-01 8.5730406920e-02 2.1679816701e+00 7.4362716349e+00
345 6.0888986599e-01 8.6097152084e-02 2.1693552903e+00 7.4180951319e+00
346 6.0908925833e-01 8.6447432345e-02 2.1535876142e+00 7.3293803502e+00
347 6.0912431143e-01 8.6456803050e-02 2.1515606382e+00 7.3229998285e+00
348 6.0896676199e-01 8.5986606899e-02 2.1359304948e+00 7.2319620355e+00
349 6.0889330419e-01 8.5999598901e-02 2.1371338133e+00 7.2350896708e+00
350 6.0892540436e-01 8.6055937072e-02 2.1377983863e+00 7.2320120653e+00
351 6.0912592063e-01 8.6597007521e-02 2.1518187624e+00 7.3094083363e+00
352 6.0905029099e-01 8.6938478843e-02 2.1872367264e+00 7.5316771202e+00
353 6.0922964009e-01 8.7399731234e-02 2.1988244752e+00 7.5893806604e+00
354 6.0906690191e-01 8.7591463604e-02 2.2220091439e+00 7.7023241363e+00
355 6.0887045902e-01 8.7249956674e-02 2.2343812734e+00 7.7864008890e+00
356 6.0890961781e-01 8.7934061628e-02 2.2587165570e+00 7.9365325841e+00
357 6.0889103981e-01 8.7870194558e-02 2.2593771326e+00 7.9475302839e+00
358 6.0908991387e-01 8.8001424997e-02 2.2471929891e+00 7.8887657639e+00
359 6.0863903635e-01 8.7477095470e-02 2.2675745612e+00 8.0353383697e+00
360 6.0876181971e-01 8.7962079010e-02 2.2783339437e+00 8.0759652286e+00
361 6.0862865489e-01 8.7708921389e-02 2.2770275138e+00 8.0854161295e+00
362 6.0758045858e-01 8.5851749243e-02 2.2885747119e+00 8.2117694253e+00
363 6.0722728196e-01 8.5078483125e-02 2.2759206173e+00 8.1520277788e+00
364 6.0664525760e-01 8.3813438706e-02 2.2692991495e+00 8.1099131904e+00
365 6.0664906625e-01 8.3815059172e-02 2.2681775934e+00 8.1063595896e+00
