1 5.9282947138e-01 1.1102230246e-16 1.0000000000e+00 1.0000000000e+00
2 5.9295053458e-01 7.7339284974e-03 2.6749222059e+01 8.2388413627e+02
3 5.9284576847e-01 7.9998771065e-03 2.4075836987e+01 7.2149857459e+02
4 5.9301099628e-01 1.0965736250e-02 1.8852484280e+01 4.0673507386e+02
5 5.9326591974e-01 1.3396214852e-02 1.5454160779e+01 2.7290182928e+02
6 5.9348363297e-01 1.5403684271e-02 1.3529006820e+01 2.0733136026e+02
7 5.9350017433e-01 1.5418745769e-02 1.3487796360e+01 2.0646672779e+02
8 5.9352511553e-01 1.5444976083e-02 1.3418173249e+01 2.0498694513e+02
9 5.9390194655e-01 1.8729049308e-02 1.1255507515e+01 1.4120499700e+02
10 5.9386943133e-01 1.8807205585e-02 1.1103467127e+01 1.3899728738e+02
11 5.9429683986e-01 2.1517776614e-02 9.8533889226e+00 1.0729877854e+02
12 5.9446957308e-01 2.2758744155e-02 9.3538416217e+00 9.6153824576e+01
13 5.9507052557e-01 2.6124307655e-02 8.1869603119e+00 7.3066206841e+01
14 5.9520990254e-01 2.7879388166e-02 8.7574572807e+00 8.7288051446e+01
15 5.9517640104e-01 2.8203282775e-02 8.6807292575e+00 8.6024045924e+01
16 5.9529466750e-01 2.9231365917e-02 8.2640514887e+00 7.8300389238e+01
17 5.9529119718e-01 2.9239594306e-02 8.2573518956e+00 7.8216279905e+01
18 5.9530971768e-01 2.9257431529e-02 8.2410712998e+00 7.8005647508e+01
19 5.9506838798e-01 2.7688362935e-02 7.6646338358e+00 6.5600027340e+01
20 5.9497960326e-01 2.7785255534e-02 7.5830713525e+00 6.4807844109e+01
21 5.9521151003e-01 2.8787527824e-02 7.3042052352e+00 6.0145262497e+01
22 5.9514312602e-01 2.8843076427e-02 7.2657282643e+00 5.9755580170e+01
23 5.9510260632e-01 2.8902561506e-02 7.2140165006e+00 5.9337590706e+01
24 5.9506539616e-01 2.8946882665e-02 7.1794580750e+00 5.9021238139e+01
25 5.9505241340e-01 2.8961648180e-02 7.1691037412e+00 5.8914495802e+01
26 5.9540234363e-01 3.0683681148e-02 6.7091849324e+00 5.1674360740e+01
27 5.9569058470e-01 3.1544909980e-02 6.5367797552e+00 4.8861288231e+01
28 5.9607924881e-01 3.3221247716e-02 6.2225670583e+00 4.4030113437e+01
29 5.9601631748e-01 3.3279664152e-02 6.1936846686e+00 4.3769504286e+01
30 5.9631512864e-01 3.4159959147e-02 6.0581965117e+00 4.1743924726e+01
31 5.9625653046e-01 3.4220314008e-02 6.0287033607e+00 4.1494412484e+01
32 5.9621420993e-01 3.4271430798e-02 6.0022284505e+00 4.1282086220e+01
33 5.9613906822e-01 3.4340142061e-02 5.9705358938e+00 4.1008493824e+01
34 5.9611722500e-01 3.4393133272e-02 5.9443720948e+00 4.0773499950e+01
35 5.9634979657e-01 3.5196599011e-02 5.8207988955e+00 3.8979260161e+01
36 5.9661990570e-01 3.6020943706e-02 5.7116752584e+00 3.7403591512e+01
37 5.9654643231e-01 3.6104420038e-02 5.6692480871e+00 3.7123427682e+01
38 5.9653499084e-01 3.6121001106e-02 5.6630571859e+00 3.7063003405e+01
39 5.9677201098e-01 3.6856523120e-02 5.5513516813e+00 3.5544661884e+01
40 5.9665609347e-01 3.6929492767e-02 5.5245761609e+00 3.5337004891e+01
41 5.9691848559e-01 3.7478250945e-02 5.4201189371e+00 3.3996365878e+01
42 5.9681799148e-01 3.7652415991e-02 5.3868234240e+00 3.3769320385e+01
43 5.9704174817e-01 3.8424107637e-02 5.2989672510e+00 3.2571743160e+01
44 5.9703948422e-01 3.8468423077e-02 5.2925849980e+00 3.2525031407e+01
45 5.9702008429e-01 3.8491659240e-02 5.2837593093e+00 3.2458235819e+01
46 5.9706251436e-01 3.8510911826e-02 5.2729800386e+00 3.2369819195e+01
47 5.9787376257e-01 4.1738195313e-02 5.2166383951e+00 3.2193349284e+01
48 5.9794683050e-01 4.2907498091e-02 5.3399229437e+00 3.4201859016e+01
49 5.9775507412e-01 4.1839367503e-02 5.1805087265e+00 3.1953500346e+01
50 5.9818880703e-01 4.2954236754e-02 5.0009721555e+00 2.9801455893e+01
51 5.9820521264e-01 4.2975394265e-02 4.9922182000e+00 2.9735498282e+01
52 5.9815353400e-01 4.3016683367e-02 4.9792254473e+00 2.9648049329e+01
53 5.9820042644e-01 4.4240644287e-02 5.0866675750e+00 3.1365863606e+01
54 5.9837616821e-01 4.4714076466e-02 5.0019010876e+00 3.0348493590e+01
55 5.9841549324e-01 4.4664263300e-02 4.9974865147e+00 3.0358567272e+01
56 5.9853832424e-01 4.5089078477e-02 4.9196307563e+00 2.9477787997e+01
57 5.9874272754e-01 4.5681333911e-02 4.8398165309e+00 2.8502744585e+01
58 5.9868733777e-01 4.5706476548e-02 4.8348125998e+00 2.8463917481e+01
59 5.9870158238e-01 4.5721346003e-02 4.8290761183e+00 2.8421303867e+01
60 5.9863734734e-01 4.5553248960e-02 4.8270204484e+00 2.8494774638e+01
61 5.9854340221e-01 4.5633260521e-02 4.8038138296e+00 2.8340414080e+01
62 5.9871857630e-01 4.6121316593e-02 4.7204658264e+00 2.7441507939e+01
63 5.9872841339e-01 4.6122167152e-02 4.7195314045e+00 2.7435473041e+01
64 5.9868096825e-01 4.6114637426e-02 4.7077528114e+00 2.7399935055e+01
65 5.9850892232e-01 4.5038489752e-02 4.5723148896e+00 2.5633732041e+01
66 5.9855526261e-01 4.5108234453e-02 4.5708915362e+00 2.5614675335e+01
67 5.9874689908e-01 4.5709718638e-02 4.5019921878e+00 2.4828025937e+01
68 5.9873612740e-01 4.5728676526e-02 4.4974182529e+00 2.4790346908e+01
69 5.9872348241e-01 4.5742788227e-02 4.4936419174e+00 2.4765073104e+01
70 5.9908971810e-01 4.7326261605e-02 4.5245568403e+00 2.5210724246e+01
71 5.9944113133e-01 4.8878345768e-02 4.5862543299e+00 2.6079583836e+01
72 5.9942171933e-01 4.8963052347e-02 4.5830737440e+00 2.6041017147e+01
73 5.9962304819e-01 4.9636430586e-02 4.5227837426e+00 2.5274003220e+01
74 5.9951663034e-01 4.9717337913e-02 4.5039744858e+00 2.5151917442e+01
75 5.9968146920e-01 5.0642592513e-02 4.5820721071e+00 2.6045371273e+01
76 6.0030373549e-01 5.1916725207e-02 4.4065486998e+00 2.4138648234e+01
77 6.0083682640e-01 5.2875604463e-02 4.2964146955e+00 2.2919418409e+01
78 6.0084308324e-01 5.2871653721e-02 4.2971814008e+00 2.2924139160e+01
79 6.0084243157e-01 5.2890571435e-02 4.2926146931e+00 2.2891249252e+01
80 6.0106726659e-01 5.3389748043e-02 4.2348403196e+00 2.2291765015e+01
81 6.0130470061e-01 5.4958150005e-02 4.2886176809e+00 2.2747112119e+01
82 6.0143760798e-01 5.5799261196e-02 4.3343381277e+00 2.3193701997e+01
83 6.0163815467e-01 5.6262050889e-02 4.2729115279e+00 2.2604646343e+01
84 6.0107901625e-01 5.4610060191e-02 4.3470006439e+00 2.3444944112e+01
85 6.0127615466e-01 5.5113915596e-02 4.2846647784e+00 2.2815140074e+01
86 6.0127384066e-01 5.5074181798e-02 4.2831979153e+00 2.2826151677e+01
87 6.0123896490e-01 5.5083686738e-02 4.2825688262e+00 2.2821470464e+01
88 6.0138050210e-01 5.5425207944e-02 4.2298529048e+00 2.2335489731e+01
89 6.0133650589e-01 5.5454722514e-02 4.2231015843e+00 2.2305875909e+01
90 6.0185373464e-01 5.6400865793e-02 4.1311217366e+00 2.1356780511e+01
91 6.0182413550e-01 5.6418993311e-02 4.1283726945e+00 2.1338258800e+01
92 6.0176549175e-01 5.6476072476e-02 4.1169055986e+00 2.1271492755e+01
93 6.0187156715e-01 5.6285342013e-02 4.0346580682e+00 2.0603737607e+01
94 6.0186739832e-01 5.6258777304e-02 4.0329244359e+00 2.0612763741e+01
95 6.0189190227e-01 5.6412420888e-02 4.0244437614e+00 2.0534073268e+01
96 6.0183055521e-01 5.6463586792e-02 4.0155343171e+00 2.0478263490e+01
97 6.0182553677e-01 5.6486217774e-02 4.0106976459e+00 2.0447163681e+01
98 6.0197088376e-01 5.6721054266e-02 3.9407741860e+00 1.9719650649e+01
99 6.0193300728e-01 5.6743031325e-02 3.9378359022e+00 1.9699952617e+01
100 6.0188535883e-01 5.6787774194e-02 3.9298433480e+00 1.9652280895e+01
101 6.0203635812e-01 5.7701666394e-02 3.9831110606e+00 2.0261314985e+01
102 6.0220335661e-01 5.7599323593e-02 3.8094587010e+00 1.8573980020e+01
103 6.0215495892e-01 5.7631016253e-02 3.8047635137e+00 1.8546691150e+01
104 6.0196505387e-01 5.6823217051e-02 3.7496409145e+00 1.7986910602e+01
105 6.0195226657e-01 5.6762603645e-02 3.7535118390e+00 1.8011433850e+01
106 6.0195353199e-01 5.6827611463e-02 3.7416035362e+00 1.7942052454e+01
107 6.0195407649e-01 5.6769338418e-02 3.7160215011e+00 1.7712834255e+01
108 6.0194056591e-01 5.6832641356e-02 3.7152052040e+00 1.7697636775e+01
109 6.0212129819e-01 5.7342129046e-02 3.6645081838e+00 1.7267106812e+01
110 6.0256671115e-01 5.8208787416e-02 3.5938642063e+00 1.6586330000e+01
111 6.0273144113e-01 5.8950646806e-02 3.6273897789e+00 1.6915893811e+01
112 6.0266456393e-01 5.8980440967e-02 3.6246731462e+00 1.6898641506e+01
113 6.0268648155e-01 5.8895596635e-02 3.6154213232e+00 1.6797658016e+01
114 6.0262850240e-01 5.8935334652e-02 3.6096050803e+00 1.6768173844e+01
115 6.0229429522e-01 5.7895137781e-02 3.6066373368e+00 1.6767395663e+01
116 6.0239330333e-01 5.8812788348e-02 3.6635212601e+00 1.7379219347e+01
117 6.0221603041e-01 5.8489945315e-02 3.7225489177e+00 1.7979917620e+01
118 6.0240593084e-01 5.9041521781e-02 3.6705479162e+00 1.7529426421e+01
119 6.0258486788e-01 5.9475287342e-02 3.6308524436e+00 1.7162756959e+01
120 6.0259268911e-01 5.9475253888e-02 3.6304738951e+00 1.7160918872e+01
121 6.0285387219e-01 5.9916708076e-02 3.5933681740e+00 1.6812966167e+01
122 6.0292920803e-01 6.0202917445e-02 3.5497638362e+00 1.6483520679e+01
123 6.0289449618e-01 6.0188832308e-02 3.5428787155e+00 1.6463003903e+01
124 6.0269045340e-01 6.0260502881e-02 3.5331672547e+00 1.6418172224e+01
125 6.0293770336e-01 6.0762386885e-02 3.4980675390e+00 1.6074290814e+01
126 6.0279857600e-01 6.0807114653e-02 3.4955624756e+00 1.6060663299e+01
127 6.0302006842e-01 6.1287587788e-02 3.4593551286e+00 1.5731042277e+01
128 6.0324441881e-01 6.1684434262e-02 3.4299230344e+00 1.5458489326e+01
129 6.0348925980e-01 6.2555665351e-02 3.4094602719e+00 1.5258944197e+01
130 6.0323417750e-01 6.2184060975e-02 3.4367361366e+00 1.5521155533e+01
131 6.0319027031e-01 6.2295354296e-02 3.4391444596e+00 1.5551905152e+01
132 6.0293538016e-01 6.1892399228e-02 3.4695346588e+00 1.5837020283e+01
133 6.0291223321e-01 6.1953522945e-02 3.4682806059e+00 1.5820828604e+01
134 6.0322012810e-01 6.2398967550e-02 3.4335792137e+00 1.5509295476e+01
135 6.0326825093e-01 6.3238466591e-02 3.4805572196e+00 1.5969357571e+01
136 6.0342021968e-01 6.3543593420e-02 3.4514971957e+00 1.5721001771e+01
137 6.0356658408e-01 6.4340890402e-02 3.4867076943e+00 1.6077530076e+01
138 6.0374115779e-01 6.4510971189e-02 3.4600618064e+00 1.5877552802e+01
139 6.0371377981e-01 6.4539051963e-02 3.4563937537e+00 1.5856074466e+01
140 6.0411867051e-01 6.5685410962e-02 3.4662791245e+00 1.5925033174e+01
141 6.0411537231e-01 6.5593788571e-02 3.4612092750e+00 1.5935938996e+01
142 6.0407354079e-01 6.5493271704e-02 3.4657840596e+00 1.5991516209e+01
143 6.0351461913e-01 6.3604292547e-02 3.4070614000e+00 1.5521878076e+01
144 6.0380737922e-01 6.3987177945e-02 3.3748499449e+00 1.5236907343e+01
145 6.0402142800e-01 6.4281977789e-02 3.3489408533e+00 1.5014577547e+01
146 6.0355254910e-01 6.3107986878e-02 3.3238358581e+00 1.4793784550e+01
147 6.0376500270e-01 6.3464098342e-02 3.2939184687e+00 1.4535609394e+01
148 6.0393612338e-01 6.3920855551e-02 3.2538423101e+00 1.4230856156e+01
149 6.0383032081e-01 6.3118744538e-02 3.2133010751e+00 1.3918061159e+01
150 6.0381978597e-01 6.3042387400e-02 3.2150646079e+00 1.3947109027e+01
151 6.0383009748e-01 6.3048295963e-02 3.2137170252e+00 1.3939610385e+01
152 6.0386449575e-01 6.3035727879e-02 3.2143460591e+00 1.3943395050e+01
153 6.0383728444e-01 6.3083750305e-02 3.2067619629e+00 1.3908096754e+01
154 6.0385704724e-01 6.3034537012e-02 3.2064316880e+00 1.3915209786e+01
155 6.0395636138e-01 6.3474519354e-02 3.1768619038e+00 1.3663939135e+01
156 6.0394855806e-01 6.3482297920e-02 3.1759330127e+00 1.3658874634e+01
157 6.0397042344e-01 6.3530060031e-02 3.1745160557e+00 1.3643909362e+01
158 6.0400263989e-01 6.3590440889e-02 3.1707781573e+00 1.3616869373e+01
159 6.0403754359e-01 6.3723379261e-02 3.1692192775e+00 1.3605028930e+01
160 6.0393798840e-01 6.3794789244e-02 3.1599641245e+00 1.3568773749e+01
161 6.0411400323e-01 6.4581784089e-02 3.2263200636e+00 1.4205945873e+01
162 6.0361722138e-01 6.3562915900e-02 3.2510483418e+00 1.4407167490e+01
163 6.0409152451e-01 6.4423492559e-02 3.1910612084e+00 1.3892046980e+01
164 6.0422315550e-01 6.4751150901e-02 3.1686665486e+00 1.3699074373e+01
165 6.0448778604e-01 6.5306892408e-02 3.1425164563e+00 1.3451912732e+01
166 6.0450450844e-01 6.5250742367e-02 3.1440731487e+00 1.3472752108e+01
167 6.0427128405e-01 6.4840331434e-02 3.1674724765e+00 1.3693494595e+01
168 6.0426426592e-01 6.4874630975e-02 3.1624785980e+00 1.3666597185e+01
169 6.0448550211e-01 6.5328101330e-02 3.1406265765e+00 1.3454259058e+01
170 6.0450592117e-01 6.5348008526e-02 3.1362569034e+00 1.3434614747e+01
171 6.0408041780e-01 6.4322170781e-02 3.0892300452e+00 1.3112252680e+01
172 6.0410130873e-01 6.4323062561e-02 3.0881353210e+00 1.3107522101e+01
173 6.0404291972e-01 6.4338534648e-02 3.0880174814e+00 1.3106495477e+01
174 6.0428359117e-01 6.4540315896e-02 3.0641737587e+00 1.2931966621e+01
175 6.0450901757e-01 6.4988179509e-02 3.0326935230e+00 1.2693998838e+01
176 6.0476185621e-01 6.5427681955e-02 3.0055907044e+00 1.2474167836e+01
177 6.0494898423e-01 6.5892762174e-02 2.9844470000e+00 1.2280803343e+01
178 6.0484790721e-01 6.5809643680e-02 2.9890808490e+00 1.2306257847e+01
179 6.0546547643e-01 6.7196895583e-02 3.0095607288e+00 1.2526208326e+01
180 6.0580149953e-01 6.8117685818e-02 2.9990844447e+00 1.2402969086e+01
181 6.0582957851e-01 6.8122963818e-02 2.9971916235e+00 1.2394205500e+01
182 6.0584150189e-01 6.8133793524e-02 2.9950358244e+00 1.2384367907e+01
183 6.0562771018e-01 6.7861065714e-02 3.0324268778e+00 1.2725929917e+01
184 6.0506363974e-01 6.6194721392e-02 2.9590970029e+00 1.2057669847e+01
185 6.0504324383e-01 6.6209540586e-02 2.9577114342e+00 1.2050741319e+01
186 6.0505119133e-01 6.6252196894e-02 2.9566610402e+00 1.2039821654e+01
187 6.0503412050e-01 6.6190767284e-02 2.9450256188e+00 1.1949379018e+01
188 6.0486437676e-01 6.5424947863e-02 2.8972143019e+00 1.1576064057e+01
189 6.0507668387e-01 6.5874204947e-02 2.8685440656e+00 1.1373226073e+01
190 6.0509775974e-01 6.5837106292e-02 2.8680724234e+00 1.1379488415e+01
191 6.0509785938e-01 6.5842811440e-02 2.8661146272e+00 1.1371728668e+01
192 6.0516479685e-01 6.6531209159e-02 2.8985633032e+00 1.1633927618e+01
193 6.0563138688e-01 6.7353550777e-02 2.8572786462e+00 1.1289441191e+01
194 6.0553442902e-01 6.7293897728e-02 2.8554659956e+00 1.1288888719e+01
195 6.0546376936e-01 6.7313972330e-02 2.8539667257e+00 1.1282996814e+01
196 6.0559199797e-01 6.7916145752e-02 2.8740637981e+00 1.1412098688e+01
197 6.0520960872e-01 6.7117656711e-02 2.8702234079e+00 1.1392228461e+01
198 6.0521682376e-01 6.7151031378e-02 2.8698899581e+00 1.1388124758e+01
199 6.0511695699e-01 6.7212436015e-02 2.8544136178e+00 1.1338596420e+01
200 6.0509240673e-01 6.7210133313e-02 2.8557916034e+00 1.1344318558e+01
201 6.0503279423e-01 6.7303530094e-02 2.8567076157e+00 1.1381886061e+01
202 6.0503783077e-01 6.7367778468e-02 2.8654148886e+00 1.1471054030e+01
203 6.0495066926e-01 6.7432782048e-02 2.8651773152e+00 1.1466105138e+01
204 6.0485416610e-01 6.7486110404e-02 2.8611755768e+00 1.1447654657e+01
205 6.0478190687e-01 6.7481382249e-02 2.8517349315e+00 1.1358630103e+01
206 6.0504400583e-01 6.7678203591e-02 2.8321214261e+00 1.1224428558e+01
207 6.0508394653e-01 6.7312703029e-02 2.7502900701e+00 1.0516728768e+01
208 6.0508009381e-01 6.7146046079e-02 2.7499591071e+00 1.0533780463e+01
209 6.0528523754e-01 6.7553194147e-02 2.7330702572e+00 1.0389805961e+01
210 6.0517776305e-01 6.7956383936e-02 2.7933811109e+00 1.0867808574e+01
211 6.0541772968e-01 6.8255786108e-02 2.7752561379e+00 1.0724125626e+01
212 6.0557570068e-01 6.8643029961e-02 2.7455497485e+00 1.0548925614e+01
213 6.0575913838e-01 6.8959515201e-02 2.7201896245e+00 1.0390222701e+01
214 6.0574307556e-01 6.8966447827e-02 2.7199323471e+00 1.0388655252e+01
215 6.0560093802e-01 6.9266221990e-02 2.7398027092e+00 1.0622504919e+01
216 6.0533305670e-01 6.8909999331e-02 2.7619836502e+00 1.0782045091e+01
217 6.0525569243e-01 6.8888076099e-02 2.7606024878e+00 1.0776607910e+01
218 6.0517432873e-01 6.8934086833e-02 2.7573610402e+00 1.0762010657e+01
219 6.0575620252e-01 7.0256474797e-02 2.7481125616e+00 1.0689614817e+01
220 6.0620909725e-01 7.0890425407e-02 2.7110507711e+00 1.0412575278e+01
221 6.0653374297e-01 7.0878708513e-02 2.6351854665e+00 9.8577158597e+00
222 6.0633706183e-01 7.0826788929e-02 2.6336549371e+00 9.8560523334e+00
223 6.0644130126e-01 7.1339120870e-02 2.6393777319e+00 9.8744916025e+00
224 6.0630693753e-01 7.1379387746e-02 2.6343893218e+00 9.8554803312e+00
225 6.0677255196e-01 7.2362639619e-02 2.6588013042e+00 1.0068562615e+01
226 6.0737515590e-01 7.3766859878e-02 2.6592391216e+00 1.0053529137e+01
227 6.0735945903e-01 7.3769209965e-02 2.6597211811e+00 1.0054908501e+01
228 6.0751228535e-01 7.4068695060e-02 2.6425142213e+00 9.9310837957e+00
229 6.0792741197e-01 7.5077130715e-02 2.6598317794e+00 1.0066329317e+01
230 6.0810480548e-01 7.5418068522e-02 2.6387104851e+00 9.9273380327e+00
231 6.0791223973e-01 7.5252960064e-02 2.6520281578e+00 1.0017108147e+01
232 6.0750935342e-01 7.4420164028e-02 2.6444693820e+00 9.9899262603e+00
233 6.0797389698e-01 7.5023372327e-02 2.6181953282e+00 9.7908779274e+00
234 6.0793363094e-01 7.5050920215e-02 2.6165473262e+00 9.7824285495e+00
235 6.0753791633e-01 7.4306978378e-02 2.6167098169e+00 9.8127962155e+00
236 6.0740829332e-01 7.4315136993e-02 2.6131588706e+00 9.8015249083e+00
237 6.0735175094e-01 7.4357629710e-02 2.6097963278e+00 9.7882785924e+00
238 6.0760490926e-01 7.4710541909e-02 2.5900967818e+00 9.6512016206e+00
239 6.0786144943e-01 7.5081702492e-02 2.5722141123e+00 9.5231461882e+00
240 6.0805722919e-01 7.5284964423e-02 2.5563916605e+00 9.4245021281e+00
241 6.0842044315e-01 7.5920660975e-02 2.5200837250e+00 9.1861562698e+00
242 6.0834874779e-01 7.5827287046e-02 2.5204268934e+00 9.1986084432e+00
243 6.0839198863e-01 7.5949167631e-02 2.5305530514e+00 9.2761184432e+00
244 6.0833517512e-01 7.5985506847e-02 2.5233978998e+00 9.2577555114e+00
245 6.0836637493e-01 7.5988761432e-02 2.5219974131e+00 9.2520925968e+00
246 6.0836475607e-01 7.6057659396e-02 2.5206167633e+00 9.2474976396e+00
247 6.0874716928e-01 7.6872808403e-02 2.5258893763e+00 9.2758872495e+00
248 6.0896955096e-01 7.7190287375e-02 2.5082738405e+00 9.1578625280e+00
249 6.0887572515e-01 7.7245516787e-02 2.5051500577e+00 9.1451698795e+00
250 6.0902751989e-01 7.7752339237e-02 2.5290511394e+00 9.3094561886e+00
251 6.0924311387e-01 7.8275969312e-02 2.5434472796e+00 9.3909026817e+00
252 6.0920998464e-01 7.8355830454e-02 2.5460209385e+00 9.3976603121e+00
253 6.0870871041e-01 7.7649608972e-02 2.5409953055e+00 9.4004527352e+00
254 6.0888125039e-01 7.7975647526e-02 2.5233916791e+00 9.2826986329e+00
255 6.0945406271e-01 7.9744783697e-02 2.5596572798e+00 9.4925633388e+00
256 6.0931587519e-01 7.8978551752e-02 2.5216608562e+00 9.2259090810e+00
257 6.0927063568e-01 7.8858095997e-02 2.5081202624e+00 9.1130519666e+00
258 6.0951451199e-01 7.9266510847e-02 2.4920741615e+00 8.9936789261e+00
259 6.0924729260e-01 7.8983094613e-02 2.5084406013e+00 9.1012973271e+00
260 6.0935300695e-01 7.9802955946e-02 2.5671867450e+00 9.6233171492e+00
261 6.0887336377e-01 7.9158626595e-02 2.5771773650e+00 9.7093844111e+00
262 6.0894342443e-01 7.9165506231e-02 2.5740820341e+00 9.6969757235e+00
263 6.0907487204e-01 7.9420655395e-02 2.5557633120e+00 9.5838466583e+00
264 6.0843296946e-01 7.8369709278e-02 2.5755920556e+00 9.7437499054e+00
265 6.0906963108e-01 7.9447287603e-02 2.5603032160e+00 9.6105787783e+00
266 6.0888108626e-01 7.9793509233e-02 2.5777900722e+00 9.7315796611e+00
267 6.0879060974e-01 7.9771674617e-02 2.5723953534e+00 9.7218686065e+00
268 6.0872679461e-01 7.9869049178e-02 2.5763693207e+00 9.7594748336e+00
269 6.0880750625e-01 7.9445489979e-02 2.5414521419e+00 9.5605829572e+00
270 6.0928398348e-01 7.9953375874e-02 2.5065295474e+00 9.3324050846e+00
271 6.0928031147e-01 7.9720589976e-02 2.4793466401e+00 9.1249192075e+00
272 6.0925310139e-01 7.9810738012e-02 2.4786517208e+00 9.1134208359e+00
273 6.0910817258e-01 8.0050585254e-02 2.5223329632e+00 9.4115482432e+00
274 6.0892500630e-01 7.9852507070e-02 2.5167384663e+00 9.3977312909e+00
275 6.0895517428e-01 7.9641791517e-02 2.4807399729e+00 9.1894973972e+00
276 6.0905181087e-01 8.0239877527e-02 2.4955368641e+00 9.2612860705e+00
277 6.0897210058e-01 8.0283229273e-02 2.4961927707e+00 9.2585111985e+00
278 6.0902695127e-01 8.0310534176e-02 2.4913472590e+00 9.2392874006e+00
279 6.0897399325e-01 8.0242718180e-02 2.4908442396e+00 9.2448609175e+00
280 6.0922902413e-01 8.0291855747e-02 2.4362335084e+00 8.8887539871e+00
281 6.0929855031e-01 8.0308498102e-02 2.4348143689e+00 8.8796839373e+00
282 6.0952788026e-01 8.0645328444e-02 2.4185407803e+00 8.7698591183e+00
283 6.0945389267e-01 8.0615055384e-02 2.4180444894e+00 8.7763015665e+00
284 6.0939529043e-01 8.0655621262e-02 2.4157618634e+00 8.7664298726e+00
285 6.0898364950e-01 7.9341974385e-02 2.3624353105e+00 8.3069086724e+00
286 6.0870117460e-01 7.8854226994e-02 2.3350483671e+00 8.1426451867e+00
287 6.0876865800e-01 7.9219929783e-02 2.3280282966e+00 8.0797302305e+00
288 6.0829794328e-01 7.8515885281e-02 2.3267762342e+00 8.0749749754e+00
289 6.0849997841e-01 7.9081684519e-02 2.3458946834e+00 8.1930649466e+00
290 6.0853014734e-01 7.9111981461e-02 2.3448625575e+00 8.1863230619e+00
291 6.0850645051e-01 7.9009722462e-02 2.3372371811e+00 8.1646225760e+00
292 6.0866772398e-01 7.9533859764e-02 2.3633066243e+00 8.3375427457e+00
293 6.0867329267e-01 7.9585297056e-02 2.3621438082e+00 8.3323936766e+00
294 6.0877638134e-01 7.9951327968e-02 2.3423469258e+00 8.2207650218e+00
295 6.0891421147e-01 8.0257962844e-02 2.3261541347e+00 8.1245694599e+00
296 6.0897182221e-01 8.0262456654e-02 2.3233377623e+00 8.1166321949e+00
297 6.0896029965e-01 8.0249056270e-02 2.3213058732e+00 8.1123343698e+00
298 6.0871000551e-01 7.9730942394e-02 2.3002408655e+00 7.9961378717e+00
299 6.0858073922e-01 7.9126876170e-02 2.2726093095e+00 7.8229141185e+00
300 6.0876042611e-01 7.9371456601e-02 2.2537150648e+00 7.7352181115e+00
301 6.0872688063e-01 7.9407510898e-02 2.2508856683e+00 7.7261635013e+00
302 6.0922530004e-01 7.9775301584e-02 2.2245987731e+00 7.5854824551e+00
303 6.0935472534e-01 8.0360549791e-02 2.2482522060e+00 7.7452608106e+00
304 6.0950866404e-01 8.0699155548e-02 2.2309680323e+00 7.6479176110e+00
305 6.0966155247e-01 8.1401722178e-02 2.2779733203e+00 8.0026520346e+00
306 6.0947224701e-01 8.1217169747e-02 2.2889189832e+00 8.0942823434e+00
307 6.0907055228e-01 8.0432159336e-02 2.2772008068e+00 8.0319828033e+00
308 6.0917532150e-01 8.0902172220e-02 2.2897272484e+00 8.0795659087e+00
309 6.0932793441e-01 8.1140024625e-02 2.2756309555e+00 7.9964723648e+00
310 6.0945396122e-01 8.1206831548e-02 2.2586450627e+00 7.8997940385e+00
311 6.0944974848e-01 8.1210996948e-02 2.2585771912e+00 7.8984775087e+00
312 6.0957860840e-01 8.1638874751e-02 2.2685554942e+00 7.9454195720e+00
313 6.0962250583e-01 8.1632721051e-02 2.2674757512e+00 7.9429801052e+00
314 6.0952805466e-01 8.1662995650e-02 2.2680435125e+00 7.9418650875e+00
315 6.0942863312e-01 8.1258108845e-02 2.2544636362e+00 7.8644688971e+00
316 6.0902355515e-01 8.0664803857e-02 2.2534018624e+00 7.8768894472e+00
317 6.0863470548e-01 7.9856247138e-02 2.2501651217e+00 7.8492722304e+00
318 6.0899707420e-01 8.1004176697e-02 2.2980199548e+00 8.1526978264e+00
319 6.0875412003e-01 8.0454921889e-02 2.2753008354e+00 8.0108531216e+00
320 6.0870583803e-01 8.0612500272e-02 2.2692236525e+00 7.9847010368e+00
321 6.0835617640e-01 7.9873769733e-02 2.2667141543e+00 7.9922143339e+00
322 6.0852686438e-01 8.0102352979e-02 2.2508757565e+00 7.9085785309e+00
323 6.0850788284e-01 8.0158536664e-02 2.2497459827e+00 7.9066573982e+00
324 6.0863933183e-01 8.0788112082e-02 2.2754343208e+00 8.0587708275e+00
325 6.0860615107e-01 8.0837191782e-02 2.2743190100e+00 8.0504679832e+00
326 6.0873131435e-01 8.1344371825e-02 2.2941462173e+00 8.1567376170e+00
327 6.0845247282e-01 8.1078695378e-02 2.3089538842e+00 8.2489834845e+00
328 6.0862398026e-01 8.1280379891e-02 2.2940444079e+00 8.1657618413e+00
329 6.0865508853e-01 8.1228116157e-02 2.2993632525e+00 8.1801007077e+00
330 6.0882918376e-01 8.1536556422e-02 2.2867036443e+00 8.0971483235e+00
331 6.0896935619e-01 8.1999710709e-02 2.2969081495e+00 8.1399223920e+00
332 6.0889124829e-01 8.1969463187e-02 2.2969979116e+00 8.1473257857e+00
333 6.0901423609e-01 8.2394516780e-02 2.2993438726e+00 8.1241210060e+00
334 6.0900462523e-01 8.2457097565e-02 2.2975275843e+00 8.1161685467e+00
335 6.0903351218e-01 8.2462852597e-02 2.2895490977e+00 8.0533380637e+00
336 6.0942207253e-01 8.3207723936e-02 2.2751828537e+00 7.9497776575e+00
337 6.0922625968e-01 8.3647404418e-02 2.3046760329e+00 8.1211563095e+00
338 6.0911301695e-01 8.3693580566e-02 2.2984531922e+00 8.1141414205e+00
339 6.0916344974e-01 8.3503403920e-02 2.2633781336e+00 7.9048621734e+00
340 6.0888742225e-01 8.3455984503e-02 2.2910655340e+00 8.1043754551e+00
341 6.0894803340e-01 8.4099483039e-02 2.3052261611e+00 8.1911114862e+00
342 6.0943456085e-01 8.5338290035e-02 2.3114466627e+00 8.1838680157e+00
343 6.0955344103e-01 8.5552528441e-02 2.3000213336e+00 8.1119071026e+00
344 6.0959208704e-01 8.6064242907e-02 2.3113077465e+00 8.1860741354e+00
345 6.0899671727e-01 8.5090042180e-02 2.3111820691e+00 8.2322453984e+00
346 6.0859025146e-01 8.4266576298e-02 2.3001725069e+00 8.1625163509e+00
347 6.0879372731e-01 8.4582873504e-02 2.2833006032e+00 8.0628740917e+00
348 6.0896114226e-01 8.5155813655e-02 2.3076481503e+00 8.2235995218e+00
349 6.0889228437e-01 8.5201150667e-02 2.3053103176e+00 8.2146305061e+00
350 6.0883535440e-01 8.5186168105e-02 2.3072667165e+00 8.2307926567e+00
351 6.0841072795e-01 8.4837376257e-02 2.3285967074e+00 8.3989248117e+00
352 6.0856591253e-01 8.5420871725e-02 2.3540247727e+00 8.5541472456e+00
353 6.0812238450e-01 8.4697693271e-02 2.3540220757e+00 8.5643055988e+00
354 6.0837620680e-01 8.5579524262e-02 2.3477589141e+00 8.4872913799e+00
355 6.0791487270e-01 8.5005260168e-02 2.3587001116e+00 8.5791298483e+00
356 6.0861537989e-01 8.6939020219e-02 2.4080741398e+00 8.8800916615e+00
357 6.0858233014e-01 8.7109741563e-02 2.4065539707e+00 8.8518335766e+00
358 6.0873183977e-01 8.7544780491e-02 2.4089416457e+00 8.8358288702e+00
359 6.0855801193e-01 8.7169697589e-02 2.4033691074e+00 8.8433305888e+00
360 6.0854068460e-01 8.7062994245e-02 2.3940049574e+00 8.7831212977e+00
361 6.0850671042e-01 8.7057773620e-02 2.3945914092e+00 8.7856532388e+00
362 6.0824297507e-01 8.6883332981e-02 2.4072869844e+00 8.8633848615e+00
363 6.0824566281e-01 8.6826394324e-02 2.4067751016e+00 8.8696411421e+00
364 6.0823889667e-01 8.6819638922e-02 2.4078584668e+00 8.8727607935e+00
365 6.0806769319e-01 8.6265538917e-02 2.3973268018e+00 8.8437207258e+00
