1 5.9282947138e-01 1.1102230246e-16 1.0000000000e+00 1.0000000000e+00
2 5.9330201018e-01 1.0537269494e-02 2.1455242247e+01 4.7355235044e+02
3 5.9351781575e-01 1.2894273762e-02 1.7510192645e+01 3.1561999861e+02
4 5.9373333137e-01 1.4941591669e-02 1.4933217710e+01 2.3265025015e+02
5 5.9413533711e-01 1.8286158961e-02 1.2140480310e+01 1.5451326223e+02
6 5.9411696812e-01 1.8051315197e-02 1.1937967774e+01 1.5205504943e+02
7 5.9460213018e-01 2.0813681450e-02 1.0473705556e+01 1.1571749703e+02
8 5.9449499490e-01 2.0975255439e-02 1.0210176780e+01 1.1250692665e+02
9 5.9451935345e-01 2.1017590328e-02 1.0145912098e+01 1.1156227475e+02
10 5.9446982759e-01 2.1059687834e-02 1.0088416772e+01 1.1077234229e+02
11 5.9446774954e-01 2.1073554870e-02 1.0068613138e+01 1.1048534545e+02
12 5.9445829477e-01 2.1114850111e-02 1.0006513448e+01 1.0964797531e+02
13 5.9408086344e-01 2.0057732099e-02 1.0120692593e+01 1.1798577256e+02
14 5.9404495442e-01 2.0082884455e-02 1.0085863202e+01 1.1747067702e+02
15 5.9406538402e-01 2.0092530784e-02 1.0068656380e+01 1.1720465128e+02
16 5.9401928027e-01 2.0157992298e-02 9.9639621212e+00 1.1581393055e+02
17 5.9409703466e-01 2.1599276514e-02 9.3042788581e+00 1.0100925673e+02
18 5.9404509958e-01 2.1662611170e-02 9.2222553816e+00 9.9936173961e+01
19 5.9401012520e-01 2.1728896738e-02 9.1321234746e+00 9.8805741532e+01
20 5.9394008383e-01 2.1779497501e-02 9.0734733003e+00 9.8012627540e+01
21 5.9411504165e-01 2.3018863953e-02 8.6808063235e+00 8.8568703950e+01
22 5.9402370869e-01 2.3079463828e-02 8.6134172626e+00 8.7802200067e+01
23 5.9449806689e-01 2.5297219208e-02 8.0214267371e+00 7.4302915766e+01
24 5.9469098129e-01 2.6360127781e-02 7.7414495875e+00 6.8719669605e+01
25 5.9462971405e-01 2.6436206157e-02 7.6734240669e+00 6.8017746061e+01
26 5.9486916855e-01 2.7264572678e-02 7.3820094024e+00 6.2981059741e+01
27 5.9505453521e-01 2.8279023187e-02 7.1377374682e+00 5.8676201371e+01
28 5.9524712297e-01 2.9268406378e-02 6.9062197724e+00 5.4814941495e+01
29 5.9546220613e-01 3.0182600008e-02 6.7179686321e+00 5.1686800739e+01
30 5.9539362626e-01 3.0202805345e-02 6.6793961172e+00 5.1349469490e+01
31 5.9535578376e-01 3.0070954804e-02 6.6236781150e+00 5.0924507928e+01
32 5.9550685641e-01 3.1540446594e-02 7.0687179490e+00 6.0318045995e+01
33 5.9590567185e-01 3.3229624929e-02 6.6695080733e+00 5.3250432441e+01
34 5.9592661110e-01 3.3267303362e-02 6.6440913244e+00 5.2995036018e+01
35 5.9591473628e-01 3.3310753864e-02 6.6190471011e+00 5.2730405427e+01
36 5.9612873040e-01 3.4126121899e-02 6.4416219547e+00 4.9764666030e+01
37 5.9608227228e-01 3.4202440757e-02 6.3956255569e+00 4.9369080238e+01
38 5.9612075205e-01 3.5085057088e-02 6.1939311957e+00 4.6405212702e+01
39 5.9609803587e-01 3.5007178788e-02 6.1931039327e+00 4.6459141681e+01
40 5.9652486361e-01 3.6731482016e-02 5.9113957988e+00 4.2020432372e+01
41 5.9671319547e-01 3.7419191031e-02 5.7671799152e+00 4.0024203531e+01
42 5.9671170051e-01 3.7282136238e-02 5.7025441767e+00 3.8901109517e+01
43 5.9664400171e-01 3.7546112622e-02 5.6650052866e+00 3.8558390441e+01
44 5.9685020293e-01 3.8218358289e-02 5.5570917587e+00 3.6984454605e+01
45 5.9675220845e-01 3.8297173422e-02 5.5271684966e+00 3.6742306539e+01
46 5.9681244657e-01 3.9135772412e-02 5.3638921430e+00 3.4849959976e+01
47 5.9675140965e-01 3.9094135106e-02 5.3536763821e+00 3.4798986262e+01
48 5.9633559376e-01 3.7350286275e-02 5.2319627769e+00 3.2777296572e+01
49 5.9608145260e-01 3.6685308398e-02 5.2989072454e+00 3.3839684400e+01
50 5.9630221752e-01 3.7414583746e-02 5.2086970878e+00 3.2574059729e+01
51 5.9627680075e-01 3.7523392083e-02 5.1493063710e+00 3.2257482129e+01
52 5.9638332929e-01 3.8465732073e-02 5.0683972643e+00 3.1173233364e+01
53 5.9639356820e-01 3.8368103837e-02 5.0387771143e+00 3.0975180372e+01
54 5.9632472814e-01 3.8397104206e-02 5.0315050746e+00 3.0918849696e+01
55 5.9725683553e-01 4.1052365657e-02 4.7457561980e+00 2.7122860470e+01
56 5.9740984499e-01 4.2227805802e-02 4.9565967389e+00 3.0149907774e+01
57 5.9767176146e-01 4.2877369260e-02 4.8763829414e+00 2.9113897082e+01
58 5.9768210289e-01 4.2910562842e-02 4.8643260270e+00 2.9019893359e+01
59 5.9776154863e-01 4.2968228064e-02 4.8481648254e+00 2.8893769606e+01
60 5.9757919110e-01 4.1787321759e-02 4.6430885674e+00 2.6077933234e+01
61 5.9812135286e-01 4.3779304996e-02 4.4337827189e+00 2.3764044334e+01
62 5.9807222036e-01 4.3819901807e-02 4.4229654933e+00 2.3698241762e+01
63 5.9828474687e-01 4.4437331136e-02 4.3602371543e+00 2.3014776261e+01
64 5.9820447097e-01 4.4506872697e-02 4.3404176276e+00 2.2911265785e+01
65 5.9848272993e-01 4.5058110026e-02 4.2976376195e+00 2.2344700888e+01
66 5.9848629079e-01 4.5068015562e-02 4.2942871897e+00 2.2323892556e+01
67 5.9844007406e-01 4.5084345595e-02 4.2917487992e+00 2.2309953540e+01
68 5.9859003742e-01 4.5699895557e-02 4.2332786724e+00 2.1689082102e+01
69 5.9863684831e-01 4.5724941871e-02 4.2234413172e+00 2.1624946808e+01
70 5.9887457874e-01 4.6286960527e-02 4.1741068016e+00 2.1087164845e+01
71 5.9878508642e-01 4.6343908522e-02 4.1624281684e+00 2.1018224125e+01
72 5.9891204178e-01 4.6979218250e-02 4.0954744044e+00 2.0411821827e+01
73 5.9906608918e-01 4.7612397721e-02 4.0296492741e+00 1.9814104194e+01
74 5.9909498744e-01 4.7620772586e-02 4.0257964503e+00 1.9790381583e+01
75 5.9913500862e-01 4.7613111637e-02 4.0249802414e+00 1.9790697766e+01
76 5.9899788111e-01 4.7559725185e-02 4.0096966322e+00 1.9720500350e+01
77 5.9904762848e-01 4.7610324870e-02 4.0084525054e+00 1.9703625782e+01
78 5.9898037021e-01 4.7695437130e-02 3.9879512705e+00 1.9589686284e+01
79 5.9916923698e-01 4.8391860066e-02 3.9215351341e+00 1.9033397218e+01
80 5.9914859670e-01 4.8452988424e-02 3.9046129571e+00 1.8950140203e+01
81 5.9926412928e-01 4.9109409957e-02 3.8563076083e+00 1.8484738446e+01
82 5.9925424232e-01 4.8923203509e-02 3.8458790050e+00 1.8475821473e+01
83 5.9910059607e-01 4.9005621453e-02 3.8324817808e+00 1.8403384070e+01
84 5.9908224027e-01 4.9009246211e-02 3.8326777700e+00 1.8403748078e+01
85 5.9925887616e-01 4.9554770286e-02 3.7920091590e+00 1.8009639118e+01
86 5.9915316042e-01 4.9628869327e-02 3.7778609816e+00 1.7938844421e+01
87 5.9914115387e-01 4.9671534031e-02 3.7667395131e+00 1.7883795435e+01
88 5.9909327813e-01 5.0741303170e-02 3.8900460045e+00 1.9541117399e+01
89 5.9906862119e-01 5.0584544466e-02 3.8846117448e+00 1.9546276791e+01
90 5.9873756944e-01 5.0266876780e-02 3.9192385743e+00 1.9938110037e+01
91 5.9875044607e-01 5.1271701990e-02 4.0085177494e+00 2.1049476182e+01
92 5.9899424990e-01 5.1815895887e-02 3.9693379830e+00 2.0561786667e+01
93 5.9912532848e-01 5.2406801041e-02 3.9108808313e+00 2.0007218098e+01
94 5.9881901955e-01 5.1987271985e-02 3.9384036115e+00 2.0399952810e+01
95 5.9874005104e-01 5.2017759733e-02 3.9335572283e+00 2.0379640519e+01
96 5.9866624619e-01 5.2464317350e-02 4.0422126746e+00 2.1537518766e+01
97 5.9892684807e-01 5.3028969114e-02 3.9978790419e+00 2.1004916296e+01
98 5.9890300962e-01 5.4055820687e-02 4.0766642447e+00 2.1952813932e+01
99 5.9882212687e-01 5.4048585860e-02 4.0586382727e+00 2.1890452972e+01
100 5.9902644756e-01 5.4548895644e-02 4.0066862134e+00 2.1340587611e+01
101 5.9894254712e-01 5.4678468039e-02 3.9929220138e+00 2.1234555010e+01
102 5.9875957491e-01 5.3690258873e-02 3.8949015490e+00 2.0233847622e+01
103 5.9871814487e-01 5.3716017299e-02 3.8906178266e+00 2.0208067799e+01
104 5.9877654854e-01 5.3731212243e-02 3.8846662191e+00 2.0168255629e+01
105 5.9873587817e-01 5.3770506664e-02 3.8772096910e+00 2.0122468814e+01
106 5.9891294728e-01 5.4361483377e-02 3.8251680215e+00 1.9592040643e+01
107 5.9927463339e-01 5.5850656060e-02 3.8532503713e+00 1.9814799446e+01
108 5.9949199785e-01 5.6271655372e-02 3.8011110752e+00 1.9336783661e+01
109 5.9951570962e-01 5.6244196752e-02 3.8106530512e+00 1.9379676420e+01
110 5.9950247029e-01 5.6303037014e-02 3.7961628054e+00 1.9307671145e+01
111 5.9984248474e-01 5.8010603739e-02 3.9402158747e+00 2.0736962429e+01
112 6.0010894894e-01 5.8467788609e-02 3.8930454915e+00 2.0248088640e+01
113 6.0009851966e-01 5.8485543399e-02 3.8970669327e+00 2.0276824455e+01
114 5.9984653999e-01 5.7704257040e-02 3.8268331790e+00 1.9628980075e+01
115 5.9975634338e-01 5.7708390520e-02 3.8298947258e+00 1.9647492345e+01
116 5.9996358759e-01 5.8147877936e-02 3.7805526971e+00 1.9202257406e+01
117 5.9962544805e-01 5.6913099293e-02 3.7552874808e+00 1.9053960800e+01
118 5.9973892324e-01 5.7344586873e-02 3.6943542873e+00 1.8575626991e+01
119 5.9976108629e-01 5.7352703691e-02 3.6917200605e+00 1.8559150980e+01
120 5.9988716912e-01 5.8118530802e-02 3.7361006565e+00 1.8934115398e+01
121 5.9993264055e-01 5.7808187575e-02 3.6038299850e+00 1.7535089016e+01
122 6.0010092967e-01 5.8340095237e-02 3.5673437186e+00 1.7157057882e+01
123 6.0010685125e-01 5.8345692918e-02 3.5658336856e+00 1.7149158824e+01
124 6.0004095861e-01 5.8419582493e-02 3.5569823098e+00 1.7099779691e+01
125 5.9987127073e-01 5.7644596606e-02 3.4865281468e+00 1.6457124598e+01
126 5.9979187062e-01 5.7229663364e-02 3.3785503109e+00 1.5424141454e+01
127 5.9981273254e-01 5.7190763503e-02 3.3735165599e+00 1.5415058276e+01
128 6.0046476022e-01 5.8607503249e-02 3.2879417366e+00 1.4580378029e+01
129 6.0035019976e-01 5.8008935389e-02 3.2378645914e+00 1.4139629441e+01
130 6.0028361121e-01 5.8062391120e-02 3.2304529377e+00 1.4105971017e+01
131 6.0091659048e-01 5.9054121870e-02 3.1519205264e+00 1.3433133578e+01
132 6.0105514711e-01 5.9864348021e-02 3.2072086454e+00 1.3952929487e+01
133 6.0110922132e-01 6.0730351883e-02 3.2733786923e+00 1.4645514334e+01
134 6.0133733175e-01 6.1153158296e-02 3.2333977646e+00 1.4345108869e+01
135 6.0145003532e-01 6.1569615030e-02 3.1995645446e+00 1.4073876976e+01
136 6.0142552745e-01 6.1577581250e-02 3.1994320860e+00 1.4071553342e+01
137 6.0151463080e-01 6.2308076243e-02 3.2194356886e+00 1.4206732319e+01
138 6.0146126257e-01 6.2336341067e-02 3.2164109205e+00 1.4193015404e+01
139 6.0171673648e-01 6.2755283633e-02 3.1983730882e+00 1.4097738172e+01
140 6.0182285303e-01 6.2365846208e-02 3.1047783581e+00 1.3225115973e+01
141 6.0171943795e-01 6.2409929469e-02 3.1020695878e+00 1.3209217890e+01
142 6.0143006671e-01 6.2117543435e-02 3.1283961554e+00 1.3424761901e+01
143 6.0169905528e-01 6.2583680285e-02 3.1123871731e+00 1.3367933926e+01
144 6.0218046235e-01 6.4384602272e-02 3.1831523282e+00 1.3975402543e+01
145 6.0340916234e-01 6.6995569841e-02 3.0964776837e+00 1.3204293108e+01
146 6.0307342222e-01 6.6954741044e-02 3.1410846148e+00 1.3606964909e+01
147 6.0302913003e-01 6.6994122275e-02 3.1359482755e+00 1.3584951178e+01
148 6.0310386030e-01 6.6494600261e-02 3.0496172174e+00 1.2860223471e+01
149 6.0288810181e-01 6.5835469684e-02 3.0044799548e+00 1.2495358280e+01
150 6.0313618751e-01 6.6166248397e-02 2.9800232742e+00 1.2299663862e+01
151 6.0311662427e-01 6.6075130099e-02 2.9769790095e+00 1.2295881578e+01
152 6.0305707489e-01 6.6079048400e-02 2.9714317574e+00 1.2278725446e+01
153 6.0300593589e-01 6.6098154328e-02 2.9707792591e+00 1.2274000942e+01
154 6.0319038577e-01 6.6875562430e-02 3.0170270084e+00 1.2703234015e+01
155 6.0326675836e-01 6.6516752037e-02 2.9465307114e+00 1.2160067975e+01
156 6.0335300943e-01 6.7326595209e-02 2.9981276174e+00 1.2599832316e+01
157 6.0358173334e-01 6.7535044785e-02 2.9780594820e+00 1.2451793317e+01
158 6.0360296020e-01 6.7494441282e-02 2.9773106238e+00 1.2456557417e+01
159 6.0359564080e-01 6.7392914200e-02 2.9770792262e+00 1.2470844587e+01
160 6.0365540614e-01 6.7489312078e-02 2.9730395359e+00 1.2441050090e+01
161 6.0357742446e-01 6.7538853643e-02 2.9687528865e+00 1.2419477519e+01
162 6.0356793096e-01 6.7564497840e-02 2.9644714690e+00 1.2404557006e+01
163 6.0370945204e-01 6.7927998707e-02 2.9390618744e+00 1.2208937234e+01
164 6.0381992232e-01 6.8424283553e-02 2.9101705804e+00 1.1993702972e+01
165 6.0376190258e-01 6.8421662294e-02 2.9086743994e+00 1.1992652877e+01
166 6.0310334756e-01 6.7038468979e-02 2.9190138123e+00 1.2117316045e+01
167 6.0295474793e-01 6.6780038496e-02 2.9359079906e+00 1.2258139329e+01
168 6.0334826307e-01 6.7790015451e-02 2.9425845291e+00 1.2288155886e+01
169 6.0331844126e-01 6.7825371868e-02 2.9383926738e+00 1.2268484570e+01
170 6.0326078737e-01 6.7806783738e-02 2.9366801263e+00 1.2267947403e+01
171 6.0302046640e-01 6.7258983758e-02 2.8939774247e+00 1.1921458995e+01
172 6.0276284625e-01 6.6805474383e-02 2.9122683874e+00 1.2111971059e+01
173 6.0310342917e-01 6.8905816158e-02 3.0501439132e+00 1.3253322559e+01
174 6.0320745992e-01 6.9594102837e-02 3.0752690348e+00 1.3396862934e+01
175 6.0272355261e-01 6.8660210225e-02 3.0673322710e+00 1.3369649420e+01
176 6.0271447905e-01 6.8666775819e-02 3.0666412708e+00 1.3366361789e+01
177 6.0302922164e-01 6.9800957073e-02 3.0644719770e+00 1.3336497903e+01
178 6.0301102766e-01 6.9813152774e-02 3.0656334597e+00 1.3338970284e+01
179 6.0341752068e-01 7.0540061443e-02 3.0165255625e+00 1.2928507726e+01
180 6.0346287877e-01 7.0526440389e-02 3.0164633897e+00 1.2930668382e+01
181 6.0306482572e-01 6.9576819475e-02 3.0160550804e+00 1.2988613417e+01
182 6.0287314375e-01 6.9016139707e-02 2.9646004020e+00 1.2602847079e+01
183 6.0297385281e-01 6.9310486529e-02 2.9449557271e+00 1.2445814042e+01
184 6.0292925681e-01 6.9354562959e-02 2.9481898587e+00 1.2455535534e+01
185 6.0284511507e-01 6.9749738655e-02 2.9934858152e+00 1.2768963089e+01
186 6.0270385239e-01 6.9345945693e-02 2.9683727844e+00 1.2576148816e+01
187 6.0337293082e-01 7.0418973117e-02 2.9020521275e+00 1.2022310517e+01
188 6.0338008380e-01 7.0338312568e-02 2.8909977905e+00 1.1928807977e+01
189 6.0348141324e-01 7.1077723453e-02 2.9268136461e+00 1.2256555293e+01
190 6.0342051456e-01 7.1125161851e-02 2.9222707902e+00 1.2235040874e+01
191 6.0370991606e-01 7.2108016305e-02 2.9289757458e+00 1.2268064694e+01
192 6.0377600918e-01 7.2131489589e-02 2.9227517343e+00 1.2242695752e+01
193 6.0389729101e-01 7.2871761763e-02 2.9597358808e+00 1.2549931114e+01
194 6.0425706073e-01 7.3473444217e-02 2.9167405183e+00 1.2214684068e+01
195 6.0437037101e-01 7.3447227383e-02 2.9159915335e+00 1.2213576262e+01
196 6.0460438960e-01 7.3731543726e-02 2.8927535647e+00 1.2049271681e+01
197 6.0459412968e-01 7.3745067617e-02 2.8909356382e+00 1.2043084063e+01
198 6.0455626007e-01 7.3635364347e-02 2.8837047016e+00 1.1982076171e+01
199 6.0465088601e-01 7.4146005087e-02 2.8838217824e+00 1.1935975505e+01
200 6.0461373451e-01 7.4175349884e-02 2.8812976461e+00 1.1923421078e+01
201 6.0475288560e-01 7.4364460863e-02 2.8640843805e+00 1.1800921600e+01
202 6.0422023144e-01 7.3803245075e-02 2.8998704340e+00 1.2105953284e+01
203 6.0421430212e-01 7.3822974444e-02 2.8977777172e+00 1.2094079443e+01
204 6.0420927985e-01 7.3879002537e-02 2.8902956067e+00 1.2059926926e+01
205 6.0412100469e-01 7.3885603438e-02 2.8853184744e+00 1.2047072621e+01
206 6.0441083973e-01 7.5005158195e-02 2.9104734997e+00 1.2141521800e+01
207 6.0411015817e-01 7.4391181128e-02 2.8772895573e+00 1.1976423063e+01
208 6.0389002290e-01 7.3914288028e-02 2.8724057427e+00 1.2006482174e+01
209 6.0378637051e-01 7.3977867804e-02 2.8666195059e+00 1.1985027350e+01
210 6.0398548626e-01 7.4663155448e-02 2.9024330703e+00 1.2261288607e+01
211 6.0373794770e-01 7.4599773018e-02 2.9125550842e+00 1.2332170587e+01
212 6.0317828644e-01 7.3262318636e-02 2.9153544515e+00 1.2385278297e+01
213 6.0325856202e-01 7.3270261071e-02 2.9125407389e+00 1.2370244972e+01
214 6.0331169639e-01 7.3288091718e-02 2.8911037619e+00 1.2244170652e+01
215 6.0321987390e-01 7.2823028661e-02 2.8228120654e+00 1.1745843850e+01
216 6.0345149825e-01 7.3258424904e-02 2.8033551723e+00 1.1569342480e+01
217 6.0326603250e-01 7.2477038486e-02 2.7713480673e+00 1.1347574648e+01
218 6.0327610290e-01 7.2492392807e-02 2.7682345035e+00 1.1337858448e+01
219 6.0367470380e-01 7.3426463896e-02 2.7782941407e+00 1.1386162239e+01
220 6.0321866390e-01 7.2487585448e-02 2.7676729822e+00 1.1341660042e+01
221 6.0340510047e-01 7.2880403006e-02 2.7467903526e+00 1.1166688098e+01
222 6.0363383614e-01 7.3234170309e-02 2.7261896518e+00 1.1003483627e+01
223 6.0384181616e-01 7.3467781949e-02 2.7111012726e+00 1.0880793618e+01
224 6.0402255484e-01 7.3775996811e-02 2.6914651508e+00 1.0735826527e+01
225 6.0411849056e-01 7.4325161622e-02 2.6924313918e+00 1.0712184294e+01
226 6.0405138310e-01 7.4413087740e-02 2.6838284564e+00 1.0674206257e+01
227 6.0404130481e-01 7.3766504588e-02 2.5737494320e+00 9.8289813766e+00
228 6.0375276392e-01 7.3550257563e-02 2.5870413322e+00 9.9332227045e+00
229 6.0390890226e-01 7.3977303581e-02 2.6063658384e+00 1.0084592218e+01
230 6.0408370319e-01 7.4571703305e-02 2.6269738747e+00 1.0214309913e+01
231 6.0365234130e-01 7.3843233983e-02 2.6231893466e+00 1.0245170551e+01
232 6.0413937884e-01 7.4677883852e-02 2.5876304430e+00 9.9579764134e+00
233 6.0419674037e-01 7.4684898748e-02 2.5841765433e+00 9.9470901199e+00
234 6.0457426275e-01 7.5521606589e-02 2.5915571638e+00 9.9776258992e+00
235 6.0479082819e-01 7.5811999255e-02 2.5729809405e+00 9.8508530109e+00
236 6.0489362401e-01 7.6178391071e-02 2.5500453697e+00 9.7073010000e+00
237 6.0504704031e-01 7.6434823256e-02 2.5311882814e+00 9.5919410655e+00
238 6.0504556346e-01 7.6413602878e-02 2.5338758539e+00 9.6021317225e+00
239 6.0516311401e-01 7.6602624836e-02 2.5194501415e+00 9.5122019158e+00
240 6.0537731832e-01 7.7229238494e-02 2.5435476067e+00 9.6706975164e+00
241 6.0543863060e-01 7.7005966340e-02 2.5000308260e+00 9.3750796716e+00
242 6.0565802588e-01 7.7294883556e-02 2.4824488985e+00 9.2602252987e+00
243 6.0489093909e-01 7.5538673670e-02 2.4565240627e+00 9.0958812137e+00
244 6.0500815033e-01 7.6004510981e-02 2.4347652585e+00 8.9332270649e+00
245 6.0522285691e-01 7.6225463050e-02 2.4180566482e+00 8.8353110110e+00
246 6.0557502295e-01 7.6501032569e-02 2.3993542731e+00 8.7209302197e+00
247 6.0557562779e-01 7.6573122883e-02 2.3998128175e+00 8.7120992445e+00
248 6.0555640907e-01 7.6644736295e-02 2.3964640117e+00 8.7017533750e+00
249 6.0555955901e-01 7.6771591305e-02 2.3971195833e+00 8.6922079083e+00
250 6.0556350495e-01 7.7085683096e-02 2.4057713371e+00 8.7340059635e+00
251 6.0543721302e-01 7.7149513699e-02 2.4031923939e+00 8.7222615610e+00
252 6.0549646639e-01 7.7170809839e-02 2.4034064635e+00 8.7214004099e+00
253 6.0558899269e-01 7.6866731435e-02 2.3845237218e+00 8.6297278020e+00
254 6.0557216481e-01 7.6910989910e-02 2.3829345615e+00 8.6306935428e+00
255 6.0561620322e-01 7.7368466367e-02 2.3916329918e+00 8.6586891213e+00
256 6.0587171061e-01 7.7389960797e-02 2.3339482526e+00 8.2673394782e+00
257 6.0592307295e-01 7.8019274815e-02 2.3542592381e+00 8.3930671565e+00
258 6.0593473273e-01 7.8024839630e-02 2.3562631793e+00 8.3928519315e+00
259 6.0595711540e-01 7.8048549814e-02 2.3579191772e+00 8.3939824651e+00
260 6.0612139587e-01 7.8670753941e-02 2.4042339429e+00 8.7653108955e+00
261 6.0603204972e-01 7.8724162028e-02 2.4013447977e+00 8.7541749828e+00
262 6.0600111083e-01 7.8709095739e-02 2.3994801016e+00 8.7506055643e+00
263 6.0594889864e-01 7.8758899033e-02 2.4000561402e+00 8.7533643656e+00
264 6.0637405573e-01 7.9443740586e-02 2.3681535827e+00 8.5371931516e+00
265 6.0680640309e-01 8.0055146299e-02 2.3388530185e+00 8.3421943497e+00
266 6.0680026421e-01 8.0118424404e-02 2.3387641106e+00 8.3326422421e+00
267 6.0712971142e-01 8.0945383084e-02 2.3461169902e+00 8.3889797976e+00
268 6.0712893199e-01 8.0896237273e-02 2.3463782928e+00 8.3981895204e+00
269 6.0729404253e-01 8.1416648334e-02 2.3668445252e+00 8.5234062693e+00
270 6.0706526997e-01 8.0982065963e-02 2.3506621273e+00 8.4300578856e+00
271 6.0691278555e-01 8.1008915143e-02 2.3493701818e+00 8.4239886265e+00
272 6.0688606728e-01 8.1011312307e-02 2.3501807695e+00 8.4260219582e+00
273 6.0715231132e-01 8.1386873798e-02 2.3348115222e+00 8.3224426313e+00
274 6.0710060191e-01 8.1412715129e-02 2.3338427436e+00 8.3185151456e+00
275 6.0677771983e-01 8.1221886184e-02 2.3460177646e+00 8.3974859840e+00
276 6.0653569745e-01 8.0855170447e-02 2.3595050272e+00 8.4962178905e+00
277 6.0703086856e-01 8.1290121126e-02 2.3395084942e+00 8.3574449402e+00
278 6.0671405294e-01 8.0997673031e-02 2.3524730098e+00 8.4495934666e+00
279 6.0671000816e-01 8.1422237496e-02 2.3370378601e+00 8.3612371921e+00
280 6.0748273969e-01 8.3176537521e-02 2.3532226662e+00 8.4742914264e+00
281 6.0743955063e-01 8.3072172129e-02 2.3337191334e+00 8.3135862868e+00
282 6.0721019573e-01 8.2223515993e-02 2.3090309761e+00 8.1748168243e+00
283 6.0720870615e-01 8.2222394233e-02 2.3092180351e+00 8.1753935682e+00
284 6.0703078093e-01 8.2377066321e-02 2.3267381417e+00 8.2619146726e+00
285 6.0705721118e-01 8.2376846761e-02 2.3255179282e+00 8.2594603038e+00
286 6.0708446564e-01 8.2426362524e-02 2.3191738077e+00 8.2398312261e+00
287 6.0724586231e-01 8.2960543004e-02 2.3335402163e+00 8.3209287250e+00
288 6.0690855322e-01 8.1868098343e-02 2.3060556057e+00 8.1955869244e+00
289 6.0692424599e-01 8.1888960577e-02 2.3053764512e+00 8.1892519179e+00
290 6.0730679855e-01 8.2517776381e-02 2.2770473799e+00 7.9995842559e+00
291 6.0733423794e-01 8.2543411346e-02 2.2766708729e+00 7.9948196509e+00
292 6.0733624967e-01 8.2535442138e-02 2.2773086143e+00 7.9975459841e+00
293 6.0753010754e-01 8.2921005064e-02 2.2645612387e+00 7.9103371398e+00
294 6.0785378100e-01 8.3032031948e-02 2.2127035595e+00 7.5765992328e+00
295 6.0787196288e-01 8.3040905959e-02 2.2114153657e+00 7.5714272612e+00
296 6.0785607420e-01 8.2948060355e-02 2.2079887238e+00 7.5593998248e+00
297 6.0807216038e-01 8.3225269844e-02 2.1962537121e+00 7.4827631548e+00
298 6.0799479476e-01 8.3230041894e-02 2.1956902505e+00 7.4834892356e+00
299 6.0774739990e-01 8.2682597468e-02 2.1775814932e+00 7.3910721531e+00
300 6.0758496848e-01 8.2238628582e-02 2.1639963470e+00 7.3179419584e+00
301 6.0758810516e-01 8.1858757508e-02 2.1353478924e+00 7.1688244399e+00
302 6.0777934290e-01 8.2167238322e-02 2.1206284082e+00 7.0859298769e+00
303 6.0805144904e-01 8.2233816224e-02 2.1087088850e+00 7.0333511158e+00
304 6.0799103106e-01 8.2182765270e-02 2.1115501552e+00 7.0462257786e+00
305 6.0820019175e-01 8.2563905180e-02 2.1093197372e+00 7.0398401025e+00
306 6.0809836485e-01 8.2474545606e-02 2.0986186054e+00 6.9762966588e+00
307 6.0801405166e-01 8.2831950926e-02 2.1249507070e+00 7.1259921076e+00
308 6.0808847388e-01 8.2344304321e-02 2.0675391900e+00 6.7295824777e+00
309 6.0833227810e-01 8.2596562056e-02 2.0543555826e+00 6.6621644136e+00
310 6.0766374035e-01 8.1658213404e-02 2.0604120697e+00 6.7128297674e+00
311 6.0748211345e-01 8.2063476608e-02 2.1099988016e+00 7.0687678954e+00
312 6.0737066330e-01 8.2075147684e-02 2.1093685366e+00 7.0666173616e+00
313 6.0792311208e-01 8.2901795410e-02 2.0949383262e+00 6.9599797075e+00
314 6.0784199643e-01 8.2981570864e-02 2.0947690398e+00 6.9563595080e+00
315 6.0774966954e-01 8.3053865551e-02 2.0954615231e+00 6.9539233496e+00
316 6.0769576779e-01 8.3169246011e-02 2.0935480882e+00 6.9447048982e+00
317 6.0777766864e-01 8.3717698172e-02 2.1212954260e+00 7.1302093883e+00
318 6.0804090055e-01 8.4345461146e-02 2.1003984747e+00 6.9905904966e+00
319 6.0826378033e-01 8.4847029758e-02 2.1302474530e+00 7.2084659082e+00
320 6.0844191468e-01 8.5216651368e-02 2.1140521519e+00 7.1221270511e+00
321 6.0835067471e-01 8.5231625163e-02 2.1133323383e+00 7.1222428068e+00
322 6.0830150168e-01 8.5315386946e-02 2.1110496187e+00 7.1128194961e+00
323 6.0841327846e-01 8.5540881933e-02 2.1013128523e+00 7.0552922004e+00
324 6.0771494304e-01 8.4812291732e-02 2.1175443681e+00 7.1756643560e+00
325 6.0734869220e-01 8.4258761672e-02 2.1211809515e+00 7.2141265130e+00
326 6.0722353792e-01 8.4490403285e-02 2.1519095196e+00 7.3939272802e+00
327 6.0722892685e-01 8.4494525772e-02 2.1513289672e+00 7.3919866010e+00
328 6.0711789136e-01 8.4055825956e-02 2.1352438688e+00 7.3231116635e+00
329 6.0729353645e-01 8.4524006746e-02 2.1224956027e+00 7.2501614295e+00
330 6.0767222421e-01 8.5302385607e-02 2.1260775414e+00 7.2656667072e+00
331 6.0766321449e-01 8.5324377227e-02 2.1240264843e+00 7.2599101638e+00
332 6.0773433230e-01 8.5342698476e-02 2.1260021530e+00 7.2839455740e+00
333 6.0769955771e-01 8.5367363412e-02 2.1236113122e+00 7.2756150771e+00
334 6.0772767681e-01 8.5417606349e-02 2.1224712850e+00 7.2684713073e+00
335 6.0782925520e-01 8.5983627594e-02 2.1505394178e+00 7.4604120037e+00
336 6.0746830365e-01 8.5864627740e-02 2.1626922260e+00 7.5253720961e+00
337 6.0782264459e-01 8.6489800398e-02 2.1453608002e+00 7.4014287891e+00
338 6.0765364942e-01 8.6016305362e-02 2.1270157484e+00 7.3089969026e+00
339 6.0759304096e-01 8.6049988844e-02 2.1273954329e+00 7.3079044405e+00
340 6.0802853792e-01 8.7453938696e-02 2.1733365459e+00 7.5412630115e+00
341 6.0749116948e-01 8.6349245531e-02 2.1809015689e+00 7.6089622375e+00
342 6.0741316655e-01 8.6720025477e-02 2.2018573465e+00 7.7031553600e+00
343 6.0763412605e-01 8.6956108704e-02 2.1901578323e+00 7.6277341505e+00
344 6.0711119567e-01 8.6372173491e-02 2.2180564787e+00 7.8214783702e+00
345 6.0697457425e-01 8.6327161426e-02 2.2169818995e+00 7.8322587657e+00
346 6.0695365994e-01 8.6194416410e-02 2.2163281548e+00 7.8426814691e+00
347 6.0644570315e-01 8.4884819588e-02 2.1922707582e+00 7.7145861944e+00
348 6.0653408120e-01 8.5021846842e-02 2.2023774438e+00 7.7852432389e+00
349 6.0723517047e-01 8.6034640107e-02 2.2072032038e+00 7.8566784851e+00
350 6.0702917325e-01 8.5512362113e-02 2.1920734912e+00 7.7396379939e+00
351 6.0727446365e-01 8.5857507546e-02 2.1796807241e+00 7.6696299757e+00
352 6.0737910562e-01 8.6141581850e-02 2.1628337908e+00 7.5814834660e+00
353 6.0714603009e-01 8.5681459555e-02 2.1362240920e+00 7.3870825617e+00
354 6.0718930651e-01 8.5338282032e-02 2.0967522231e+00 7.1497833322e+00
355 6.0722290964e-01 8.5327163776e-02 2.0951663531e+00 7.1431830648e+00
356 6.0717324947e-01 8.5331731216e-02 2.0964768890e+00 7.1465756898e+00
357 6.0678445623e-01 8.4294491775e-02 2.0650947274e+00 6.9407187211e+00
358 6.0671572400e-01 8.4364771747e-02 2.0657717223e+00 6.9417413197e+00
359 6.0701400558e-01 8.4648782024e-02 2.0522324133e+00 6.8637168717e+00
360 6.0703296499e-01 8.4572295242e-02 2.0466574107e+00 6.8301789158e+00
361 6.0741607488e-01 8.4999863443e-02 2.0246609510e+00 6.7099656156e+00
362 6.0737008061e-01 8.5055249101e-02 2.0258263942e+00 6.7122329913e+00
363 6.0734364633e-01 8.5040919531e-02 2.0250235199e+00 6.7103376279e+00
364 6.0716625017e-01 8.5394132503e-02 2.0394020260e+00 6.7838001262e+00
365 6.0715247519e-01 8.5431798547e-02 2.0400964418e+00 6.7836665628e+00
