1 5.9282947138e-01 1.1102230246e-16 1.0000000000e+00 1.0000000000e+00
2 5.9275204317e-01 1.7980817285e-03 -2.1604273301e+01 5.5145561447e+02
3 5.9289539519e-01 7.7845062434e-03 2.6216572211e+01 8.0352147777e+02
4 5.9292859566e-01 7.8279878523e-03 2.5776196295e+01 7.8539885746e+02
5 5.9288320247e-01 8.0211192833e-03 2.3731240637e+01 7.1442885078e+02
6 5.9291745667e-01 8.1266684294e-03 2.2894797700e+01 6.7805169797e+02
7 5.9310785513e-01 1.1094789314e-02 1.8167216353e+01 3.8791636588e+02
8 5.9309227218e-01 1.1267100632e-02 1.7279815541e+01 3.6519416025e+02
9 5.9350564635e-01 1.5401197566e-02 1.3567186413e+01 2.0728613332e+02
10 5.9344021035e-01 1.5449399904e-02 1.3444690111e+01 2.0495207583e+02
11 5.9359225679e-01 1.7204029058e-02 1.2145078408e+01 1.6616023063e+02
12 5.9378487508e-01 1.8805837959e-02 1.1130419484e+01 1.3919296310e+02
13 5.9376269224e-01 1.8826130402e-02 1.1095623564e+01 1.3864914268e+02
14 5.9361830480e-01 1.8977060526e-02 1.0818526636e+01 1.3471316848e+02
15 5.9371867872e-01 2.0456461668e-02 1.0064198997e+01 1.1618960501e+02
16 5.9367963161e-01 2.0526015725e-02 9.9541322645e+00 1.1473167802e+02
17 5.9367757101e-01 2.0584178794e-02 9.8585036940e+00 1.1348292774e+02
18 5.9356875734e-01 2.0733547577e-02 9.6357419156e+00 1.1051687742e+02
19 5.9362586455e-01 2.0789672868e-02 9.5614043020e+00 1.0925184272e+02
20 5.9381157762e-01 2.2109570281e-02 9.0700425961e+00 9.7272892155e+01
21 5.9400146133e-01 2.3370641842e-02 8.6229007593e+00 8.7355862298e+01
22 5.9395041661e-01 2.3429740069e-02 8.5552373461e+00 8.6571727462e+01
23 5.9390532768e-01 2.3544541111e-02 8.4201154236e+00 8.5007131563e+01
24 5.9376412174e-01 2.3675073170e-02 8.2810041570e+00 8.3378763024e+01
25 5.9406582725e-01 2.4805827036e-02 7.9823070674e+00 7.6443639397e+01
26 5.9411028037e-01 2.4827593833e-02 7.9566911696e+00 7.6119847582e+01
27 5.9402225923e-01 2.4904936578e-02 7.8851034524e+00 7.5302149403e+01
28 5.9447450310e-01 2.7020061262e-02 7.3796966173e+00 6.4684727423e+01
29 5.9469238157e-01 2.8022249787e-02 7.1497373579e+00 6.0344346167e+01
30 5.9487000621e-01 2.8975832117e-02 6.9542537417e+00 5.6656490282e+01
31 5.9480553256e-01 2.9015343488e-02 6.9294954186e+00 5.6413827000e+01
32 5.9498210966e-01 3.0086800718e-02 6.7235197949e+00 5.2954527548e+01
33 5.9542414327e-01 3.1815465233e-02 6.4068252245e+00 4.7527308563e+01
34 5.9539923554e-01 3.1838599978e-02 6.3944127542e+00 4.7410067711e+01
35 5.9632496198e-01 3.5009406333e-02 5.8690863553e+00 3.9299718323e+01
36 5.9653405946e-01 3.5815146233e-02 5.7414621845e+00 3.7566390707e+01
37 5.9715941397e-01 3.8513027262e-02 5.7558178069e+00 3.8660852523e+01
38 5.9713222614e-01 3.8475365541e-02 5.7387290396e+00 3.8586611963e+01
39 5.9727736338e-01 3.8996566464e-02 5.5770837345e+00 3.6139675931e+01
40 5.9761199276e-01 4.0305278048e-02 5.3586457725e+00 3.3348169396e+01
41 5.9823383484e-01 4.2474340376e-02 5.3445526314e+00 3.3587083659e+01
42 5.9820187242e-01 4.2582293311e-02 5.3320516152e+00 3.3464360376e+01
43 5.9822314088e-01 4.2513914244e-02 5.3330014897e+00 3.3504872978e+01
44 5.9823818228e-01 4.2530817924e-02 5.3258873351e+00 3.3444423459e+01
45 5.9862211343e-01 4.3707307027e-02 5.1384785917e+00 3.1125054525e+01
46 5.9857565288e-01 4.3747226221e-02 5.1263271770e+00 3.1034608164e+01
47 5.9877025994e-01 4.4468392107e-02 5.0210234355e+00 2.9835252466e+01
48 5.9871069503e-01 4.4446889668e-02 4.9996940788e+00 2.9575207146e+01
49 5.9878176197e-01 4.5613959496e-02 5.1270761622e+00 3.1549125848e+01
50 5.9880446703e-01 4.5626166734e-02 5.1211458328e+00 3.1505397061e+01
51 5.9876717602e-01 4.5653428026e-02 5.1135848896e+00 3.1447502133e+01
52 5.9898200430e-01 4.6219703742e-02 5.0322336815e+00 3.0422308106e+01
53 5.9920763658e-01 4.6797707354e-02 4.9463422067e+00 2.9403361388e+01
54 5.9941226151e-01 4.7279323999e-02 4.8697390107e+00 2.8521817009e+01
55 5.9949799994e-01 4.8279985154e-02 4.9485362614e+00 2.9516787744e+01
56 5.9966025012e-01 4.8790085488e-02 4.8682700115e+00 2.8604334749e+01
57 5.9961658815e-01 4.8889426454e-02 4.8361412546e+00 2.8397709321e+01
58 5.9962355995e-01 4.8900736537e-02 4.8322046381e+00 2.8368832618e+01
59 5.9986403453e-01 4.9497511869e-02 4.7850331312e+00 2.7901575415e+01
60 5.9986304119e-01 4.9526834822e-02 4.7764811472e+00 2.7837777906e+01
61 5.9983577119e-01 4.9549686905e-02 4.7711222400e+00 2.7798296952e+01
62 5.9951732842e-01 4.9104240087e-02 4.8214735954e+00 2.8500852035e+01
63 5.9951207466e-01 4.9176587398e-02 4.8175441982e+00 2.8446258540e+01
64 5.9965482223e-01 4.9547949899e-02 4.7464644814e+00 2.7720136588e+01
65 6.0019717517e-01 5.0514921648e-02 4.6116235121e+00 2.6181621393e+01
66 6.0040672476e-01 5.1043161247e-02 4.5425545528e+00 2.5422368584e+01
67 6.0068348654e-01 5.1546402470e-02 4.4776369673e+00 2.4714049170e+01
68 6.0114176162e-01 5.2560129894e-02 4.3535770505e+00 2.3382770012e+01
69 6.0136146671e-01 5.2929236756e-02 4.2981787626e+00 2.2828450924e+01
70 6.0118595840e-01 5.3021562569e-02 4.2823147667e+00 2.2729810346e+01
71 6.0136756297e-01 5.3510372963e-02 4.2293729236e+00 2.2163387549e+01
72 6.0148975366e-01 5.4082718019e-02 4.1561174277e+00 2.1504982144e+01
73 6.0164513892e-01 5.4965527765e-02 4.1812342226e+00 2.1816875684e+01
74 6.0146574041e-01 5.4265291137e-02 4.1360618164e+00 2.1441134609e+01
75 6.0188763583e-01 5.5412660048e-02 4.0302402800e+00 2.0330748784e+01
76 6.0207103327e-01 5.5902623010e-02 3.9804010993e+00 1.9844692039e+01
77 6.0220136745e-01 5.6363918185e-02 3.9341337272e+00 1.9470629814e+01
78 6.0215082842e-01 5.6414017041e-02 3.9234118436e+00 1.9419443531e+01
79 6.0236261189e-01 5.6828261362e-02 3.8779156985e+00 1.8991424498e+01
80 6.0253292458e-01 5.7257054032e-02 3.8298906195e+00 1.8570877107e+01
81 6.0304385803e-01 5.8166645291e-02 3.7509583000e+00 1.7789768221e+01
82 6.0311432866e-01 5.8215519452e-02 3.7377633476e+00 1.7712646719e+01
83 6.0308894703e-01 5.8247471489e-02 3.7315515104e+00 1.7682198937e+01
84 6.0325343000e-01 5.8841225800e-02 3.6868373489e+00 1.7270388837e+01
85 6.0342204850e-01 5.9216222745e-02 3.6450143868e+00 1.6923996491e+01
86 6.0338602690e-01 5.9261938546e-02 3.6366386709e+00 1.6882654674e+01
87 6.0337235420e-01 5.9285444903e-02 3.6321841777e+00 1.6860062416e+01
88 6.0335642605e-01 5.9293109970e-02 3.6314248219e+00 1.6855319302e+01
89 6.0330767269e-01 5.9372947725e-02 3.6208638570e+00 1.6794631166e+01
90 6.0328657156e-01 5.9481959972e-02 3.6178715139e+00 1.6766303203e+01
91 6.0371792594e-01 6.0284487950e-02 3.5497237015e+00 1.6144734723e+01
92 6.0353803935e-01 5.9543088183e-02 3.4809470088e+00 1.5446470748e+01
93 6.0385786643e-01 6.0784212169e-02 3.4910296446e+00 1.5609650709e+01
94 6.0400454957e-01 6.1260824992e-02 3.4467747058e+00 1.5274810539e+01
95 6.0366461945e-01 6.0883131586e-02 3.4697471008e+00 1.5525398246e+01
96 6.0384918709e-01 6.1232356585e-02 3.4426098880e+00 1.5268996642e+01
97 6.0414615596e-01 6.1260063914e-02 3.3308143922e+00 1.4274609896e+01
98 6.0431876345e-01 6.1960270405e-02 3.3660766668e+00 1.4595797009e+01
99 6.0461329907e-01 6.2371434974e-02 3.3360588072e+00 1.4336860613e+01
100 6.0493421635e-01 6.3640201261e-02 3.3403486710e+00 1.4422012227e+01
101 6.0520670781e-01 6.4905745362e-02 3.3396632977e+00 1.4448953435e+01
102 6.0489410531e-01 6.4611727551e-02 3.3657800331e+00 1.4671517080e+01
103 6.0492991510e-01 6.4403295776e-02 3.3030345463e+00 1.4173620222e+01
104 6.0492651434e-01 6.4417787356e-02 3.3006396282e+00 1.4161805365e+01
105 6.0525497417e-01 6.5350814131e-02 3.3003449087e+00 1.4168712511e+01
106 6.0527196133e-01 6.5443829096e-02 3.3003789649e+00 1.4155711791e+01
107 6.0519325871e-01 6.5540671681e-02 3.2959450522e+00 1.4127819605e+01
108 6.0535899478e-01 6.5957139123e-02 3.2609121071e+00 1.3865081674e+01
109 6.0580234283e-01 6.6686174121e-02 3.2065195287e+00 1.3422124226e+01
110 6.0596866026e-01 6.7422752231e-02 3.2457649807e+00 1.3778025343e+01
111 6.0587538944e-01 6.7408772472e-02 3.2451424222e+00 1.3784762368e+01
112 6.0586156459e-01 6.7442190807e-02 3.2403576665e+00 1.3760922087e+01
113 6.0577483950e-01 6.7458776540e-02 3.2386835565e+00 1.3753290840e+01
114 6.0578062726e-01 6.7443348425e-02 3.2384734257e+00 1.3755314026e+01
115 6.0602956355e-01 6.7762052746e-02 3.2106497572e+00 1.3538617056e+01
116 6.0621029423e-01 6.8467192776e-02 3.2379289825e+00 1.3748581019e+01
117 6.0663780192e-01 6.9226606665e-02 3.1829945149e+00 1.3304077585e+01
118 6.0664371579e-01 6.9302401674e-02 3.1773835072e+00 1.3271097885e+01
119 6.0654173137e-01 6.9182843258e-02 3.1633575999e+00 1.3146531961e+01
120 6.0604932758e-01 6.7995156162e-02 3.1524640813e+00 1.3062304913e+01
121 6.0636126869e-01 6.8441495050e-02 3.1217831652e+00 1.2822970655e+01
122 6.0633763034e-01 6.8481423907e-02 3.1180997098e+00 1.2808260799e+01
123 6.0629961869e-01 6.8550447930e-02 3.1156200118e+00 1.2790213968e+01
124 6.0662931595e-01 6.9023905536e-02 3.1047173755e+00 1.2738671069e+01
125 6.0641761611e-01 6.8331320032e-02 3.0678382082e+00 1.2426591469e+01
126 6.0667727411e-01 6.9261275796e-02 3.0737803991e+00 1.2502532476e+01
127 6.0658833833e-01 6.9283885629e-02 3.0685517989e+00 1.2481310115e+01
128 6.0622612629e-01 6.8085893375e-02 3.0093346796e+00 1.2023278466e+01
129 6.0619054173e-01 6.7986954984e-02 2.9915137208e+00 1.1833171225e+01
130 6.0592435300e-01 6.7681084067e-02 3.0114337697e+00 1.1994910246e+01
131 6.0583394049e-01 6.7565959705e-02 3.0079607160e+00 1.2001279982e+01
132 6.0582964215e-01 6.8315454638e-02 3.0370693550e+00 1.2265298237e+01
133 6.0616825942e-01 6.9277508681e-02 3.0314673544e+00 1.2237166647e+01
134 6.0633339412e-01 6.9742979502e-02 3.0068526884e+00 1.2038033519e+01
135 6.0660422349e-01 7.1003548483e-02 3.0747696689e+00 1.2609283893e+01
136 6.0649496182e-01 7.1147134854e-02 3.0707351187e+00 1.2577737804e+01
137 6.0671975181e-01 7.1565588589e-02 3.0401971791e+00 1.2360815540e+01
138 6.0680625136e-01 7.1785459381e-02 3.0184906330e+00 1.2221458849e+01
139 6.0665834375e-01 7.1128153120e-02 2.9853198739e+00 1.1958363952e+01
140 6.0673573113e-01 7.1115883226e-02 2.9798275379e+00 1.1941986040e+01
141 6.0648657949e-01 7.0532804829e-02 2.9569171937e+00 1.1794598466e+01
142 6.0670076348e-01 7.0911990025e-02 2.9315041805e+00 1.1613441758e+01
143 6.0675979118e-01 7.1006195225e-02 2.9219100388e+00 1.1566973248e+01
144 6.0693602309e-01 7.1528157696e-02 2.9400618428e+00 1.1706581832e+01
145 6.0688916775e-01 7.1559915807e-02 2.9372963562e+00 1.1694208635e+01
146 6.0697743690e-01 7.1943338334e-02 2.9137833419e+00 1.1519394747e+01
147 6.0671500928e-01 7.1318321813e-02 2.8798592244e+00 1.1267900239e+01
148 6.0649453246e-01 7.1016225249e-02 2.8997659659e+00 1.1419883697e+01
149 6.0642047648e-01 7.1214646455e-02 2.8960477960e+00 1.1388130419e+01
150 6.0663784713e-01 7.1667504345e-02 2.8737142417e+00 1.1208508017e+01
151 6.0635815376e-01 7.1349418099e-02 2.8926257288e+00 1.1359075921e+01
152 6.0629552354e-01 7.1324298832e-02 2.8934502245e+00 1.1363403638e+01
153 6.0630971354e-01 7.1732327725e-02 2.9004846786e+00 1.1401348413e+01
154 6.0632681414e-01 7.1730267824e-02 2.8997882613e+00 1.1399876056e+01
155 6.0637989638e-01 7.2345978051e-02 2.9311345911e+00 1.1649244582e+01
156 6.0625509122e-01 7.1560919843e-02 2.8656533252e+00 1.1212738307e+01
157 6.0627930198e-01 7.1616282567e-02 2.8567337842e+00 1.1175692065e+01
158 6.0660117018e-01 7.2637283396e-02 2.8590986853e+00 1.1204141229e+01
159 6.0639016755e-01 7.2190858243e-02 2.8375872896e+00 1.1099282672e+01
160 6.0628168037e-01 7.2229516736e-02 2.8377763830e+00 1.1136725159e+01
161 6.0614795955e-01 7.2421190654e-02 2.8311377493e+00 1.1098605006e+01
162 6.0637685863e-01 7.2730894142e-02 2.7827134076e+00 1.0677807115e+01
163 6.0636010296e-01 7.2695947548e-02 2.7836639289e+00 1.0684266746e+01
164 6.0678217562e-01 7.3472213035e-02 2.7393523629e+00 1.0372563347e+01
165 6.0715367208e-01 7.4611944696e-02 2.7471508254e+00 1.0401637671e+01
166 6.0717640570e-01 7.4637283479e-02 2.7501746819e+00 1.0409854673e+01
167 6.0738991645e-01 7.5687869461e-02 2.7744669133e+00 1.0542579433e+01
168 6.0756623622e-01 7.5903121950e-02 2.7526424570e+00 1.0417060953e+01
169 6.0729068371e-01 7.4953257324e-02 2.7475139726e+00 1.0389673166e+01
170 6.0713046409e-01 7.4294334590e-02 2.7166646939e+00 1.0158418942e+01
171 6.0704748189e-01 7.4334413023e-02 2.7147414963e+00 1.0149395137e+01
172 6.0731819823e-01 7.4405283054e-02 2.6689808445e+00 9.8563204254e+00
173 6.0729606241e-01 7.4414821826e-02 2.6687020741e+00 9.8545686978e+00
174 6.0722252665e-01 7.4438230703e-02 2.6670518300e+00 9.8493793623e+00
175 6.0709012278e-01 7.3923123071e-02 2.6442915386e+00 9.6916175189e+00
176 6.0706777008e-01 7.3903888199e-02 2.6443569340e+00 9.6945377255e+00
177 6.0704000931e-01 7.3963301676e-02 2.6433756057e+00 9.6840652011e+00
178 6.0701736678e-01 7.3976083552e-02 2.6396016710e+00 9.6532308017e+00
179 6.0708617012e-01 7.4606360543e-02 2.6622071625e+00 9.7991366295e+00
180 6.0775538971e-01 7.5423213384e-02 2.6089585288e+00 9.4490070266e+00
181 6.0747854048e-01 7.5145866023e-02 2.6266849483e+00 9.5660919418e+00
182 6.0740983992e-01 7.5291852034e-02 2.6214431740e+00 9.5332519473e+00
183 6.0739970670e-01 7.5337700011e-02 2.6209324671e+00 9.5252822705e+00
184 6.0739903512e-01 7.5339588014e-02 2.6207719530e+00 9.5243071042e+00
185 6.0785808486e-01 7.5880542750e-02 2.5885349828e+00 9.3297669615e+00
186 6.0763310238e-01 7.5533273017e-02 2.5987259921e+00 9.3860195326e+00
187 6.0766289158e-01 7.5529301399e-02 2.5978460851e+00 9.3841551826e+00
188 6.0702344767e-01 7.4440804366e-02 2.6088999167e+00 9.4588699091e+00
189 6.0700213352e-01 7.4453932414e-02 2.6083191531e+00 9.4552154340e+00
190 6.0646832828e-01 7.3602294446e-02 2.5895383657e+00 9.3307138027e+00
191 6.0640077465e-01 7.3665360630e-02 2.5832218636e+00 9.3113056971e+00
192 6.0633934448e-01 7.3692749106e-02 2.5835314756e+00 9.3125930183e+00
193 6.0666454564e-01 7.4615000368e-02 2.5856106256e+00 9.3430444984e+00
194 6.0648403921e-01 7.4004242700e-02 2.5610011811e+00 9.1747509963e+00
195 6.0642595890e-01 7.4022524326e-02 2.5605209433e+00 9.1708604318e+00
196 6.0618963970e-01 7.3475927011e-02 2.5379394928e+00 9.0029498050e+00
197 6.0616982152e-01 7.3484546232e-02 2.5377663926e+00 9.0014050576e+00
198 6.0625828466e-01 7.3785116722e-02 2.5130526880e+00 8.8835677787e+00
199 6.0652270664e-01 7.4130383283e-02 2.4975914309e+00 8.7698230688e+00
200 6.0633098509e-01 7.3544597456e-02 2.4593309664e+00 8.5061538681e+00
201 6.0625841364e-01 7.3627966421e-02 2.4518812133e+00 8.4792908659e+00
202 6.0625197231e-01 7.3607103186e-02 2.4480455547e+00 8.4707959008e+00
203 6.0626931763e-01 7.3561999013e-02 2.4456745116e+00 8.4650678071e+00
204 6.0640025276e-01 7.4243893430e-02 2.4747784845e+00 8.6960867535e+00
205 6.0629886523e-01 7.4305477421e-02 2.4710071363e+00 8.6826158221e+00
206 6.0667460274e-01 7.4935694552e-02 2.4387378634e+00 8.4744204754e+00
207 6.0686060460e-01 7.5360897561e-02 2.4178660964e+00 8.3515910808e+00
208 6.0693925867e-01 7.5314298345e-02 2.4202473459e+00 8.3611815600e+00
209 6.0672949621e-01 7.4771329368e-02 2.3908140460e+00 8.1488274019e+00
210 6.0681912347e-01 7.5329400135e-02 2.4203324007e+00 8.3985129062e+00
211 6.0700746324e-01 7.5652999615e-02 2.4072545963e+00 8.3082434124e+00
212 6.0725314718e-01 7.6001491085e-02 2.3893014689e+00 8.2001311347e+00
213 6.0741657447e-01 7.6329263626e-02 2.3753706071e+00 8.1072264555e+00
214 6.0746642893e-01 7.6319042122e-02 2.3746200310e+00 8.1050903876e+00
215 6.0817247933e-01 7.7453365102e-02 2.3672751412e+00 8.0680140286e+00
216 6.0836722952e-01 7.7800529811e-02 2.3539946302e+00 7.9783985218e+00
217 6.0855612886e-01 7.8151855914e-02 2.3418904354e+00 7.8917305684e+00
218 6.0864739764e-01 7.8746266120e-02 2.3728102880e+00 8.1057586843e+00
219 6.0861248705e-01 7.8770597719e-02 2.3713945841e+00 8.1005067631e+00
220 6.0879577484e-01 7.9006422368e-02 2.3532355651e+00 8.0097962937e+00
221 6.0895312196e-01 7.9112828011e-02 2.3297860783e+00 7.8991261177e+00
222 6.0946924591e-01 7.9819310998e-02 2.3021941550e+00 7.7197643440e+00
223 6.0954707314e-01 8.0352649670e-02 2.3219498102e+00 7.8555101788e+00
224 6.0945239463e-01 8.0650594627e-02 2.3615608516e+00 8.1103508895e+00
225 6.0934639211e-01 8.0899685083e-02 2.3768445227e+00 8.2404662193e+00
226 6.0940778892e-01 8.1071848438e-02 2.4041357329e+00 8.4694437058e+00
227 6.0918739266e-01 8.0575717462e-02 2.3821782810e+00 8.3402663978e+00
228 6.0921227296e-01 8.0679027846e-02 2.3791219747e+00 8.3221721375e+00
229 6.0937316082e-01 8.1022818085e-02 2.3628016789e+00 8.2266479707e+00
230 6.0946705192e-01 8.1514413309e-02 2.3810088925e+00 8.3423431936e+00
231 6.0901863033e-01 8.0505347455e-02 2.3591100803e+00 8.1909735627e+00
232 6.0892678331e-01 8.0483158915e-02 2.3553321441e+00 8.1774311411e+00
233 6.0895708151e-01 8.1290249595e-02 2.4093892502e+00 8.5246845246e+00
234 6.0912797352e-01 8.1529354578e-02 2.3961711853e+00 8.4363012857e+00
235 6.0917416365e-01 8.1491379008e-02 2.4006755026e+00 8.4735111689e+00
236 6.0940584846e-01 8.1786603854e-02 2.3844502829e+00 8.3738176678e+00
237 6.0937650186e-01 8.1901320121e-02 2.3805153220e+00 8.3537087278e+00
238 6.0888695394e-01 8.1029559655e-02 2.3597141283e+00 8.1967593093e+00
239 6.0862983093e-01 8.0875172524e-02 2.3700513346e+00 8.2645898959e+00
240 6.0848620012e-01 8.0988089460e-02 2.3635689830e+00 8.2382198839e+00
241 6.0789565197e-01 7.9811245081e-02 2.3425306187e+00 8.1072121166e+00
242 6.0791554514e-01 7.9954488231e-02 2.3649790020e+00 8.3200436672e+00
243 6.0792753871e-01 7.9646876172e-02 2.3356376533e+00 8.1606298779e+00
244 6.0797294344e-01 7.9757881424e-02 2.3310443649e+00 8.1395621663e+00
245 6.0835630221e-01 8.0587259168e-02 2.3282858005e+00 8.0895540461e+00
246 6.0802698104e-01 8.0460645075e-02 2.3387616390e+00 8.1571160628e+00
247 6.0781666223e-01 8.0179822753e-02 2.3530175210e+00 8.2489327475e+00
248 6.0766696036e-01 7.9637966309e-02 2.3216232321e+00 8.0504537905e+00
249 6.0802880242e-01 8.0351573714e-02 2.3223047815e+00 8.0707976161e+00
250 6.0846485466e-01 8.2106654496e-02 2.3991008433e+00 8.5980851613e+00
251 6.0853218308e-01 8.2568162727e-02 2.4140249295e+00 8.6813497365e+00
252 6.0835934401e-01 8.1942294837e-02 2.3764771222e+00 8.4247262487e+00
253 6.0838236937e-01 8.1977965009e-02 2.3764761815e+00 8.4226441209e+00
254 6.0854951768e-01 8.2624751283e-02 2.3944813389e+00 8.5160258477e+00
255 6.0859293037e-01 8.3009481177e-02 2.4013134977e+00 8.5467421392e+00
256 6.0873649222e-01 8.3468761372e-02 2.4019163000e+00 8.5205956992e+00
257 6.0866207343e-01 8.3074712696e-02 2.3889182258e+00 8.4445474172e+00
258 6.0867771088e-01 8.3068625116e-02 2.3861608338e+00 8.4393485827e+00
259 6.0843279877e-01 8.2710066606e-02 2.3720816752e+00 8.3535417366e+00
260 6.0791249539e-01 8.1514646380e-02 2.3592224474e+00 8.3020212321e+00
261 6.0813528653e-01 8.1689596582e-02 2.3466108044e+00 8.2279500851e+00
262 6.0796104034e-01 8.1066479243e-02 2.3102982316e+00 7.9603782143e+00
263 6.0758641154e-01 8.0366546102e-02 2.3103620594e+00 7.9704270998e+00
264 6.0776471515e-01 8.0923737010e-02 2.3393906941e+00 8.1766749700e+00
265 6.0751268647e-01 8.0765644225e-02 2.3540781454e+00 8.2743389419e+00
266 6.0723830957e-01 8.0624744265e-02 2.3643482583e+00 8.3500500468e+00
267 6.0731970605e-01 8.1181438780e-02 2.3885485655e+00 8.5164966010e+00
268 6.0755370469e-01 8.1363354023e-02 2.3748231587e+00 8.4362206131e+00
269 6.0748967836e-01 8.1418966924e-02 2.3709873561e+00 8.4218879035e+00
270 6.0686926581e-01 8.0114978882e-02 2.3464549201e+00 8.2912367034e+00
271 6.0691140657e-01 8.0360018959e-02 2.3318628239e+00 8.2062348639e+00
272 6.0707494426e-01 8.0923083945e-02 2.3557180472e+00 8.3678254436e+00
273 6.0700092882e-01 8.0884514557e-02 2.3536271697e+00 8.3572511647e+00
274 6.0707182127e-01 8.1589956430e-02 2.3919924611e+00 8.6595160591e+00
275 6.0740792666e-01 8.2127924686e-02 2.3636975044e+00 8.4790757811e+00
276 6.0750885386e-01 8.2686469790e-02 2.3918642170e+00 8.6767977856e+00
277 6.0838280391e-01 8.3756897964e-02 2.3340945175e+00 8.3082834330e+00
278 6.0813509188e-01 8.3183046484e-02 2.3128179222e+00 8.1935871079e+00
279 6.0812950389e-01 8.3149888475e-02 2.3121008580e+00 8.1936668871e+00
280 6.0839547667e-01 8.3526170372e-02 2.2985230217e+00 8.0990549223e+00
281 6.0816426067e-01 8.3325349370e-02 2.3066211425e+00 8.1650048346e+00
282 6.0834789367e-01 8.3691094612e-02 2.2903856901e+00 8.0633930417e+00
283 6.0845584800e-01 8.4245213579e-02 2.3015799255e+00 8.1305829023e+00
284 6.0843714576e-01 8.4224261793e-02 2.3024720123e+00 8.1355012224e+00
285 6.0865782999e-01 8.4575440081e-02 2.2864455787e+00 8.0372858411e+00
286 6.0865193404e-01 8.4581425384e-02 2.2869672764e+00 8.0362257658e+00
287 6.0861106444e-01 8.4600162779e-02 2.2863962010e+00 8.0340880741e+00
288 6.0863910159e-01 8.4617134067e-02 2.2841213390e+00 8.0247490667e+00
289 6.0854024423e-01 8.4068692079e-02 2.2508042383e+00 7.8009314666e+00
290 6.0843953331e-01 8.4363001717e-02 2.2896416508e+00 8.0541473171e+00
291 6.0892760086e-01 8.4822341877e-02 2.2625898592e+00 7.8902208451e+00
292 6.0875058993e-01 8.4333868458e-02 2.2495596544e+00 7.8340756341e+00
293 6.0868724601e-01 8.4511561581e-02 2.2803098946e+00 8.0154718285e+00
294 6.0893501920e-01 8.4855154840e-02 2.2673472733e+00 7.9266335093e+00
295 6.0909388112e-01 8.5055386617e-02 2.2538598035e+00 7.8534174253e+00
296 6.0936562545e-01 8.5312690159e-02 2.2368580186e+00 7.7663522208e+00
297 6.0895847506e-01 8.4448263041e-02 2.2236860905e+00 7.6803543513e+00
298 6.0871432476e-01 8.4195506568e-02 2.2349462241e+00 7.7546642038e+00
299 6.0877986652e-01 8.4174044855e-02 2.2332860589e+00 7.7541591385e+00
300 6.0880099859e-01 8.4166720018e-02 2.2321268472e+00 7.7509832402e+00
301 6.0923428249e-01 8.5043207031e-02 2.2438445193e+00 7.8289483122e+00
302 6.0922435024e-01 8.5083429317e-02 2.2439869061e+00 7.8261927073e+00
303 6.0942381819e-01 8.5302745687e-02 2.2216432395e+00 7.6966518315e+00
304 6.0970232771e-01 8.5956495234e-02 2.2316006823e+00 7.7816515233e+00
305 6.0993075259e-01 8.6222872297e-02 2.2196679794e+00 7.7059444443e+00
306 6.1013778039e-01 8.6692499003e-02 2.2159057681e+00 7.6559132887e+00
307 6.0972997636e-01 8.6014333213e-02 2.2167172889e+00 7.6892225951e+00
308 6.0929887207e-01 8.5208935875e-02 2.2126537429e+00 7.6742463594e+00
309 6.0908403007e-01 8.4647756830e-02 2.1765943886e+00 7.4134718973e+00
310 6.0888181385e-01 8.4097341457e-02 2.1569483504e+00 7.2968421105e+00
311 6.0886862417e-01 8.4091264873e-02 2.1581118884e+00 7.3000979237e+00
312 6.0883366651e-01 8.4118962512e-02 2.1566351832e+00 7.2946125357e+00
313 6.0895393942e-01 8.4509886256e-02 2.1650713308e+00 7.3332337869e+00
314 6.0909727598e-01 8.5041143417e-02 2.1822151212e+00 7.4341989480e+00
315 6.0926750798e-01 8.5271576618e-02 2.1689392836e+00 7.3616802121e+00
316 6.0930299172e-01 8.5097132086e-02 2.1252051153e+00 7.0742676075e+00
317 6.0933608329e-01 8.5345043475e-02 2.1277132911e+00 7.0707318431e+00
318 6.0932259807e-01 8.5266814264e-02 2.1282749429e+00 7.0770500493e+00
319 6.0911174729e-01 8.5000846732e-02 2.1406014581e+00 7.1508915052e+00
320 6.0924045708e-01 8.5602504189e-02 2.1735520233e+00 7.3915630462e+00
321 6.0893386573e-01 8.5295431172e-02 2.1878017607e+00 7.4757352798e+00
322 6.0882683907e-01 8.5270920116e-02 2.1822101501e+00 7.4492925235e+00
323 6.0883019847e-01 8.5267679094e-02 2.1824003476e+00 7.4500420802e+00
324 6.0907578830e-01 8.5494333773e-02 2.1703691307e+00 7.3786872907e+00
325 6.0900729322e-01 8.5443714309e-02 2.1699059115e+00 7.3834107844e+00
326 6.0964790051e-01 8.6049762440e-02 2.1335757240e+00 7.1860781632e+00
327 6.0968080184e-01 8.6072893353e-02 2.1332813378e+00 7.1823136382e+00
328 6.0868892048e-01 8.4475047172e-02 2.1390195321e+00 7.2288439326e+00
329 6.0841548662e-01 8.4262729091e-02 2.1511375092e+00 7.2983611203e+00
330 6.0841496906e-01 8.4247054541e-02 2.1527480658e+00 7.3034992383e+00
331 6.0886855121e-01 8.4957234720e-02 2.1319687746e+00 7.1614823700e+00
332 6.0894787865e-01 8.4985153052e-02 2.1313865599e+00 7.1601433253e+00
333 6.0910620725e-01 8.5248363750e-02 2.1185545655e+00 7.0887856205e+00
334 6.0904068693e-01 8.5155050824e-02 2.1156571563e+00 7.0921428459e+00
335 6.0901157249e-01 8.5200122477e-02 2.1163427035e+00 7.0926151052e+00
336 6.0918850445e-01 8.5477713716e-02 2.1046727624e+00 7.0231765782e+00
337 6.0934671172e-01 8.6047451502e-02 2.1191841665e+00 7.0978104161e+00
338 6.1032218403e-01 8.7608912778e-02 2.1016401005e+00 6.9774602893e+00
339 6.1034915483e-01 8.7662452630e-02 2.1065600448e+00 7.0082691542e+00
340 6.1066280053e-01 8.8212493222e-02 2.0929508661e+00 6.9244490679e+00
341 6.1076896716e-01 8.8734473204e-02 2.1077594774e+00 7.0086382146e+00
342 6.1059627104e-01 8.8526203654e-02 2.1166539481e+00 7.0660655239e+00
343 6.1074612951e-01 8.9008511033e-02 2.1232151201e+00 7.0995654299e+00
344 6.1066755076e-01 8.9023486675e-02 2.1243957015e+00 7.1024984832e+00
345 6.1100514499e-01 8.9663235627e-02 2.1000709560e+00 6.9172193719e+00
346 6.1138643953e-01 9.0068523972e-02 2.0785209003e+00 6.8092942761e+00
347 6.1148149411e-01 9.0623002566e-02 2.0897732345e+00 6.8750149298e+00
348 6.1146217526e-01 9.0725482004e-02 2.0932343601e+00 6.8940710748e+00
349 6.1153706022e-01 9.0931271205e-02 2.0827928127e+00 6.8392320435e+00
350 6.1150844676e-01 9.0893455169e-02 2.0807049705e+00 6.8372668851e+00
351 6.1132057811e-01 9.0613213093e-02 2.0897527126e+00 6.8956658708e+00
352 6.1164507319e-01 9.1137999795e-02 2.0821173710e+00 6.8358911601e+00
353 6.1166987713e-01 9.1319347009e-02 2.0873050008e+00 6.8650438695e+00
354 6.1119974285e-01 9.0594412551e-02 2.0846186234e+00 6.8547728848e+00
355 6.1141087959e-01 9.0686238202e-02 2.0760264562e+00 6.8141827553e+00
356 6.1162792157e-01 9.1073951556e-02 2.0606224345e+00 6.7323729664e+00
357 6.1160664088e-01 9.1083111780e-02 2.0593773369e+00 6.7302725007e+00
358 6.1149108452e-01 9.0961868039e-02 2.0454116040e+00 6.6474235008e+00
359 6.1149355904e-01 9.1146416815e-02 2.0466450881e+00 6.6591842542e+00
360 6.1122551109e-01 9.0927749517e-02 2.0556766486e+00 6.7039435126e+00
361 6.1125168768e-01 9.0936071881e-02 2.0538713712e+00 6.6996348614e+00
362 6.1146542512e-01 9.1124665645e-02 2.0427193664e+00 6.6429091739e+00
363 6.1092728047e-01 9.0178420223e-02 2.0354746043e+00 6.6268113964e+00
364 6.1074189951e-01 8.9676926450e-02 2.0207803340e+00 6.5431858197e+00
365 6.1121972300e-01 9.0033902541e-02 1.9989244943e+00 6.4351901432e+00
