1 5.9282947138e-01 1.1102230246e-16 1.0000000000e+00 1.0000000000e+00
2 5.9278174466e-01 1.3195906148e-03 -1.1151858655e+01 2.3046783417e+02
3 5.9302434575e-01 7.5377502282e-03 2.9396077636e+01 9.0872959488e+02
4 5.9321466540e-01 1.0638462770e-02 2.0837821315e+01 4.5655751068e+02
5 5.9331466043e-01 1.2682156327e-02 1.6378535599e+01 2.9424151377e+02
6 5.9371686433e-01 1.6574550606e-02 1.3059004227e+01 1.8295217637e+02
7 5.9360373613e-01 1.6715129846e-02 1.2717690245e+01 1.7730846613e+02
8 5.9413724281e-01 1.9712153909e-02 1.0945082021e+01 1.2895207789e+02
9 5.9416759499e-01 1.9744209128e-02 1.0892660120e+01 1.2805961275e+02
10 5.9439852812e-01 2.1062592327e-02 1.0268314991e+01 1.1304217380e+02
11 5.9438449424e-01 2.1109958370e-02 1.0196765959e+01 1.1206477162e+02
12 5.9436478214e-01 2.1147587790e-02 1.0141934470e+01 1.1131136274e+02
13 5.9428319589e-01 2.1275954455e-02 9.9577883887e+00 1.0884536195e+02
14 5.9451120024e-01 2.2501868518e-02 9.4749851271e+00 9.7802847400e+01
15 5.9478145467e-01 2.3671762333e-02 9.0364118751e+00 8.8545088932e+01
16 5.9479988634e-01 2.3669120728e-02 9.0376803222e+00 8.8555667446e+01
17 5.9477669313e-01 2.3779375648e-02 8.9100266927e+00 8.6989994273e+01
18 5.9498962685e-01 2.4924406875e-02 8.5000136406e+00 7.9170105845e+01
19 5.9508746451e-01 2.6614314297e-02 8.8716731964e+00 8.8692705032e+01
20 5.9517681936e-01 2.6046114153e-02 8.1132284650e+00 7.2329539595e+01
21 5.9518467221e-01 2.6056175567e-02 8.1026573346e+00 7.2208300885e+01
22 5.9523259114e-01 2.6073423946e-02 8.0819548608e+00 7.1958575403e+01
23 5.9513083916e-01 2.6150446019e-02 8.0130697322e+00 7.1255517665e+01
24 5.9546348121e-01 2.8200667106e-02 7.4391087505e+00 6.1289182744e+01
25 5.9546993221e-01 2.8217804966e-02 7.4240662466e+00 6.1134446328e+01
26 5.9547175261e-01 2.8267815380e-02 7.3845789654e+00 6.0704740122e+01
27 5.9543808216e-01 2.8287858555e-02 7.3714258101e+00 6.0568822985e+01
28 5.9535431901e-01 2.8329264481e-02 7.3441893014e+00 6.0306196365e+01
29 5.9577075664e-01 3.0198909839e-02 6.9039993901e+00 5.3102614938e+01
30 5.9576791833e-01 3.0199675646e-02 6.9037435458e+00 5.3099826658e+01
31 5.9599769082e-01 3.0885916363e-02 6.7229874217e+00 5.0264082221e+01
32 5.9591963162e-01 3.0939034394e-02 6.6908765293e+00 4.9995355873e+01
33 5.9588434744e-01 3.0984072941e-02 6.6604903850e+00 4.9743256532e+01
34 5.9586152345e-01 3.1009471601e-02 6.6705288313e+00 4.9929482023e+01
35 5.9577758576e-01 3.1097154328e-02 6.6131862893e+00 4.9457165390e+01
36 5.9592826544e-01 3.1991448240e-02 6.4264119079e+00 4.6710028709e+01
37 5.9611772284e-01 3.2866032047e-02 6.2510251602e+00 4.4182350435e+01
38 5.9672770428e-01 3.5087730651e-02 5.8306028421e+00 3.8380462343e+01
39 5.9720120548e-01 3.6564673852e-02 5.6042304965e+00 3.5331270854e+01
40 5.9751698285e-01 3.8150794446e-02 5.3691196842e+00 3.2523419825e+01
41 5.9744329265e-01 3.8199981084e-02 5.3518955316e+00 3.2399975815e+01
42 5.9771668318e-01 3.8952406197e-02 5.2569635695e+00 3.1227548635e+01
43 5.9815981329e-01 4.0274362535e-02 5.0859831754e+00 2.9155365381e+01
44 5.9811186742e-01 4.0192591608e-02 5.0597635544e+00 2.9007643968e+01
45 5.9812935277e-01 4.0239969359e-02 5.0512330475e+00 2.8945804341e+01
46 5.9811107167e-01 4.0307256822e-02 5.0210347562e+00 2.8774695305e+01
47 5.9807131866e-01 4.0266722384e-02 5.0154377704e+00 2.8770542793e+01
48 5.9845231808e-01 4.1614619437e-02 4.8376512370e+00 2.6844147524e+01
49 5.9844204585e-01 4.2409618646e-02 4.7154049384e+00 2.5728844678e+01
50 5.9835313354e-01 4.2443951681e-02 4.7091688426e+00 2.5685858628e+01
51 5.9855229561e-01 4.3087623508e-02 4.6324044907e+00 2.4877275700e+01
52 5.9854921924e-01 4.3149254007e-02 4.6105304292e+00 2.4741031951e+01
53 5.9921760929e-01 4.4843244228e-02 4.4318298065e+00 2.2784403969e+01
54 5.9933998184e-01 4.4856801679e-02 4.4200011254e+00 2.2708843716e+01
55 5.9909049052e-01 4.4307479917e-02 4.4691228467e+00 2.3275534528e+01
56 5.9953791315e-01 4.5487510129e-02 4.3464571055e+00 2.2015764245e+01
57 5.9966317892e-01 4.6523296689e-02 4.4789298849e+00 2.3921542123e+01
58 5.9962542530e-01 4.6555008313e-02 4.4708952046e+00 2.3872335021e+01
59 5.9966895830e-01 4.6531572732e-02 4.4760446767e+00 2.3902306269e+01
60 5.9958789052e-01 4.6426585585e-02 4.4737870141e+00 2.3923263869e+01
61 5.9974081640e-01 4.6976949948e-02 4.4003944391e+00 2.3196064110e+01
62 6.0017160522e-01 4.8082403757e-02 4.2830623259e+00 2.1959094101e+01
63 6.0040875137e-01 4.8617208517e-02 4.2282072770e+00 2.1389565987e+01
64 6.0064789758e-01 4.9146173371e-02 4.1747774439e+00 2.0844023355e+01
65 6.0064529611e-01 4.9106604863e-02 4.1734971953e+00 2.0840071549e+01
66 6.0060820977e-01 4.9148992805e-02 4.1633542408e+00 2.0782643599e+01
67 6.0076267087e-01 4.9695843328e-02 4.1158828542e+00 2.0289897874e+01
68 6.0077702047e-01 4.9726462946e-02 4.1064109947e+00 2.0236859785e+01
69 6.0076779374e-01 4.9701737765e-02 4.0969610661e+00 2.0194884237e+01
70 6.0100283690e-01 5.0217658038e-02 4.0474220568e+00 1.9704964713e+01
71 6.0053499876e-01 4.8809506820e-02 3.9653890988e+00 1.8615024275e+01
72 6.0077255765e-01 4.9220151582e-02 3.9202665634e+00 1.8201493320e+01
73 6.0093114520e-01 5.0153154002e-02 4.0330164544e+00 1.9649876110e+01
74 6.0115330834e-01 5.0660587386e-02 3.9805715415e+00 1.9162145969e+01
75 6.0079112702e-01 4.9237592242e-02 3.9073675364e+00 1.8136547972e+01
76 6.0085192968e-01 4.9216079693e-02 3.9092790256e+00 1.8144173798e+01
77 6.0068641459e-01 4.9321977730e-02 3.8894149048e+00 1.8046349579e+01
78 6.0066984484e-01 4.9459491735e-02 3.8624151343e+00 1.7926502158e+01
79 6.0084880436e-01 5.0003741431e-02 3.8102988071e+00 1.7496504219e+01
80 6.0084780534e-01 4.9973831187e-02 3.8010442375e+00 1.7456123484e+01
81 6.0107676384e-01 5.0499499489e-02 3.7635095456e+00 1.7098045916e+01
82 6.0113389457e-01 5.0517250106e-02 3.7554936170e+00 1.7058257841e+01
83 6.0110579384e-01 5.0478084161e-02 3.7535392135e+00 1.7054513528e+01
84 6.0151198776e-01 5.1486914627e-02 3.6790855411e+00 1.6365048023e+01
85 6.0163832534e-01 5.2121650898e-02 3.6277813221e+00 1.5979421079e+01
86 6.0168832861e-01 5.2144195419e-02 3.6191686841e+00 1.5939826168e+01
87 6.0173887655e-01 5.2138298113e-02 3.6175137716e+00 1.5933035106e+01
88 6.0208321681e-01 5.3509316383e-02 3.6754780067e+00 1.6728499830e+01
89 6.0234310729e-01 5.4044285053e-02 3.6374240263e+00 1.6371075668e+01
90 6.0228459926e-01 5.4079416439e-02 3.6324197083e+00 1.6345447033e+01
91 6.0212635473e-01 5.4200340289e-02 3.6260132268e+00 1.6304501536e+01
92 6.0220286591e-01 5.5001227041e-02 3.6693081160e+00 1.6786506140e+01
93 6.0217176265e-01 5.5036727761e-02 3.6621549215e+00 1.6753743410e+01
94 6.0215206063e-01 5.5045255340e-02 3.6613770349e+00 1.6748685958e+01
95 6.0248805572e-01 5.5546342608e-02 3.6191357735e+00 1.6368586451e+01
96 6.0271016389e-01 5.5999299651e-02 3.5834027691e+00 1.6041027122e+01
97 6.0271448872e-01 5.6107398646e-02 3.5717951732e+00 1.5980428156e+01
98 6.0273846236e-01 5.6122765628e-02 3.5683701529e+00 1.5965686765e+01
99 6.0270794050e-01 5.6151153054e-02 3.5635022025e+00 1.5942316867e+01
100 6.0287674054e-01 5.6606436886e-02 3.5296216252e+00 1.5634986873e+01
101 6.0290943312e-01 5.6616641722e-02 3.5260401468e+00 1.5615653624e+01
102 6.0291297848e-01 5.6622983422e-02 3.5245439387e+00 1.5607880891e+01
103 6.0280080915e-01 5.7026899158e-02 3.6208996689e+00 1.6619225165e+01
104 6.0303951907e-01 5.7441641173e-02 3.5861071772e+00 1.6298377782e+01
105 6.0305913025e-01 5.7438432991e-02 3.5857261307e+00 1.6297105264e+01
106 6.0309893062e-01 5.7429676573e-02 3.5855303959e+00 1.6296890915e+01
107 6.0339039667e-01 5.7903754487e-02 3.5504857043e+00 1.5971243139e+01
108 6.0372135332e-01 5.7945336902e-02 3.4222163588e+00 1.4732773170e+01
109 6.0384489063e-01 5.8404783443e-02 3.3893857842e+00 1.4454045698e+01
110 6.0422293763e-01 5.9590864403e-02 3.4149218489e+00 1.4767705448e+01
111 6.0440629612e-01 5.9858630761e-02 3.3823301044e+00 1.4528481135e+01
112 6.0437394987e-01 5.9867899421e-02 3.3824469726e+00 1.4526348271e+01
113 6.0427603575e-01 5.9873108916e-02 3.3764945799e+00 1.4505970788e+01
114 6.0430081456e-01 5.9770494669e-02 3.3766814271e+00 1.4521671887e+01
115 6.0410538428e-01 5.9375187907e-02 3.4046414519e+00 1.4768425088e+01
116 6.0430375180e-01 5.9754965716e-02 3.3713443577e+00 1.4495296436e+01
117 6.0466624695e-01 6.0526470321e-02 3.3015301021e+00 1.3970817030e+01
118 6.0469665332e-01 6.0523358132e-02 3.3010310460e+00 1.3966538209e+01
119 6.0516563063e-01 6.1273767908e-02 3.2445642784e+00 1.3498128948e+01
120 6.0552473166e-01 6.1728811163e-02 3.2132404774e+00 1.3249712349e+01
121 6.0547102232e-01 6.1745997950e-02 3.2128146975e+00 1.3246372192e+01
122 6.0570147962e-01 6.2219064109e-02 3.1800520933e+00 1.3002781337e+01
123 6.0605643811e-01 6.3438785507e-02 3.2078801352e+00 1.3332325099e+01
124 6.0594231610e-01 6.3457431843e-02 3.2013629806e+00 1.3305403283e+01
125 6.0545894481e-01 6.2374812675e-02 3.1713422497e+00 1.3047428977e+01
126 6.0546176246e-01 6.2383095503e-02 3.1697691302e+00 1.3040040883e+01
127 6.0546282298e-01 6.2442863597e-02 3.1684227951e+00 1.3028525512e+01
128 6.0544746842e-01 6.2443818330e-02 3.1692372877e+00 1.3030406948e+01
129 6.0530015686e-01 6.2737492969e-02 3.2292880477e+00 1.3523537420e+01
130 6.0510640988e-01 6.2092610250e-02 3.2005013732e+00 1.3283075088e+01
131 6.0573320063e-01 6.3496027403e-02 3.1925525720e+00 1.3291334095e+01
132 6.0610920317e-01 6.4371397044e-02 3.1245376494e+00 1.2799790007e+01
133 6.0568277083e-01 6.3296588423e-02 3.1113249653e+00 1.2665456310e+01
134 6.0555674404e-01 6.2660274740e-02 3.0561399348e+00 1.2161941769e+01
135 6.0544226718e-01 6.2692222042e-02 3.0521139695e+00 1.2146093155e+01
136 6.0548388107e-01 6.2957944442e-02 3.0275411782e+00 1.1972324463e+01
137 6.0571852034e-01 6.3354663414e-02 3.0021160277e+00 1.1780654703e+01
138 6.0617648642e-01 6.4066784422e-02 2.9567811459e+00 1.1436548955e+01
139 6.0643592603e-01 6.4479043615e-02 2.9352906645e+00 1.1268076531e+01
140 6.0674053531e-01 6.5479996437e-02 2.9518579210e+00 1.1438852911e+01
141 6.0677497452e-01 6.5480930974e-02 2.9502522205e+00 1.1431965040e+01
142 6.0737580880e-01 6.6856212053e-02 2.9406683909e+00 1.1452276158e+01
143 6.0722227999e-01 6.6253204850e-02 2.8948474322e+00 1.1071646458e+01
144 6.0714893014e-01 6.6229368967e-02 2.8948809366e+00 1.1076028732e+01
145 6.0740902738e-01 6.6688165110e-02 2.8755392227e+00 1.0921021468e+01
146 6.0755338276e-01 6.6884025602e-02 2.7933096527e+00 1.0297996949e+01
147 6.0769124058e-01 6.7566706997e-02 2.8323074252e+00 1.0635574804e+01
148 6.0767697135e-01 6.7630274064e-02 2.8318763775e+00 1.0629449074e+01
149 6.0788665426e-01 6.7985576630e-02 2.8111378982e+00 1.0479394998e+01
150 6.0800336920e-01 6.8711667225e-02 2.8580298430e+00 1.0902138589e+01
151 6.0813679694e-01 6.9052760054e-02 2.8286948274e+00 1.0724061198e+01
152 6.0830808819e-01 6.9453442178e-02 2.8010710325e+00 1.0550732277e+01
153 6.0828301982e-01 6.9508783470e-02 2.7935348236e+00 1.0523785215e+01
154 6.0827280868e-01 6.9481882167e-02 2.7910098121e+00 1.0520194919e+01
155 6.0822296325e-01 6.9524803098e-02 2.7952914482e+00 1.0535783264e+01
156 6.0841895053e-01 6.9921782188e-02 2.7774921570e+00 1.0396898642e+01
157 6.0848543392e-01 7.0607715603e-02 2.8017830629e+00 1.0579916379e+01
158 6.0839612768e-01 7.0658449980e-02 2.7982054470e+00 1.0564982931e+01
159 6.0840199120e-01 7.0665593370e-02 2.7993259299e+00 1.0571722264e+01
160 6.0831444897e-01 7.0751678542e-02 2.7898028151e+00 1.0537805338e+01
161 6.0865331396e-01 7.1561545547e-02 2.7945520303e+00 1.0575217386e+01
162 6.0865790679e-01 7.1528721928e-02 2.7939751215e+00 1.0579218379e+01
163 6.0839911592e-01 7.1281351560e-02 2.8101556885e+00 1.0704625192e+01
164 6.0835712859e-01 7.1263588529e-02 2.8097817064e+00 1.0707628586e+01
165 6.0825405419e-01 7.1138386502e-02 2.8019123810e+00 1.0652823344e+01
166 6.0820585636e-01 7.1118456189e-02 2.8004545192e+00 1.0650257102e+01
167 6.0860500663e-01 7.2072131055e-02 2.8028502980e+00 1.0657432891e+01
168 6.0865660074e-01 7.2664836639e-02 2.8229408778e+00 1.0797304887e+01
169 6.0862874458e-01 7.2650776900e-02 2.8232298258e+00 1.0802194908e+01
170 6.0862323090e-01 7.2656935694e-02 2.8226531876e+00 1.0799492877e+01
171 6.0928861122e-01 7.3634678441e-02 2.7637557261e+00 1.0373800402e+01
172 6.0919335029e-01 7.3663747491e-02 2.7603329934e+00 1.0363857401e+01
173 6.0954094028e-01 7.4518464527e-02 2.7465634487e+00 1.0246399485e+01
174 6.0977863797e-01 7.4912586229e-02 2.7259896461e+00 1.0100057169e+01
175 6.0920652006e-01 7.3733950352e-02 2.7454478404e+00 1.0245923297e+01
176 6.0919717901e-01 7.3737808670e-02 2.7453275054e+00 1.0245212876e+01
177 6.0936884449e-01 7.4067614229e-02 2.7265299205e+00 1.0111289388e+01
178 6.0911461613e-01 7.3764772036e-02 2.7475376228e+00 1.0265691159e+01
179 6.0906861038e-01 7.3786934013e-02 2.7461792349e+00 1.0261191651e+01
180 6.0946700747e-01 7.4780415889e-02 2.7443265893e+00 1.0275783090e+01
181 6.1006834177e-01 7.5991715651e-02 2.7337828518e+00 1.0216405391e+01
182 6.1027764379e-01 7.6394012243e-02 2.7078331852e+00 1.0054327066e+01
183 6.1029203855e-01 7.6445127431e-02 2.7064198197e+00 1.0045131770e+01
184 6.1030186960e-01 7.6563251302e-02 2.7037227737e+00 1.0021075297e+01
185 6.1047471907e-01 7.7082522203e-02 2.6947259156e+00 1.0012626345e+01
186 6.1041652168e-01 7.7033072354e-02 2.6931071957e+00 1.0015786771e+01
187 6.1026672795e-01 7.7422989627e-02 2.7379799913e+00 1.0337226404e+01
188 6.0948874599e-01 7.5856569560e-02 2.7416723323e+00 1.0390232471e+01
189 6.0949309998e-01 7.5832663290e-02 2.7448288730e+00 1.0401650871e+01
190 6.0939228315e-01 7.5788259724e-02 2.7453377454e+00 1.0413142935e+01
191 6.0940857365e-01 7.5845838375e-02 2.7412291483e+00 1.0393612612e+01
192 6.0904223299e-01 7.5053546432e-02 2.7362742188e+00 1.0351876946e+01
193 6.0875297617e-01 7.4765082410e-02 2.7547502814e+00 1.0485031975e+01
194 6.0881472273e-01 7.4765596842e-02 2.7522478870e+00 1.0475635886e+01
195 6.0885932739e-01 7.4802908382e-02 2.7505006306e+00 1.0463120950e+01
196 6.0888271027e-01 7.4720839280e-02 2.7504772053e+00 1.0476062191e+01
197 6.0881104838e-01 7.4706495304e-02 2.7500476136e+00 1.0477083107e+01
198 6.0860371301e-01 7.4396585148e-02 2.7712551924e+00 1.0630204328e+01
199 6.0836630185e-01 7.3995575898e-02 2.7879174313e+00 1.0766134546e+01
200 6.0819631292e-01 7.4343677900e-02 2.8419678187e+00 1.1211527161e+01
201 6.0829988674e-01 7.4099369582e-02 2.7829842317e+00 1.0735589752e+01
202 6.0872976571e-01 7.4675562371e-02 2.7440962185e+00 1.0469541351e+01
203 6.0899968575e-01 7.4993503295e-02 2.7229778756e+00 1.0323192183e+01
204 6.0900854912e-01 7.4992867647e-02 2.7227139030e+00 1.0322248066e+01
205 6.0920000922e-01 7.5424340929e-02 2.7003446817e+00 1.0146154721e+01
206 6.0939032762e-01 7.5734293978e-02 2.6799181163e+00 1.0012108330e+01
207 6.0929818684e-01 7.5382247945e-02 2.6702456392e+00 9.9677283834e+00
208 6.0885540014e-01 7.4246914954e-02 2.6356843458e+00 9.6669726222e+00
209 6.0881086591e-01 7.4290387518e-02 2.6314252566e+00 9.6523224308e+00
210 6.0859142967e-01 7.4025169311e-02 2.6483820490e+00 9.7689242894e+00
211 6.0856182062e-01 7.3938834271e-02 2.6472087887e+00 9.7746085940e+00
212 6.0848122384e-01 7.3989527356e-02 2.6436267429e+00 9.7607070731e+00
213 6.0850188638e-01 7.4001400086e-02 2.6413771004e+00 9.7521932314e+00
214 6.0857737569e-01 7.4601874094e-02 2.6810721081e+00 1.0095539314e+01
215 6.0834655892e-01 7.3702826466e-02 2.6208814673e+00 9.5854777278e+00
216 6.0756475541e-01 7.2502444802e-02 2.6078041950e+00 9.5042395131e+00
217 6.0772537815e-01 7.2732981399e-02 2.5911865278e+00 9.4010215305e+00
218 6.0774669871e-01 7.2635198376e-02 2.5905882812e+00 9.4026460177e+00
219 6.0776221205e-01 7.2878040435e-02 2.5912996326e+00 9.3869024710e+00
220 6.0773679137e-01 7.2858274603e-02 2.5904564118e+00 9.3867049019e+00
221 6.0781426722e-01 7.3470208697e-02 2.6242673053e+00 9.6563089904e+00
222 6.0758314335e-01 7.3885864073e-02 2.6836294428e+00 1.0131511325e+01
223 6.0756001595e-01 7.3914873533e-02 2.6807453814e+00 1.0119506473e+01
224 6.0766838572e-01 7.4236679787e-02 2.6617294992e+00 9.9901793796e+00
225 6.0769603291e-01 7.4241651083e-02 2.6617715417e+00 9.9885932200e+00
226 6.0780694154e-01 7.4776387351e-02 2.6768997679e+00 1.0070658873e+01
227 6.0818623953e-01 7.5478756117e-02 2.6399905353e+00 9.8063220507e+00
228 6.0821978297e-01 7.5469675423e-02 2.6397883587e+00 9.8061686598e+00
229 6.0781659553e-01 7.4591416244e-02 2.6272261754e+00 9.7252927384e+00
230 6.0773231531e-01 7.4633646615e-02 2.6252063982e+00 9.7159361620e+00
231 6.0791050514e-01 7.5159457530e-02 2.6383697112e+00 9.7927537482e+00
232 6.0767100598e-01 7.4532773380e-02 2.5960893004e+00 9.4681378970e+00
233 6.0785054389e-01 7.5032978036e-02 2.5832166317e+00 9.3613750811e+00
234 6.0778695110e-01 7.5037948887e-02 2.5818634218e+00 9.3608534051e+00
235 6.0768648230e-01 7.4544787210e-02 2.5636214604e+00 9.2507454567e+00
236 6.0788108642e-01 7.4698872437e-02 2.5505334170e+00 9.1694971093e+00
237 6.0785063638e-01 7.4752196808e-02 2.5506794404e+00 9.1661747843e+00
238 6.0751475319e-01 7.4520596875e-02 2.5662128062e+00 9.2701225032e+00
239 6.0742838495e-01 7.4571997885e-02 2.5693452497e+00 9.3047802787e+00
240 6.0771555522e-01 7.4985556370e-02 2.5483325983e+00 9.1735332276e+00
241 6.0784457880e-01 7.5558552254e-02 2.5669603941e+00 9.2929273748e+00
242 6.0754685030e-01 7.5255292483e-02 2.5794836107e+00 9.3980303459e+00
243 6.0766978478e-01 7.5903630992e-02 2.6101515587e+00 9.6356320942e+00
244 6.0789554694e-01 7.6189449182e-02 2.5948414523e+00 9.5207385010e+00
245 6.0797610556e-01 7.6771942001e-02 2.6253526769e+00 9.7608114388e+00
246 6.0800824769e-01 7.6821247131e-02 2.6174788529e+00 9.7331793056e+00
247 6.0782688082e-01 7.6246282126e-02 2.5906230182e+00 9.5786932552e+00
248 6.0836246344e-01 7.6949735069e-02 2.5569132370e+00 9.3402248826e+00
249 6.0840115017e-01 7.6980404542e-02 2.5566738097e+00 9.3364922605e+00
250 6.0832334715e-01 7.6993049778e-02 2.5571398685e+00 9.3411865975e+00
251 6.0826541217e-01 7.6993662962e-02 2.5544521855e+00 9.3326763089e+00
252 6.0853029008e-01 7.7207295443e-02 2.5382033910e+00 9.2313327008e+00
253 6.0873835348e-01 7.7483697277e-02 2.5213380289e+00 9.1218026119e+00
254 6.0872338693e-01 7.7418275273e-02 2.5228477631e+00 9.1376167184e+00
255 6.0870552163e-01 7.7430121962e-02 2.5221393018e+00 9.1345373073e+00
256 6.0866418685e-01 7.7353788729e-02 2.5221731654e+00 9.1450457661e+00
257 6.0843456396e-01 7.7205394619e-02 2.5480058094e+00 9.3398191775e+00
258 6.0848079605e-01 7.7389349831e-02 2.5440492007e+00 9.3023558077e+00
259 6.0852219736e-01 7.7412633367e-02 2.5404607163e+00 9.2862410665e+00
260 6.0849929973e-01 7.7401308835e-02 2.5361979570e+00 9.2740398872e+00
261 6.0846405653e-01 7.7763712720e-02 2.5616479582e+00 9.4192616666e+00
262 6.0842338261e-01 7.7678038925e-02 2.5598457312e+00 9.4192895945e+00
263 6.0841466944e-01 7.7587507444e-02 2.5611109262e+00 9.4328596119e+00
264 6.0829083648e-01 7.7655557671e-02 2.5571997251e+00 9.4185386000e+00
265 6.0844862637e-01 7.8235575718e-02 2.5717788866e+00 9.4933320568e+00
266 6.0833436453e-01 7.8271141084e-02 2.5683761077e+00 9.4841259009e+00
267 6.0877179351e-01 7.9993962886e-02 2.6364003261e+00 9.9557751560e+00
268 6.0938979166e-01 8.1370065882e-02 2.6502085435e+00 1.0037108735e+01
269 6.0959983813e-01 8.1706111218e-02 2.6269810195e+00 9.8997168977e+00
270 6.0958866189e-01 8.1790035572e-02 2.6351090460e+00 9.9819878870e+00
271 6.1013657241e-01 8.3137524453e-02 2.6202093848e+00 9.8257457834e+00
272 6.1049177660e-01 8.3672612672e-02 2.5828265681e+00 9.5993860123e+00
273 6.1049174323e-01 8.3650169993e-02 2.5843290003e+00 9.6066312784e+00
274 6.1099620981e-01 8.4225697134e-02 2.5502748679e+00 9.3830619894e+00
275 6.1113005086e-01 8.4690773384e-02 2.5642386805e+00 9.4518053813e+00
276 6.1133894313e-01 8.4911388556e-02 2.5479901701e+00 9.3536240438e+00
277 6.1133165686e-01 8.4960666733e-02 2.5510656895e+00 9.3808620795e+00
278 6.1124087015e-01 8.4440259827e-02 2.5327279706e+00 9.2702251928e+00
279 6.1162158818e-01 8.5169765007e-02 2.5212181117e+00 9.1783804787e+00
280 6.1187976932e-01 8.5438232602e-02 2.5044359765e+00 9.0742230686e+00
281 6.1166651126e-01 8.4949123391e-02 2.4934748421e+00 9.0242292899e+00
282 6.1178965959e-01 8.5102156921e-02 2.4816662745e+00 8.9408562185e+00
283 6.1159104314e-01 8.4614112172e-02 2.4698991703e+00 8.8778345057e+00
284 6.1178488688e-01 8.4882363274e-02 2.4556638894e+00 8.7842554849e+00
285 6.1166123621e-01 8.4840613036e-02 2.4537689825e+00 8.7889746924e+00
286 6.1269397773e-01 8.6044029742e-02 2.3755768380e+00 8.3143240921e+00
287 6.1218538645e-01 8.5637262151e-02 2.4116707065e+00 8.5504092142e+00
288 6.1197732328e-01 8.5411191681e-02 2.4262111997e+00 8.6355069493e+00
289 6.1234180990e-01 8.6017976665e-02 2.3959605630e+00 8.4439925167e+00
290 6.1251753889e-01 8.6254952221e-02 2.3774020735e+00 8.3464623048e+00
291 6.1242161896e-01 8.5899729125e-02 2.3709052850e+00 8.3295258077e+00
292 6.1198611380e-01 8.5064168263e-02 2.3622952413e+00 8.3021752570e+00
293 6.1169262553e-01 8.4907153508e-02 2.3742551401e+00 8.3742718669e+00
294 6.1177211951e-01 8.4648560950e-02 2.3430366508e+00 8.1863460253e+00
295 6.1164598498e-01 8.4794766814e-02 2.3660787579e+00 8.3147683967e+00
296 6.1203047902e-01 8.4926766873e-02 2.3260836741e+00 8.0862699915e+00
297 6.1229260674e-01 8.5171782376e-02 2.3120081213e+00 8.0015753500e+00
298 6.1225991673e-01 8.5186072768e-02 2.3117315953e+00 7.9999552123e+00
299 6.1217050536e-01 8.5138066417e-02 2.3143109268e+00 8.0157321281e+00
300 6.1218322567e-01 8.5180485538e-02 2.3151413987e+00 8.0151407564e+00
301 6.1225013736e-01 8.5157660351e-02 2.3151920838e+00 8.0159025601e+00
302 6.1226696479e-01 8.5249662984e-02 2.3150264030e+00 8.0076439457e+00
303 6.1271804467e-01 8.6097581589e-02 2.2904714818e+00 7.8344962194e+00
304 6.1226434827e-01 8.4450157826e-02 2.2402532655e+00 7.5417428789e+00
305 6.1186108642e-01 8.3837684533e-02 2.2382122605e+00 7.5481631134e+00
306 6.1179127764e-01 8.3820707816e-02 2.2395458909e+00 7.5559578406e+00
307 6.1173590956e-01 8.3845581517e-02 2.2391117984e+00 7.5531919451e+00
308 6.1192295225e-01 8.4098035614e-02 2.2258459520e+00 7.4760395529e+00
309 6.1173165312e-01 8.4003061514e-02 2.2359066505e+00 7.5233563272e+00
310 6.1153715767e-01 8.4226808080e-02 2.2567032396e+00 7.6537846849e+00
311 6.1183118048e-01 8.5023815556e-02 2.2600406852e+00 7.6918372625e+00
312 6.1205643451e-01 8.5405888249e-02 2.2503074285e+00 7.6231107163e+00
313 6.1203205858e-01 8.5415966470e-02 2.2535507212e+00 7.6409840490e+00
314 6.1223609173e-01 8.5626255649e-02 2.2402587191e+00 7.5682588433e+00
315 6.1207750034e-01 8.5678336107e-02 2.2399932128e+00 7.5685760802e+00
316 6.1194553514e-01 8.5089803523e-02 2.2262207650e+00 7.4974699927e+00
317 6.1247066179e-01 8.5650568127e-02 2.1995926088e+00 7.3392994411e+00
318 6.1263487739e-01 8.6054396591e-02 2.2154089393e+00 7.4391203645e+00
319 6.1268097774e-01 8.6164552583e-02 2.2160470652e+00 7.4396456192e+00
320 6.1220163939e-01 8.5576239269e-02 2.2178930550e+00 7.4635461954e+00
321 6.1238533091e-01 8.6128542540e-02 2.2285128897e+00 7.5117204356e+00
322 6.1248699620e-01 8.6506960540e-02 2.2453975321e+00 7.6065238537e+00
323 6.1223953532e-01 8.6197164268e-02 2.2565391500e+00 7.6841084754e+00
324 6.1273983570e-01 8.6654985720e-02 2.2311378084e+00 7.5351507623e+00
325 6.1271438649e-01 8.6659995980e-02 2.2308818024e+00 7.5329427466e+00
326 6.1278758897e-01 8.7219259158e-02 2.2534578819e+00 7.6897349263e+00
327 6.1278427787e-01 8.7221484919e-02 2.2533966756e+00 7.6892983600e+00
328 6.1235791851e-01 8.6329243008e-02 2.2427659766e+00 7.6166548653e+00
329 6.1235181753e-01 8.6367531912e-02 2.2421143032e+00 7.6111510515e+00
330 6.1204866549e-01 8.5726474479e-02 2.2190945986e+00 7.4765619158e+00
331 6.1171994586e-01 8.5494114654e-02 2.2317888370e+00 7.5520650517e+00
332 6.1146818620e-01 8.5419501546e-02 2.2435280437e+00 7.6188056191e+00
333 6.1086725760e-01 8.4125395484e-02 2.2044397932e+00 7.3634580824e+00
334 6.1090383709e-01 8.4117134415e-02 2.2055662091e+00 7.3661201001e+00
335 6.1104599203e-01 8.4634798608e-02 2.2240532321e+00 7.4765059272e+00
336 6.1126275345e-01 8.4776486269e-02 2.2119959262e+00 7.4134774679e+00
337 6.1150410685e-01 8.5335344890e-02 2.2336332929e+00 7.5585920560e+00
338 6.1146142514e-01 8.5378262286e-02 2.2305985614e+00 7.5491373976e+00
339 6.1160705585e-01 8.5901459193e-02 2.2488570690e+00 7.6569863655e+00
340 6.1184634207e-01 8.5960857250e-02 2.2382998611e+00 7.6101143223e+00
341 6.1198352276e-01 8.6565605234e-02 2.2433866577e+00 7.6202886820e+00
342 6.1199563418e-01 8.6566254582e-02 2.2428948740e+00 7.6188207549e+00
343 6.1187004884e-01 8.6052170258e-02 2.2245369776e+00 7.5135573786e+00
344 6.1180297971e-01 8.6168622482e-02 2.2215628022e+00 7.4963106734e+00
345 6.1167989499e-01 8.5645350736e-02 2.2039822734e+00 7.3962700977e+00
346 6.1210766740e-01 8.6471082178e-02 2.2040530797e+00 7.3989493875e+00
347 6.1196912453e-01 8.6003010241e-02 2.1836020889e+00 7.2954675546e+00
348 6.1266203168e-01 8.6795153357e-02 2.1478440487e+00 7.0748764962e+00
349 6.1315092216e-01 8.8190898280e-02 2.1831391389e+00 7.3100696224e+00
350 6.1340756637e-01 8.8850871244e-02 2.1859441200e+00 7.3291895622e+00
351 6.1325533000e-01 8.8447645811e-02 2.1734887906e+00 7.2714539170e+00
352 6.1325463533e-01 8.9160600065e-02 2.2020761974e+00 7.4734032429e+00
353 6.1328060521e-01 8.9166853635e-02 2.2002492753e+00 7.4694981463e+00
354 6.1330535302e-01 8.9165483710e-02 2.2008300738e+00 7.4719546185e+00
355 6.1329224808e-01 8.9195097204e-02 2.2007418682e+00 7.4677222687e+00
356 6.1340717636e-01 8.9624837143e-02 2.2145564618e+00 7.5422038714e+00
357 6.1358693699e-01 9.0054341609e-02 2.2188531540e+00 7.5507460221e+00
358 6.1348061929e-01 8.9635826007e-02 2.2116796025e+00 7.5256235901e+00
359 6.1378383145e-01 8.9907474936e-02 2.1965961249e+00 7.4179370961e+00
360 6.1378063359e-01 8.9915445010e-02 2.1964567955e+00 7.4228236967e+00
361 6.1376496375e-01 8.9979568207e-02 2.1948562302e+00 7.4153865500e+00
362 6.1331569039e-01 8.9162830792e-02 2.1923998017e+00 7.4095364064e+00
363 6.1314595683e-01 8.8674829367e-02 2.1788457142e+00 7.3370387258e+00
364 6.1332637057e-01 8.8981155212e-02 2.1670975438e+00 7.2788175477e+00
365 6.1303040842e-01 8.8720783630e-02 2.1842587165e+00 7.3907846585e+00
