1 5.9282947138e-01 1.1102230246e-16 1.0000000000e+00 1.0000000000e+00
2 5.9334107927e-01 1.0471994979e-02 2.1870612897e+01 4.8508334977e+02
3 5.9362597697e-01 1.2879144561e-02 1.7560358897e+01 3.1651184478e+02
4 5.9366156449e-01 1.3074970537e-02 1.6828415815e+01 2.9804011834e+02
5 5.9392299254e-01 1.5069762731e-02 1.4599974336e+01 2.2415770735e+02
6 5.9411882953e-01 1.6790611861e-02 1.3148069362e+01 1.8116998923e+02
7 5.9415056421e-01 1.6991002678e-02 1.3114757607e+01 1.8075124149e+02
8 5.9435863530e-01 1.8581070665e-02 1.1910855517e+01 1.5002429978e+02
9 5.9427878349e-01 1.8699238524e-02 1.1675579300e+01 1.4652477983e+02
10 5.9391267742e-01 1.7411299239e-02 1.2125601434e+01 1.6486794141e+02
11 5.9410033247e-01 1.9005001221e-02 1.1091895098e+01 1.3789092711e+02
12 5.9425500786e-01 2.0528863371e-02 1.0188412947e+01 1.1726335299e+02
13 5.9440328420e-01 2.1915434694e-02 9.5159330750e+00 1.0250974285e+02
14 5.9444572454e-01 2.1972095993e-02 9.4366361822e+00 1.0138976375e+02
15 5.9468800976e-01 2.3358146366e-02 8.9552255194e+00 9.0960431556e+01
16 5.9495432988e-01 2.4666333253e-02 8.3775706268e+00 8.0575153945e+01
17 5.9492111486e-01 2.4768310504e-02 8.2672014461e+00 7.9321852906e+01
18 5.9512890434e-01 2.5867136046e-02 7.9387908905e+00 7.2774956666e+01
19 5.9531999557e-01 2.6977674999e-02 7.5944997909e+00 6.6649744638e+01
20 5.9522755356e-01 2.7063964974e-02 7.5236158589e+00 6.5920894117e+01
21 5.9528935029e-01 2.7079660279e-02 7.5040988384e+00 6.5700299157e+01
22 5.9546591507e-01 2.8099301127e-02 7.2425163056e+00 6.0987227643e+01
23 5.9567578669e-01 2.9178061219e-02 6.9626023780e+00 5.6476900065e+01
24 5.9566598424e-01 2.9445157416e-02 6.9722855259e+00 5.6660667897e+01
25 5.9566197361e-01 2.9526965296e-02 6.9091174713e+00 5.6051075203e+01
26 5.9589069404e-01 3.0564675271e-02 6.6218732648e+00 5.1868250465e+01
27 5.9580599410e-01 3.0674070913e-02 6.5567055510e+00 5.1222412448e+01
28 5.9601537211e-01 3.1366726112e-02 6.3793861157e+00 4.8410120395e+01
29 5.9617390059e-01 3.2106992679e-02 6.1748086403e+00 4.5560968639e+01
30 5.9621237968e-01 3.2115312874e-02 6.1686528143e+00 4.5481005725e+01
31 5.9698682440e-01 3.4523979974e-02 5.7968865014e+00 3.9551291910e+01
32 5.9700888587e-01 3.4514334140e-02 5.8016019902e+00 3.9577214653e+01
33 5.9696337661e-01 3.4551899596e-02 5.7835196885e+00 3.9440603181e+01
34 5.9712798325e-01 3.5350537553e-02 5.6536073603e+00 3.7649096602e+01
35 5.9708884038e-01 3.5396150755e-02 5.6316463757e+00 3.7485269383e+01
36 5.9731372921e-01 3.6198898843e-02 5.4940582179e+00 3.5732864557e+01
37 5.9720777842e-01 3.6261998962e-02 5.4704375035e+00 3.5553796442e+01
38 5.9716100852e-01 3.6283198189e-02 5.4485275834e+00 3.5381501211e+01
39 5.9705845286e-01 3.6353148888e-02 5.4085136102e+00 3.5098321588e+01
40 5.9720759212e-01 3.7201700903e-02 5.2890757967e+00 3.3591482374e+01
41 5.9765077490e-01 3.8628735059e-02 5.1037743935e+00 3.1111857720e+01
42 5.9792984382e-01 3.9318396665e-02 5.0143033227e+00 2.9976983080e+01
43 5.9811251370e-01 3.9986452593e-02 4.9132646925e+00 2.8851854698e+01
44 5.9810637248e-01 4.0050454496e-02 4.8860437064e+00 2.8678347955e+01
45 5.9811575876e-01 4.0000863505e-02 4.8758858951e+00 2.8615031308e+01
46 5.9808266442e-01 4.0042029590e-02 4.8608562286e+00 2.8516942124e+01
47 5.9804193733e-01 4.0054763381e-02 4.8586635148e+00 2.8500555935e+01
48 5.9796131833e-01 4.0141049084e-02 4.8278584424e+00 2.8302237782e+01
49 5.9822691304e-01 4.0805905511e-02 4.7500194482e+00 2.7350178083e+01
50 5.9822475265e-01 4.0782909096e-02 4.7608519658e+00 2.7408135358e+01
51 5.9845776308e-01 4.1341394319e-02 4.6942506686e+00 2.6579651389e+01
52 5.9843791079e-01 4.1370924649e-02 4.6848628764e+00 2.6513735843e+01
53 5.9857963264e-01 4.2033295545e-02 4.6129303183e+00 2.5676316000e+01
54 5.9894438191e-01 4.3273353307e-02 4.4809197392e+00 2.4164860207e+01
55 5.9910601131e-01 4.3934799773e-02 4.4041345097e+00 2.3393207408e+01
56 5.9899776156e-01 4.3924915488e-02 4.3908211997e+00 2.3323876914e+01
57 5.9911097152e-01 4.3906274317e-02 4.3892992402e+00 2.3317860803e+01
58 5.9917118606e-01 4.3953680397e-02 4.3714614284e+00 2.3195546903e+01
59 5.9926217302e-01 4.4075508173e-02 4.3720869703e+00 2.3235891899e+01
60 5.9911459984e-01 4.4140703745e-02 4.3586062830e+00 2.3160754490e+01
61 5.9921077294e-01 4.4078658336e-02 4.3473517471e+00 2.3078548107e+01
62 5.9908351175e-01 4.4166810207e-02 4.3267580537e+00 2.2948684944e+01
63 5.9926227895e-01 4.4785126997e-02 4.2567770862e+00 2.2245784531e+01
64 5.9929653879e-01 4.4830200420e-02 4.2398751437e+00 2.2146067007e+01
65 5.9930018172e-01 4.4891972547e-02 4.2181646950e+00 2.2029680753e+01
66 5.9957114239e-01 4.5536559002e-02 4.1679970756e+00 2.1467289989e+01
67 5.9929337037e-01 4.5089475721e-02 4.2048697961e+00 2.1957239722e+01
68 5.9945414937e-01 4.6284021738e-02 4.3814576824e+00 2.4467230172e+01
69 5.9971172643e-01 4.7013774501e-02 4.3279401537e+00 2.3789949304e+01
70 5.9990568544e-01 4.7501976531e-02 4.2728217367e+00 2.3167008026e+01
71 5.9993159872e-01 4.7542518283e-02 4.2596395407e+00 2.3079985034e+01
72 5.9987555788e-01 4.7517242589e-02 4.2521828143e+00 2.3044364385e+01
73 5.9986788204e-01 4.7536702067e-02 4.2468541051e+00 2.3010033587e+01
74 6.0008103849e-01 4.8148264780e-02 4.1952632603e+00 2.2392500624e+01
75 5.9991048713e-01 4.8214905248e-02 4.1864100736e+00 2.2329582232e+01
76 5.9962475685e-01 4.7260284607e-02 4.0022314492e+00 2.0077788893e+01
77 5.9989251826e-01 4.7811097718e-02 3.9545250734e+00 1.9580102478e+01
78 6.0007281041e-01 4.8364506456e-02 3.9102949230e+00 1.9113359605e+01
79 6.0011566923e-01 4.8382835805e-02 3.9031741019e+00 1.9070988907e+01
80 6.0011917801e-01 4.8320326328e-02 3.8984410031e+00 1.9050111046e+01
81 6.0013322409e-01 4.8181986895e-02 3.8839717354e+00 1.8992305068e+01
82 6.0008269480e-01 4.8258091940e-02 3.8739155757e+00 1.8930451158e+01
83 6.0041288095e-01 4.8952841189e-02 3.8451685815e+00 1.8579928935e+01
84 6.0056038948e-01 4.9535242772e-02 3.8007033451e+00 1.8140217690e+01
85 6.0050992531e-01 4.9609218963e-02 3.7959573090e+00 1.8113664113e+01
86 6.0052449141e-01 4.9701093482e-02 3.7840371282e+00 1.8048407706e+01
87 6.0077214926e-01 5.0307017797e-02 3.7377056393e+00 1.7625390525e+01
88 6.0082172379e-01 5.0359636998e-02 3.7371199995e+00 1.7619412476e+01
89 6.0071639941e-01 5.0420703873e-02 3.7272414740e+00 1.7568086732e+01
90 6.0063149244e-01 5.0460429195e-02 3.7213981352e+00 1.7540360842e+01
91 6.0058031651e-01 5.0421514238e-02 3.7131349166e+00 1.7488954398e+01
92 6.0079904261e-01 5.0802205594e-02 3.6763816653e+00 1.7136057281e+01
93 6.0099249095e-01 5.1279130734e-02 3.6427754696e+00 1.6792380749e+01
94 6.0106108269e-01 5.1263006522e-02 3.6290695079e+00 1.6714165447e+01
95 6.0118848201e-01 5.2171138700e-02 3.7343691947e+00 1.7942148100e+01
96 6.0115462309e-01 5.2211726984e-02 3.7264167764e+00 1.7897508436e+01
97 6.0112217854e-01 5.2231714625e-02 3.7116461310e+00 1.7815123551e+01
98 6.0151023132e-01 5.3659916754e-02 3.8065949472e+00 1.9058651400e+01
99 6.0145683005e-01 5.3679413961e-02 3.8050385531e+00 1.9046331884e+01
100 6.0145467013e-01 5.3692296932e-02 3.8021638573e+00 1.9028797188e+01
101 6.0149825641e-01 5.3739102716e-02 3.8029816035e+00 1.9023447300e+01
102 6.0140067518e-01 5.3804484237e-02 3.7914915894e+00 1.8962607541e+01
103 6.0148095451e-01 5.4305850429e-02 3.7468475806e+00 1.8519848785e+01
104 6.0151001806e-01 5.4329054608e-02 3.7415502422e+00 1.8480545570e+01
105 6.0160089169e-01 5.4287784605e-02 3.7392252483e+00 1.8475536656e+01
106 6.0133622541e-01 5.4623490683e-02 3.8240364699e+00 1.9457754174e+01
107 6.0128003336e-01 5.4697119837e-02 3.8094440769e+00 1.9373216500e+01
108 6.0133477383e-01 5.5489243645e-02 3.8431238829e+00 1.9690337427e+01
109 6.0159928773e-01 5.6054765784e-02 3.8055204036e+00 1.9248260310e+01
110 6.0123628537e-01 5.4662793931e-02 3.7596198691e+00 1.8766336624e+01
111 6.0106159762e-01 5.4641378352e-02 3.7475594617e+00 1.8731341563e+01
112 6.0122313456e-01 5.5380541777e-02 3.7045841590e+00 1.8281448344e+01
113 6.0140631654e-01 5.5918795576e-02 3.6637383655e+00 1.7863662566e+01
114 6.0157224820e-01 5.5741732879e-02 3.5743300146e+00 1.7026870596e+01
115 6.0149467809e-01 5.5816419552e-02 3.5708873834e+00 1.6988897715e+01
116 6.0151800647e-01 5.5981911584e-02 3.5600273321e+00 1.6924957578e+01
117 6.0156182110e-01 5.5944914358e-02 3.5528355018e+00 1.6895077625e+01
118 6.0152621784e-01 5.6017173312e-02 3.5508386145e+00 1.6874210179e+01
119 6.0162770537e-01 5.6792083325e-02 3.6259542033e+00 1.7607793086e+01
120 6.0153561695e-01 5.6897584902e-02 3.6210465212e+00 1.7569855044e+01
121 6.0195487136e-01 5.7831855363e-02 3.5402182229e+00 1.6814421677e+01
122 6.0245839544e-01 5.8696115080e-02 3.4751343838e+00 1.6165547287e+01
123 6.0236255014e-01 5.8742445373e-02 3.4702858578e+00 1.6139000324e+01
124 6.0193555355e-01 5.7252173703e-02 3.3942159376e+00 1.5327049421e+01
125 6.0182511788e-01 5.7284340532e-02 3.3884644227e+00 1.5294221720e+01
126 6.0194732727e-01 5.8137058084e-02 3.4564300947e+00 1.5968805108e+01
127 6.0183199243e-01 5.8515737435e-02 3.5336761184e+00 1.6747271351e+01
128 6.0171603879e-01 5.7785772433e-02 3.4696126441e+00 1.6135032698e+01
129 6.0227226126e-01 5.8585572146e-02 3.4101723614e+00 1.5541814482e+01
130 6.0229783322e-01 5.8599915208e-02 3.4061837773e+00 1.5521120528e+01
131 6.0230812415e-01 5.8651203221e-02 3.3955276083e+00 1.5466382008e+01
132 6.0279981602e-01 5.9405457422e-02 3.3454279024e+00 1.5018435501e+01
133 6.0280487302e-01 5.9428156390e-02 3.3413873872e+00 1.4994940890e+01
134 6.0312116564e-01 5.9786535284e-02 3.2942954357e+00 1.4650990002e+01
135 6.0331770951e-01 6.0220110419e-02 3.2634548798e+00 1.4377936357e+01
136 6.0310332194e-01 5.9680651135e-02 3.2922675396e+00 1.4652592090e+01
137 6.0327533556e-01 6.0052426633e-02 3.2519742605e+00 1.4351637626e+01
138 6.0349390717e-01 6.0424180049e-02 3.2232937776e+00 1.4099973199e+01
139 6.0351386891e-01 6.0406029124e-02 3.2220656678e+00 1.4097685627e+01
140 6.0326648691e-01 6.0049619511e-02 3.2397512644e+00 1.4305336160e+01
141 6.0336004421e-01 6.0481166587e-02 3.2030358765e+00 1.4017325517e+01
142 6.0380317287e-01 6.1177931058e-02 3.1485942470e+00 1.3555390040e+01
143 6.0398746817e-01 6.1939138726e-02 3.2003051993e+00 1.4039073201e+01
144 6.0440011553e-01 6.3285880991e-02 3.2535931371e+00 1.4714177807e+01
145 6.0462550951e-01 6.3510534751e-02 3.2259188149e+00 1.4494398408e+01
146 6.0463103004e-01 6.3585579312e-02 3.2208649540e+00 1.4463386638e+01
147 6.0431583316e-01 6.2518632248e-02 3.1982496970e+00 1.4298186692e+01
148 6.0439077913e-01 6.3188534605e-02 3.2270519029e+00 1.4525792095e+01
149 6.0406304757e-01 6.2153746975e-02 3.2118956643e+00 1.4426530256e+01
150 6.0424926653e-01 6.2630480167e-02 3.1818927092e+00 1.4150138429e+01
151 6.0434384262e-01 6.3273818549e-02 3.1969244851e+00 1.4233080059e+01
152 6.0414766000e-01 6.2902358364e-02 3.2220403475e+00 1.4472209322e+01
153 6.0399520490e-01 6.2987710862e-02 3.2130563513e+00 1.4428850624e+01
154 6.0408028402e-01 6.3041715367e-02 3.2103639682e+00 1.4412064253e+01
155 6.0416579195e-01 6.3627626610e-02 3.2338712579e+00 1.4535437805e+01
156 6.0432101508e-01 6.4012990753e-02 3.1950327678e+00 1.4170804992e+01
157 6.0435964593e-01 6.4008999519e-02 3.1940194536e+00 1.4166560725e+01
158 6.0435107579e-01 6.4116408442e-02 3.1956479196e+00 1.4161313152e+01
159 6.0422764171e-01 6.4279656445e-02 3.1989443308e+00 1.4251757553e+01
160 6.0437227193e-01 6.4770654321e-02 3.1628318167e+00 1.3956279080e+01
161 6.0443717296e-01 6.4691944551e-02 3.1602844932e+00 1.3964530696e+01
162 6.0471112309e-01 6.5059728296e-02 3.1338931166e+00 1.3732274972e+01
163 6.0492062863e-01 6.5442027706e-02 3.1051559181e+00 1.3494184685e+01
164 6.0499926032e-01 6.6142987204e-02 3.1289188464e+00 1.3673863865e+01
165 6.0405731703e-01 6.4213318526e-02 3.1512270873e+00 1.3902456324e+01
166 6.0417431674e-01 6.4709099625e-02 3.1162299906e+00 1.3620440660e+01
167 6.0414906600e-01 6.4769332357e-02 3.1123478687e+00 1.3601118413e+01
168 6.0419285803e-01 6.4821921666e-02 3.1097949405e+00 1.3581244529e+01
169 6.0423913318e-01 6.4501480696e-02 3.0574266420e+00 1.3173104437e+01
170 6.0413588573e-01 6.4572353499e-02 3.0483311298e+00 1.3141183081e+01
171 6.0410410624e-01 6.4530936759e-02 3.0464041962e+00 1.3134159099e+01
172 6.0377081600e-01 6.3740942294e-02 3.0480429914e+00 1.3213902442e+01
173 6.0410153938e-01 6.4745253033e-02 3.0580059079e+00 1.3278495163e+01
174 6.0456171982e-01 6.5521533213e-02 3.0076123439e+00 1.2840688122e+01
175 6.0447986034e-01 6.5744858195e-02 3.0803129203e+00 1.3461078261e+01
176 6.0441950216e-01 6.5802726136e-02 3.0739668510e+00 1.3426112159e+01
177 6.0469247165e-01 6.5723095884e-02 2.9966922064e+00 1.2826736071e+01
178 6.0482704661e-01 6.5304007593e-02 2.8979454726e+00 1.1943329189e+01
179 6.0464816212e-01 6.4688200815e-02 2.8533655523e+00 1.1613742738e+01
180 6.0464307158e-01 6.4652967418e-02 2.8525924293e+00 1.1616208624e+01
181 6.0503462928e-01 6.5648270776e-02 2.8460376216e+00 1.1513407766e+01
182 6.0482453832e-01 6.5422589991e-02 2.8674269865e+00 1.1663000556e+01
183 6.0487209792e-01 6.6171286366e-02 2.9100766959e+00 1.2031439589e+01
184 6.0491540059e-01 6.6194467009e-02 2.9082620037e+00 1.2022986941e+01
185 6.0510146444e-01 6.6371467104e-02 2.8867737414e+00 1.1879761551e+01
186 6.0507661142e-01 6.6375989843e-02 2.8871243410e+00 1.1881096455e+01
187 6.0527064138e-01 6.7141006209e-02 2.9450260800e+00 1.2394135195e+01
188 6.0547010369e-01 6.7468972492e-02 2.9234060910e+00 1.2210517301e+01
189 6.0575842210e-01 6.8083560137e-02 2.9163330067e+00 1.2130960139e+01
190 6.0599181530e-01 6.8446794140e-02 2.8931916906e+00 1.1942339933e+01
191 6.0593546780e-01 6.8464691410e-02 2.8926883641e+00 1.1939563834e+01
192 6.0569756877e-01 6.7799122434e-02 2.8589289302e+00 1.1774376239e+01
193 6.0564609256e-01 6.7815304506e-02 2.8611471634e+00 1.1778666158e+01
194 6.0582829731e-01 6.8262856619e-02 2.8402740493e+00 1.1597154737e+01
195 6.0607822997e-01 6.8705161035e-02 2.8134828247e+00 1.1401587205e+01
196 6.0606442483e-01 6.8752420393e-02 2.8067570155e+00 1.1374178779e+01
197 6.0598677986e-01 6.9338344756e-02 2.8261041029e+00 1.1461483116e+01
198 6.0577385602e-01 6.9045461131e-02 2.8442858365e+00 1.1617680805e+01
199 6.0599314761e-01 6.9463336685e-02 2.8237309118e+00 1.1443765391e+01
200 6.0594694863e-01 6.9610018494e-02 2.8668609206e+00 1.1874421867e+01
201 6.0586174407e-01 6.9615852333e-02 2.8657231207e+00 1.1874245873e+01
202 6.0612723114e-01 6.9866970707e-02 2.8443940799e+00 1.1717878456e+01
203 6.0657633035e-01 7.0609148581e-02 2.7996682090e+00 1.1367386903e+01
204 6.0652280713e-01 7.0629027183e-02 2.7991212735e+00 1.1363321107e+01
205 6.0613976427e-01 6.9599947625e-02 2.7676647229e+00 1.1107401946e+01
206 6.0620744299e-01 6.9789803129e-02 2.7669022677e+00 1.1086812198e+01
207 6.0634751984e-01 6.9458745529e-02 2.7123723922e+00 1.0665842525e+01
208 6.0630048499e-01 6.9544723315e-02 2.7120041944e+00 1.0657905358e+01
209 6.0629706915e-01 6.9426640875e-02 2.6365805403e+00 1.0071320338e+01
210 6.0625464240e-01 6.9410891549e-02 2.6342929289e+00 1.0066769433e+01
211 6.0622238704e-01 6.9316126702e-02 2.6288897881e+00 1.0054299041e+01
212 6.0614935449e-01 6.9404923818e-02 2.6267408764e+00 1.0043080337e+01
213 6.0591719870e-01 6.9091474005e-02 2.6427235450e+00 1.0170110278e+01
214 6.0593077255e-01 6.9124050009e-02 2.6391793357e+00 1.0148748991e+01
215 6.0544787368e-01 6.8047159228e-02 2.5932779294e+00 9.7650812913e+00
216 6.0599779132e-01 6.9735545841e-02 2.6737632818e+00 1.0432255364e+01
217 6.0600589901e-01 6.9744818797e-02 2.6649666946e+00 1.0359905178e+01
218 6.0617055165e-01 7.0240116556e-02 2.6573136872e+00 1.0255302221e+01
219 6.0640523406e-01 7.0640403943e-02 2.6403215352e+00 1.0126602096e+01
220 6.0655784330e-01 7.1062293631e-02 2.6184262309e+00 9.9720889761e+00
221 6.0638256490e-01 7.0791205262e-02 2.6357668377e+00 1.0095438944e+01
222 6.0647572725e-01 7.1523362019e-02 2.6882416565e+00 1.0532258374e+01
223 6.0679511980e-01 7.2172388069e-02 2.6487377471e+00 1.0246679120e+01
224 6.0728922989e-01 7.2858695143e-02 2.6115254695e+00 9.9685650747e+00
225 6.0752364388e-01 7.3142130262e-02 2.5955937699e+00 9.8483378875e+00
226 6.0760957400e-01 7.2958412919e-02 2.5653496043e+00 9.6537456374e+00
227 6.0821405183e-01 7.4237088768e-02 2.5603240317e+00 9.6109937411e+00
228 6.0839453525e-01 7.4500952393e-02 2.5440104480e+00 9.4979883998e+00
229 6.0834199046e-01 7.3488986335e-02 2.4722877579e+00 9.0565733002e+00
230 6.0864928835e-01 7.3739704131e-02 2.4518628702e+00 8.9354059188e+00
231 6.0859494258e-01 7.3703380585e-02 2.4573648659e+00 8.9555827645e+00
232 6.0862523916e-01 7.3842636682e-02 2.4596970692e+00 8.9614986287e+00
233 6.0857507585e-01 7.3862184541e-02 2.4553349982e+00 8.9558439074e+00
234 6.0870651179e-01 7.4477350671e-02 2.4789362352e+00 9.1316846403e+00
235 6.0881635277e-01 7.4823920770e-02 2.4637475189e+00 9.0205382936e+00
236 6.0918047300e-01 7.5815208808e-02 2.4693720193e+00 9.0026604641e+00
237 6.0929459390e-01 7.6338989842e-02 2.4780913837e+00 9.0526177094e+00
238 6.0947911318e-01 7.6752979110e-02 2.4590229226e+00 8.9241225036e+00
239 6.0943012008e-01 7.6834832509e-02 2.4503872343e+00 8.8964968978e+00
240 6.0994064043e-01 7.7523081716e-02 2.4213789493e+00 8.6883696167e+00
241 6.1052571295e-01 7.8563394976e-02 2.3998352872e+00 8.5136792751e+00
242 6.1052196619e-01 7.8612499992e-02 2.3860389483e+00 8.4881508522e+00
243 6.1034534776e-01 7.8036887594e-02 2.3582293431e+00 8.3234409024e+00
244 6.1030492844e-01 7.8039852052e-02 2.3594305075e+00 8.3278845294e+00
245 6.1051830236e-01 7.8414409814e-02 2.3454425116e+00 8.2307390826e+00
246 6.1052278749e-01 7.8383928241e-02 2.3437561422e+00 8.2297541544e+00
247 6.1049327787e-01 7.8359615299e-02 2.3458272451e+00 8.2422202664e+00
248 6.1041355202e-01 7.8301135062e-02 2.3457728033e+00 8.2476371489e+00
249 6.1053559267e-01 7.8366828647e-02 2.3479495963e+00 8.2544947806e+00
250 6.1061354577e-01 7.8414247375e-02 2.3230201710e+00 8.1093207597e+00
251 6.1053364034e-01 7.8329386036e-02 2.3137184486e+00 8.0870414196e+00
252 6.1098834231e-01 7.8862334298e-02 2.2846644252e+00 7.9103769392e+00
253 6.1112004973e-01 7.9323617039e-02 2.2904666417e+00 7.9272706504e+00
254 6.1114179350e-01 7.9307264840e-02 2.2914417629e+00 7.9309586411e+00
255 6.1123008321e-01 7.9736681877e-02 2.3037076951e+00 7.9875321583e+00
256 6.1145064001e-01 8.0061273100e-02 2.2877167444e+00 7.8900049234e+00
257 6.1137904768e-01 8.0125518050e-02 2.2864327830e+00 7.8879178577e+00
258 6.1153684789e-01 8.0272614481e-02 2.2745180542e+00 7.8197760281e+00
259 6.1172644718e-01 8.0598951703e-02 2.2635692903e+00 7.7378866972e+00
260 6.1120212236e-01 7.9791791074e-02 2.2483748846e+00 7.6297106385e+00
261 6.1136391959e-01 8.0412186022e-02 2.2826489287e+00 7.8745759016e+00
262 6.1133694766e-01 8.0471987015e-02 2.2822298572e+00 7.8703424821e+00
263 6.1130155775e-01 8.0233910916e-02 2.2460191495e+00 7.5712837310e+00
264 6.1126045360e-01 8.0222980727e-02 2.2450107908e+00 7.5742131468e+00
265 6.1124404699e-01 8.0294716478e-02 2.2421416370e+00 7.5637536291e+00
266 6.1111355738e-01 8.0239806069e-02 2.2381172422e+00 7.5568576213e+00
267 6.1116834902e-01 8.0230427075e-02 2.2373611827e+00 7.5539357697e+00
268 6.1111102940e-01 8.0416358665e-02 2.2559574958e+00 7.7002234831e+00
269 6.1092530713e-01 8.0376675803e-02 2.2565666581e+00 7.7126527781e+00
270 6.1041698870e-01 7.9637901822e-02 2.2418812667e+00 7.6193986339e+00
271 6.1039261961e-01 7.9711973344e-02 2.2369297230e+00 7.6015701344e+00
272 6.1038052138e-01 7.9747974715e-02 2.2334217109e+00 7.5902201422e+00
273 6.1031611930e-01 8.0126222647e-02 2.2528854217e+00 7.6880861123e+00
274 6.1060682752e-01 8.0510883752e-02 2.2362437636e+00 7.5912901775e+00
275 6.1025158856e-01 7.9733753389e-02 2.2261230170e+00 7.5449967789e+00
276 6.1016816976e-01 7.9490792244e-02 2.2011868445e+00 7.4338830682e+00
277 6.1059538599e-01 7.9913270933e-02 2.1785468906e+00 7.3049155446e+00
278 6.1071365487e-01 8.0381640761e-02 2.1854520588e+00 7.3361329028e+00
279 6.1081375553e-01 8.0866957512e-02 2.2052059496e+00 7.5032484658e+00
280 6.1070725345e-01 8.0885972877e-02 2.2025967890e+00 7.5025517340e+00
281 6.1071224832e-01 8.0843950280e-02 2.2026521695e+00 7.5073478048e+00
282 6.1077359930e-01 8.1328643523e-02 2.2123353391e+00 7.5499731066e+00
283 6.1077206592e-01 8.1409643480e-02 2.2034392719e+00 7.5231185451e+00
284 6.1080965158e-01 8.1427278804e-02 2.2043613289e+00 7.5245832064e+00
285 6.1104079540e-01 8.1705374246e-02 2.1938065434e+00 7.4500748812e+00
286 6.1109814145e-01 8.1715037704e-02 2.1915552892e+00 7.4304836948e+00
287 6.1059175801e-01 8.0557728448e-02 2.1672234960e+00 7.2972252351e+00
288 6.1033211824e-01 7.9949319652e-02 2.1716828305e+00 7.3474027589e+00
289 6.1033701305e-01 8.0144151300e-02 2.1962319968e+00 7.5487952594e+00
290 6.1076976257e-01 8.0964415419e-02 2.1937762811e+00 7.5194734333e+00
291 6.1088886538e-01 8.1175718014e-02 2.1808293656e+00 7.4522139795e+00
292 6.1114363013e-01 8.2108703182e-02 2.2189628883e+00 7.6796677042e+00
293 6.1117755274e-01 8.2574437210e-02 2.2315366412e+00 7.7655821960e+00
294 6.1126366857e-01 8.3131573787e-02 2.2687513831e+00 8.0711439950e+00
295 6.1125410631e-01 8.3145341457e-02 2.2673605548e+00 8.0673942716e+00
296 6.1144984269e-01 8.3738358733e-02 2.2880572771e+00 8.1968898071e+00
297 6.1171271539e-01 8.3970070824e-02 2.2728928668e+00 8.1101620988e+00
298 6.1132890324e-01 8.3088073870e-02 2.2646560711e+00 8.0637960453e+00
299 6.1142326241e-01 8.3151242011e-02 2.2651232701e+00 8.0627985687e+00
300 6.1142807264e-01 8.2927426659e-02 2.2403778179e+00 7.9344306404e+00
301 6.1173769612e-01 8.3320600231e-02 2.2242332499e+00 7.8385812757e+00
302 6.1164788288e-01 8.3302704860e-02 2.2121117680e+00 7.7532543111e+00
303 6.1171157377e-01 8.3371351579e-02 2.2096611042e+00 7.7377594527e+00
304 6.1187462773e-01 8.3757714323e-02 2.2209512146e+00 7.7839055103e+00
305 6.1221606838e-01 8.4344712885e-02 2.2087208382e+00 7.7601420627e+00
306 6.1236290615e-01 8.4707451762e-02 2.2098116496e+00 7.7391175921e+00
307 6.1230754447e-01 8.4747675748e-02 2.2077192055e+00 7.7310688419e+00
308 6.1225310358e-01 8.4624246078e-02 2.2054733478e+00 7.7226203890e+00
309 6.1229693371e-01 8.4660943139e-02 2.2061343524e+00 7.7240622521e+00
310 6.1226997990e-01 8.4677328969e-02 2.2060973422e+00 7.7219272078e+00
311 6.1258181489e-01 8.5385571046e-02 2.2161070720e+00 7.7915779828e+00
312 6.1239046062e-01 8.5661388580e-02 2.2427824080e+00 7.9244557410e+00
313 6.1238671180e-01 8.5578190967e-02 2.2451219145e+00 7.9397786670e+00
314 6.1205145111e-01 8.4648842851e-02 2.2135830698e+00 7.7908325970e+00
315 6.1195464151e-01 8.4784353268e-02 2.2268014345e+00 7.8961616097e+00
316 6.1217948367e-01 8.5310836177e-02 2.2510370814e+00 8.0476432060e+00
317 6.1242543785e-01 8.5698358052e-02 2.2390798380e+00 7.9946739469e+00
318 6.1287059014e-01 8.6190675815e-02 2.2132985613e+00 7.8364499843e+00
319 6.1279785089e-01 8.6275516996e-02 2.2068518361e+00 7.8159155115e+00
320 6.1266068463e-01 8.5460418561e-02 2.1672544640e+00 7.5267929459e+00
321 6.1260715867e-01 8.5552783551e-02 2.1645846437e+00 7.5183171657e+00
322 6.1211050887e-01 8.4920582249e-02 2.1662342674e+00 7.5559113023e+00
323 6.1218156628e-01 8.4827102213e-02 2.1660508846e+00 7.5656632499e+00
324 6.1214145600e-01 8.4805833050e-02 2.1592639341e+00 7.5364572970e+00
325 6.1254297148e-01 8.6301346021e-02 2.2147718760e+00 7.9361565554e+00
326 6.1219823721e-01 8.5518208234e-02 2.1982017178e+00 7.8528388523e+00
327 6.1217901271e-01 8.5639066801e-02 2.2021887440e+00 7.8662486447e+00
328 6.1209643336e-01 8.5604624313e-02 2.2039749549e+00 7.8787349718e+00
329 6.1172662286e-01 8.4642888969e-02 2.1819517661e+00 7.7563902269e+00
330 6.1173687626e-01 8.4615013236e-02 2.1822684018e+00 7.7599629080e+00
331 6.1201875504e-01 8.5575427612e-02 2.1880031814e+00 7.7712375789e+00
332 6.1193713100e-01 8.5598246221e-02 2.1883633308e+00 7.7720966611e+00
333 6.1209872464e-01 8.6175443842e-02 2.2002983364e+00 7.8434769727e+00
334 6.1202850028e-01 8.6159367501e-02 2.2037151223e+00 7.8809636035e+00
335 6.1217204030e-01 8.6329405122e-02 2.1927664927e+00 7.8178104487e+00
336 6.1251098817e-01 8.6341138410e-02 2.1502684080e+00 7.5730627757e+00
337 6.1251293387e-01 8.6352533390e-02 2.1491355370e+00 7.5689975211e+00
338 6.1212870521e-01 8.5560901483e-02 2.1408060095e+00 7.5353415026e+00
339 6.1236073803e-01 8.5946185316e-02 2.1301958029e+00 7.4578474701e+00
340 6.1231950033e-01 8.5967851053e-02 2.1273195732e+00 7.4519302814e+00
341 6.1240387788e-01 8.6425066275e-02 2.1422810315e+00 7.5292351100e+00
342 6.1247826293e-01 8.6692399585e-02 2.1391821162e+00 7.4929370825e+00
343 6.1248424148e-01 8.6543474660e-02 2.1278456033e+00 7.4023772105e+00
344 6.1189155417e-01 8.5520505544e-02 2.1340998983e+00 7.4669258937e+00
345 6.1195219089e-01 8.6092816176e-02 2.1755598829e+00 7.7972364910e+00
346 6.1246667354e-01 8.6741342821e-02 2.1497867464e+00 7.6238403909e+00
347 6.1245134505e-01 8.6742526850e-02 2.1504231295e+00 7.6245646277e+00
348 6.1245951600e-01 8.7441133216e-02 2.1857483851e+00 7.8025278331e+00
349 6.1197420402e-01 8.7078696961e-02 2.2060425326e+00 7.9413507157e+00
350 6.1155429701e-01 8.5920900742e-02 2.1712089358e+00 7.6997240316e+00
351 6.1130833964e-01 8.5778531008e-02 2.1795325298e+00 7.7578224684e+00
352 6.1105445289e-01 8.5607918215e-02 2.1866836184e+00 7.8057973630e+00
353 6.1120137205e-01 8.6089169595e-02 2.1967300178e+00 7.8363391014e+00
354 6.1093288677e-01 8.5904566849e-02 2.2021218461e+00 7.9027835643e+00
355 6.1098489627e-01 8.6528703667e-02 2.2384721343e+00 8.1263597960e+00
356 6.1137804147e-01 8.7246928831e-02 2.2364851311e+00 8.0873629592e+00
357 6.1146745099e-01 8.7716020282e-02 2.2431854900e+00 8.1002571251e+00
358 6.1172529277e-01 8.8023957542e-02 2.2285677236e+00 8.0078737466e+00
359 6.1192881709e-01 8.8395929123e-02 2.2182086751e+00 7.9231458655e+00
360 6.1282299644e-01 8.9563506557e-02 2.1845825025e+00 7.6864054101e+00
361 6.1282727596e-01 8.9554355350e-02 2.1852475158e+00 7.6889470925e+00
362 6.1307994076e-01 8.9880954447e-02 2.1700513823e+00 7.5928533290e+00
363 6.1297159490e-01 9.0019306525e-02 2.1721370227e+00 7.6209233147e+00
364 6.1294339256e-01 9.0147534573e-02 2.1761727803e+00 7.6682083555e+00
365 6.1291256715e-01 9.0154306464e-02 2.1734273686e+00 7.6647593668e+00
