1 5.9282947138e-01 1.1102230246e-16 1.0000000000e+00 1.0000000000e+00
2 5.9273983310e-01 2.8046071266e-03 -1.4480262593e+01 2.6819417733e+02
3 5.9313355086e-01 1.0878063733e-02 1.9263663209e+01 4.1936638222e+02
4 5.9332657675e-01 1.3272081243e-02 1.5934130779e+01 2.8272552471e+02
5 5.9326181239e-01 1.3507808495e-02 1.5035227033e+01 2.6415087888e+02
6 5.9349210120e-01 1.5418404496e-02 1.3488971644e+01 2.0648753761e+02
7 5.9340048176e-01 1.5553379809e-02 1.3119930141e+01 1.9983352326e+02
8 5.9366771630e-01 1.7211138688e-02 1.2096209004e+01 1.6572087436e+02
9 5.9387589671e-01 1.8789171554e-02 1.1130826721e+01 1.3950056075e+02
10 5.9413337968e-01 2.0238526085e-02 1.0379093179e+01 1.2034621396e+02
11 5.9423502790e-01 2.2478813548e-02 1.1468188615e+01 1.5318004463e+02
12 5.9416251643e-01 2.2564722665e-02 1.1343425582e+01 1.5101467211e+02
13 5.9461424243e-01 2.4825991266e-02 1.0086400066e+01 1.1746879255e+02
14 5.9467963454e-01 2.4831605578e-02 1.0073132281e+01 1.1725642777e+02
15 5.9466116971e-01 2.4854529474e-02 1.0045659941e+01 1.1685662093e+02
16 5.9463399608e-01 2.4879481539e-02 1.0017079864e+01 1.1643396882e+02
17 5.9503938117e-01 2.6979476363e-02 9.0220441860e+00 9.4010948487e+01
18 5.9541933434e-01 2.8989223720e-02 8.2336657690e+00 7.8129456080e+01
19 5.9532184790e-01 2.9104077704e-02 8.1353918325e+00 7.7032326165e+01
20 5.9524286290e-01 2.8965799417e-02 8.0976289481e+00 7.7018280785e+01
21 5.9521265415e-01 2.9006372348e-02 8.0646222963e+00 7.6623896721e+01
22 5.9525473889e-01 2.9037043204e-02 8.0349049629e+00 7.6255415845e+01
23 5.9572735876e-01 3.0951163142e-02 7.4872533337e+00 6.5506313969e+01
24 5.9565629176e-01 3.1084251369e-02 7.4396675880e+00 6.4955312731e+01
25 5.9562245032e-01 3.1114841653e-02 7.4200367613e+00 6.4733833532e+01
26 5.9555447001e-01 3.1152843895e-02 7.3976135317e+00 6.4484732811e+01
27 5.9557901265e-01 3.1171583091e-02 7.3814311251e+00 6.4307165217e+01
28 5.9554800408e-01 3.1234056487e-02 7.3308015045e+00 6.3847711271e+01
29 5.9553279343e-01 3.1299318963e-02 7.2822276710e+00 6.3339115330e+01
30 5.9555895841e-01 3.1300901686e-02 7.2785945828e+00 6.3301971399e+01
31 5.9573560549e-01 3.2271589032e-02 7.0479624561e+00 5.9087383145e+01
32 5.9567250496e-01 3.2312560566e-02 7.0241857449e+00 5.8846548639e+01
33 5.9564002603e-01 3.2350091901e-02 7.0008322575e+00 5.8604885956e+01
34 5.9577851619e-01 3.3265701643e-02 6.7503034042e+00 5.4605593247e+01
35 5.9613592624e-01 3.4882064304e-02 6.3929271853e+00 4.8685957485e+01
36 5.9603832381e-01 3.4937476045e-02 6.3671624137e+00 4.8453698633e+01
37 5.9642424639e-01 3.6266844187e-02 6.0872490808e+00 4.4045315765e+01
38 5.9642472649e-01 3.6275168997e-02 6.0828737504e+00 4.4004394626e+01
39 5.9651153295e-01 3.6277121042e-02 6.0759608075e+00 4.3936522634e+01
40 5.9648634245e-01 3.6282978712e-02 6.0749526764e+00 4.3925100821e+01
41 5.9671151122e-01 3.6950831097e-02 5.9338565827e+00 4.1948047867e+01
42 5.9726415573e-01 3.9508514521e-02 5.8778826949e+00 4.1395820931e+01
43 5.9710560120e-01 3.9665514260e-02 5.8116165045e+00 4.0849274595e+01
44 5.9706040766e-01 3.9677166717e-02 5.8094399029e+00 4.0828047976e+01
45 5.9738576425e-01 4.1638122042e-02 5.8260197651e+00 4.0963525128e+01
46 5.9758208047e-01 4.2278057791e-02 5.7088306707e+00 3.9284043433e+01
47 5.9766528017e-01 4.2960994269e-02 5.5556426337e+00 3.7443209580e+01
48 5.9763363036e-01 4.3043489290e-02 5.5499663390e+00 3.7347746732e+01
49 5.9750717220e-01 4.3129286922e-02 5.5214055803e+00 3.7121041508e+01
50 5.9771367457e-01 4.3906599446e-02 5.4077395619e+00 3.5547853875e+01
51 5.9804120059e-01 4.5807877849e-02 5.3931994472e+00 3.5215297482e+01
52 5.9816124203e-01 4.6434501371e-02 5.2853266340e+00 3.3878758728e+01
53 5.9821428102e-01 4.6069115357e-02 5.1078333129e+00 3.1629164429e+01
54 5.9840215692e-01 4.6652131754e-02 5.0216996559e+00 3.0562960843e+01
55 5.9835963803e-01 4.5934228906e-02 4.8389734634e+00 2.8412803672e+01
56 5.9830278819e-01 4.6021399114e-02 4.8121181626e+00 2.8226337559e+01
57 5.9870122564e-01 4.7038521751e-02 4.6701827023e+00 2.6574523977e+01
58 5.9886373753e-01 4.8007993725e-02 4.7463534445e+00 2.7550362351e+01
59 5.9880080714e-01 4.8024570238e-02 4.7374688585e+00 2.7499010500e+01
60 5.9868145588e-01 4.8109364055e-02 4.7173804537e+00 2.7354461229e+01
61 5.9853265056e-01 4.7086407344e-02 4.6261752484e+00 2.6319278575e+01
62 5.9826058461e-01 4.6410214228e-02 4.6743589219e+00 2.6892453300e+01
63 5.9815573346e-01 4.6462299353e-02 4.6630449952e+00 2.6816489589e+01
64 5.9810742405e-01 4.6413167142e-02 4.6570301878e+00 2.6784598536e+01
65 5.9818005586e-01 4.6053155456e-02 4.4691217846e+00 2.4493149624e+01
66 5.9825946530e-01 4.6084323018e-02 4.4605064853e+00 2.4427256828e+01
67 5.9844550519e-01 4.6541788604e-02 4.3969962133e+00 2.3749553980e+01
68 5.9864918556e-01 4.7008100919e-02 4.3299954285e+00 2.3073746026e+01
69 5.9865731770e-01 4.7012839043e-02 4.3282046944e+00 2.3061481256e+01
70 5.9864217526e-01 4.7188106692e-02 4.3223079008e+00 2.3030017781e+01
71 5.9884858827e-01 4.7787751941e-02 4.2680099107e+00 2.2409248039e+01
72 5.9903708692e-01 4.8827721701e-02 4.4045067750e+00 2.4230455948e+01
73 5.9883315286e-01 4.8468345540e-02 4.4614910405e+00 2.4895531620e+01
74 5.9890834635e-01 4.9423145338e-02 4.5502309255e+00 2.5979955861e+01
75 5.9906545314e-01 4.9951214530e-02 4.4746579807e+00 2.5184911573e+01
76 5.9894925398e-01 5.0029684442e-02 4.4572378405e+00 2.5072350452e+01
77 5.9918080209e-01 5.0708891279e-02 4.3865549386e+00 2.4271416803e+01
78 5.9959445200e-01 5.1694312562e-02 4.2702525124e+00 2.2999006102e+01
79 5.9948461158e-01 5.1203365645e-02 4.3068304880e+00 2.3497630433e+01
80 5.9937262273e-01 5.1311279568e-02 4.2795607076e+00 2.3348192945e+01
81 5.9942096629e-01 5.1097941466e-02 4.2324384268e+00 2.2752574661e+01
82 5.9995272475e-01 5.3058335206e-02 4.1700211002e+00 2.1954248561e+01
83 6.0008149744e-01 5.3551892818e-02 4.1284355607e+00 2.1458530165e+01
84 6.0026170209e-01 5.4039369035e-02 4.0802895161e+00 2.0944226987e+01
85 6.0050372762e-01 5.4466240803e-02 4.0313195701e+00 2.0456509771e+01
86 6.0054765251e-01 5.3988974477e-02 3.9166430794e+00 1.9262294265e+01
87 6.0074328920e-01 5.4449957898e-02 3.8732895409e+00 1.8831511865e+01
88 6.0029451365e-01 5.3391463755e-02 3.8540811286e+00 1.8690433109e+01
89 6.0032069292e-01 5.3396065010e-02 3.8517419097e+00 1.8676510389e+01
90 6.0026240465e-01 5.3313829694e-02 3.8510674262e+00 1.8702518740e+01
91 6.0026512391e-01 5.3346066349e-02 3.8482259717e+00 1.8683020121e+01
92 6.0027013177e-01 5.3344826945e-02 3.8485635457e+00 1.8682754597e+01
93 6.0029255810e-01 5.3441275966e-02 3.8615723710e+00 1.8868557305e+01
94 6.0052784876e-01 5.4038459190e-02 3.8212785605e+00 1.8443856197e+01
95 6.0044015965e-01 5.4041668895e-02 3.8100755226e+00 1.8391985606e+01
96 6.0034212354e-01 5.4247517998e-02 3.7889497592e+00 1.8271779268e+01
97 6.0054940798e-01 5.4773295923e-02 3.7362177320e+00 1.7814741336e+01
98 6.0098516089e-01 5.5585747239e-02 3.6543287588e+00 1.7084041905e+01
99 6.0101104636e-01 5.5581012169e-02 3.6540087097e+00 1.7082969953e+01
100 6.0118630307e-01 5.6102376951e-02 3.6175017048e+00 1.6720754630e+01
101 6.0139159343e-01 5.6543196208e-02 3.5824059406e+00 1.6390355371e+01
102 6.0139204329e-01 5.7398840325e-02 3.6403058883e+00 1.7012663131e+01
103 6.0134832537e-01 5.7259615788e-02 3.6537407989e+00 1.7240944984e+01
104 6.0128435477e-01 5.7320443849e-02 3.6544659393e+00 1.7231457361e+01
105 6.0189786900e-01 5.8825645608e-02 3.5425660418e+00 1.6161550715e+01
106 6.0216348554e-01 5.9329837424e-02 3.5064626541e+00 1.5828941509e+01
107 6.0208364741e-01 5.9362115988e-02 3.5037816614e+00 1.5814244837e+01
108 6.0202512310e-01 5.9386743568e-02 3.5018604046e+00 1.5802138416e+01
109 6.0219958541e-01 5.9955437564e-02 3.4609800816e+00 1.5458391174e+01
110 6.0234657116e-01 6.0744583874e-02 3.5259603781e+00 1.6099305412e+01
111 6.0228136548e-01 6.0769614571e-02 3.5241803256e+00 1.6088457447e+01
112 6.0261400032e-01 6.1994538891e-02 3.5349251632e+00 1.6176989164e+01
113 6.0291555072e-01 6.2417109568e-02 3.4978999817e+00 1.5852570096e+01
114 6.0286208659e-01 6.2475602918e-02 3.4895771413e+00 1.5806753741e+01
115 6.0272270327e-01 6.2501744866e-02 3.4846612559e+00 1.5787301142e+01
116 6.0277936294e-01 6.2520726957e-02 3.4784434253e+00 1.5755805017e+01
117 6.0307397369e-01 6.3626218117e-02 3.4815294097e+00 1.5755920332e+01
118 6.0324833647e-01 6.4078469573e-02 3.4413008290e+00 1.5432084323e+01
119 6.0318936354e-01 6.4209354675e-02 3.4373393306e+00 1.5401179176e+01
120 6.0337717342e-01 6.4623725984e-02 3.4028724885e+00 1.5111749694e+01
121 6.0347105387e-01 6.5011660706e-02 3.3701551627e+00 1.4844012179e+01
122 6.0363803276e-01 6.5360135298e-02 3.3334500382e+00 1.4503906421e+01
123 6.0363024614e-01 6.5486325202e-02 3.3351774995e+00 1.4552771362e+01
124 6.0363217091e-01 6.5538829467e-02 3.3327954057e+00 1.4532389994e+01
125 6.0384454392e-01 6.6005022446e-02 3.2975212283e+00 1.4244494729e+01
126 6.0397746577e-01 6.6498656602e-02 3.2600252616e+00 1.3958142339e+01
127 6.0402968303e-01 6.5966036447e-02 3.1975335892e+00 1.3422058664e+01
128 6.0404504222e-01 6.5949604424e-02 3.1920257721e+00 1.3407300257e+01
129 6.0400360899e-01 6.5975220571e-02 3.1897380390e+00 1.3394813554e+01
130 6.0390290839e-01 6.5960518534e-02 3.1889665083e+00 1.3401310946e+01
131 6.0397782082e-01 6.6287955206e-02 3.1573246567e+00 1.3183797444e+01
132 6.0388095709e-01 6.6153743219e-02 3.0906547612e+00 1.2634896160e+01
133 6.0386722920e-01 6.6150544790e-02 3.0884783739e+00 1.2627107594e+01
134 6.0382236764e-01 6.6178399395e-02 3.0858810215e+00 1.2614877809e+01
135 6.0378308315e-01 6.6221695532e-02 3.0849581802e+00 1.2616595768e+01
136 6.0366606978e-01 6.6320046200e-02 3.0767339963e+00 1.2578217720e+01
137 6.0367910574e-01 6.6322540360e-02 3.0756861265e+00 1.2574026245e+01
138 6.0364490101e-01 6.6295088255e-02 3.0705877163e+00 1.2569850046e+01
139 6.0342490348e-01 6.5920389080e-02 3.0923816059e+00 1.2758856049e+01
140 6.0361971599e-01 6.6323813085e-02 3.0644823623e+00 1.2542206033e+01
141 6.0348723392e-01 6.6731024088e-02 3.1420129342e+00 1.3272815565e+01
142 6.0371981045e-01 6.7065196215e-02 3.1153971646e+00 1.3062426763e+01
143 6.0364136853e-01 6.6390887196e-02 3.0739216353e+00 1.2745596051e+01
144 6.0378845270e-01 6.6860430241e-02 3.0348296601e+00 1.2493681329e+01
145 6.0371047285e-01 6.6895894859e-02 3.0319906911e+00 1.2483225820e+01
146 6.0363406257e-01 6.6932309482e-02 3.0298872314e+00 1.2470182986e+01
147 6.0415649384e-01 6.7564407164e-02 2.9818338585e+00 1.2105227493e+01
148 6.0399286338e-01 6.7032948408e-02 2.9381433815e+00 1.1733887152e+01
149 6.0437026952e-01 6.8030281841e-02 2.9340702965e+00 1.1677680756e+01
150 6.0456867192e-01 6.8294381529e-02 2.9149831600e+00 1.1528008368e+01
151 6.0492837568e-01 6.9347490670e-02 2.9316285717e+00 1.1654177313e+01
152 6.0474832854e-01 6.9038949479e-02 2.9515505587e+00 1.1812039943e+01
153 6.0462604485e-01 6.9103068609e-02 2.9471726339e+00 1.1790370809e+01
154 6.0454783258e-01 6.9209461731e-02 2.9424971776e+00 1.1766984203e+01
155 6.0453703867e-01 6.9213061257e-02 2.9424452697e+00 1.1766362400e+01
156 6.0450063715e-01 6.9222414939e-02 2.9427372309e+00 1.1766227042e+01
157 6.0443672794e-01 6.9245289763e-02 2.9421976620e+00 1.1761767443e+01
158 6.0433736467e-01 6.9301634370e-02 2.9376310805e+00 1.1741995559e+01
159 6.0425772633e-01 6.9333479226e-02 2.9362736611e+00 1.1734560902e+01
160 6.0457121209e-01 7.0478146943e-02 2.9692544192e+00 1.2108972458e+01
161 6.0477420896e-01 7.0752582343e-02 2.9520703550e+00 1.1959282994e+01
162 6.0488466603e-01 7.1412297555e-02 2.9798996838e+00 1.2164422592e+01
163 6.0480955503e-01 7.1443543263e-02 2.9784739213e+00 1.2156176404e+01
164 6.0441037642e-01 7.0495440355e-02 2.9757373946e+00 1.2162629726e+01
165 6.0435278575e-01 7.0561022734e-02 2.9756048267e+00 1.2155814521e+01
166 6.0393233450e-01 6.9783987976e-02 2.9789635269e+00 1.2231389610e+01
167 6.0381244783e-01 6.9877454906e-02 2.9753951498e+00 1.2203882182e+01
168 6.0369645084e-01 7.0588962869e-02 2.9973130310e+00 1.2344966564e+01
169 6.0359105833e-01 7.0654904832e-02 2.9914036013e+00 1.2318749081e+01
170 6.0374598272e-01 7.1344267328e-02 3.0280110098e+00 1.2608633680e+01
171 6.0433406362e-01 7.2690839727e-02 2.9995239720e+00 1.2374500591e+01
172 6.0427228338e-01 7.2812681955e-02 2.9956979045e+00 1.2337215830e+01
173 6.0451695699e-01 7.3194881028e-02 2.9717923566e+00 1.2146689117e+01
174 6.0415252214e-01 7.2358055647e-02 2.9611017245e+00 1.2114003114e+01
175 6.0401760045e-01 7.1539150712e-02 2.9164741566e+00 1.1767363251e+01
176 6.0396803131e-01 7.1574064685e-02 2.9134481158e+00 1.1753175046e+01
177 6.0416299125e-01 7.1790822311e-02 2.8938592783e+00 1.1606704594e+01
178 6.0412489671e-01 7.1850577623e-02 2.8861832427e+00 1.1577248938e+01
179 6.0430405489e-01 7.2319822645e-02 2.8565965367e+00 1.1372887396e+01
180 6.0378870469e-01 7.1276642871e-02 2.8353899054e+00 1.1216585504e+01
181 6.0371125474e-01 7.1229795855e-02 2.8319609889e+00 1.1212961127e+01
182 6.0390061196e-01 7.1610332897e-02 2.8124780298e+00 1.1057881384e+01
183 6.0417088054e-01 7.1990356165e-02 2.7912135477e+00 1.0894799127e+01
184 6.0409558134e-01 7.1958761407e-02 2.7868221974e+00 1.0890920746e+01
185 6.0398683495e-01 7.2004535088e-02 2.7778601883e+00 1.0867671984e+01
186 6.0377252135e-01 7.1674836958e-02 2.7956613611e+00 1.1010872930e+01
187 6.0374252770e-01 7.1715197147e-02 2.7908269967e+00 1.0992621911e+01
188 6.0358318238e-01 7.1762934542e-02 2.7906547440e+00 1.0989085775e+01
189 6.0335719617e-01 7.1103674539e-02 2.7512767701e+00 1.0723848320e+01
190 6.0334814521e-01 7.1113327889e-02 2.7503641001e+00 1.0719536700e+01
191 6.0345924305e-01 7.1363636826e-02 2.7291285361e+00 1.0587118234e+01
192 6.0323298311e-01 7.1141739248e-02 2.7489809815e+00 1.0732542515e+01
193 6.0340438764e-01 7.1484866672e-02 2.7250696298e+00 1.0574824785e+01
194 6.0353991126e-01 7.1753004506e-02 2.7044295685e+00 1.0439232016e+01
195 6.0418283978e-01 7.3051518781e-02 2.7036410075e+00 1.0444853786e+01
196 6.0411923087e-01 7.2978510506e-02 2.7040055595e+00 1.0451222581e+01
197 6.0400805298e-01 7.3024646929e-02 2.7026160636e+00 1.0441851869e+01
198 6.0397169626e-01 7.3044278636e-02 2.7014552044e+00 1.0436427717e+01
199 6.0388028788e-01 7.3124016899e-02 2.6938368665e+00 1.0407297515e+01
200 6.0386109292e-01 7.3192629221e-02 2.6913132036e+00 1.0393216412e+01
201 6.0345348850e-01 7.2232113024e-02 2.6698295735e+00 1.0235618754e+01
202 6.0321286061e-01 7.2040643499e-02 2.6841669068e+00 1.0343459491e+01
203 6.0395352349e-01 7.3477230022e-02 2.6539491255e+00 1.0117413189e+01
204 6.0419646685e-01 7.3825175234e-02 2.6344315014e+00 9.9759883250e+00
205 6.0441465432e-01 7.4139771625e-02 2.6157682346e+00 9.8458026974e+00
206 6.0436036504e-01 7.4120690030e-02 2.6145068199e+00 9.8441903097e+00
207 6.0461675761e-01 7.4553094001e-02 2.5948337252e+00 9.6970163846e+00
208 6.0421699265e-01 7.3516616282e-02 2.5514282914e+00 9.3106156402e+00
209 6.0377018931e-01 7.2734824536e-02 2.5826318387e+00 9.5490474460e+00
210 6.0373399094e-01 7.2805686237e-02 2.5806845416e+00 9.5401764812e+00
211 6.0396256024e-01 7.2991241333e-02 2.5590657881e+00 9.4234069582e+00
212 6.0360776060e-01 7.1875130405e-02 2.4851569390e+00 8.8949316098e+00
213 6.0335457568e-01 7.1474787746e-02 2.5005314524e+00 9.0065984844e+00
214 6.0380667786e-01 7.2085725203e-02 2.4715935579e+00 8.8069516764e+00
215 6.0371615313e-01 7.2038222923e-02 2.4697574195e+00 8.8039459261e+00
216 6.0371678679e-01 7.2093581657e-02 2.4685351887e+00 8.7958859033e+00
217 6.0352991128e-01 7.1129200449e-02 2.4187001952e+00 8.3992913191e+00
218 6.0378406742e-01 7.1702071136e-02 2.4213848099e+00 8.4107027254e+00
219 6.0425250742e-01 7.2266950617e-02 2.3932943811e+00 8.2219448306e+00
220 6.0416588349e-01 7.2358538302e-02 2.3811692140e+00 8.1918071865e+00
221 6.0407416527e-01 7.2440785858e-02 2.3745267107e+00 8.1690419012e+00
222 6.0411359511e-01 7.2483659530e-02 2.3733821832e+00 8.1668236711e+00
223 6.0426009832e-01 7.2908641362e-02 2.3617234302e+00 8.0781356379e+00
224 6.0423961393e-01 7.2906269127e-02 2.3631832064e+00 8.0811749489e+00
225 6.0428620628e-01 7.3479894423e-02 2.3858564544e+00 8.2306223650e+00
226 6.0454712184e-01 7.3978048213e-02 2.3838143548e+00 8.1954187475e+00
227 6.0454196820e-01 7.4037256200e-02 2.3825717329e+00 8.1908306591e+00
228 6.0414270317e-01 7.4113852621e-02 2.4497866876e+00 8.7089245571e+00
229 6.0435063541e-01 7.4768210379e-02 2.4816013102e+00 8.9430029878e+00
230 6.0441777625e-01 7.5456800755e-02 2.5193877912e+00 9.2359918987e+00
231 6.0452090149e-01 7.6064705463e-02 2.5403647458e+00 9.3721672646e+00
232 6.0475983467e-01 7.6299387016e-02 2.5251551593e+00 9.2711801023e+00
233 6.0498512760e-01 7.7040007841e-02 2.5383883261e+00 9.4303980097e+00
234 6.0508515751e-01 7.7070294859e-02 2.5347286940e+00 9.4138774222e+00
235 6.0497915121e-01 7.7049569491e-02 2.5319672574e+00 9.3824636557e+00
236 6.0526740942e-01 7.7718384727e-02 2.4992639818e+00 9.1627537722e+00
237 6.0527995076e-01 7.7791086409e-02 2.5005239080e+00 9.1601348537e+00
238 6.0539517131e-01 7.8051208215e-02 2.4887745184e+00 9.0776908855e+00
239 6.0540925787e-01 7.7986515781e-02 2.4856091849e+00 9.0751627603e+00
240 6.0507942283e-01 7.7896997688e-02 2.4945865354e+00 9.1422496206e+00
241 6.0496834867e-01 7.7912946775e-02 2.4952357487e+00 9.1430132398e+00
242 6.0469471361e-01 7.7669006289e-02 2.5186303424e+00 9.3376678718e+00
243 6.0475199045e-01 7.7963269081e-02 2.4842162889e+00 9.1192525926e+00
244 6.0486966360e-01 7.8638132372e-02 2.5449917188e+00 9.6568288196e+00
245 6.0474930831e-01 7.8677528497e-02 2.5449972547e+00 9.6536372549e+00
246 6.0482990451e-01 7.9312684416e-02 2.5732548721e+00 9.8444778646e+00
247 6.0457689703e-01 7.8697324327e-02 2.5437553372e+00 9.6488991754e+00
248 6.0458829367e-01 7.8574220537e-02 2.5425877662e+00 9.6495788640e+00
249 6.0458381415e-01 7.8509519904e-02 2.5391115294e+00 9.6132316937e+00
250 6.0428085038e-01 7.8273771686e-02 2.5550980056e+00 9.7200644330e+00
251 6.0421837278e-01 7.8434224324e-02 2.5626064405e+00 9.8011026201e+00
252 6.0454983157e-01 7.9413164323e-02 2.5646641235e+00 9.7522202616e+00
253 6.0495435297e-01 8.0266817071e-02 2.5581358573e+00 9.6694574144e+00
254 6.0475077759e-01 7.9514005301e-02 2.5040589518e+00 9.2014907822e+00
255 6.0446281639e-01 7.8951244987e-02 2.4801510327e+00 9.0297931622e+00
256 6.0448635688e-01 7.8790137998e-02 2.4381926041e+00 8.7563687025e+00
257 6.0465766563e-01 7.9117373584e-02 2.4215381381e+00 8.6480121647e+00
258 6.0515707627e-01 8.0384217944e-02 2.4172049944e+00 8.6211062760e+00
259 6.0478485989e-01 7.9445209626e-02 2.4073901541e+00 8.5556712840e+00
260 6.0469175985e-01 7.9440764505e-02 2.4017920259e+00 8.5374105958e+00
261 6.0455841475e-01 7.8990279962e-02 2.3887503432e+00 8.4691203212e+00
262 6.0461391889e-01 7.9065030951e-02 2.3851499718e+00 8.4509181827e+00
263 6.0465358770e-01 7.9088141625e-02 2.3806222999e+00 8.4375948277e+00
264 6.0430490354e-01 7.8409827457e-02 2.3764139590e+00 8.4187261849e+00
265 6.0428497872e-01 7.8450661136e-02 2.3722122100e+00 8.4113248270e+00
266 6.0450400782e-01 7.8697306681e-02 2.3573383111e+00 8.3202615329e+00
267 6.0468538239e-01 7.9291551532e-02 2.3831025866e+00 8.4873726176e+00
268 6.0459579205e-01 7.9308593269e-02 2.3816628751e+00 8.4756111004e+00
269 6.0431223898e-01 7.8968744503e-02 2.3945615953e+00 8.5685573524e+00
270 6.0432372869e-01 7.8957862688e-02 2.3948781566e+00 8.5689522820e+00
271 6.0396791535e-01 7.8711865108e-02 2.4076763710e+00 8.6615730920e+00
272 6.0384297481e-01 7.8664875574e-02 2.4027318102e+00 8.6125867846e+00
273 6.0356517102e-01 7.8441372545e-02 2.4231159183e+00 8.7648445304e+00
274 6.0393330685e-01 7.9295153030e-02 2.4380642435e+00 8.8900036368e+00
275 6.0385585797e-01 7.9277970422e-02 2.4352609351e+00 8.8879604293e+00
276 6.0321745071e-01 7.7898575420e-02 2.3899319425e+00 8.6076510760e+00
277 6.0336259595e-01 7.8163778804e-02 2.3753605650e+00 8.5143816146e+00
278 6.0295086163e-01 7.7357070703e-02 2.3499348304e+00 8.3333472864e+00
279 6.0302935513e-01 7.7429476707e-02 2.3361607866e+00 8.2637446009e+00
280 6.0344939224e-01 7.8060176091e-02 2.3046504162e+00 8.0704771106e+00
281 6.0383050172e-01 7.9187325755e-02 2.3297629421e+00 8.3258255562e+00
282 6.0369079601e-01 7.8607313294e-02 2.3013163534e+00 8.1372109389e+00
283 6.0363484548e-01 7.8624904353e-02 2.3014844217e+00 8.1366128241e+00
284 6.0360187525e-01 7.8663215796e-02 2.2986186583e+00 8.1253131991e+00
285 6.0341835749e-01 7.8082665264e-02 2.2771581660e+00 8.0007333711e+00
286 6.0334126348e-01 7.8104195050e-02 2.2778115669e+00 8.0011583218e+00
287 6.0344136075e-01 7.8592419879e-02 2.3029057624e+00 8.1782944184e+00
288 6.0343953023e-01 7.8693791976e-02 2.3032949939e+00 8.1777525463e+00
289 6.0360060000e-01 7.8948005132e-02 2.2893086543e+00 8.0901544233e+00
290 6.0384832271e-01 7.9222441704e-02 2.2747466016e+00 7.9989538183e+00
291 6.0409876953e-01 7.9529803619e-02 2.2624602323e+00 7.9128130153e+00
292 6.0404831300e-01 7.9521269464e-02 2.2613616793e+00 7.9102596129e+00
293 6.0427158149e-01 7.9752285339e-02 2.2478767307e+00 7.8288617818e+00
294 6.0424311151e-01 7.9778847723e-02 2.2450332051e+00 7.8200238581e+00
295 6.0424407664e-01 7.9764888992e-02 2.2450971064e+00 7.8214674229e+00
296 6.0448440697e-01 8.0785692929e-02 2.2783154275e+00 8.0085315915e+00
297 6.0446522244e-01 8.0841431195e-02 2.2770543964e+00 7.9983016041e+00
298 6.0438570023e-01 8.0721738108e-02 2.2818686763e+00 8.0106795132e+00
299 6.0438052862e-01 8.0709074179e-02 2.2823782146e+00 8.0138213391e+00
300 6.0433966936e-01 8.0653471217e-02 2.2825510542e+00 8.0210636322e+00
301 6.0425113711e-01 8.0686390050e-02 2.2797922648e+00 8.0150142181e+00
302 6.0421792342e-01 8.0734104043e-02 2.2763291323e+00 8.0009784914e+00
303 6.0453069789e-01 8.1498020623e-02 2.2893036454e+00 8.0907774217e+00
304 6.0381848426e-01 8.0123612500e-02 2.3018895121e+00 8.2895634223e+00
305 6.0377093916e-01 8.0142893889e-02 2.3013658757e+00 8.2952473284e+00
306 6.0349013892e-01 8.0289134212e-02 2.3001851992e+00 8.2845366187e+00
307 6.0342830742e-01 8.0341937314e-02 2.2990953287e+00 8.2729977427e+00
308 6.0314585039e-01 8.0132389080e-02 2.3116733895e+00 8.3560242651e+00
309 6.0304685643e-01 8.0068873615e-02 2.3073441246e+00 8.3503419492e+00
310 6.0292994330e-01 8.0141000426e-02 2.3035313371e+00 8.3358733712e+00
311 6.0289873063e-01 8.0111380700e-02 2.3019761799e+00 8.3312828351e+00
312 6.0282584848e-01 8.0366218718e-02 2.3125832405e+00 8.4558818148e+00
313 6.0261497248e-01 8.0054780579e-02 2.3254530024e+00 8.5497971229e+00
314 6.0253803939e-01 7.9825100682e-02 2.2633677870e+00 8.1066187730e+00
315 6.0253476865e-01 7.9758315305e-02 2.2640375939e+00 8.1180562168e+00
316 6.0273765726e-01 7.9907013208e-02 2.2427339314e+00 7.9926441883e+00
317 6.0267878166e-01 7.9932974575e-02 2.2418468210e+00 7.9903667016e+00
318 6.0280360924e-01 8.0607626620e-02 2.2753984640e+00 8.2448585710e+00
319 6.0288775613e-01 8.1256577891e-02 2.3073306384e+00 8.4769767997e+00
320 6.0289909855e-01 8.1258333052e-02 2.3067747587e+00 8.4749270703e+00
321 6.0297659412e-01 8.1764782308e-02 2.3244730168e+00 8.5535579447e+00
322 6.0295358112e-01 8.1758364980e-02 2.3263762966e+00 8.5567584065e+00
323 6.0314695307e-01 8.1989431343e-02 2.3108799937e+00 8.4669996400e+00
324 6.0321352429e-01 8.1976098104e-02 2.3062106780e+00 8.4567213130e+00
325 6.0322339544e-01 8.2022719051e-02 2.3017671985e+00 8.4373191601e+00
326 6.0319908667e-01 8.2042971613e-02 2.3004208757e+00 8.4321983873e+00
327 6.0342735293e-01 8.2197961048e-02 2.2880999661e+00 8.3605506125e+00
328 6.0349724012e-01 8.2869040010e-02 2.3265619346e+00 8.6379327412e+00
329 6.0359284319e-01 8.3449194915e-02 2.3453868725e+00 8.7309367570e+00
330 6.0358278685e-01 8.3476221404e-02 2.3447111849e+00 8.7258640831e+00
331 6.0320956113e-01 8.2551035945e-02 2.3277721016e+00 8.6254854338e+00
332 6.0322430962e-01 8.2595399411e-02 2.3264448816e+00 8.6164478307e+00
333 6.0262685103e-01 8.0729652782e-02 2.2469573330e+00 8.0394395827e+00
334 6.0243308086e-01 8.0462198971e-02 2.2588902742e+00 8.1218746329e+00
335 6.0256432289e-01 8.0820721459e-02 2.2681932646e+00 8.1619043346e+00
336 6.0276581871e-01 8.1015491915e-02 2.2545277346e+00 8.0901741257e+00
337 6.0276244405e-01 8.0958204139e-02 2.2474066030e+00 8.0422293917e+00
338 6.0294809238e-01 8.1269415768e-02 2.2304071098e+00 7.9467097961e+00
339 6.0315716440e-01 8.1686554893e-02 2.2381105457e+00 7.9790570895e+00
340 6.0317936459e-01 8.1662124085e-02 2.2401769912e+00 7.9850361465e+00
341 6.0284931344e-01 8.1403205814e-02 2.2538636633e+00 8.0733797033e+00
342 6.0283256390e-01 8.1567125868e-02 2.2608906714e+00 8.1259574251e+00
343 6.0283292517e-01 8.1560893721e-02 2.2604605083e+00 8.1257851985e+00
344 6.0307175631e-01 8.2640474757e-02 2.2949228832e+00 8.3111795373e+00
345 6.0331428733e-01 8.3566151371e-02 2.3030534252e+00 8.3235687088e+00
346 6.0348568292e-01 8.4030591738e-02 2.2878635478e+00 8.2225294345e+00
347 6.0374699902e-01 8.4297319901e-02 2.2742251227e+00 8.1351005749e+00
348 6.0356812578e-01 8.3918155383e-02 2.2696666935e+00 8.1227329337e+00
349 6.0353819991e-01 8.3949783767e-02 2.2672109947e+00 8.1148638751e+00
350 6.0384550384e-01 8.3935346242e-02 2.2078269619e+00 7.7153582971e+00
351 6.0405518824e-01 8.4198080685e-02 2.1904047597e+00 7.5983450320e+00
352 6.0425446751e-01 8.4535163550e-02 2.1936030840e+00 7.5930420672e+00
353 6.0410657502e-01 8.4552463157e-02 2.2290359168e+00 7.8393430390e+00
354 6.0385064131e-01 8.4660074787e-02 2.2269154587e+00 7.8295489169e+00
355 6.0407212970e-01 8.4858102330e-02 2.2132185261e+00 7.7549041018e+00
356 6.0418093064e-01 8.5134279985e-02 2.1974667881e+00 7.6703854194e+00
357 6.0414160062e-01 8.5024241064e-02 2.1966539336e+00 7.6797447241e+00
358 6.0414153550e-01 8.5023621148e-02 2.1967103448e+00 7.6799731586e+00
359 6.0361737630e-01 8.3715703089e-02 2.1647074319e+00 7.5050596210e+00
360 6.0320110982e-01 8.2864801443e-02 2.1484506139e+00 7.4491340774e+00
361 6.0317221567e-01 8.2881164477e-02 2.1479626239e+00 7.4461853900e+00
362 6.0313661939e-01 8.2815759534e-02 2.1471024130e+00 7.4494496544e+00
363 6.0310175599e-01 8.2939711755e-02 2.1453348862e+00 7.4296563333e+00
364 6.0299423399e-01 8.2486562027e-02 2.1311867481e+00 7.3716979678e+00
365 6.0295821177e-01 8.2607605060e-02 2.1279987540e+00 7.3532512831e+00
