1 5.9282947138e-01 1.1102230246e-16 1.0000000000e+00 1.0000000000e+00
2 5.9267147645e-01 2.8796977690e-03 -1.1822844247e+01 1.8038925779e+02
3 5.9298318781e-01 8.0750964969e-03 2.3431125195e+01 6.9343463224e+02
4 5.9287274282e-01 8.2612722666e-03 2.1818868144e+01 6.3447385124e+02
5 5.9278807762e-01 8.5252390306e-03 1.9661849428e+01 5.6144050724e+02
6 5.9277127519e-01 8.6725368396e-03 1.8517105103e+01 5.2536477038e+02
7 5.9269102891e-01 8.7492475615e-03 1.8012487111e+01 5.0795187720e+02
8 5.9288910002e-01 1.1535951702e-02 1.6049513162e+01 3.3358542690e+02
9 5.9286653149e-01 1.1757158297e-02 1.5126444458e+01 3.0971087111e+02
10 5.9305846655e-01 1.3941476321e-02 1.3676313738e+01 2.3376280928e+02
11 5.9307222911e-01 1.3967693930e-02 1.3594910717e+01 2.3196376150e+02
12 5.9309813285e-01 1.4028386686e-02 1.3412845048e+01 2.2789631448e+02
13 5.9295230987e-01 1.4303985945e-02 1.2564358416e+01 2.1174737726e+02
14 5.9283418157e-01 1.4504486904e-02 1.2021479431e+01 2.0084389874e+02
15 5.9301537610e-01 1.6294052928e-02 1.1362592802e+01 1.6734861959e+02
16 5.9291669821e-01 1.6472137084e-02 1.0964760309e+01 1.6064987916e+02
17 5.9285918646e-01 1.6517138947e-02 1.0881692763e+01 1.5906339069e+02
18 5.9277354635e-01 1.6639171263e-02 1.0627648055e+01 1.5474955281e+02
19 5.9297803604e-01 1.8213623304e-02 1.0159428629e+01 1.3409647050e+02
20 5.9296236618e-01 1.8391319098e-02 9.8421949026e+00 1.2912313042e+02
21 5.9288858348e-01 1.8499516659e-02 9.6524878408e+00 1.2638773876e+02
22 5.9273652564e-01 1.8264475582e-02 9.3817999842e+00 1.2293572035e+02
23 5.9259297892e-01 1.8445161857e-02 9.0886322234e+00 1.1859393264e+02
24 5.9251461700e-01 1.8604365040e-02 8.8361519485e+00 1.1483202682e+02
25 5.9259248913e-01 2.0152451317e-02 8.4659821469e+00 1.0126180410e+02
26 5.9260394671e-01 2.0166432672e-02 8.4480727865e+00 1.0096382338e+02
27 5.9284225180e-01 2.1596751659e-02 8.0983363243e+00 9.0015801649e+01
28 5.9274534404e-01 2.1690465630e-02 7.9944181588e+00 8.8638688559e+01
29 5.9270623228e-01 2.1720105160e-02 7.9645391183e+00 8.8216074393e+01
30 5.9268282335e-01 2.1767442586e-02 7.9137944959e+00 8.7491263422e+01
31 5.9265559064e-01 2.1790132417e-02 7.8918549944e+00 8.7168657863e+01
32 5.9273920021e-01 2.3170013407e-02 7.5416009216e+00 7.8384798415e+01
33 5.9298166683e-01 2.4444630995e-02 7.2659057621e+00 7.1289153628e+01
34 5.9342833702e-01 2.6743267569e-02 6.9241328457e+00 6.2121724912e+01
35 5.9362920696e-01 2.7749348145e-02 6.7619531866e+00 5.8306896329e+01
36 5.9363852354e-01 2.7791428490e-02 6.7307091426e+00 5.7947724079e+01
37 5.9384606012e-01 2.8766695253e-02 6.5724491068e+00 5.4527665791e+01
38 5.9429110921e-01 3.0557961884e-02 6.2868273432e+00 4.8826331821e+01
39 5.9452996861e-01 3.1488119002e-02 6.1177700780e+00 4.6047951005e+01
40 5.9467972246e-01 3.2295641758e-02 5.9630479152e+00 4.3615997608e+01
41 5.9463904222e-01 3.2294547556e-02 5.9686936001e+00 4.3649005531e+01
42 5.9489958289e-01 3.3231019770e-02 5.8492738659e+00 4.1637317433e+01
43 5.9514612648e-01 3.4065818805e-02 5.7373893190e+00 3.9814243010e+01
44 5.9499672017e-01 3.4318841529e-02 5.6620882912e+00 3.9273534408e+01
45 5.9493645153e-01 3.4355940907e-02 5.6473024682e+00 3.9145504429e+01
46 5.9509523459e-01 3.5180207413e-02 5.5245010716e+00 3.7361182462e+01
47 5.9494119703e-01 3.5282974363e-02 5.4850391410e+00 3.7030585013e+01
48 5.9481988405e-01 3.5387430925e-02 5.4400331647e+00 3.6679666642e+01
49 5.9471740419e-01 3.5457794827e-02 5.4138383472e+00 3.6458262665e+01
50 5.9472232622e-01 3.5502119125e-02 5.3918485178e+00 3.6276055580e+01
51 5.9494624192e-01 3.6097230982e-02 5.2880901109e+00 3.4824424334e+01
52 5.9539280878e-01 3.7682622886e-02 5.1100271773e+00 3.2236826720e+01
53 5.9504847401e-01 3.7017587565e-02 5.1752145471e+00 3.3311542181e+01
54 5.9502091956e-01 3.7066712771e-02 5.1542718098e+00 3.3154470062e+01
55 5.9499444957e-01 3.7127751246e-02 5.1316437453e+00 3.2953671618e+01
56 5.9543321280e-01 3.8572462247e-02 4.9687483796e+00 3.0624493288e+01
57 5.9540321739e-01 3.8581282490e-02 4.9671319972e+00 3.0612380276e+01
58 5.9555371633e-01 3.9842101250e-02 5.1934723697e+00 3.4283324286e+01
59 5.9577448222e-01 4.0506328863e-02 5.1092340268e+00 3.3020311008e+01
60 5.9560374191e-01 4.0417845862e-02 5.0855108616e+00 3.2896145853e+01
61 5.9551590729e-01 4.0454449384e-02 5.0769624483e+00 3.2822206107e+01
62 5.9544058515e-01 4.0500749196e-02 5.0616825159e+00 3.2715510184e+01
63 5.9512503848e-01 4.0032292358e-02 5.1351369080e+00 3.3773400070e+01
64 5.9503601647e-01 4.0070395363e-02 5.1257943193e+00 3.3691737971e+01
65 5.9504882421e-01 4.0068351300e-02 5.1263746186e+00 3.3690785709e+01
66 5.9495072574e-01 4.0111148599e-02 5.1162849873e+00 3.3598792598e+01
67 5.9507995795e-01 4.0671013067e-02 5.0206676955e+00 3.2349202887e+01
68 5.9529994050e-01 4.1359058779e-02 4.9305395161e+00 3.1114861473e+01
69 5.9542609316e-01 4.2161483133e-02 4.8364433152e+00 2.9897397794e+01
70 5.9532415060e-01 4.2256223103e-02 4.8001698887e+00 2.9697379713e+01
71 5.9561988804e-01 4.3908844571e-02 4.8727117800e+00 3.0852405527e+01
72 5.9566271966e-01 4.5007227275e-02 5.0025526737e+00 3.2491408402e+01
73 5.9569736032e-01 4.4987036031e-02 5.0080623385e+00 3.2533133112e+01
74 5.9554430628e-01 4.5029662323e-02 5.0022830075e+00 3.2479014429e+01
75 5.9542822284e-01 4.4914362852e-02 4.9973113413e+00 3.2535632288e+01
76 5.9566575641e-01 4.5441390228e-02 4.9199734473e+00 3.1478410495e+01
77 5.9553159688e-01 4.5555616702e-02 4.9066999655e+00 3.1326535826e+01
78 5.9544642009e-01 4.5604821152e-02 4.8935124445e+00 3.1232184591e+01
79 5.9543439560e-01 4.5623412808e-02 4.8876833998e+00 3.1186924812e+01
80 5.9544756509e-01 4.5625691980e-02 4.8861077342e+00 3.1175063172e+01
81 5.9571401581e-01 4.6074669734e-02 4.8186022440e+00 3.0272564615e+01
82 5.9582228224e-01 4.7159787438e-02 4.9417376932e+00 3.1810635538e+01
83 5.9585288679e-01 4.7173415474e-02 4.9353389515e+00 3.1761398019e+01
84 5.9577400959e-01 4.6168501617e-02 4.8237060638e+00 3.0542659945e+01
85 5.9572077655e-01 4.6134576928e-02 4.8166808438e+00 3.0523200194e+01
86 5.9574232362e-01 4.6303798941e-02 4.8197302297e+00 3.0496231713e+01
87 5.9588102298e-01 4.6947366426e-02 4.7268782942e+00 2.9390894484e+01
88 5.9593051428e-01 4.7009398820e-02 4.7234255312e+00 2.9331883335e+01
89 5.9616873494e-01 4.7640922214e-02 4.6569541116e+00 2.8406049822e+01
90 5.9620910523e-01 4.8714308563e-02 4.7646301040e+00 2.9707647619e+01
91 5.9622958078e-01 4.8713054513e-02 4.7643873873e+00 2.9701711869e+01
92 5.9611421288e-01 4.8785168332e-02 4.7470229453e+00 2.9575472028e+01
93 5.9632716235e-01 4.9367415384e-02 4.6505340403e+00 2.8503563192e+01
94 5.9624473479e-01 4.9345161584e-02 4.6475493665e+00 2.8511041116e+01
95 5.9603917438e-01 4.8353755834e-02 4.5297220529e+00 2.7151331964e+01
96 5.9624004458e-01 4.8924702328e-02 4.4634040974e+00 2.6321504529e+01
97 5.9635204572e-01 4.9514005361e-02 4.3968081305e+00 2.5514027063e+01
98 5.9657346849e-01 5.0149789916e-02 4.3294981227e+00 2.4710647391e+01
99 5.9673973674e-01 5.0739994030e-02 4.2779255525e+00 2.4039531933e+01
100 5.9671997030e-01 5.0772201814e-02 4.2686567615e+00 2.3989002325e+01
101 5.9673424147e-01 5.0780025875e-02 4.2654600996e+00 2.3970074143e+01
102 5.9670892875e-01 5.0817410556e-02 4.2568370836e+00 2.3908778034e+01
103 5.9667627282e-01 5.0836417667e-02 4.2528999276e+00 2.3885382444e+01
104 5.9667975786e-01 5.0841233259e-02 4.2514600916e+00 2.3875285259e+01
105 5.9655376270e-01 5.0909760589e-02 4.2392730635e+00 2.3791240534e+01
106 5.9656018654e-01 5.0995476096e-02 4.2304335971e+00 2.3711043505e+01
107 5.9644697021e-01 5.1091496228e-02 4.2167449626e+00 2.3613505653e+01
108 5.9642204258e-01 5.1151479324e-02 4.2152402156e+00 2.3576382439e+01
109 5.9670066297e-01 5.1364248700e-02 4.0232675860e+00 2.1365842657e+01
110 5.9676735824e-01 5.2055273924e-02 3.9547834716e+00 2.0709776365e+01
111 5.9688900182e-01 5.2862209475e-02 4.0100345012e+00 2.1197868751e+01
112 5.9690098978e-01 5.2938380343e-02 4.0094880339e+00 2.1178615788e+01
113 5.9705531131e-01 5.3513197537e-02 3.9636260197e+00 2.0651906618e+01
114 5.9700463989e-01 5.3547571198e-02 3.9567619279e+00 2.0616085169e+01
115 5.9687823730e-01 5.3513622780e-02 3.9429312099e+00 2.0576483896e+01
116 5.9691113120e-01 5.3585861086e-02 3.9404013424e+00 2.0552115726e+01
117 5.9746116069e-01 5.5571846174e-02 3.9202684613e+00 2.0279899102e+01
118 5.9747462196e-01 5.5260089228e-02 3.8033096360e+00 1.9102328636e+01
119 5.9763977288e-01 5.5818657506e-02 3.7607696330e+00 1.8653473744e+01
120 5.9760984676e-01 5.5848370879e-02 3.7563602437e+00 1.8622164798e+01
121 5.9790988871e-01 5.7137033043e-02 3.7769080639e+00 1.8845070786e+01
122 5.9784261003e-01 5.7149384936e-02 3.7773230022e+00 1.8846661252e+01
123 5.9800150098e-01 5.7425214109e-02 3.7414634008e+00 1.8530708208e+01
124 5.9792061124e-01 5.7448690008e-02 3.7404869468e+00 1.8521922848e+01
125 5.9788517214e-01 5.7420483481e-02 3.7360716756e+00 1.8507631704e+01
126 5.9788323787e-01 5.7421593303e-02 3.7359496504e+00 1.8506723095e+01
127 5.9814913717e-01 5.7927765881e-02 3.6890941239e+00 1.8062863571e+01
128 5.9880225249e-01 5.9103590718e-02 3.5789446402e+00 1.7018849912e+01
129 5.9850384540e-01 5.8634687574e-02 3.6105903062e+00 1.7353964442e+01
130 5.9875372103e-01 5.9113234290e-02 3.5783040168e+00 1.7009598251e+01
131 5.9867509979e-01 5.9180830271e-02 3.5699101486e+00 1.6953604015e+01
132 5.9858116794e-01 5.9070689810e-02 3.5735611183e+00 1.6996772093e+01
133 5.9869799277e-01 5.9856989624e-02 3.6296539132e+00 1.7510211801e+01
134 5.9886318322e-01 6.0286601831e-02 3.5883303682e+00 1.7139615166e+01
135 5.9874336906e-01 5.9474606319e-02 3.5295207149e+00 1.6630142811e+01
136 5.9860163654e-01 5.9546190981e-02 3.5217453075e+00 1.6585796685e+01
137 5.9858959119e-01 5.9513660540e-02 3.5213386423e+00 1.6587112019e+01
138 5.9858278687e-01 5.9534320032e-02 3.5179722214e+00 1.6566076254e+01
139 5.9878255895e-01 5.9743724115e-02 3.4840613404e+00 1.6300935414e+01
140 5.9916062979e-01 6.0793396843e-02 3.4914427327e+00 1.6354072239e+01
141 5.9907450862e-01 6.0848215008e-02 3.4847777453e+00 1.6316207032e+01
142 5.9902558804e-01 6.0916430197e-02 3.4740567956e+00 1.6255807689e+01
143 5.9916685484e-01 6.1700966411e-02 3.5195886648e+00 1.6662620328e+01
144 5.9899608193e-01 6.1976316833e-02 3.5382941429e+00 1.6915321740e+01
145 5.9895792422e-01 6.2090574676e-02 3.5391361908e+00 1.6959261757e+01
146 5.9897257034e-01 6.2092499771e-02 3.5380134706e+00 1.6953838530e+01
147 5.9897724802e-01 6.2092055887e-02 3.5379175012e+00 1.6953236530e+01
148 5.9903363345e-01 6.2490828957e-02 3.4952213372e+00 1.6604893738e+01
149 5.9892925143e-01 6.2495135311e-02 3.4886917317e+00 1.6583797345e+01
150 5.9911883371e-01 6.2981708144e-02 3.4557894336e+00 1.6253738821e+01
151 5.9902290003e-01 6.3011916799e-02 3.4549541257e+00 1.6243942006e+01
152 5.9903721580e-01 6.3064059788e-02 3.4449367536e+00 1.6188646442e+01
153 5.9919564169e-01 6.3730545400e-02 3.4863246853e+00 1.6533297269e+01
154 5.9944909725e-01 6.4107673165e-02 3.4495913348e+00 1.6217942723e+01
155 5.9938124182e-01 6.4118499661e-02 3.4509838060e+00 1.6221433605e+01
156 5.9938043878e-01 6.4129413323e-02 3.4493058668e+00 1.6210581725e+01
157 5.9925470074e-01 6.4214690607e-02 3.4382173250e+00 1.6155660343e+01
158 5.9894427750e-01 6.3865090253e-02 3.4633689296e+00 1.6424585114e+01
159 5.9905291934e-01 6.4623872982e-02 3.4968614626e+00 1.6683981494e+01
160 5.9846048728e-01 6.2634970738e-02 3.4325648752e+00 1.6206028333e+01
161 5.9821865996e-01 6.1954991089e-02 3.3862805143e+00 1.5907876158e+01
162 5.9814149983e-01 6.2025276361e-02 3.3852305890e+00 1.5890303223e+01
163 5.9828944703e-01 6.2715043996e-02 3.4097712094e+00 1.6047198249e+01
164 5.9871069309e-01 6.3672628752e-02 3.3469735124e+00 1.5439669354e+01
165 5.9864594662e-01 6.3722142474e-02 3.3401310299e+00 1.5408178335e+01
166 5.9857585812e-01 6.3808890793e-02 3.3370378519e+00 1.5379226371e+01
167 5.9859821774e-01 6.3816090380e-02 3.3349219247e+00 1.5367644621e+01
168 5.9907697329e-01 6.4934165385e-02 3.2846627985e+00 1.4836359167e+01
169 5.9901137946e-01 6.4970821240e-02 3.2827496979e+00 1.4823086566e+01
170 5.9902852201e-01 6.4958711365e-02 3.2128499646e+00 1.4257041628e+01
171 5.9897120249e-01 6.5183285404e-02 3.2754483776e+00 1.4768874417e+01
172 5.9887291632e-01 6.5234859497e-02 3.2707298316e+00 1.4743260676e+01
173 5.9871581700e-01 6.4580259640e-02 3.2094413671e+00 1.4240486626e+01
174 5.9859358796e-01 6.4597874317e-02 3.1986004520e+00 1.4201089603e+01
175 5.9854590797e-01 6.4640159712e-02 3.1931405931e+00 1.4174872202e+01
176 5.9853407490e-01 6.4654215187e-02 3.1913722767e+00 1.4165158976e+01
177 5.9820738856e-01 6.4088020889e-02 3.1557755133e+00 1.3940204941e+01
178 5.9829616937e-01 6.4110962307e-02 3.1501174038e+00 1.3909905235e+01
179 5.9861797177e-01 6.4914273970e-02 3.0945366441e+00 1.3435189157e+01
180 5.9835012436e-01 6.4485788893e-02 3.1164067540e+00 1.3657974928e+01
181 5.9827675645e-01 6.4471552057e-02 3.1149359414e+00 1.3660039967e+01
182 5.9841702275e-01 6.5052832916e-02 3.0911432361e+00 1.3423744016e+01
183 5.9856021089e-01 6.5322543213e-02 3.0527025461e+00 1.3059725102e+01
184 5.9861439065e-01 6.5840349200e-02 3.0162935840e+00 1.2789694900e+01
185 5.9852917868e-01 6.5908746885e-02 3.0111410420e+00 1.2764720351e+01
186 5.9885864123e-01 6.6765353913e-02 2.9668202119e+00 1.2364102665e+01
187 5.9884371131e-01 6.6793151665e-02 2.9621861189e+00 1.2349195647e+01
188 5.9843968211e-01 6.5710889127e-02 2.9265880285e+00 1.2075492659e+01
189 5.9839626206e-01 6.5596310785e-02 2.9152560413e+00 1.2028378806e+01
190 5.9867437476e-01 6.6747327504e-02 2.9507933732e+00 1.2428183840e+01
191 5.9868364954e-01 6.6717506637e-02 2.9487066356e+00 1.2426103812e+01
192 5.9915338796e-01 6.7756512752e-02 2.9784942325e+00 1.2695274252e+01
193 5.9934823857e-01 6.7979601314e-02 2.9623924930e+00 1.2566808018e+01
194 5.9948525217e-01 6.8710021992e-02 3.0015711489e+00 1.2856486146e+01
195 5.9996753187e-01 6.9350821937e-02 2.9567764621e+00 1.2485827384e+01
196 5.9986715202e-01 6.9437140350e-02 2.9480569736e+00 1.2444314587e+01
197 5.9952119017e-01 6.8364858718e-02 2.9293436694e+00 1.2340447187e+01
198 5.9941030438e-01 6.8468131556e-02 2.9317081702e+00 1.2337058246e+01
199 5.9936007897e-01 6.8500626575e-02 2.9289393175e+00 1.2323066522e+01
200 5.9938466428e-01 6.8888055408e-02 2.9042458391e+00 1.2131667841e+01
201 5.9900644600e-01 6.7958578876e-02 2.8693105205e+00 1.1832924745e+01
202 5.9893056297e-01 6.8020299604e-02 2.8629192643e+00 1.1805477953e+01
203 5.9876445424e-01 6.8120711641e-02 2.8546964202e+00 1.1767048109e+01
204 5.9903972995e-01 6.8444216366e-02 2.8324362507e+00 1.1598434379e+01
205 5.9932328645e-01 6.8739239146e-02 2.8082162128e+00 1.1424745662e+01
206 5.9925929855e-01 6.8759456192e-02 2.8056055682e+00 1.1412795251e+01
207 5.9928496735e-01 6.9422588425e-02 2.8242123056e+00 1.1557559376e+01
208 5.9925195075e-01 6.9437721552e-02 2.8236934513e+00 1.1552984278e+01
209 5.9924069912e-01 6.9443562125e-02 2.8233189963e+00 1.1551072266e+01
210 5.9876967716e-01 6.8459546798e-02 2.7951308059e+00 1.1366080900e+01
211 5.9874536147e-01 6.8464232215e-02 2.7989332473e+00 1.1385311184e+01
212 5.9924516892e-01 6.9304208683e-02 2.7655096995e+00 1.1097510725e+01
213 5.9919306321e-01 6.9333414195e-02 2.7633510538e+00 1.1088115505e+01
214 5.9916272091e-01 6.9348974873e-02 2.7624089776e+00 1.1083348112e+01
215 5.9925766118e-01 7.0207275702e-02 2.8141395187e+00 1.1548504015e+01
216 5.9927587617e-01 7.0208287641e-02 2.8134014449e+00 1.1544839834e+01
217 5.9919695055e-01 7.0216157138e-02 2.8095416802e+00 1.1530924377e+01
218 5.9901917328e-01 6.9516838013e-02 2.7508985450e+00 1.1040919571e+01
219 5.9954315539e-01 7.0813238556e-02 2.7398227169e+00 1.0927216101e+01
220 5.9968259716e-01 7.1091684036e-02 2.7179719118e+00 1.0781804718e+01
221 5.9923650000e-01 7.0274588215e-02 2.7024560022e+00 1.0721343569e+01
222 5.9920955889e-01 7.0391271912e-02 2.6964140058e+00 1.0688695508e+01
223 5.9923679428e-01 7.0411588821e-02 2.6994591689e+00 1.0691743837e+01
224 5.9918809081e-01 7.0440998710e-02 2.6974540102e+00 1.0681985839e+01
225 5.9911216427e-01 7.0406473916e-02 2.6959034889e+00 1.0686921604e+01
226 5.9898145299e-01 7.0299015956e-02 2.6938574970e+00 1.0683177737e+01
227 5.9896477995e-01 7.0322082273e-02 2.6908408891e+00 1.0668244166e+01
228 5.9907668233e-01 7.0816338492e-02 2.6683477784e+00 1.0497393812e+01
229 5.9876796951e-01 7.0001602820e-02 2.6555827962e+00 1.0433368900e+01
230 5.9851004049e-01 6.9805020433e-02 2.6723837225e+00 1.0548405437e+01
231 5.9838036028e-01 6.9785936385e-02 2.6669266169e+00 1.0529663400e+01
232 5.9848925424e-01 7.0514642374e-02 2.7119326158e+00 1.0891010411e+01
233 5.9847486889e-01 7.0514389406e-02 2.7125092282e+00 1.0893322451e+01
234 5.9861743019e-01 7.1419238699e-02 2.7744381220e+00 1.1376026878e+01
235 5.9878062972e-01 7.1878961394e-02 2.7532440095e+00 1.1197105038e+01
236 5.9895175454e-01 7.2245389726e-02 2.7337021411e+00 1.1038517527e+01
237 5.9905858236e-01 7.2900719912e-02 2.7602435089e+00 1.1196162994e+01
238 5.9907470116e-01 7.2979515410e-02 2.7613043262e+00 1.1193061760e+01
239 5.9906877688e-01 7.2891570985e-02 2.7606084209e+00 1.1207018081e+01
240 5.9924484001e-01 7.3197320029e-02 2.7431348453e+00 1.1063998685e+01
241 5.9953016171e-01 7.4309803006e-02 2.7535001103e+00 1.1108910931e+01
242 5.9974528464e-01 7.4871795659e-02 2.7653692926e+00 1.1170648173e+01
243 5.9971198196e-01 7.4870172067e-02 2.7620779804e+00 1.1161602581e+01
244 5.9941220271e-01 7.4263918179e-02 2.7311909787e+00 1.0963058698e+01
245 5.9964883629e-01 7.4945461427e-02 2.7602018678e+00 1.1190832581e+01
246 5.9963551784e-01 7.4947354679e-02 2.7604139382e+00 1.1191586804e+01
247 5.9965247187e-01 7.4953494667e-02 2.7611503985e+00 1.1191520859e+01
248 5.9924186510e-01 7.4048256329e-02 2.7646208860e+00 1.1235586024e+01
249 5.9896338612e-01 7.3631464804e-02 2.7862415945e+00 1.1415557135e+01
250 5.9921223786e-01 7.4645032030e-02 2.7829256750e+00 1.1386729642e+01
251 5.9893005778e-01 7.4483926201e-02 2.7948326596e+00 1.1497365221e+01
252 5.9935975246e-01 7.5178536653e-02 2.7575089901e+00 1.1187776010e+01
253 5.9958501942e-01 7.5463722851e-02 2.7370228648e+00 1.1039375509e+01
254 5.9977352103e-01 7.5761701285e-02 2.7172088391e+00 1.0894176598e+01
255 6.0005899136e-01 7.6045342380e-02 2.6948660580e+00 1.0740418127e+01
256 6.0004535910e-01 7.6052907611e-02 2.6945371386e+00 1.0738124346e+01
257 6.0016271879e-01 7.6326378747e-02 2.6788037373e+00 1.0612666212e+01
258 6.0042411281e-01 7.6695753849e-02 2.6599223531e+00 1.0466907497e+01
259 6.0036409184e-01 7.6729656932e-02 2.6578494376e+00 1.0457628876e+01
260 6.0034830969e-01 7.6753704135e-02 2.6553297369e+00 1.0447547477e+01
261 6.0017820735e-01 7.6240317202e-02 2.6236366657e+00 1.0223914292e+01
262 6.0008588502e-01 7.6275282992e-02 2.6229354049e+00 1.0218503486e+01
263 6.0008551400e-01 7.6318206033e-02 2.6237693113e+00 1.0217947377e+01
264 5.9999940317e-01 7.6449809959e-02 2.6157701004e+00 1.0187248994e+01
265 6.0033140123e-01 7.7384904314e-02 2.6190023684e+00 1.0177012982e+01
266 6.0052178879e-01 7.7714195960e-02 2.5982134855e+00 1.0037338174e+01
267 6.0055370991e-01 7.8275292675e-02 2.6239946267e+00 1.0225932042e+01
268 6.0065887340e-01 7.8936556168e-02 2.6373578590e+00 1.0286468219e+01
269 6.0073068710e-01 7.9523609973e-02 2.6653642552e+00 1.0470628473e+01
270 6.0069371876e-01 7.9469042405e-02 2.6620900786e+00 1.0442837038e+01
271 6.0107207660e-01 8.0057020947e-02 2.6227167113e+00 1.0186104231e+01
272 6.0125600774e-01 8.0246496283e-02 2.6050350450e+00 1.0071327106e+01
273 6.0130528180e-01 8.0783562233e-02 2.6311940903e+00 1.0243149447e+01
274 6.0137212607e-01 8.0549463501e-02 2.5867912126e+00 9.9510000739e+00
275 6.0138777639e-01 8.0562715283e-02 2.5860579353e+00 9.9467489653e+00
276 6.0123811600e-01 7.9932371848e-02 2.5587719851e+00 9.7734828138e+00
277 6.0122059057e-01 7.9942977326e-02 2.5582713723e+00 9.7706126970e+00
278 6.0102665510e-01 8.0500027344e-02 2.5965405570e+00 1.0007597385e+01
279 6.0141940614e-01 8.1066730115e-02 2.5634133352e+00 9.7757898549e+00
280 6.0140941400e-01 8.0832499006e-02 2.5386671599e+00 9.6073081295e+00
281 6.0131173196e-01 8.0891637230e-02 2.5354683662e+00 9.5965743119e+00
282 6.0076710795e-01 7.9338960559e-02 2.4977393742e+00 9.3624690473e+00
283 6.0098683439e-01 7.9652902144e-02 2.4826452138e+00 9.2518196360e+00
284 6.0087949289e-01 7.9609917642e-02 2.4823581859e+00 9.2578539950e+00
285 6.0096747320e-01 8.0145012897e-02 2.4709719261e+00 9.1505146419e+00
286 6.0071962180e-01 7.9711930296e-02 2.4505842008e+00 9.0411316061e+00
287 6.0052863546e-01 7.9252055404e-02 2.4347953835e+00 8.9553374499e+00
288 6.0059791535e-01 7.9639294212e-02 2.4365913846e+00 8.9166353818e+00
289 6.0053205455e-01 7.9683809044e-02 2.4338743574e+00 8.9058822310e+00
290 6.0054404925e-01 7.9602196204e-02 2.4285930261e+00 8.8652770335e+00
291 6.0047454449e-01 7.9662829522e-02 2.4232719031e+00 8.8504198455e+00
292 6.0049344488e-01 7.9820126748e-02 2.4319085346e+00 8.9149153051e+00
293 6.0103386615e-01 8.1072802527e-02 2.4249424817e+00 8.8443580486e+00
294 6.0097749085e-01 8.1108319606e-02 2.4229183875e+00 8.8365013729e+00
295 6.0067208178e-01 8.1004171306e-02 2.4414451362e+00 8.9689038034e+00
296 6.0059668402e-01 8.1025297743e-02 2.4419579058e+00 8.9689534510e+00
297 6.0052523776e-01 8.1143199584e-02 2.4372384887e+00 8.9522499117e+00
298 6.0030104911e-01 8.0667884917e-02 2.4167438252e+00 8.8508442269e+00
299 6.0046657155e-01 8.0960843043e-02 2.4022855090e+00 8.7534685537e+00
300 6.0105221668e-01 8.2309869326e-02 2.4212950079e+00 8.8392549367e+00
301 6.0128281964e-01 8.2532508927e-02 2.4059601536e+00 8.7430458236e+00
302 6.0121423914e-01 8.2604907297e-02 2.3992123680e+00 8.7247601067e+00
303 6.0056511390e-01 8.1335897585e-02 2.4032388176e+00 8.8144219049e+00
304 6.0062507995e-01 8.1684631381e-02 2.3848829251e+00 8.7041336736e+00
305 6.0053523000e-01 8.1655280533e-02 2.3858085681e+00 8.7099452334e+00
306 6.0029641633e-01 8.1453244547e-02 2.4104411431e+00 8.8894965092e+00
307 6.0000752975e-01 8.1239354724e-02 2.4229346323e+00 8.9634179946e+00
308 5.9994922309e-01 8.1275405622e-02 2.4247710658e+00 8.9704049365e+00
309 6.0001666206e-01 8.1886024215e-02 2.4557026700e+00 9.1656818934e+00
310 5.9982840096e-01 8.1356227716e-02 2.4389455868e+00 9.0771053806e+00
311 5.9990123041e-01 8.1800597071e-02 2.4582007740e+00 9.1931322609e+00
312 5.9951199987e-01 8.0888332857e-02 2.4429661372e+00 9.1040368932e+00
313 5.9948794740e-01 8.0981614465e-02 2.4404211563e+00 9.0967263066e+00
314 5.9945302073e-01 8.0960707114e-02 2.4403773061e+00 9.0979775697e+00
315 5.9947529554e-01 8.1016175089e-02 2.4366757004e+00 9.0822642688e+00
316 5.9871783752e-01 7.9707660276e-02 2.4399886657e+00 9.1441486962e+00
317 5.9885066761e-01 8.0360497106e-02 2.4730694460e+00 9.3611962337e+00
318 5.9842261826e-01 7.9414349675e-02 2.4571961590e+00 9.2612192088e+00
319 5.9867904212e-01 8.0708505681e-02 2.4987709729e+00 9.4800524336e+00
320 5.9857635565e-01 8.0843032628e-02 2.5024784379e+00 9.4823826533e+00
321 5.9854620687e-01 8.0883109802e-02 2.5027755696e+00 9.4806542542e+00
322 5.9858789945e-01 8.0893250529e-02 2.5014765738e+00 9.4730033701e+00
323 5.9888539478e-01 8.1219026063e-02 2.4833656671e+00 9.3505743980e+00
324 5.9896285242e-01 8.1059979474e-02 2.4492883849e+00 9.1272457914e+00
325 5.9920677129e-01 8.1322191065e-02 2.4349681451e+00 9.0278101269e+00
326 5.9934599988e-01 8.1905620102e-02 2.4583340414e+00 9.1829449882e+00
327 5.9901489716e-01 8.1113877255e-02 2.4507294224e+00 9.1773669059e+00
328 5.9901165862e-01 8.1091399274e-02 2.4501809625e+00 9.1793193801e+00
329 5.9915793446e-01 8.1448012817e-02 2.4325383126e+00 9.0599373248e+00
330 5.9939798279e-01 8.1773839670e-02 2.4157087508e+00 8.9473853647e+00
331 5.9911934593e-01 8.1422822296e-02 2.4291855063e+00 9.0538856917e+00
332 5.9937482430e-01 8.2383307057e-02 2.4381362112e+00 9.1198159023e+00
333 5.9960477032e-01 8.2730117790e-02 2.4261943899e+00 9.0621019509e+00
334 5.9910692944e-01 8.1923704666e-02 2.4230982722e+00 9.0615159536e+00
335 5.9933578804e-01 8.2804466556e-02 2.4483629253e+00 9.1926641747e+00
336 5.9950101493e-01 8.3054002889e-02 2.4338788207e+00 9.0963282935e+00
337 6.0007129444e-01 8.3705544484e-02 2.3994326574e+00 8.8684859713e+00
338 6.0014366825e-01 8.3753967513e-02 2.4006104762e+00 8.8640806954e+00
339 5.9982985652e-01 8.3443591295e-02 2.4147790999e+00 8.9667955980e+00
340 5.9972979720e-01 8.3483150454e-02 2.4119757525e+00 8.9598404618e+00
341 5.9973485873e-01 8.3470256380e-02 2.4135556381e+00 8.9638343563e+00
342 5.9919311151e-01 8.2517915542e-02 2.4041880715e+00 8.9085747214e+00
343 5.9922169863e-01 8.2255895200e-02 2.3684971402e+00 8.6838376540e+00
344 5.9964163118e-01 8.2619782031e-02 2.2983039836e+00 8.2037849592e+00
345 5.9966897158e-01 8.2638558295e-02 2.2961640068e+00 8.1943892332e+00
346 5.9961129081e-01 8.2674495883e-02 2.2946397051e+00 8.1871165207e+00
347 5.9957426614e-01 8.2698848456e-02 2.2915688501e+00 8.1772179116e+00
348 5.9993821314e-01 8.3411943522e-02 2.2959776591e+00 8.2023666406e+00
349 5.9932541824e-01 8.2028166373e-02 2.2668095621e+00 8.0326210650e+00
350 5.9928947505e-01 8.2023505418e-02 2.2688888800e+00 8.0379016172e+00
351 5.9919990072e-01 8.2072682329e-02 2.2660492620e+00 8.0282541057e+00
352 5.9870127857e-01 8.1190321905e-02 2.2501640365e+00 7.9507646789e+00
353 5.9872520267e-01 8.1032949470e-02 2.2163645764e+00 7.7412768504e+00
354 5.9923203233e-01 8.1518096645e-02 2.1891720342e+00 7.5793460467e+00
355 5.9932202410e-01 8.1307099632e-02 2.1526948423e+00 7.3553369557e+00
356 5.9952624724e-01 8.1844233655e-02 2.1747121014e+00 7.5019535073e+00
357 5.9956662345e-01 8.2380996438e-02 2.2030800657e+00 7.6662095205e+00
358 5.9951530550e-01 8.2769006827e-02 2.2328114995e+00 7.8410289028e+00
359 5.9896682109e-01 8.2315951407e-02 2.2586967338e+00 8.0000255998e+00
360 5.9903432904e-01 8.2539745764e-02 2.2425073938e+00 7.9215881140e+00
361 5.9872808658e-01 8.2732181619e-02 2.2978806865e+00 8.2735098608e+00
362 5.9924744515e-01 8.3648002291e-02 2.2981477929e+00 8.2803227150e+00
363 5.9943553393e-01 8.4008850183e-02 2.2846433802e+00 8.1841639676e+00
364 5.9942490724e-01 8.4127753468e-02 2.2863753729e+00 8.1796150490e+00
365 5.9932451669e-01 8.4059256154e-02 2.2777397333e+00 8.1282830534e+00
