1 5.9282947138e-01 1.1102230246e-16 1.0000000000e+00 1.0000000000e+00
2 5.9305719623e-01 7.6291795189e-03 2.8117239005e+01 8.6698353843e+02
3 5.9328659097e-01 1.0673514676e-02 2.0543417388e+01 4.5041233925e+02
4 5.9327249085e-01 1.0710237012e-02 2.0325776145e+01 4.4440112485e+02
5 5.9321384326e-01 1.0765387599e-02 2.0008389134e+01 4.3585738672e+02
6 5.9317554661e-01 1.1062167907e-02 1.8284123134e+01 3.9198538893e+02
7 5.9358892082e-01 1.5348339153e-02 1.3683859146e+01 2.0983783643e+02
8 5.9383745405e-01 1.7040632838e-02 1.2482993170e+01 1.7181055050e+02
9 5.9456753442e-01 2.1251568574e-02 1.0230977572e+01 1.1214736347e+02
10 5.9458823517e-01 2.1309950190e-02 1.0152604909e+01 1.1090991494e+02
11 5.9458397576e-01 2.1406581869e-02 1.0006411649e+01 1.0896213441e+02
12 5.9521326883e-01 2.5009792357e-02 8.6497653158e+00 8.0693940046e+01
13 5.9520051414e-01 2.5023942930e-02 8.6352385191e+00 8.0531359840e+01
14 5.9516489187e-01 2.5090337692e-02 8.5633555522e+00 7.9748281201e+01
15 5.9507189418e-01 2.5213697090e-02 8.4320677770e+00 7.8357102998e+01
16 5.9498810025e-01 2.5286604746e-02 8.3592999909e+00 7.7586357187e+01
17 5.9501004427e-01 2.5287857603e-02 8.3597179296e+00 7.7532982818e+01
18 5.9484990337e-01 2.5454576614e-02 8.1910309286e+00 7.5775076798e+01
19 5.9481995805e-01 2.5520301472e-02 8.1230769581e+00 7.5051870114e+01
20 5.9478086366e-01 2.5551772159e-02 8.0955936745e+00 7.4734471259e+01
21 5.9458458534e-01 2.4516489480e-02 8.3527326707e+00 8.0574644377e+01
22 5.9454163284e-01 2.4542406554e-02 8.3300634461e+00 8.0294521340e+01
23 5.9449082181e-01 2.4580545891e-02 8.2946514017e+00 7.9868739858e+01
24 5.9444075204e-01 2.4623811615e-02 8.2531148820e+00 7.9381112754e+01
25 5.9443011476e-01 2.4638655138e-02 8.2383821070e+00 7.9205366986e+01
26 5.9463258448e-01 2.5846564245e-02 7.9534964312e+00 7.3113574297e+01
27 5.9455666108e-01 2.5918542798e-02 7.8879131923e+00 7.2412014416e+01
28 5.9455296432e-01 2.6050819910e-02 7.8904761581e+00 7.2450262805e+01
29 5.9471064426e-01 2.7222729616e-02 7.4930751693e+00 6.5819774856e+01
30 5.9464820744e-01 2.7303792497e-02 7.4214236248e+00 6.5135764269e+01
31 5.9479619963e-01 2.8238349672e-02 7.1386331031e+00 6.0402551356e+01
32 5.9480618845e-01 2.8241462211e-02 7.1349517766e+00 6.0366329028e+01
33 5.9505680434e-01 2.9186452269e-02 6.9334717018e+00 5.6601249430e+01
34 5.9504743554e-01 2.9362079662e-02 6.8998396270e+00 5.6343374887e+01
35 5.9496057941e-01 2.9429959336e-02 6.8545907875e+00 5.5916137447e+01
36 5.9494536414e-01 2.9442809925e-02 6.8468466996e+00 5.5832349945e+01
37 5.9516416156e-01 3.0350450193e-02 6.6680771300e+00 5.2598643242e+01
38 5.9515775420e-01 3.0361722542e-02 6.6611304273e+00 5.2526310705e+01
39 5.9538147125e-01 3.1238474153e-02 6.4959273734e+00 4.9655292813e+01
40 5.9528633669e-01 3.1326028789e-02 6.4425174815e+00 4.9193823107e+01
41 5.9499942101e-01 3.0567529029e-02 6.5512007826e+00 5.1549698647e+01
42 5.9505516554e-01 3.0582550926e-02 6.5366353205e+00 5.1401267146e+01
43 5.9505704348e-01 3.0595310034e-02 6.5285373861e+00 5.1314299562e+01
44 5.9503778245e-01 3.0721219729e-02 6.5209073002e+00 5.1243839872e+01
45 5.9507698189e-01 3.0753118690e-02 6.4973916282e+00 5.0999702014e+01
46 5.9551670235e-01 3.2372829988e-02 6.1956419918e+00 4.5829209109e+01
47 5.9573294305e-01 3.3210701688e-02 6.0496745891e+00 4.3534046280e+01
48 5.9570261133e-01 3.3248243526e-02 6.0283197358e+00 4.3365366864e+01
49 5.9569539392e-01 3.3244014410e-02 6.0333360279e+00 4.3388285204e+01
50 5.9593239162e-01 3.4128646621e-02 5.9137451898e+00 4.1447659794e+01
51 5.9645033571e-01 3.5824631911e-02 5.7069073790e+00 3.8191874811e+01
52 5.9646098268e-01 3.5825867524e-02 5.7054390351e+00 3.8179826004e+01
53 5.9633369179e-01 3.5923008643e-02 5.6620166322e+00 3.7860776562e+01
54 5.9658394084e-01 3.6657074216e-02 5.5528466768e+00 3.6300033205e+01
55 5.9655821953e-01 3.6768537166e-02 5.5464425111e+00 3.6244807227e+01
56 5.9656842786e-01 3.6776748488e-02 5.5416706674e+00 3.6206445811e+01
57 5.9656602636e-01 3.6783510430e-02 5.5386856586e+00 3.6181340851e+01
58 5.9672952036e-01 3.7621323380e-02 5.4253945847e+00 3.4676580738e+01
59 5.9687178001e-01 3.8371530639e-02 5.3097379074e+00 3.3240573836e+01
60 5.9705204220e-01 3.9034395442e-02 5.1978683477e+00 3.1893095513e+01
61 5.9750486258e-01 4.0351801655e-02 5.0353729286e+00 2.9763835204e+01
62 5.9759905649e-01 4.1549865853e-02 5.2076385860e+00 3.2601597011e+01
63 5.9805468227e-01 4.3390197837e-02 5.2704446988e+00 3.3508185711e+01
64 5.9797179534e-01 4.3461063600e-02 5.2449444934e+00 3.3340036916e+01
65 5.9792249370e-01 4.3485774947e-02 5.2386835870e+00 3.3288583418e+01
66 5.9791729907e-01 4.3541753898e-02 5.2138574963e+00 3.3129312434e+01
67 5.9787374288e-01 4.3566281826e-02 5.2068373911e+00 3.3076778572e+01
68 5.9813519691e-01 4.4155903654e-02 5.1119785231e+00 3.1876334927e+01
69 5.9805427412e-01 4.4235347562e-02 5.0832413850e+00 3.1698035246e+01
70 5.9804914581e-01 4.4245486452e-02 5.0800183705e+00 3.1671420655e+01
71 5.9809243434e-01 4.4262037601e-02 5.0720905019e+00 3.1604702035e+01
72 5.9770127775e-01 4.2609932583e-02 4.9998986668e+00 3.0623246329e+01
73 5.9768103158e-01 4.2691837844e-02 4.9986849100e+00 3.0592180990e+01
74 5.9784925853e-01 4.3364892480e-02 4.8979354054e+00 2.9434925351e+01
75 5.9803017075e-01 4.4055866476e-02 4.8197381571e+00 2.8439908279e+01
76 5.9831185135e-01 4.4714803327e-02 4.7466097023e+00 2.7517360898e+01
77 5.9829801347e-01 4.4725155393e-02 4.7439258371e+00 2.7497964610e+01
78 5.9829364633e-01 4.4738579983e-02 4.7397689047e+00 2.7466856592e+01
79 5.9829086367e-01 4.4742876366e-02 4.7385043511e+00 2.7457474539e+01
80 5.9835033297e-01 4.4736943777e-02 4.7373811648e+00 2.7445687452e+01
81 5.9829867324e-01 4.4760870129e-02 4.7322125862e+00 2.7409761560e+01
82 5.9856847196e-01 4.5294519860e-02 4.6686674575e+00 2.6613168170e+01
83 5.9875257485e-01 4.5894498812e-02 4.5958303365e+00 2.5776265072e+01
84 5.9901423903e-01 4.6469502636e-02 4.5262457912e+00 2.4995843895e+01
85 5.9901574132e-01 4.6488548187e-02 4.5200100342e+00 2.4955000609e+01
86 5.9898234969e-01 4.6525537875e-02 4.5091745857e+00 2.4886986106e+01
87 5.9914512401e-01 4.6866956875e-02 4.4480578582e+00 2.4234523055e+01
88 5.9955542017e-01 4.7908327439e-02 4.3268827754e+00 2.2922809526e+01
89 6.0014428847e-01 4.9913883490e-02 4.3354381456e+00 2.3297634294e+01
90 6.0014009676e-01 4.9922850835e-02 4.3329733079e+00 2.3282788595e+01
91 6.0040587634e-01 5.1674835878e-02 4.4570068332e+00 2.4650521444e+01
92 6.0041721638e-01 5.1679291139e-02 4.4550674111e+00 2.4638197913e+01
93 6.0043942919e-01 5.1790850308e-02 4.4378154195e+00 2.4517669434e+01
94 6.0036016615e-01 5.1752379955e-02 4.4327186013e+00 2.4515741520e+01
95 6.0034241054e-01 5.1859019432e-02 4.4408260926e+00 2.4749468547e+01
96 6.0025394341e-01 5.1855041228e-02 4.4340401406e+00 2.4728855673e+01
97 6.0023374094e-01 5.1902822302e-02 4.4206181966e+00 2.4648051662e+01
98 5.9992557860e-01 5.1375802461e-02 4.4761940730e+00 2.5322044409e+01
99 5.9991074478e-01 5.1363233195e-02 4.4749274372e+00 2.5321919312e+01
100 6.0012130478e-01 5.1883443501e-02 4.4109729587e+00 2.4609834682e+01
101 6.0011771337e-01 5.1915680456e-02 4.4070876979e+00 2.4580517468e+01
102 6.0007429572e-01 5.1999856924e-02 4.4016086524e+00 2.4522476066e+01
103 6.0046203301e-01 5.3229380691e-02 4.3828753579e+00 2.4186480261e+01
104 6.0026035431e-01 5.2452446890e-02 4.3445034107e+00 2.3899225122e+01
105 6.0064239843e-01 5.3496356407e-02 4.2336588640e+00 2.2662531807e+01
106 6.0072632717e-01 5.4178625937e-02 4.1666286485e+00 2.1980035254e+01
107 6.0077027523e-01 5.4240271169e-02 4.1637972001e+00 2.1951739421e+01
108 6.0067925862e-01 5.4283994470e-02 4.1573596425e+00 2.1910270598e+01
109 6.0107613528e-01 5.5705636278e-02 4.1589850254e+00 2.1804633008e+01
110 6.0122099413e-01 5.6024525359e-02 4.1162270914e+00 2.1388414871e+01
111 6.0157000007e-01 5.6889939734e-02 4.0129218126e+00 2.0407601025e+01
112 6.0203711476e-01 5.7836516649e-02 3.9257437210e+00 1.9505943017e+01
113 6.0218257623e-01 5.8690470214e-02 3.9831808742e+00 2.0095725154e+01
114 6.0196310145e-01 5.7779761774e-02 3.9331614474e+00 1.9712890838e+01
115 6.0227260585e-01 5.9381286717e-02 4.0165682894e+00 2.0468850754e+01
116 6.0268803653e-01 6.0665248033e-02 4.0263151157e+00 2.0543188607e+01
117 6.0256945941e-01 6.0746998208e-02 4.0123870332e+00 2.0469182779e+01
118 6.0255291498e-01 6.0701501989e-02 4.0127138137e+00 2.0486662469e+01
119 6.0256992999e-01 6.0702857109e-02 4.0116037723e+00 2.0480338216e+01
120 6.0259177007e-01 6.0766562883e-02 4.0063962762e+00 2.0434961684e+01
121 6.0251889092e-01 6.0871290097e-02 3.9977462610e+00 2.0369330950e+01
122 6.0262106795e-01 6.1742466481e-02 4.0095624721e+00 2.0465290905e+01
123 6.0225224562e-01 6.0597866771e-02 4.0222477482e+00 2.0684742460e+01
124 6.0223518139e-01 6.0609550443e-02 4.0206061300e+00 2.0673322917e+01
125 6.0221053125e-01 6.0645568781e-02 4.0172800487e+00 2.0646308507e+01
126 6.0239356801e-01 6.1024172876e-02 3.9749445367e+00 2.0233575570e+01
127 6.0217141579e-01 6.0184815160e-02 3.9189291032e+00 1.9713279051e+01
128 6.0216903473e-01 6.0187811768e-02 3.9184816050e+00 1.9709974290e+01
129 6.0192160548e-01 5.9508627636e-02 3.8877936590e+00 1.9505779990e+01
130 6.0237115678e-01 6.0380982855e-02 3.8037344753e+00 1.8685268393e+01
131 6.0263486714e-01 6.0830286331e-02 3.7663385337e+00 1.8299737633e+01
132 6.0286261734e-01 6.1366788029e-02 3.7219167166e+00 1.7885475766e+01
133 6.0278437556e-01 6.1401603289e-02 3.7183602155e+00 1.7864794207e+01
134 6.0234034023e-01 6.0175950671e-02 3.7019950566e+00 1.7729002051e+01
135 6.0275612453e-01 6.1322207888e-02 3.7067089095e+00 1.7744658289e+01
136 6.0258752864e-01 6.0688187454e-02 3.6758215279e+00 1.7544315171e+01
137 6.0298014814e-01 6.1489917527e-02 3.5996460759e+00 1.6864083111e+01
138 6.0312524192e-01 6.1976714785e-02 3.5613767784e+00 1.6509676712e+01
139 6.0330764842e-01 6.2376103817e-02 3.5217616085e+00 1.6178971459e+01
140 6.0368858082e-01 6.3514850936e-02 3.5332920336e+00 1.6274562593e+01
141 6.0370349815e-01 6.3479538452e-02 3.5371578712e+00 1.6292716774e+01
142 6.0345379217e-01 6.3221381167e-02 3.5602856527e+00 1.6524381851e+01
143 6.0325008644e-01 6.2849860565e-02 3.5865964884e+00 1.6802545101e+01
144 6.0365059403e-01 6.4073221931e-02 3.5846241923e+00 1.6733646354e+01
145 6.0382982973e-01 6.4409121093e-02 3.5526928335e+00 1.6450624559e+01
146 6.0396938715e-01 6.4821972391e-02 3.5193165301e+00 1.6148452335e+01
147 6.0402022219e-01 6.4829360322e-02 3.5158213892e+00 1.6130102278e+01
148 6.0379340024e-01 6.4489631402e-02 3.5505783982e+00 1.6423933827e+01
149 6.0378404759e-01 6.4512266521e-02 3.5467792625e+00 1.6403392406e+01
150 6.0379430481e-01 6.4513096679e-02 3.5461246688e+00 1.6400299799e+01
151 6.0357383483e-01 6.4260613514e-02 3.5791620036e+00 1.6672547386e+01
152 6.0374983562e-01 6.4668403904e-02 3.5438062090e+00 1.6356949729e+01
153 6.0399135667e-01 6.4971772937e-02 3.5143290412e+00 1.6097567376e+01
154 6.0445100024e-01 6.5809774784e-02 3.4513916927e+00 1.5523002953e+01
155 6.0437707919e-01 6.5851534072e-02 3.4466250799e+00 1.5501128858e+01
156 6.0437341753e-01 6.5862827819e-02 3.4446758363e+00 1.5491563064e+01
157 6.0432081138e-01 6.5737467846e-02 3.3725169644e+00 1.4909738637e+01
158 6.0430572457e-01 6.5807279922e-02 3.3697160190e+00 1.4887672883e+01
159 6.0431296230e-01 6.5816866535e-02 3.3677642403e+00 1.4877601497e+01
160 6.0438358710e-01 6.6440491250e-02 3.3998277358e+00 1.5145573972e+01
161 6.0422943864e-01 6.6524619233e-02 3.3912786322e+00 1.5103340402e+01
162 6.0443210068e-01 6.6729514093e-02 3.3559576989e+00 1.4798100669e+01
163 6.0489777876e-01 6.7462721906e-02 3.2974461864e+00 1.4310901506e+01
164 6.0488100341e-01 6.7471459838e-02 3.2967083434e+00 1.4306921780e+01
165 6.0491656623e-01 6.7469076117e-02 3.2981538704e+00 1.4314884069e+01
166 6.0488110427e-01 6.7432569563e-02 3.3004071709e+00 1.4333539485e+01
167 6.0488600593e-01 6.7672740073e-02 3.2940222021e+00 1.4262661563e+01
168 6.0502254753e-01 6.8060220193e-02 3.2778180558e+00 1.4181298082e+01
169 6.0513080261e-01 6.8450199966e-02 3.2430360528e+00 1.3928314837e+01
170 6.0504662608e-01 6.8503257135e-02 3.2395076538e+00 1.3907232146e+01
171 6.0519417125e-01 6.9115382428e-02 3.2519730147e+00 1.3968889319e+01
172 6.0519754917e-01 6.9069246887e-02 3.2482276237e+00 1.3938655922e+01
173 6.0526437490e-01 6.9045549344e-02 3.2501121337e+00 1.3943204031e+01
174 6.0461591587e-01 6.7407375163e-02 3.2128756541e+00 1.3651659891e+01
175 6.0434897096e-01 6.6789106564e-02 3.1781113077e+00 1.3403320848e+01
176 6.0460637224e-01 6.7177578653e-02 3.1479938646e+00 1.3171658852e+01
177 6.0460868376e-01 6.6968078826e-02 3.0776544204e+00 1.2603975575e+01
178 6.0483732717e-01 6.7329446473e-02 3.0537040439e+00 1.2410263668e+01
179 6.0505425722e-01 6.7718759587e-02 3.0302964752e+00 1.2217862287e+01
180 6.0502075111e-01 6.7754453570e-02 3.0261931434e+00 1.2198791666e+01
181 6.0545541014e-01 6.8643943116e-02 2.9773814915e+00 1.1809051272e+01
182 6.0568293801e-01 6.8945185696e-02 2.9539470874e+00 1.1643338145e+01
183 6.0581267742e-01 6.9302630439e-02 2.9318760177e+00 1.1476583577e+01
184 6.0606822297e-01 6.9657890918e-02 2.9237496237e+00 1.1460031768e+01
185 6.0648405382e-01 7.0656726461e-02 2.9323110654e+00 1.1537014347e+01
186 6.0668822754e-01 7.1012676632e-02 2.9087597740e+00 1.1365200819e+01
187 6.0673603614e-01 7.1703407617e-02 2.9331321796e+00 1.1563682501e+01
188 6.0674784541e-01 7.1784323246e-02 2.9240954214e+00 1.1524430370e+01
189 6.0701785782e-01 7.2521009971e-02 2.9074905088e+00 1.1372233259e+01
190 6.0683864347e-01 7.2114890915e-02 2.9015563350e+00 1.1370354415e+01
191 6.0741823216e-01 7.3485304516e-02 2.8817957787e+00 1.1226135195e+01
192 6.0756798521e-01 7.4171362353e-02 2.9129072375e+00 1.1461052788e+01
193 6.0756584446e-01 7.4178936479e-02 2.9118289087e+00 1.1456922184e+01
194 6.0800098183e-01 7.5303835456e-02 2.9201994131e+00 1.1499344011e+01
195 6.0790613225e-01 7.5324868923e-02 2.9211675966e+00 1.1501430067e+01
196 6.0811382626e-01 7.5649167376e-02 2.8995443787e+00 1.1344473149e+01
197 6.0823498731e-01 7.5934281639e-02 2.8667218734e+00 1.1077559596e+01
198 6.0832851100e-01 7.6373424410e-02 2.8973394367e+00 1.1310382798e+01
199 6.0848821568e-01 7.6680723417e-02 2.8790377668e+00 1.1173401099e+01
200 6.0823346033e-01 7.5925774460e-02 2.8244972289e+00 1.0868259861e+01
201 6.0858475949e-01 7.6837530749e-02 2.8330981160e+00 1.0958684636e+01
202 6.0883094827e-01 7.7244451647e-02 2.8094096714e+00 1.0812244167e+01
203 6.0897458143e-01 7.7727836847e-02 2.8086330948e+00 1.0804518044e+01
204 6.0913775096e-01 7.7965775491e-02 2.7909584178e+00 1.0684546102e+01
205 6.0912662868e-01 7.8010706738e-02 2.7903276912e+00 1.0675982777e+01
206 6.0906270153e-01 7.7901013262e-02 2.7876924311e+00 1.0665854884e+01
207 6.0946107301e-01 7.8696483076e-02 2.7746169811e+00 1.0548009378e+01
208 6.0959874440e-01 7.9085956183e-02 2.7519865337e+00 1.0401009305e+01
209 6.0956273388e-01 7.9017706739e-02 2.7529708852e+00 1.0417343651e+01
210 6.0955216576e-01 7.9023997258e-02 2.7525480970e+00 1.0415675704e+01
211 6.0955773948e-01 7.9059109453e-02 2.7528101247e+00 1.0411452337e+01
212 6.0953212328e-01 7.9080518458e-02 2.7510744984e+00 1.0404156667e+01
213 6.0948420922e-01 7.9095805207e-02 2.7512503602e+00 1.0402531763e+01
214 6.0980152855e-01 8.0059091357e-02 2.7448735293e+00 1.0376643439e+01
215 6.1002442755e-01 8.0207519024e-02 2.7286920691e+00 1.0280773568e+01
216 6.0966126655e-01 7.9028406672e-02 2.6943983735e+00 1.0066874336e+01
217 6.0970757234e-01 7.9016374408e-02 2.6942298264e+00 1.0066345944e+01
218 6.0990960093e-01 7.9482914443e-02 2.6719741357e+00 9.9166373321e+00
219 6.1002187584e-01 7.9651133952e-02 2.6505958579e+00 9.8205055084e+00
220 6.0995745330e-01 7.9634464398e-02 2.6483887965e+00 9.8210625275e+00
221 6.1009291296e-01 8.0105870534e-02 2.6233244759e+00 9.6727886916e+00
222 6.1007624822e-01 8.0130938362e-02 2.6206683660e+00 9.6637645504e+00
223 6.1001101726e-01 8.0160668830e-02 2.6181555276e+00 9.6550761134e+00
224 6.0962610690e-01 7.9296553530e-02 2.6150285849e+00 9.6436391430e+00
225 6.0982690160e-01 7.9943126686e-02 2.6374762849e+00 9.7998355955e+00
226 6.0981859041e-01 8.0032774136e-02 2.6371431020e+00 9.7900312290e+00
227 6.1025894177e-01 8.0713178225e-02 2.5998129602e+00 9.5389206072e+00
228 6.1021204736e-01 8.0656112328e-02 2.6016932619e+00 9.5507706135e+00
229 6.1042443270e-01 8.0707683938e-02 2.5876423842e+00 9.4783339901e+00
230 6.1061043933e-01 8.1283447352e-02 2.6098427654e+00 9.6264200127e+00
231 6.1042884566e-01 8.0840093833e-02 2.6135349044e+00 9.7248850959e+00
232 6.1060799892e-01 8.1318822079e-02 2.6192029335e+00 9.7390261241e+00
233 6.1059266284e-01 8.1217200746e-02 2.6189821282e+00 9.7537903863e+00
234 6.1106908774e-01 8.1773071640e-02 2.5844594695e+00 9.5270426933e+00
235 6.1125177740e-01 8.2306368062e-02 2.5992935393e+00 9.6106811726e+00
236 6.1100958493e-01 8.1735271746e-02 2.5758203474e+00 9.4765115217e+00
237 6.1117903428e-01 8.2308028009e-02 2.6033203215e+00 9.6669769093e+00
238 6.1138129721e-01 8.2715451559e-02 2.5872402953e+00 9.5444170571e+00
239 6.1124928168e-01 8.2729147397e-02 2.5806490516e+00 9.5169266338e+00
240 6.1129447560e-01 8.3082590685e-02 2.5580831255e+00 9.3911595372e+00
241 6.1127663631e-01 8.3134535758e-02 2.5521956639e+00 9.3742300253e+00
242 6.1153572244e-01 8.3827951483e-02 2.5192476048e+00 9.1506269858e+00
243 6.1143169255e-01 8.3919361002e-02 2.5183772907e+00 9.1423981308e+00
244 6.1162806270e-01 8.4149278416e-02 2.5037284282e+00 9.0511204671e+00
245 6.1144829273e-01 8.3523040898e-02 2.4719012052e+00 8.8257088568e+00
246 6.1168605575e-01 8.3760784450e-02 2.4563688197e+00 8.7315387051e+00
247 6.1164432539e-01 8.3805623405e-02 2.4642418573e+00 8.8106363209e+00
248 6.1184391465e-01 8.4127289971e-02 2.4483973213e+00 8.7063490542e+00
249 6.1186338000e-01 8.4172766168e-02 2.4474874646e+00 8.7005897155e+00
250 6.1184925448e-01 8.4183391882e-02 2.4467671001e+00 8.6981279133e+00
251 6.1211274313e-01 8.4457171809e-02 2.4301196606e+00 8.5963985179e+00
252 6.1212089476e-01 8.4470017229e-02 2.4282216790e+00 8.5908406533e+00
253 6.1211467139e-01 8.4379144534e-02 2.4251141797e+00 8.5713136467e+00
254 6.1218088719e-01 8.4407970251e-02 2.4229157085e+00 8.5610644283e+00
255 6.1218145618e-01 8.4804513012e-02 2.4469415921e+00 8.6907813422e+00
256 6.1236193016e-01 8.5193724117e-02 2.4277203833e+00 8.5765583712e+00
257 6.1275961955e-01 8.6033226513e-02 2.4337247350e+00 8.6269449733e+00
258 6.1288227348e-01 8.5867288119e-02 2.4055452613e+00 8.4627598730e+00
259 6.1323252006e-01 8.6820942866e-02 2.4194422968e+00 8.5601957300e+00
260 6.1274018994e-01 8.5931516690e-02 2.4127742274e+00 8.5163652981e+00
261 6.1282387455e-01 8.5838271328e-02 2.4106497667e+00 8.5460022425e+00
262 6.1208664831e-01 8.4190853364e-02 2.4035127635e+00 8.5175805462e+00
263 6.1201803926e-01 8.4257501946e-02 2.3984721595e+00 8.5008022666e+00
264 6.1221885329e-01 8.4501313357e-02 2.3844730575e+00 8.4139618338e+00
265 6.1236075433e-01 8.4849188984e-02 2.3682542241e+00 8.3112970286e+00
266 6.1246475582e-01 8.5464867734e-02 2.3789007102e+00 8.3848436035e+00
267 6.1215706930e-01 8.5055610285e-02 2.3981583374e+00 8.5324855641e+00
268 6.1249798393e-01 8.5775915646e-02 2.3901399184e+00 8.4639771022e+00
269 6.1244696150e-01 8.4935341447e-02 2.3203173807e+00 7.9723373054e+00
270 6.1275161846e-01 8.4976094696e-02 2.2784700048e+00 7.7288614011e+00
271 6.1239555292e-01 8.4156303396e-02 2.2734086804e+00 7.6976940116e+00
272 6.1243810328e-01 8.4156325185e-02 2.2732556548e+00 7.6974472583e+00
273 6.1249412161e-01 8.4835994014e-02 2.3019960220e+00 7.9088543125e+00
274 6.1253376495e-01 8.4824010603e-02 2.3017122691e+00 7.9089498591e+00
275 6.1232584871e-01 8.4602418429e-02 2.3124740661e+00 7.9823516831e+00
276 6.1246066157e-01 8.5596136484e-02 2.3424787404e+00 8.1465511706e+00
277 6.1199213009e-01 8.4877753636e-02 2.3404853243e+00 8.1477086967e+00
278 6.1161501577e-01 8.3971038543e-02 2.3302959009e+00 8.0800013973e+00
279 6.1160371558e-01 8.4020003678e-02 2.3304367454e+00 8.0780745549e+00
280 6.1168442532e-01 8.4711840277e-02 2.3578745021e+00 8.2823011783e+00
281 6.1206247370e-01 8.5687777669e-02 2.3690115494e+00 8.3346372907e+00
282 6.1239035062e-01 8.6353538634e-02 2.3684542891e+00 8.3222838318e+00
283 6.1187445867e-01 8.5823874745e-02 2.4059044875e+00 8.5720819531e+00
284 6.1190479000e-01 8.5818233230e-02 2.4055214488e+00 8.5707574417e+00
285 6.1189575152e-01 8.5928376619e-02 2.4040104480e+00 8.5521820483e+00
286 6.1221708322e-01 8.5873306742e-02 2.3525160681e+00 8.2234419041e+00
287 6.1218360019e-01 8.5861283704e-02 2.3512219926e+00 8.2215318527e+00
288 6.1242998927e-01 8.6201720929e-02 2.3353564065e+00 8.1226174103e+00
289 6.1244878149e-01 8.6262820488e-02 2.3348455092e+00 8.1142475403e+00
290 6.1236142189e-01 8.6136990416e-02 2.3046047594e+00 7.9514731699e+00
291 6.1197225632e-01 8.5308372266e-02 2.2921921860e+00 7.8776090377e+00
292 6.1187972964e-01 8.5346664454e-02 2.2916411296e+00 7.8739941169e+00
293 6.1137017509e-01 8.4690648566e-02 2.2881583883e+00 7.8744750157e+00
294 6.1152734260e-01 8.4889946608e-02 2.2734850564e+00 7.8079990167e+00
295 6.1170450431e-01 8.5076113165e-02 2.2606667502e+00 7.7389241160e+00
296 6.1169044561e-01 8.5099251644e-02 2.2590442865e+00 7.7323305438e+00
297 6.1170793224e-01 8.5102892424e-02 2.2579944537e+00 7.7292843463e+00
298 6.1180494978e-01 8.5677666350e-02 2.2745801461e+00 7.8176586673e+00
299 6.1198333440e-01 8.6172982001e-02 2.3064235475e+00 8.0394560592e+00
300 6.1198209458e-01 8.6185657189e-02 2.3049014461e+00 8.0357502640e+00
301 6.1204495108e-01 8.5746893064e-02 2.2658238037e+00 7.7908753225e+00
302 6.1226326506e-01 8.5953925680e-02 2.2529976090e+00 7.7159909682e+00
303 6.1179308584e-01 8.4988163642e-02 2.2369534644e+00 7.5938353056e+00
304 6.1199313118e-01 8.5502726678e-02 2.2543769843e+00 7.7018547984e+00
305 6.1150429276e-01 8.4569144329e-02 2.2385014371e+00 7.5779744189e+00
306 6.1150243471e-01 8.4545743029e-02 2.2365356643e+00 7.5745542996e+00
307 6.1176758133e-01 8.4824541172e-02 2.2234570050e+00 7.4945608886e+00
308 6.1177611320e-01 8.4816258037e-02 2.2239593183e+00 7.4996809729e+00
309 6.1174515975e-01 8.4668026942e-02 2.2250808314e+00 7.5170375647e+00
310 6.1112756802e-01 8.3153100461e-02 2.1781689798e+00 7.2127204541e+00
311 6.1104098356e-01 8.2946329362e-02 2.1470483149e+00 6.9575018014e+00
312 6.1110192162e-01 8.3454887040e-02 2.1579532345e+00 7.0237515203e+00
313 6.1112082079e-01 8.3455485579e-02 2.1572220078e+00 7.0216064034e+00
314 6.1122498801e-01 8.3238837413e-02 2.1243171499e+00 6.8086040952e+00
315 6.1120156224e-01 8.3285925762e-02 2.1237103630e+00 6.8033601131e+00
316 6.1113638298e-01 8.3347677151e-02 2.1197927101e+00 6.7916094946e+00
317 6.1115026874e-01 8.3406104359e-02 2.1172423653e+00 6.7830681992e+00
318 6.1121495729e-01 8.3926797579e-02 2.1289211629e+00 6.8486174903e+00
319 6.1095879189e-01 8.3777627756e-02 2.1390662045e+00 6.9035797042e+00
320 6.1094868903e-01 8.3812577941e-02 2.1401821060e+00 6.9052739061e+00
321 6.1098943132e-01 8.4023196613e-02 2.1620642217e+00 7.0946559241e+00
322 6.1079317210e-01 8.3753758604e-02 2.1732152783e+00 7.1635089090e+00
323 6.1093778724e-01 8.4068592301e-02 2.1644095471e+00 7.1095673447e+00
324 6.1088357647e-01 8.4162085140e-02 2.1655780306e+00 7.1083468526e+00
325 6.1116924108e-01 8.4394555142e-02 2.1515525882e+00 7.0334591170e+00
326 6.1098505476e-01 8.4199930443e-02 2.1649005899e+00 7.0979895916e+00
327 6.1084409464e-01 8.4286195154e-02 2.1611012592e+00 7.0856519193e+00
328 6.1075227940e-01 8.4305368115e-02 2.1629284325e+00 7.0880340897e+00
329 6.1112975601e-01 8.4988271263e-02 2.1743594116e+00 7.1828467208e+00
330 6.1140926461e-01 8.5377702586e-02 2.1614163712e+00 7.0991646482e+00
331 6.1138370084e-01 8.5361230233e-02 2.1620806915e+00 7.1038090819e+00
332 6.1133916700e-01 8.5467562601e-02 2.1595060018e+00 7.0908918661e+00
333 6.1124698820e-01 8.5674640244e-02 2.1858026152e+00 7.2382027598e+00
334 6.1126301810e-01 8.5717018527e-02 2.1857476778e+00 7.2377491129e+00
335 6.1124993850e-01 8.5752709996e-02 2.1814147130e+00 7.2279126318e+00
336 6.1103316968e-01 8.5517866247e-02 2.1932513440e+00 7.2970082746e+00
337 6.1124056661e-01 8.5789419221e-02 2.1808259204e+00 7.2232278295e+00
338 6.1127867409e-01 8.6224766120e-02 2.1641235695e+00 7.1341580716e+00
339 6.1140242066e-01 8.6727520715e-02 2.1757412833e+00 7.1989159318e+00
340 6.1093793543e-01 8.5386373737e-02 2.1559678909e+00 7.0955752334e+00
341 6.1115788040e-01 8.5683198649e-02 2.1409644122e+00 7.0159871629e+00
342 6.1152305211e-01 8.6446569688e-02 2.1450096943e+00 7.0440019404e+00
343 6.1149131943e-01 8.6375198160e-02 2.1435091509e+00 7.0413780064e+00
344 6.1166903957e-01 8.7086517104e-02 2.1736151321e+00 7.2452839001e+00
345 6.1196251343e-01 8.7289282073e-02 2.1606433173e+00 7.1755393809e+00
346 6.1235714412e-01 8.8160361317e-02 2.1617583032e+00 7.1794187898e+00
347 6.1229953964e-01 8.8145924709e-02 2.1626813811e+00 7.1850788215e+00
348 6.1198857060e-01 8.7806996450e-02 2.1772264132e+00 7.2719837004e+00
349 6.1149600567e-01 8.7047038451e-02 2.1795922164e+00 7.3012509393e+00
350 6.1193916006e-01 8.7630554813e-02 2.1541485724e+00 7.1493428675e+00
351 6.1204900910e-01 8.8016826870e-02 2.1509175510e+00 7.1204699605e+00
352 6.1219269053e-01 8.8338786984e-02 2.1462917772e+00 7.0660096564e+00
353 6.1146136250e-01 8.7129255196e-02 2.1488152323e+00 7.0964255855e+00
354 6.1080213631e-01 8.6213016636e-02 2.1525806698e+00 7.1180927263e+00
355 6.1088605927e-01 8.5915045259e-02 2.1270985735e+00 6.9790042005e+00
356 6.1041439659e-01 8.5495416125e-02 2.1572164626e+00 7.1616800883e+00
357 6.1009926797e-01 8.4687183489e-02 2.1500173100e+00 7.1113459621e+00
358 6.1008886407e-01 8.4635307677e-02 2.1507231080e+00 7.1170027181e+00
359 6.1012107732e-01 8.4654948033e-02 2.1502042846e+00 7.1128363289e+00
360 6.1030652416e-01 8.4993172295e-02 2.1352591225e+00 7.0358462318e+00
361 6.1048426530e-01 8.5609389690e-02 2.1574712096e+00 7.1930301281e+00
362 6.0964994435e-01 8.3674701246e-02 2.1069529504e+00 6.8209546875e+00
363 6.0987967652e-01 8.3956939926e-02 2.0952652485e+00 6.7533274096e+00
364 6.0999997917e-01 8.4431822607e-02 2.1101202060e+00 6.8361946043e+00
365 6.0997291276e-01 8.4452168094e-02 2.1090658404e+00 6.8328024389e+00
