1 5.9282947138e-01 1.1102230246e-16 1.0000000000e+00 1.0000000000e+00
2 5.9330748503e-01 1.0449048319e-02 2.1999961315e+01 4.8963885304e+02
3 5.9333458779e-01 1.3161993684e-02 1.6303181356e+01 2.9235045091e+02
4 5.9353341653e-01 1.5280282242e-02 1.3846578566e+01 2.1396291498e+02
5 5.9370175492e-01 1.7035103884e-02 1.2320050519e+01 1.6990928186e+02
6 5.9365742723e-01 1.7134275853e-02 1.2093477856e+01 1.6620651544e+02
7 5.9386022654e-01 1.8660272433e-02 1.1251189047e+01 1.4158887866e+02
8 5.9392664303e-01 1.8683367555e-02 1.1201178584e+01 1.4073341045e+02
9 5.9407318308e-01 2.0209170274e-02 1.0310081795e+01 1.1989125068e+02
10 5.9405248802e-01 2.0287495353e-02 1.0178334962e+01 1.1813517287e+02
11 5.9426782772e-01 2.1590079337e-02 9.6491948967e+00 1.0497943145e+02
12 5.9453128424e-01 2.2821155539e-02 9.1780348512e+00 9.4254502287e+01
13 5.9452743277e-01 2.2832663086e-02 9.1645694404e+00 9.4071000645e+01
14 5.9450659790e-01 2.2925279280e-02 9.0458706125e+00 9.2618682959e+01
15 5.9481927037e-01 2.5283393147e-02 8.2184509757e+00 7.6221648792e+01
16 5.9478178465e-01 2.5340889981e-02 8.1616085764e+00 7.5589934712e+01
17 5.9493762483e-01 2.7253504874e-02 8.8319619287e+00 9.1691576394e+01
18 5.9491393593e-01 2.7295668494e-02 8.7913858776e+00 9.1159444180e+01
19 5.9516820175e-01 2.8239561879e-02 8.4611140827e+00 8.3720725425e+01
20 5.9489895810e-01 2.7302053509e-02 8.7891650732e+00 9.1087093416e+01
21 5.9512476188e-01 2.8199038826e-02 8.4125974323e+00 8.3354974907e+01
22 5.9526586360e-01 2.9237361450e-02 8.0179676051e+00 7.5858221856e+01
23 5.9557801074e-01 3.0254444407e-02 7.7264430746e+00 7.0022799206e+01
24 5.9570713447e-01 3.1184213474e-02 7.4398880172e+00 6.4889667048e+01
25 5.9611454609e-01 3.2897199153e-02 6.9850762466e+00 5.6912582167e+01
26 5.9660285657e-01 3.4479205263e-02 6.6140455846e+00 5.0723882852e+01
27 5.9678005280e-01 3.5306752819e-02 6.4139575037e+00 4.7783340495e+01
28 5.9702092619e-01 3.6039354160e-02 6.2675338479e+00 4.5474561251e+01
29 5.9692175873e-01 3.6114305264e-02 6.2324874685e+00 4.5172280869e+01
30 5.9711746268e-01 3.7057663747e-02 6.0829075403e+00 4.2935625012e+01
31 5.9760385479e-01 3.8582806939e-02 5.8149867038e+00 3.9113369139e+01
32 5.9833415771e-01 4.0722046907e-02 5.4929841811e+00 3.4664397104e+01
33 5.9855374466e-01 4.1435134394e-02 5.3929081370e+00 3.3353999641e+01
34 5.9858432432e-01 4.1446369328e-02 5.3863590226e+00 3.3301740835e+01
35 5.9859845424e-01 4.1445700338e-02 5.3856029122e+00 3.3296545256e+01
36 5.9859556965e-01 4.1449595467e-02 5.3841998770e+00 3.3285568251e+01
37 5.9854848353e-01 4.1495471804e-02 5.3674995606e+00 3.3165954003e+01
38 5.9879792888e-01 4.2138462708e-02 5.2641241362e+00 3.1907939815e+01
39 5.9917283606e-01 4.3382105200e-02 5.0826603729e+00 2.9726819116e+01
40 5.9916640799e-01 4.3367321208e-02 5.0793267908e+00 2.9710469821e+01
41 5.9910213663e-01 4.3396610329e-02 5.0722187637e+00 2.9661656321e+01
42 5.9909673730e-01 4.3406543994e-02 5.0687966622e+00 2.9637268690e+01
43 5.9934949538e-01 4.3905801569e-02 4.9723956165e+00 2.8622720865e+01
44 5.9931142600e-01 4.3922390105e-02 4.9688267001e+00 2.8597101501e+01
45 5.9951162174e-01 4.4525742019e-02 4.8871296562e+00 2.7659264009e+01
46 5.9971152802e-01 4.5116612526e-02 4.8098512415e+00 2.6785678439e+01
47 6.0019714946e-01 4.6164228545e-02 4.6764140875e+00 2.5296243140e+01
48 6.0021495490e-01 4.6302448147e-02 4.6677396441e+00 2.5236006031e+01
49 6.0036040925e-01 4.6907691216e-02 4.5741783502e+00 2.4198529572e+01
50 6.0036393235e-01 4.6908096726e-02 4.5738153928e+00 2.4196325732e+01
51 6.0055801900e-01 4.7457382911e-02 4.5113603289e+00 2.3530300577e+01
52 6.0055820660e-01 4.7474649719e-02 4.5061906317e+00 2.3496265821e+01
53 6.0058581327e-01 4.7477781252e-02 4.5026812912e+00 2.3481618184e+01
54 6.0079713219e-01 4.8048014766e-02 4.4325860212e+00 2.2791932009e+01
55 6.0087544835e-01 4.8069566388e-02 4.4221373041e+00 2.2722573546e+01
56 6.0089326338e-01 4.8051616307e-02 4.4185018597e+00 2.2702930633e+01
57 6.0130182660e-01 4.9247210624e-02 4.3016560478e+00 2.1514725077e+01
58 6.0145837825e-01 5.0245631407e-02 4.4048807541e+00 2.2952622488e+01
59 6.0149003353e-01 5.0269835540e-02 4.3967519602e+00 2.2897683371e+01
60 6.0143304819e-01 5.0379019137e-02 4.3879385231e+00 2.2837498459e+01
61 6.0140999393e-01 5.0338965633e-02 4.3852447736e+00 2.2836695985e+01
62 6.0175634642e-01 5.1367750432e-02 4.2656837064e+00 2.1646567185e+01
63 6.0217908589e-01 5.2344245815e-02 4.1557483276e+00 2.0583626408e+01
64 6.0222927122e-01 5.3222407651e-02 4.2161577506e+00 2.1372862441e+01
65 6.0224008135e-01 5.3224787254e-02 4.2148758046e+00 2.1365652139e+01
66 6.0236613305e-01 5.3687774235e-02 4.1589085787e+00 2.0837752656e+01
67 6.0258104637e-01 5.4194296775e-02 4.1108990313e+00 2.0352552136e+01
68 6.0252635540e-01 5.4177307009e-02 4.1053158920e+00 2.0335909507e+01
69 6.0272873159e-01 5.4368342330e-02 4.0639504042e+00 1.9983141069e+01
70 6.0296434110e-01 5.4831904660e-02 4.0164469154e+00 1.9519939056e+01
71 6.0298049284e-01 5.4854170399e-02 4.0097241709e+00 1.9484611377e+01
72 6.0335135455e-01 5.5997727044e-02 3.9954309741e+00 1.9343552922e+01
73 6.0335181977e-01 5.5999387518e-02 3.9950231533e+00 1.9341135896e+01
74 6.0330584353e-01 5.6023876186e-02 3.9917732937e+00 1.9320742392e+01
75 6.0364105830e-01 5.6914640375e-02 3.9058572037e+00 1.8504029881e+01
76 6.0423482767e-01 5.7832039016e-02 3.8130640673e+00 1.7671543213e+01
77 6.0455660894e-01 5.8298070915e-02 3.7598919706e+00 1.7243858433e+01
78 6.0459702213e-01 5.8314133853e-02 3.7553696569e+00 1.7215560095e+01
79 6.0476170969e-01 5.8957970493e-02 3.7803359059e+00 1.7437740754e+01
80 6.0471421166e-01 5.8990249288e-02 3.7754365348e+00 1.7412871324e+01
81 6.0483568569e-01 5.9405412005e-02 3.7291031601e+00 1.7046352728e+01
82 6.0526370813e-01 6.0220216836e-02 3.6562928792e+00 1.6397214385e+01
83 6.0502408630e-01 5.9788214637e-02 3.6901835632e+00 1.6709046856e+01
84 6.0488659576e-01 5.9875640443e-02 3.6781603071e+00 1.6648019555e+01
85 6.0483812396e-01 5.9917615460e-02 3.6715955364e+00 1.6614479812e+01
86 6.0497424880e-01 5.9649812488e-02 3.5905866869e+00 1.5873974669e+01
87 6.0473369459e-01 5.9030698849e-02 3.5517425588e+00 1.5571573324e+01
88 6.0508217782e-01 6.0091465881e-02 3.5651465932e+00 1.5749744871e+01
89 6.0486400536e-01 5.9831893697e-02 3.5959972976e+00 1.6028694693e+01
90 6.0480886926e-01 5.9896411428e-02 3.5852706475e+00 1.5974769488e+01
91 6.0499472880e-01 6.0655904942e-02 3.6288044529e+00 1.6411239523e+01
92 6.0491363861e-01 6.0696262510e-02 3.6244051379e+00 1.6388074894e+01
93 6.0487972506e-01 6.0618920896e-02 3.6251923888e+00 1.6415408638e+01
94 6.0482381582e-01 6.0667846804e-02 3.6179709194e+00 1.6377218755e+01
95 6.0475535003e-01 6.0764544536e-02 3.6115059569e+00 1.6334932766e+01
96 6.0518746021e-01 6.1599397754e-02 3.5367360195e+00 1.5700139361e+01
97 6.0557874650e-01 6.2799061046e-02 3.5519982562e+00 1.5878453103e+01
98 6.0556566801e-01 6.2433593954e-02 3.4660006593e+00 1.5108611769e+01
99 6.0575749255e-01 6.3017156702e-02 3.4405616777e+00 1.4927642571e+01
100 6.0578364252e-01 6.3058491197e-02 3.4395338007e+00 1.4914136310e+01
101 6.0605438424e-01 6.3584202981e-02 3.4095285512e+00 1.4642794586e+01
102 6.0542875126e-01 6.1865072194e-02 3.3964080062e+00 1.4418788962e+01
103 6.0567307482e-01 6.2398972671e-02 3.3593740521e+00 1.4133583118e+01
104 6.0549128652e-01 6.2453625742e-02 3.3477950790e+00 1.4084530232e+01
105 6.0549246287e-01 6.2518085442e-02 3.3477469666e+00 1.4084012427e+01
106 6.0559566317e-01 6.3312872602e-02 3.3870032992e+00 1.4459120297e+01
107 6.0546905287e-01 6.3377584129e-02 3.3805566072e+00 1.4429345638e+01
108 6.0537735538e-01 6.3426039064e-02 3.3758646152e+00 1.4405922587e+01
109 6.0514655008e-01 6.2724076715e-02 3.3305062041e+00 1.3997719169e+01
110 6.0548159540e-01 6.3885247983e-02 3.3398294337e+00 1.4126429645e+01
111 6.0528292387e-01 6.3541709672e-02 3.3710479237e+00 1.4375637761e+01
112 6.0529621888e-01 6.3542987417e-02 3.3701742822e+00 1.4371691074e+01
113 6.0523337114e-01 6.3578775723e-02 3.3664160661e+00 1.4353600151e+01
114 6.0516966019e-01 6.3487755429e-02 3.3692403614e+00 1.4382157368e+01
115 6.0521346064e-01 6.4184280191e-02 3.3799515071e+00 1.4470906646e+01
116 6.0523598579e-01 6.4198830545e-02 3.3763160396e+00 1.4453365006e+01
117 6.0540133572e-01 6.4705279283e-02 3.3439948965e+00 1.4181603410e+01
118 6.0536368984e-01 6.4654921274e-02 3.3381057500e+00 1.4176084104e+01
119 6.0542076589e-01 6.4426070742e-02 3.2881754166e+00 1.3784335622e+01
120 6.0541139448e-01 6.4433390383e-02 3.2873663065e+00 1.3780095334e+01
121 6.0543070657e-01 6.4604644621e-02 3.2825777904e+00 1.3729587846e+01
122 6.0587422576e-01 6.5285899099e-02 3.2175966457e+00 1.3180894454e+01
123 6.0589888668e-01 6.5278397866e-02 3.2178506914e+00 1.3181834112e+01
124 6.0593679850e-01 6.5298687120e-02 3.2208384047e+00 1.3209047184e+01
125 6.0594015399e-01 6.5165549735e-02 3.2151935325e+00 1.3150389501e+01
126 6.0583264324e-01 6.5238367684e-02 3.2033354723e+00 1.3104373418e+01
127 6.0596018855e-01 6.5911953431e-02 3.2420470049e+00 1.3440235335e+01
128 6.0592299611e-01 6.5955260623e-02 3.2362204226e+00 1.3413430952e+01
129 6.0636223062e-01 6.6745831097e-02 3.1808985216e+00 1.2972122137e+01
130 6.0616280520e-01 6.6763000377e-02 3.1780717117e+00 1.2967595387e+01
131 6.0597926760e-01 6.6161574892e-02 3.1383256379e+00 1.2631274890e+01
132 6.0619920268e-01 6.6492707473e-02 3.1115034382e+00 1.2434697672e+01
133 6.0636821753e-01 6.6870724172e-02 3.0908075990e+00 1.2292124030e+01
134 6.0660856849e-01 6.7185294177e-02 3.0661766781e+00 1.2109634458e+01
135 6.0618031682e-01 6.6501154828e-02 3.0706651587e+00 1.2165393227e+01
136 6.0615133110e-01 6.6525511414e-02 3.0676089058e+00 1.2154203810e+01
137 6.0633131278e-01 6.7116881044e-02 3.0966898122e+00 1.2395994739e+01
138 6.0633959474e-01 6.7160222928e-02 3.0947197864e+00 1.2380482761e+01
139 6.0638015188e-01 6.6839361719e-02 3.0288210340e+00 1.1858951711e+01
140 6.0647702660e-01 6.7249283829e-02 2.9999324541e+00 1.1658245549e+01
141 6.0665858660e-01 6.7580595101e-02 2.9783430922e+00 1.1493763472e+01
142 6.0712289384e-01 6.8124024503e-02 2.9349515373e+00 1.1186846748e+01
143 6.0714018668e-01 6.7913046331e-02 2.8632651394e+00 1.0656901663e+01
144 6.0733980600e-01 6.8272127253e-02 2.8422471535e+00 1.0506267687e+01
145 6.0758593610e-01 6.8700634149e-02 2.8232565314e+00 1.0363792479e+01
146 6.0782790042e-01 6.9248929782e-02 2.8047164958e+00 1.0222507884e+01
147 6.0807866997e-01 6.9953181288e-02 2.7962670780e+00 1.0181014189e+01
148 6.0831814500e-01 7.0237028310e-02 2.7751960393e+00 1.0044389027e+01
149 6.0878696183e-01 7.0983725326e-02 2.7363329093e+00 9.7765128029e+00
150 6.0896742502e-01 7.1329864649e-02 2.7141960923e+00 9.6457661507e+00
151 6.0893075834e-01 7.1511587320e-02 2.7148326080e+00 9.6403426401e+00
152 6.0892016405e-01 7.1513458823e-02 2.7151345796e+00 9.6407676384e+00
153 6.0900988406e-01 7.2263643397e-02 2.7481308631e+00 9.9420845722e+00
154 6.0892765669e-01 7.2255307347e-02 2.7455153394e+00 9.9341565975e+00
155 6.0896897321e-01 7.2328372941e-02 2.7447422885e+00 9.9232239702e+00
156 6.0905504166e-01 7.2949608636e-02 2.7695996493e+00 1.0140673840e+01
157 6.0931318747e-01 7.3334963552e-02 2.7498789054e+00 1.0001873450e+01
158 6.0958866725e-01 7.3639658395e-02 2.7302114878e+00 9.8702112079e+00
159 6.0960296094e-01 7.3644269172e-02 2.7291672540e+00 9.8656171700e+00
160 6.0966794237e-01 7.3498928665e-02 2.6948647666e+00 9.6490358387e+00
161 6.0968895836e-01 7.3513032364e-02 2.6942114202e+00 9.6460448089e+00
162 6.1010763466e-01 7.4379800711e-02 2.7064833459e+00 9.7953288776e+00
163 6.1002737557e-01 7.4410997097e-02 2.7057391227e+00 9.7909704137e+00
164 6.1006259829e-01 7.4855655601e-02 2.6821670426e+00 9.6448467588e+00
165 6.0996312380e-01 7.4935796443e-02 2.6754085107e+00 9.6202593803e+00
166 6.1022784923e-01 7.5241624046e-02 2.6561606410e+00 9.4948160059e+00
167 6.1039990772e-01 7.5507625689e-02 2.6376071178e+00 9.3808559566e+00
168 6.1072074650e-01 7.5728778518e-02 2.6172064465e+00 9.2652808539e+00
169 6.1072248910e-01 7.5827388968e-02 2.6160829242e+00 9.2535987384e+00
170 6.1072724882e-01 7.5824106566e-02 2.6162925409e+00 9.2545115830e+00
171 6.1078767692e-01 7.5831983936e-02 2.6154155787e+00 9.2516812682e+00
172 6.1103563805e-01 7.6174504412e-02 2.5987573734e+00 9.1372148356e+00
173 6.1066669678e-01 7.5966756047e-02 2.6104188204e+00 9.2273160593e+00
174 6.1069949463e-01 7.6030644024e-02 2.6075887203e+00 9.2177043415e+00
175 6.1062323913e-01 7.5973777699e-02 2.6085221464e+00 9.2289559239e+00
176 6.1073833952e-01 7.6544535137e-02 2.6282628735e+00 9.3708632349e+00
177 6.1079637637e-01 7.7143986852e-02 2.6487852182e+00 9.5165162040e+00
178 6.1071181634e-01 7.7200695700e-02 2.6458608792e+00 9.5064248767e+00
179 6.1037307198e-01 7.6972227673e-02 2.6636916512e+00 9.6197571804e+00
180 6.1029858081e-01 7.6924598545e-02 2.6641431741e+00 9.6302625755e+00
181 6.1039386066e-01 7.6911105358e-02 2.6619115062e+00 9.6239027001e+00
182 6.1058378911e-01 7.7280233290e-02 2.6413169847e+00 9.4918872240e+00
183 6.1102645147e-01 7.7945286255e-02 2.6034545904e+00 9.2456430649e+00
184 6.1119032280e-01 7.8278740941e-02 2.5854182971e+00 9.1293918249e+00
185 6.1115171113e-01 7.8331596704e-02 2.5830599293e+00 9.1219712881e+00
186 6.1096064000e-01 7.7876035529e-02 2.5623566343e+00 8.9733635488e+00
187 6.1080753496e-01 7.7310482282e-02 2.5386144028e+00 8.8073061313e+00
188 6.1100556301e-01 7.7688727207e-02 2.5234854357e+00 8.7023166704e+00
189 6.1093976057e-01 7.7810815970e-02 2.5201100467e+00 8.6884360088e+00
190 6.1074015697e-01 7.7230851271e-02 2.4948461729e+00 8.5095930369e+00
191 6.1090921384e-01 7.7409091086e-02 2.4802176991e+00 8.4286329095e+00
192 6.1093708111e-01 7.8064142022e-02 2.5015892733e+00 8.5972934194e+00
193 6.1117937456e-01 7.8384151273e-02 2.4865046732e+00 8.4972835745e+00
194 6.1143813901e-01 7.8731686172e-02 2.4670564162e+00 8.3858087326e+00
195 6.1139207808e-01 7.8757324666e-02 2.4642662032e+00 8.3765764642e+00
196 6.1166821006e-01 7.9097103111e-02 2.4485425313e+00 8.2746984979e+00
197 6.1176450063e-01 7.9717588822e-02 2.4686173348e+00 8.4146082985e+00
198 6.1175599198e-01 7.9643325324e-02 2.4637684621e+00 8.3742199889e+00
199 6.1172546334e-01 7.9657297687e-02 2.4635038091e+00 8.3721287258e+00
200 6.1193117211e-01 8.0028404795e-02 2.4484118754e+00 8.2762225839e+00
201 6.1190478283e-01 8.0034296532e-02 2.4488504262e+00 8.2769449033e+00
202 6.1185411050e-01 8.0012391236e-02 2.4454047281e+00 8.2483374196e+00
203 6.1177956933e-01 7.9981745171e-02 2.4396855362e+00 8.2395928592e+00
204 6.1204548155e-01 8.0431188028e-02 2.4257129460e+00 8.1482890142e+00
205 6.1174697864e-01 7.9532755463e-02 2.4171049990e+00 8.0821569593e+00
206 6.1172301680e-01 7.9540135598e-02 2.4172433687e+00 8.0821137202e+00
207 6.1154283080e-01 7.9773278740e-02 2.4537196289e+00 8.3304039653e+00
208 6.1135253480e-01 7.9551150627e-02 2.4656693300e+00 8.3866007332e+00
209 6.1123629878e-01 7.9663191613e-02 2.4615281554e+00 8.3703530036e+00
210 6.1131430721e-01 8.0305387849e-02 2.4810037433e+00 8.5215281295e+00
211 6.1170563589e-01 8.1173718386e-02 2.4842551382e+00 8.5559676943e+00
212 6.1201554737e-01 8.1561515294e-02 2.4681564432e+00 8.4525578791e+00
213 6.1222911175e-01 8.2005309923e-02 2.4763449276e+00 8.4929758084e+00
214 6.1220084371e-01 8.2115648987e-02 2.4726756455e+00 8.4754632262e+00
215 6.1218442916e-01 8.2161607988e-02 2.4677883478e+00 8.4601198500e+00
216 6.1210675131e-01 8.2046448347e-02 2.4705441945e+00 8.4854453890e+00
217 6.1208753640e-01 8.1791282619e-02 2.4461739843e+00 8.3607923344e+00
218 6.1201194004e-01 8.1863853597e-02 2.4436973004e+00 8.3514206111e+00
219 6.1223860394e-01 8.2109701371e-02 2.4281784238e+00 8.2612953630e+00
220 6.1210476514e-01 8.2198158263e-02 2.4229131949e+00 8.2441517988e+00
221 6.1210792614e-01 8.2239674152e-02 2.4229950540e+00 8.2426524382e+00
222 6.1246990896e-01 8.2706822467e-02 2.3917440884e+00 8.0663141978e+00
223 6.1241915439e-01 8.2706417982e-02 2.3905961310e+00 8.0654881735e+00
224 6.1233928242e-01 8.2740998899e-02 2.3879925312e+00 8.0577306860e+00
225 6.1208780752e-01 8.2345533937e-02 2.4073090576e+00 8.1998841584e+00
226 6.1199708021e-01 8.2362170574e-02 2.4062130947e+00 8.1968364419e+00
227 6.1222407155e-01 8.3270136658e-02 2.4158492085e+00 8.2187895272e+00
228 6.1228523529e-01 8.2938628864e-02 2.3764852140e+00 7.9782128490e+00
229 6.1204773581e-01 8.2508359594e-02 2.3884097605e+00 8.0620759176e+00
230 6.1250842523e-01 8.3042855074e-02 2.3593236462e+00 7.8888348999e+00
231 6.1186990164e-01 8.2193229406e-02 2.3795551240e+00 8.0188717878e+00
232 6.1248385936e-01 8.3245445112e-02 2.3722625502e+00 8.0043064525e+00
233 6.1242752201e-01 8.3263000921e-02 2.3707602247e+00 7.9991582784e+00
234 6.1242464426e-01 8.3347080101e-02 2.3721591560e+00 7.9993857450e+00
235 6.1311060768e-01 8.4026807687e-02 2.3270188393e+00 7.7381572031e+00
236 6.1311368580e-01 8.4138012831e-02 2.3267389993e+00 7.7673438361e+00
237 6.1335921372e-01 8.4912253233e-02 2.3306295383e+00 7.8081651041e+00
238 6.1343197726e-01 8.5554682717e-02 2.3724540011e+00 8.0688429856e+00
239 6.1353073832e-01 8.5260644487e-02 2.3388886566e+00 7.8648133352e+00
240 6.1310906278e-01 8.4484998406e-02 2.3355744638e+00 7.8497981854e+00
241 6.1287808659e-01 8.3968481177e-02 2.3141364684e+00 7.7088940334e+00
242 6.1288167240e-01 8.4417410821e-02 2.3233304706e+00 7.7695121849e+00
243 6.1247583501e-01 8.3714606166e-02 2.3294130154e+00 7.8149201728e+00
244 6.1236525920e-01 8.3717271845e-02 2.3299235315e+00 7.8176062799e+00
245 6.1231625255e-01 8.3749667857e-02 2.3306256508e+00 7.8251230162e+00
246 6.1265501030e-01 8.4280057058e-02 2.3010733248e+00 7.6598890347e+00
247 6.1260509570e-01 8.4284490210e-02 2.3145394323e+00 7.7165475811e+00
248 6.1284434130e-01 8.4682887315e-02 2.2978314855e+00 7.6220579907e+00
249 6.1259718695e-01 8.4573020243e-02 2.3076624855e+00 7.6788582865e+00
250 6.1279821803e-01 8.4764647214e-02 2.2918257900e+00 7.6049431608e+00
251 6.1236311373e-01 8.3932268521e-02 2.2941386966e+00 7.6335218526e+00
252 6.1235696401e-01 8.3988042134e-02 2.2930185055e+00 7.6259113186e+00
253 6.1241805625e-01 8.3794150424e-02 2.2676914668e+00 7.4947825134e+00
254 6.1265014459e-01 8.4045670540e-02 2.2568649135e+00 7.4264168480e+00
255 6.1282183970e-01 8.4546145654e-02 2.2657285550e+00 7.4879906682e+00
256 6.1298899757e-01 8.5045245595e-02 2.2846120873e+00 7.5898800224e+00
257 6.1355059512e-01 8.5364781799e-02 2.2322496428e+00 7.3013700957e+00
258 6.1347458795e-01 8.5419815326e-02 2.2302257007e+00 7.2945427584e+00
259 6.1341205111e-01 8.5479292291e-02 2.2257129792e+00 7.2805700688e+00
260 6.1333082942e-01 8.5470341823e-02 2.2271593974e+00 7.2851676867e+00
261 6.1412249905e-01 8.7273099879e-02 2.2268307780e+00 7.2488833857e+00
262 6.1411489240e-01 8.7312690378e-02 2.2271313390e+00 7.2474953385e+00
263 6.1485615416e-01 8.8854427379e-02 2.2115064964e+00 7.1403560586e+00
264 6.1496884768e-01 8.8832223622e-02 2.2132019617e+00 7.1424963497e+00
265 6.1490700031e-01 8.8713317032e-02 2.2180043288e+00 7.1729315324e+00
266 6.1489679162e-01 8.8721773254e-02 2.2175767471e+00 7.1713019400e+00
267 6.1505290424e-01 8.9121366427e-02 2.2411168586e+00 7.3381302059e+00
268 6.1473694633e-01 8.8338655616e-02 2.2225037487e+00 7.2462766550e+00
269 6.1469704910e-01 8.8479776732e-02 2.2337331647e+00 7.3341951022e+00
270 6.1467170152e-01 8.8542104541e-02 2.2282372954e+00 7.3178914582e+00
271 6.1458310898e-01 8.8074747568e-02 2.2148705873e+00 7.2575878441e+00
272 6.1452817390e-01 8.8058972502e-02 2.2152207245e+00 7.2596479636e+00
273 6.1455449293e-01 8.8112409175e-02 2.2126484108e+00 7.2505146674e+00
274 6.1453000224e-01 8.8096568844e-02 2.2132143965e+00 7.2549508665e+00
275 6.1468098134e-01 8.8477038449e-02 2.1940188281e+00 7.1489589837e+00
276 6.1464652701e-01 8.8502566818e-02 2.1928008033e+00 7.1446031305e+00
277 6.1467225192e-01 8.8801746887e-02 2.2151592635e+00 7.3292758573e+00
278 6.1465769320e-01 8.8809509608e-02 2.2148633318e+00 7.3283866826e+00
279 6.1457789499e-01 8.8716818901e-02 2.2046809466e+00 7.2623853393e+00
280 6.1442253279e-01 8.8388261122e-02 2.1976633448e+00 7.2355720738e+00
281 6.1433322321e-01 8.8416659549e-02 2.1979935823e+00 7.2355497450e+00
282 6.1411444321e-01 8.8201967227e-02 2.2109932819e+00 7.3046387410e+00
283 6.1407710338e-01 8.8209779409e-02 2.2114613856e+00 7.3059528972e+00
284 6.1401594795e-01 8.8193281779e-02 2.2127513152e+00 7.3119278582e+00
285 6.1422114661e-01 8.8460047307e-02 2.2011214482e+00 7.2474549138e+00
286 6.1420321532e-01 8.8561521801e-02 2.1986441327e+00 7.2347115142e+00
287 6.1396027772e-01 8.8143931067e-02 2.1962123486e+00 7.1959743087e+00
288 6.1405291739e-01 8.8522750397e-02 2.1857033162e+00 7.1292690311e+00
289 6.1419423439e-01 8.9085235769e-02 2.2019909077e+00 7.2417435033e+00
290 6.1371985940e-01 8.8762575936e-02 2.2245889992e+00 7.3607241397e+00
291 6.1362192523e-01 8.8684946024e-02 2.2291046327e+00 7.3844642691e+00
292 6.1304661484e-01 8.7680869660e-02 2.2459136733e+00 7.4885617538e+00
293 6.1317169745e-01 8.8030488223e-02 2.2542270160e+00 7.5317119073e+00
294 6.1367619694e-01 8.9106000231e-02 2.2551329084e+00 7.5267051090e+00
295 6.1338856762e-01 8.8901927972e-02 2.2669342128e+00 7.5964393032e+00
296 6.1342653725e-01 8.8907894763e-02 2.2654885552e+00 7.5922498466e+00
297 6.1372708756e-01 8.9871702687e-02 2.2905633599e+00 7.7308980386e+00
298 6.1359386800e-01 8.9355653020e-02 2.2757109558e+00 7.6503854249e+00
299 6.1305652246e-01 8.8345858975e-02 2.2782437733e+00 7.6947947199e+00
300 6.1329162425e-01 8.8570604707e-02 2.2649891861e+00 7.6210172163e+00
301 6.1302417368e-01 8.8274840007e-02 2.2773088539e+00 7.6999553842e+00
302 6.1337106059e-01 8.8923318175e-02 2.2736599839e+00 7.6731872502e+00
303 6.1294698105e-01 8.8088702822e-02 2.2687712522e+00 7.6419407880e+00
304 6.1332344470e-01 8.8894124919e-02 2.2690399752e+00 7.6374533616e+00
305 6.1311886287e-01 8.9135156712e-02 2.2766416692e+00 7.6687585102e+00
306 6.1332577081e-01 8.9427421522e-02 2.2590964758e+00 7.5805116592e+00
307 6.1305333201e-01 8.9233234210e-02 2.2711107556e+00 7.6486672551e+00
308 6.1307754936e-01 8.9219732640e-02 2.2689870185e+00 7.6443794678e+00
309 6.1356105165e-01 9.0441303188e-02 2.2735513647e+00 7.6596491199e+00
310 6.1378141357e-01 9.0695327664e-02 2.2579168437e+00 7.5786299478e+00
311 6.1395689601e-01 9.1210146296e-02 2.2730633968e+00 7.6681724379e+00
312 6.1395571703e-01 9.1215343238e-02 2.2725302443e+00 7.6667690971e+00
313 6.1446274358e-01 9.2355406177e-02 2.2654819495e+00 7.5933036443e+00
314 6.1478848953e-01 9.3013828401e-02 2.2734385049e+00 7.6403561805e+00
315 6.1424507196e-01 9.2599566881e-02 2.2973069744e+00 7.7753242748e+00
316 6.1435593519e-01 9.2414476490e-02 2.2775843203e+00 7.6790018724e+00
317 6.1437559927e-01 9.2384230117e-02 2.2744516170e+00 7.6565220111e+00
318 6.1471377522e-01 9.3175886643e-02 2.2788194388e+00 7.7027133803e+00
319 6.1384472454e-01 9.1541547342e-02 2.2829768249e+00 7.7641183731e+00
320 6.1339502781e-01 9.0887998431e-02 2.2846099972e+00 7.7929297992e+00
321 6.1304181233e-01 9.0271389574e-02 2.2917503450e+00 7.8516134631e+00
322 6.1344408541e-01 9.0632166441e-02 2.2656037448e+00 7.7153930272e+00
323 6.1349082843e-01 9.0938605651e-02 2.2514571165e+00 7.6334570222e+00
324 6.1377130992e-01 9.1340424058e-02 2.2394191952e+00 7.5521558658e+00
325 6.1419317637e-01 9.2095113078e-02 2.2372037695e+00 7.5266035820e+00
326 6.1398173144e-01 9.1562897275e-02 2.2215953022e+00 7.4410994904e+00
327 6.1360848861e-01 9.0999213269e-02 2.2306262602e+00 7.5093180685e+00
328 6.1428390529e-01 9.2494025172e-02 2.2421298074e+00 7.5363663651e+00
329 6.1427530451e-01 9.2495489171e-02 2.2423134482e+00 7.5366471209e+00
330 6.1426743696e-01 9.2110795517e-02 2.2223350707e+00 7.4427528671e+00
331 6.1390486507e-01 9.1417674945e-02 2.2239158506e+00 7.4602519771e+00
332 6.1355715563e-01 9.0843632446e-02 2.2291120751e+00 7.4988745579e+00
333 6.1393506614e-01 9.1727705463e-02 2.2296101977e+00 7.5111469174e+00
334 6.1387882989e-01 9.1769988922e-02 2.2272677931e+00 7.5040566433e+00
335 6.1455340514e-01 9.2364284090e-02 2.1917138307e+00 7.3114384528e+00
336 6.1470522457e-01 9.2645000378e-02 2.1818268097e+00 7.2548631908e+00
337 6.1466025165e-01 9.2627902058e-02 2.1828657177e+00 7.2613651382e+00
338 6.1446967621e-01 9.2226925117e-02 2.1729052415e+00 7.2258568617e+00
339 6.1434822439e-01 9.2250068079e-02 2.1736252655e+00 7.2286441556e+00
340 6.1413157488e-01 9.2032854640e-02 2.1865053341e+00 7.3120702745e+00
341 6.1414685084e-01 9.2015995055e-02 2.1866063236e+00 7.3128939056e+00
342 6.1419184393e-01 9.2034551536e-02 2.1861549429e+00 7.3092222650e+00
343 6.1406512088e-01 9.2084222968e-02 2.1856032514e+00 7.3064578120e+00
344 6.1444924632e-01 9.2776594616e-02 2.1689905719e+00 7.2125785378e+00
345 6.1406347418e-01 9.2012379275e-02 2.1676205059e+00 7.2188622181e+00
346 6.1408473467e-01 9.2074197149e-02 2.1663724157e+00 7.2096983324e+00
347 6.1405407701e-01 9.1985962990e-02 2.1563920424e+00 7.1303436246e+00
348 6.1410097858e-01 9.2064668811e-02 2.1560243173e+00 7.1224757203e+00
349 6.1401588009e-01 9.1964048766e-02 2.1558243956e+00 7.1182465095e+00
350 6.1420006281e-01 9.2266070221e-02 2.1413380635e+00 7.0427565972e+00
351 6.1397132439e-01 9.2164928177e-02 2.1568514812e+00 7.1377238612e+00
352 6.1393788570e-01 9.2159558161e-02 2.1575861237e+00 7.1384023586e+00
353 6.1411788791e-01 9.2551586072e-02 2.1591388922e+00 7.1321113453e+00
354 6.1460775563e-01 9.3903879649e-02 2.1766886266e+00 7.2328812810e+00
355 6.1483162686e-01 9.4206939522e-02 2.1702774370e+00 7.1972702104e+00
356 6.1454906572e-01 9.4046860168e-02 2.1817685524e+00 7.2571059681e+00
357 6.1413488696e-01 9.3308196980e-02 2.1814293897e+00 7.2520133739e+00
358 6.1411319690e-01 9.3391946469e-02 2.1772194999e+00 7.2338272762e+00
359 6.1350445027e-01 9.2186600889e-02 2.1610205311e+00 7.1736498747e+00
360 6.1386470048e-01 9.2663252781e-02 2.1487939781e+00 7.0931848576e+00
361 6.1411199530e-01 9.3067885484e-02 2.1464176023e+00 7.0852234996e+00
362 6.1372626879e-01 9.2433190575e-02 2.1490634683e+00 7.1163109347e+00
363 6.1433672520e-01 9.3568720968e-02 2.1429600284e+00 7.0818630319e+00
364 6.1423504571e-01 9.3283056988e-02 2.1320240976e+00 7.0238127080e+00
365 6.1439404364e-01 9.3667461008e-02 2.1264148830e+00 6.9761618676e+00
