1 5.9282947138e-01 1.1102230246e-16 1.0000000000e+00 1.0000000000e+00
2 5.9365945528e-01 1.4886498096e-02 1.5078300588e+01 2.3650070320e+02
3 5.9389202845e-01 1.6670266625e-02 1.3399701492e+01 1.8723190108e+02
4 5.9386830444e-01 1.6696081323e-02 1.3338676308e+01 1.8615759920e+02
5 5.9426648496e-01 1.9729474142e-02 1.1253072571e+01 1.3275121023e+02
6 5.9419824570e-01 1.9815981846e-02 1.1098753963e+01 1.3064350360e+02
7 5.9406406834e-01 2.0053361364e-02 1.0655319304e+01 1.2510036280e+02
8 5.9448651769e-01 2.2627103630e-02 9.5044936424e+00 9.8448658771e+01
9 5.9446728582e-01 2.2818124496e-02 9.4425595970e+00 9.7785702594e+01
10 5.9458714673e-01 2.4130495465e-02 8.8310673057e+00 8.6494405161e+01
11 5.9457386220e-01 2.4139663504e-02 8.8224669634e+00 8.6382648725e+01
12 5.9449122222e-01 2.4237001583e-02 8.7139155732e+00 8.5146854194e+01
13 5.9453851036e-01 2.4237706750e-02 8.6572499332e+00 8.4419879499e+01
14 5.9464118810e-01 2.5453941804e-02 8.1945737626e+00 7.6110479936e+01
15 5.9461310799e-01 2.5428231263e-02 8.1767622325e+00 7.5916324877e+01
16 5.9457236221e-01 2.5511939036e-02 8.0944739905e+00 7.4994907861e+01
17 5.9458717614e-01 2.5506913861e-02 8.1007620750e+00 7.5027332378e+01
18 5.9474060952e-01 2.7407974379e-02 8.7677634433e+00 9.0779237514e+01
19 5.9491543395e-01 2.8447822415e-02 8.3518012386e+00 8.2369804233e+01
20 5.9489050507e-01 2.8469331818e-02 8.3342607856e+00 8.2151555395e+01
21 5.9481360234e-01 2.8549836468e-02 8.2622239881e+00 8.1335722733e+01
22 5.9510560582e-01 2.9516200683e-02 7.9268940259e+00 7.4631353431e+01
23 5.9520100437e-01 3.0520393836e-02 7.5805679277e+00 6.8466773062e+01
24 5.9521866789e-01 3.0530940110e-02 7.5713096480e+00 6.8354981355e+01
25 5.9523119782e-01 3.0610419426e-02 7.5876450072e+00 6.8383282973e+01
26 5.9549288570e-01 3.1458862592e-02 7.3576957533e+00 6.3935039065e+01
27 5.9583899734e-01 3.3207286365e-02 6.8826882582e+00 5.5842404027e+01
28 5.9582926553e-01 3.3218885235e-02 6.8757872361e+00 5.5772961865e+01
29 5.9585715637e-01 3.3199427808e-02 6.8618700375e+00 5.5660169961e+01
30 5.9566923172e-01 3.3342144192e-02 6.7796054901e+00 5.4882141824e+01
31 5.9564601532e-01 3.3373293235e-02 6.7645040943e+00 5.4696713118e+01
32 5.9585327549e-01 3.4192330849e-02 6.5762688236e+00 5.1533442063e+01
33 5.9587392042e-01 3.4199633686e-02 6.5701804827e+00 5.1473649661e+01
34 5.9600781393e-01 3.5086769626e-02 6.3476763070e+00 4.8217743695e+01
35 5.9669238272e-01 3.7100094675e-02 5.9508690401e+00 4.1953469660e+01
36 5.9668676280e-01 3.7115696520e-02 5.9433638446e+00 4.1886913923e+01
37 5.9691225613e-01 3.7825150520e-02 5.8187760956e+00 4.0038001588e+01
38 5.9687982250e-01 3.7856663021e-02 5.8039654746e+00 3.9929996041e+01
39 5.9688407804e-01 3.7867904830e-02 5.7978760707e+00 3.9880811870e+01
40 5.9728529835e-01 3.9375167389e-02 5.5528712548e+00 3.6491684434e+01
41 5.9726475189e-01 3.9193056492e-02 5.5611384527e+00 3.6661558954e+01
42 5.9729601411e-01 4.0393579286e-02 5.6423817434e+00 3.7869666271e+01
43 5.9754752536e-01 4.1036600878e-02 5.5360003386e+00 3.6374311855e+01
44 5.9771670591e-01 4.1710987040e-02 5.4209320717e+00 3.4888798130e+01
45 5.9759495853e-01 4.1785238363e-02 5.3966778789e+00 3.4709374334e+01
46 5.9755329334e-01 4.1799336572e-02 5.3938081030e+00 3.4684318881e+01
47 5.9740255089e-01 4.0523586535e-02 5.2206901357e+00 3.2123225101e+01
48 5.9780434879e-01 4.2287116336e-02 5.2981577727e+00 3.3492349699e+01
49 5.9829874463e-01 4.3469428554e-02 5.1332537668e+00 3.1269912821e+01
50 5.9832321383e-01 4.3394522845e-02 5.1332465517e+00 3.1288700966e+01
51 5.9897319657e-01 4.5090342305e-02 4.8978882211e+00 2.8391589160e+01
52 5.9884226578e-01 4.5099313561e-02 4.8809019024e+00 2.8320032200e+01
53 5.9903466761e-01 4.5796687450e-02 4.7901598016e+00 2.7306474356e+01
54 5.9900707572e-01 4.5813034023e-02 4.7859244437e+00 2.7279789815e+01
55 5.9895830158e-01 4.5841020366e-02 4.7795416575e+00 2.7234107955e+01
56 5.9886896764e-01 4.5887360461e-02 4.7688776267e+00 2.7163575590e+01
57 5.9877874739e-01 4.5865290561e-02 4.7573002987e+00 2.7120279070e+01
58 5.9899449030e-01 4.6521462168e-02 4.6802398616e+00 2.6242471002e+01
59 5.9882194273e-01 4.6642367265e-02 4.6494354138e+00 2.6046342389e+01
60 5.9903350470e-01 4.7198076084e-02 4.5845609245e+00 2.5293241926e+01
61 5.9876551147e-01 4.6664883673e-02 4.6456241151e+00 2.6019092260e+01
62 5.9883477577e-01 4.6749951878e-02 4.6355681035e+00 2.5941089686e+01
63 5.9905391211e-01 4.7402286399e-02 4.5690473193e+00 2.5161535543e+01
64 5.9903102456e-01 4.7277339817e-02 4.5713337637e+00 2.5223736736e+01
65 5.9928209656e-01 4.7906644730e-02 4.5033469149e+00 2.4479906966e+01
66 5.9942079623e-01 4.8467402951e-02 4.4372462982e+00 2.3771492238e+01
67 5.9971796868e-01 4.9064741371e-02 4.3554488262e+00 2.2984870749e+01
68 5.9975156280e-01 4.9129546915e-02 4.3535699855e+00 2.2962657958e+01
69 5.9981157475e-01 4.9801073430e-02 4.2827060064e+00 2.2260602693e+01
70 5.9982221587e-01 4.9825139443e-02 4.2753026763e+00 2.2214406758e+01
71 5.9976255579e-01 4.9887146499e-02 4.2618933494e+00 2.2126527496e+01
72 5.9969026243e-01 4.9938484848e-02 4.2556696293e+00 2.2083548012e+01
73 5.9969385986e-01 5.0031540354e-02 4.2482774433e+00 2.2044076889e+01
74 5.9943823194e-01 4.9402595421e-02 4.1677822031e+00 2.1215536541e+01
75 5.9960674271e-01 4.9885691019e-02 4.0917796017e+00 2.0587271681e+01
76 5.9987477136e-01 5.0370229350e-02 4.0439626397e+00 2.0093461839e+01
77 6.0004464378e-01 5.0875754942e-02 3.9961050541e+00 1.9610604768e+01
78 6.0015350662e-01 5.1791482257e-02 4.0888832208e+00 2.0719517959e+01
79 6.0013372622e-01 5.1806605410e-02 4.0854570969e+00 2.0703258806e+01
80 6.0016161770e-01 5.1805960090e-02 4.0839959478e+00 2.0695494988e+01
81 6.0025986755e-01 5.2783354893e-02 4.1801826757e+00 2.1879715876e+01
82 6.0024552588e-01 5.2739007826e-02 4.1793065156e+00 2.1893356858e+01
83 6.0046403360e-01 5.3181553181e-02 4.1208000378e+00 2.1335556665e+01
84 6.0059092485e-01 5.4124644461e-02 4.2021898259e+00 2.2289626814e+01
85 6.0054250479e-01 5.4150975531e-02 4.1977664614e+00 2.2262315557e+01
86 6.0042706935e-01 5.4132322723e-02 4.1813968532e+00 2.2212586671e+01
87 6.0061297885e-01 5.5078707243e-02 4.2656508201e+00 2.3151911414e+01
88 6.0077467258e-01 5.5628612648e-02 4.2085193100e+00 2.2534758199e+01
89 6.0038923231e-01 5.3862458312e-02 4.0462834869e+00 2.0793348479e+01
90 6.0033073895e-01 5.3915673857e-02 4.0358518455e+00 2.0730700828e+01
91 6.0012308148e-01 5.3099008395e-02 3.9560772978e+00 1.9877652649e+01
92 6.0009704224e-01 5.3156504816e-02 3.9420327484e+00 1.9802923080e+01
93 6.0028329170e-01 5.3668013647e-02 3.8925709242e+00 1.9319163895e+01
94 6.0018189396e-01 5.3725047493e-02 3.8844959585e+00 1.9268301729e+01
95 5.9993331109e-01 5.3138975813e-02 3.9226269124e+00 1.9705886618e+01
96 6.0016616204e-01 5.3614970487e-02 3.8807483031e+00 1.9262409080e+01
97 6.0012285833e-01 5.3674965669e-02 3.8669647617e+00 1.9194855478e+01
98 6.0012205149e-01 5.3680660566e-02 3.8657309634e+00 1.9186987371e+01
99 6.0011726958e-01 5.3682434680e-02 3.8655867875e+00 1.9185838706e+01
100 6.0008513276e-01 5.3725334608e-02 3.8562272606e+00 1.9136111061e+01
101 6.0068599373e-01 5.5212267253e-02 3.7398482824e+00 1.7919591108e+01
102 6.0095330711e-01 5.6555604136e-02 3.7804110307e+00 1.8448228747e+01
103 6.0089017355e-01 5.6658543304e-02 3.7723624259e+00 1.8393011456e+01
104 6.0063660503e-01 5.5801492924e-02 3.6625388973e+00 1.7257948456e+01
105 6.0057222097e-01 5.5756012883e-02 3.6645744128e+00 1.7275558422e+01
106 6.0056893502e-01 5.5765625295e-02 3.6627411394e+00 1.7264574006e+01
107 6.0055680082e-01 5.5766947482e-02 3.6631700963e+00 1.7266072388e+01
108 6.0051916129e-01 5.5783257880e-02 3.6631551754e+00 1.7266185651e+01
109 6.0075490992e-01 5.6222787215e-02 3.6305008178e+00 1.6927508828e+01
110 6.0069889940e-01 5.6259235413e-02 3.6259789897e+00 1.6898738487e+01
111 6.0040823821e-01 5.5409351837e-02 3.5161635169e+00 1.5764836531e+01
112 6.0091811704e-01 5.6414098466e-02 3.4515373815e+00 1.5162789989e+01
113 6.0063336350e-01 5.5912253707e-02 3.4773227332e+00 1.5433312939e+01
114 6.0065020252e-01 5.5924555791e-02 3.4742068153e+00 1.5415643720e+01
115 6.0059445288e-01 5.6021808551e-02 3.4708403820e+00 1.5405948692e+01
116 6.0076331479e-01 5.6517026113e-02 3.4331019067e+00 1.5085351741e+01
117 6.0090447016e-01 5.6932647424e-02 3.3961618330e+00 1.4785708720e+01
118 6.0128955988e-01 5.7788066045e-02 3.3325692744e+00 1.4242869460e+01
119 6.0119670162e-01 5.7854221527e-02 3.3230493230e+00 1.4203397361e+01
120 6.0116954904e-01 5.7886120927e-02 3.3220047267e+00 1.4194354050e+01
121 6.0119905771e-01 5.8073668783e-02 3.3106665778e+00 1.4164659743e+01
122 6.0116436221e-01 5.7999755246e-02 3.3112653115e+00 1.4178602250e+01
123 6.0141064368e-01 5.8374369992e-02 3.2833214090e+00 1.3936017690e+01
124 6.0137997878e-01 5.8453750541e-02 3.2821337366e+00 1.3932732471e+01
125 6.0160521079e-01 5.8786793840e-02 3.2532261366e+00 1.3694719775e+01
126 6.0191593685e-01 6.0111481458e-02 3.2882463607e+00 1.4190146186e+01
127 6.0206028318e-01 6.0524321540e-02 3.2568598345e+00 1.3931205846e+01
128 6.0218033193e-01 6.1037447293e-02 3.2289761512e+00 1.3689537586e+01
129 6.0240830093e-01 6.1534032738e-02 3.1961392927e+00 1.3424235907e+01
130 6.0243629042e-01 6.1183824613e-02 3.1117152064e+00 1.2639813792e+01
131 6.0247969290e-01 6.1185371985e-02 3.1097437845e+00 1.2629309353e+01
132 6.0229925675e-01 6.0434959914e-02 3.0305549688e+00 1.1830837411e+01
133 6.0259168664e-01 6.1901433182e-02 3.1386705769e+00 1.2896614039e+01
134 6.0255272295e-01 6.1924830071e-02 3.1361687662e+00 1.2885973382e+01
135 6.0261959599e-01 6.2654721209e-02 3.1831449765e+00 1.3319559339e+01
136 6.0264946468e-01 6.2642142507e-02 3.1848853705e+00 1.3322093002e+01
137 6.0288104958e-01 6.3056995364e-02 3.1549694657e+00 1.3085904483e+01
138 6.0288756466e-01 6.3060369248e-02 3.1542421310e+00 1.3081537933e+01
139 6.0246795206e-01 6.2181495039e-02 3.1485946908e+00 1.3049409395e+01
140 6.0234084195e-01 6.2235500684e-02 3.1451664312e+00 1.3030969054e+01
141 6.0257022159e-01 6.2653140304e-02 3.1197368313e+00 1.2816282187e+01
142 6.0278081929e-01 6.3008963165e-02 3.0940409158e+00 1.2610420114e+01
143 6.0268863595e-01 6.3069306044e-02 3.0910803609e+00 1.2594701229e+01
144 6.0251999329e-01 6.2410057135e-02 3.0414021728e+00 1.2137358489e+01
145 6.0262278776e-01 6.2909185475e-02 3.0116721986e+00 1.1923122489e+01
146 6.0337805280e-01 6.4989706237e-02 3.0380359837e+00 1.2161974451e+01
147 6.0353328380e-01 6.5365981002e-02 3.0152319245e+00 1.1977667194e+01
148 6.0356424820e-01 6.5435070851e-02 3.0129989461e+00 1.1967335649e+01
149 6.0347928938e-01 6.5450963888e-02 3.0085193844e+00 1.1957365663e+01
150 6.0351495410e-01 6.6020148305e-02 3.0518814738e+00 1.2367463950e+01
151 6.0354085929e-01 6.6026147836e-02 3.0429604594e+00 1.2291698127e+01
152 6.0349245339e-01 6.6036413483e-02 3.0435615967e+00 1.2293062964e+01
153 6.0340976455e-01 6.6027075734e-02 3.0308292753e+00 1.2253214376e+01
154 6.0290443381e-01 6.5156022640e-02 3.0246060952e+00 1.2214802972e+01
155 6.0292293971e-01 6.5962543123e-02 3.0767450023e+00 1.2707604860e+01
156 6.0301182460e-01 6.6255078649e-02 3.0521193107e+00 1.2527518302e+01
157 6.0318151420e-01 6.6679999614e-02 3.0213785008e+00 1.2306832485e+01
158 6.0303179103e-01 6.5953222857e-02 2.9722899380e+00 1.1885648727e+01
159 6.0320601155e-01 6.6354616795e-02 2.9478494744e+00 1.1697294316e+01
160 6.0355536956e-01 6.7434258869e-02 2.9601682933e+00 1.1837916750e+01
161 6.0345210934e-01 6.7361297084e-02 2.9628696782e+00 1.1858107094e+01
162 6.0346375560e-01 6.7083230575e-02 2.9054489058e+00 1.1423616443e+01
163 6.0344268785e-01 6.7099079983e-02 2.9037634475e+00 1.1417068305e+01
164 6.0339395481e-01 6.6794736104e-02 2.8392518725e+00 1.0917109445e+01
165 6.0326528349e-01 6.6989459278e-02 2.8213468025e+00 1.0857505271e+01
166 6.0342235816e-01 6.7636498454e-02 2.8604778401e+00 1.1179092583e+01
167 6.0315262338e-01 6.7373117687e-02 2.8804818100e+00 1.1327760697e+01
168 6.0322819473e-01 6.8079246370e-02 2.9207063030e+00 1.1663149956e+01
169 6.0364427382e-01 6.8882328190e-02 2.8707513573e+00 1.1296245650e+01
170 6.0411795090e-01 6.9538704603e-02 2.8287132286e+00 1.0980546022e+01
171 6.0367069807e-01 6.8720412948e-02 2.8050725508e+00 1.0792248365e+01
172 6.0319926042e-01 6.7583128267e-02 2.7624400629e+00 1.0392631022e+01
173 6.0342063979e-01 6.7767307532e-02 2.7460618834e+00 1.0281511014e+01
174 6.0307567888e-01 6.7553399148e-02 2.7611268958e+00 1.0407843340e+01
175 6.0302241595e-01 6.7532937860e-02 2.7590916910e+00 1.0399744847e+01
176 6.0301051541e-01 6.7601388456e-02 2.7573105505e+00 1.0389442559e+01
177 6.0213940524e-01 6.5984059655e-02 2.7612380625e+00 1.0349094726e+01
178 6.0203798464e-01 6.5930540135e-02 2.7586645792e+00 1.0347023183e+01
179 6.0238882877e-01 6.7009980707e-02 2.8018843577e+00 1.0768853959e+01
180 6.0270091799e-01 6.7431268637e-02 2.7795762787e+00 1.0602322765e+01
181 6.0276973813e-01 6.7982763503e-02 2.8029922608e+00 1.0766272957e+01
182 6.0266289281e-01 6.7333066724e-02 2.7615758769e+00 1.0429931695e+01
183 6.0283956862e-01 6.8024997099e-02 2.8101338199e+00 1.0858655287e+01
184 6.0301986007e-01 6.8662456507e-02 2.8394628569e+00 1.1095914996e+01
185 6.0303359618e-01 6.8690233727e-02 2.8346249158e+00 1.1076576350e+01
186 6.0297524326e-01 6.8726348535e-02 2.8315497287e+00 1.1064223582e+01
187 6.0326880431e-01 6.9141604681e-02 2.8077979853e+00 1.0887192258e+01
188 6.0342890649e-01 6.9805003301e-02 2.8444819453e+00 1.1186012100e+01
189 6.0354094348e-01 6.9789085400e-02 2.8140169777e+00 1.0985419365e+01
190 6.0327133849e-01 6.9563051684e-02 2.8329792330e+00 1.1122350355e+01
191 6.0322624205e-01 6.9588910285e-02 2.8331262527e+00 1.1123779466e+01
192 6.0343434729e-01 7.0073616153e-02 2.8160721693e+00 1.0967157766e+01
193 6.0382985510e-01 7.0771057165e-02 2.7732738690e+00 1.0654232735e+01
194 6.0405145963e-01 7.1164737839e-02 2.7544542800e+00 1.0507416721e+01
195 6.0395704731e-01 7.1125006744e-02 2.7517902125e+00 1.0508956809e+01
196 6.0394805851e-01 7.1128363622e-02 2.7517166633e+00 1.0508403390e+01
197 6.0395667566e-01 7.1117039565e-02 2.7463333821e+00 1.0450703826e+01
198 6.0354108602e-01 7.0161307255e-02 2.7244216067e+00 1.0254884183e+01
199 6.0349864008e-01 7.0133230290e-02 2.7233792854e+00 1.0257109684e+01
200 6.0347347565e-01 7.0217834547e-02 2.7143617060e+00 1.0221732566e+01
201 6.0346550213e-01 7.0147086223e-02 2.7121937890e+00 1.0224140926e+01
202 6.0344570535e-01 7.0154158332e-02 2.7121575121e+00 1.0223005799e+01
203 6.0342315499e-01 7.0163976439e-02 2.7122465483e+00 1.0220449911e+01
204 6.0339036293e-01 7.0184140157e-02 2.7106116986e+00 1.0214599701e+01
205 6.0353669468e-01 7.0793665434e-02 2.7589830496e+00 1.0622593227e+01
206 6.0355401186e-01 7.0803780588e-02 2.7563216421e+00 1.0615079824e+01
207 6.0364160686e-01 7.1120138925e-02 2.7320795316e+00 1.0459942871e+01
208 6.0358018213e-01 7.1066711509e-02 2.7301196363e+00 1.0462281785e+01
209 6.0359591238e-01 7.1999650794e-02 2.8120567206e+00 1.1096312905e+01
210 6.0359673388e-01 7.1987627757e-02 2.8130712280e+00 1.1100361553e+01
211 6.0331638334e-01 7.1747768126e-02 2.8327732012e+00 1.1239829110e+01
212 6.0304958979e-01 7.1091745031e-02 2.7908333560e+00 1.0897629272e+01
213 6.0309833043e-01 7.1685492608e-02 2.8024594358e+00 1.0959387214e+01
214 6.0326725523e-01 7.2083859290e-02 2.7839373663e+00 1.0805872328e+01
215 6.0322392205e-01 7.2034898003e-02 2.7860095300e+00 1.0813536103e+01
216 6.0278440196e-01 7.1172778438e-02 2.7856370072e+00 1.0828948071e+01
217 6.0296036743e-01 7.1496953193e-02 2.7656701255e+00 1.0681596521e+01
218 6.0260993403e-01 7.1336986942e-02 2.7771917150e+00 1.0783828542e+01
219 6.0303764579e-01 7.1950883018e-02 2.7344466916e+00 1.0472516628e+01
220 6.0326901377e-01 7.2209759306e-02 2.7151844433e+00 1.0341852753e+01
221 6.0322974446e-01 7.2278733829e-02 2.7187314589e+00 1.0401905823e+01
222 6.0326831223e-01 7.2574698443e-02 2.6960697554e+00 1.0266679691e+01
223 6.0324086322e-01 7.2416072426e-02 2.6849837755e+00 1.0186915194e+01
224 6.0348203616e-01 7.2718621146e-02 2.6654513872e+00 1.0052793001e+01
225 6.0372168371e-01 7.3096926347e-02 2.6477066655e+00 9.9184285891e+00
226 6.0379219882e-01 7.3467167342e-02 2.6866891811e+00 1.0309030444e+01
227 6.0374251825e-01 7.3507081729e-02 2.6831297425e+00 1.0295167148e+01
228 6.0391515922e-01 7.4004091963e-02 2.6551182033e+00 1.0114808406e+01
229 6.0411791353e-01 7.4332464164e-02 2.6336841467e+00 9.9725136990e+00
230 6.0452829525e-01 7.5114533364e-02 2.5954327656e+00 9.6987408660e+00
231 6.0451745431e-01 7.5149944383e-02 2.5911170821e+00 9.6832433501e+00
232 6.0476906378e-01 7.5533906977e-02 2.5716216927e+00 9.5484488248e+00
233 6.0516531564e-01 7.5715792205e-02 2.4907174591e+00 8.8793025084e+00
234 6.0535392760e-01 7.6137047743e-02 2.4770946893e+00 8.7728676033e+00
235 6.0535146304e-01 7.6146455203e-02 2.4773760687e+00 8.7713806091e+00
236 6.0534044214e-01 7.6166549507e-02 2.4750686118e+00 8.7645418020e+00
237 6.0600455211e-01 7.7963149487e-02 2.4904063767e+00 8.8804835838e+00
238 6.0630263222e-01 7.8933545282e-02 2.5142830470e+00 9.0145476646e+00
239 6.0625425991e-01 7.8959525799e-02 2.5130707499e+00 9.0093372897e+00
240 6.0652689179e-01 7.9114136693e-02 2.4990548970e+00 8.9280888834e+00
241 6.0660081138e-01 7.9044134013e-02 2.5029789372e+00 8.9430432153e+00
242 6.0694090492e-01 8.0259260965e-02 2.5567574433e+00 9.3149362317e+00
243 6.0685656587e-01 7.9784173674e-02 2.5373739359e+00 9.1968471502e+00
244 6.0701148820e-01 8.0038610076e-02 2.5186459247e+00 9.0922427979e+00
245 6.0701964090e-01 7.9969228136e-02 2.5061321601e+00 8.9918811873e+00
246 6.0712239441e-01 7.9589475565e-02 2.4637708526e+00 8.7100484359e+00
247 6.0716719122e-01 7.9676992688e-02 2.4604125995e+00 8.6920963056e+00
248 6.0734688354e-01 8.0024930460e-02 2.4454791508e+00 8.5925450853e+00
249 6.0714611680e-01 7.9727824505e-02 2.4657434222e+00 8.7193613274e+00
250 6.0677087104e-01 7.8850999645e-02 2.4587841059e+00 8.6678081613e+00
251 6.0721895879e-01 7.9233894865e-02 2.4297474735e+00 8.4984051421e+00
252 6.0723226470e-01 7.9206332165e-02 2.4289616394e+00 8.4991132019e+00
253 6.0725263736e-01 7.9199532090e-02 2.4289066815e+00 8.4994877261e+00
254 6.0740115823e-01 7.9788589648e-02 2.4577739477e+00 8.7017065077e+00
255 6.0745817623e-01 7.9565009424e-02 2.4100070642e+00 8.3795804602e+00
256 6.0746948939e-01 7.9554862166e-02 2.4107240009e+00 8.3822664623e+00
257 6.0744929972e-01 7.9585643545e-02 2.4058964219e+00 8.3690571339e+00
258 6.0744410867e-01 7.9558331573e-02 2.4077440546e+00 8.3856586126e+00
259 6.0781635470e-01 8.0409616409e-02 2.4151467443e+00 8.4408698803e+00
260 6.0794960216e-01 8.0971634129e-02 2.4308679728e+00 8.5467103063e+00
261 6.0797430267e-01 8.0739942348e-02 2.3906464101e+00 8.2679893901e+00
262 6.0806945134e-01 8.1079632692e-02 2.3684465351e+00 8.1583030207e+00
263 6.0790350633e-01 8.0927401367e-02 2.3706615513e+00 8.1920136450e+00
264 6.0764823454e-01 8.0645467454e-02 2.3847856575e+00 8.2823218309e+00
265 6.0788465529e-01 8.0778169789e-02 2.3723452822e+00 8.2151670740e+00
266 6.0812893097e-01 8.1032352866e-02 2.3554891661e+00 8.1179250411e+00
267 6.0809685712e-01 8.1069370994e-02 2.3524043882e+00 8.1079822749e+00
268 6.0855022725e-01 8.1616378973e-02 2.3249830780e+00 7.9389107274e+00
269 6.0857441687e-01 8.1609870343e-02 2.3247408062e+00 7.9386329903e+00
270 6.0828501092e-01 8.1331426096e-02 2.3353053412e+00 8.0107611787e+00
271 6.0828023708e-01 8.1330689535e-02 2.3356284965e+00 8.0114857148e+00
272 6.0821935760e-01 8.0585927137e-02 2.2777877355e+00 7.6393158362e+00
273 6.0774070176e-01 7.9940140149e-02 2.3045915987e+00 7.8099896169e+00
274 6.0770930092e-01 8.0066850592e-02 2.3073556669e+00 7.8197267100e+00
275 6.0752993689e-01 7.9575188667e-02 2.2872997174e+00 7.6883564908e+00
276 6.0753302159e-01 7.9610463324e-02 2.2860344145e+00 7.6803592655e+00
277 6.0752423496e-01 7.9702117501e-02 2.2890507263e+00 7.7127287309e+00
278 6.0742446645e-01 7.9801418553e-02 2.2910597170e+00 7.7616435873e+00
279 6.0739850795e-01 7.9818529894e-02 2.2867794786e+00 7.7225063669e+00
280 6.0754679700e-01 8.0419560521e-02 2.3199284710e+00 7.9626321954e+00
281 6.0778954500e-01 8.0886746727e-02 2.3116795988e+00 7.9248223894e+00
282 6.0792467443e-01 8.1179500080e-02 2.2946744985e+00 7.8133946083e+00
283 6.0800817714e-01 8.1725382519e-02 2.3145311482e+00 7.9492903802e+00
284 6.0784242764e-01 8.1205264534e-02 2.2929890803e+00 7.8219187128e+00
285 6.0729430452e-01 8.0452326037e-02 2.2835405080e+00 7.7589177836e+00
286 6.0719481579e-01 8.0514271597e-02 2.2803783719e+00 7.7480194650e+00
287 6.0742190209e-01 8.0852882781e-02 2.2671167226e+00 7.6612298178e+00
288 6.0741737233e-01 8.0934639824e-02 2.2721239952e+00 7.7017169285e+00
289 6.0745220779e-01 8.1683544186e-02 2.2913285539e+00 7.8231139179e+00
290 6.0782346044e-01 8.2259964382e-02 2.2607027766e+00 7.6517882346e+00
291 6.0781751466e-01 8.2312525074e-02 2.2584862792e+00 7.6410422188e+00
292 6.0772187637e-01 8.2309146351e-02 2.2490887282e+00 7.5454154338e+00
293 6.0767908776e-01 8.2327700323e-02 2.2488607397e+00 7.5434392753e+00
294 6.0783821964e-01 8.2812746829e-02 2.2714017157e+00 7.7029461752e+00
295 6.0804821404e-01 8.3096444001e-02 2.2538050935e+00 7.6127871069e+00
296 6.0812620616e-01 8.2882081396e-02 2.2232616854e+00 7.4455603285e+00
297 6.0806343605e-01 8.2929270464e-02 2.2194178921e+00 7.4333574220e+00
298 6.0825201232e-01 8.3270338617e-02 2.2061982546e+00 7.3509546288e+00
299 6.0824548021e-01 8.3312165294e-02 2.2029871907e+00 7.3414558429e+00
300 6.0787569606e-01 8.2505234872e-02 2.1936334583e+00 7.2807871284e+00
301 6.0762735316e-01 8.2287449823e-02 2.2083909851e+00 7.3573890961e+00
302 6.0737187751e-01 8.2004857194e-02 2.2201883229e+00 7.4329013596e+00
303 6.0725496420e-01 8.1474028948e-02 2.1949366167e+00 7.2748699221e+00
304 6.0735460510e-01 8.2064010702e-02 2.2246764118e+00 7.4746673898e+00
305 6.0725524543e-01 8.2090945566e-02 2.2257977918e+00 7.4758050164e+00
306 6.0705453840e-01 8.2588422743e-02 2.2548394354e+00 7.6572477949e+00
307 6.0730405308e-01 8.2998891611e-02 2.2648880215e+00 7.6914030129e+00
308 6.0748935204e-01 8.3483218770e-02 2.2716858592e+00 7.7209659879e+00
309 6.0727755388e-01 8.2997957804e-02 2.2456072286e+00 7.5474087273e+00
310 6.0735499097e-01 8.3164820016e-02 2.2327762403e+00 7.4813864022e+00
311 6.0768773286e-01 8.4559029627e-02 2.2836444420e+00 7.8015580517e+00
312 6.0763954727e-01 8.4637165402e-02 2.2854566506e+00 7.8171238946e+00
313 6.0730620156e-01 8.4424026856e-02 2.3005275821e+00 7.9015216388e+00
314 6.0727758606e-01 8.4465470499e-02 2.2970263343e+00 7.8905049282e+00
315 6.0728826185e-01 8.4487776027e-02 2.2942092847e+00 7.8823680958e+00
316 6.0719742790e-01 8.4531764700e-02 2.2929035363e+00 7.8766346225e+00
317 6.0674178541e-01 8.3936611283e-02 2.2962012121e+00 7.9123947515e+00
318 6.0691569620e-01 8.4955841909e-02 2.3289667406e+00 8.1039914355e+00
319 6.0685066098e-01 8.4913847507e-02 2.3272148497e+00 8.0931630130e+00
320 6.0626396493e-01 8.3809015311e-02 2.3375670680e+00 8.1779790982e+00
321 6.0648658677e-01 8.4081954254e-02 2.3234559431e+00 8.0899024086e+00
322 6.0624620500e-01 8.3674224815e-02 2.3046386795e+00 7.9728981052e+00
323 6.0621613516e-01 8.3695514024e-02 2.3033750202e+00 7.9688296156e+00
324 6.0653983841e-01 8.4658643743e-02 2.3314226843e+00 8.1302534907e+00
325 6.0657246758e-01 8.4664261969e-02 2.3296998162e+00 8.1246167934e+00
326 6.0651830557e-01 8.4685370755e-02 2.3293506077e+00 8.1230764530e+00
327 6.0671688777e-01 8.4238261532e-02 2.2586642018e+00 7.6440894601e+00
328 6.0687400299e-01 8.4895370981e-02 2.2965267739e+00 7.9165285754e+00
329 6.0705269380e-01 8.5202727229e-02 2.2824448411e+00 7.8295326407e+00
330 6.0716823402e-01 8.5804423459e-02 2.3071343425e+00 7.9976453833e+00
331 6.0756060682e-01 8.6386712470e-02 2.2778800124e+00 7.8262153343e+00
332 6.0749659637e-01 8.6406266921e-02 2.2782572089e+00 7.8261287745e+00
333 6.0731272121e-01 8.5798527303e-02 2.2638795282e+00 7.7517223624e+00
334 6.0711863060e-01 8.5028776502e-02 2.2265212890e+00 7.4962663545e+00
335 6.0717787105e-01 8.5665589970e-02 2.2548896003e+00 7.6974092960e+00
336 6.0738507820e-01 8.5953293815e-02 2.2426440047e+00 7.6186304568e+00
337 6.0737838655e-01 8.6038513234e-02 2.2445730438e+00 7.6231662579e+00
338 6.0720403136e-01 8.6358351281e-02 2.2734357847e+00 7.7951157150e+00
339 6.0742319770e-01 8.6641035112e-02 2.2600822225e+00 7.7138664960e+00
340 6.0695272858e-01 8.5683614711e-02 2.2473677780e+00 7.6228174176e+00
341 6.0733104071e-01 8.6254877947e-02 2.2358681631e+00 7.5427613205e+00
342 6.0768352902e-01 8.6747318898e-02 2.2100268913e+00 7.3955939937e+00
343 6.0725102511e-01 8.6064557129e-02 2.2058937612e+00 7.3760118676e+00
344 6.0760334414e-01 8.6962457668e-02 2.2141481152e+00 7.4310655305e+00
345 6.0756666938e-01 8.6978622292e-02 2.2175991330e+00 7.4567797400e+00
346 6.0754293062e-01 8.6983121263e-02 2.2180960765e+00 7.4575368926e+00
347 6.0746376765e-01 8.7016328082e-02 2.2176401092e+00 7.4548339330e+00
348 6.0742147628e-01 8.7098683624e-02 2.2235903014e+00 7.5012873196e+00
349 6.0740443405e-01 8.7073490770e-02 2.2218720472e+00 7.4959142684e+00
350 6.0725102522e-01 8.6483725835e-02 2.1951832721e+00 7.3318881758e+00
351 6.0761493640e-01 8.7493682374e-02 2.2203300205e+00 7.4600947621e+00
352 6.0727065177e-01 8.6650573910e-02 2.2125606718e+00 7.4039533021e+00
353 6.0724597281e-01 8.6650098713e-02 2.2123682873e+00 7.4035648078e+00
354 6.0700899431e-01 8.6352353251e-02 2.2096801109e+00 7.4167717053e+00
355 6.0731749214e-01 8.7351620598e-02 2.2348775995e+00 7.5520356332e+00
356 6.0771415734e-01 8.8088824962e-02 2.2377838683e+00 7.5680353224e+00
357 6.0772186306e-01 8.8094908577e-02 2.2370784124e+00 7.5652079724e+00
358 6.0788294420e-01 8.8634455228e-02 2.2578381529e+00 7.6942950009e+00
359 6.0807490371e-01 8.8839418498e-02 2.2448919872e+00 7.6252466588e+00
360 6.0808128264e-01 8.8837276767e-02 2.2447040548e+00 7.6256637235e+00
361 6.0822665594e-01 8.9424356278e-02 2.2697116407e+00 7.7919605618e+00
362 6.0804714022e-01 8.8856551309e-02 2.2495440144e+00 7.6662359313e+00
363 6.0819138208e-01 8.9083479819e-02 2.2317684102e+00 7.5450804298e+00
364 6.0794029901e-01 8.8817487910e-02 2.2453486250e+00 7.6259643292e+00
365 6.0789538665e-01 8.8850840412e-02 2.2434828664e+00 7.6199613877e+00
