1 5.9282947138e-01 1.1102230246e-16 1.0000000000e+00 1.0000000000e+00
2 5.9302150070e-01 7.5060061729e-03 2.9705934726e+01 9.2422428197e+02
3 5.9299412149e-01 7.7702873376e-03 2.6603782058e+01 8.0685100304e+02
4 5.9322476012e-01 1.0715323482e-02 2.0325605115e+01 4.4391854173e+02
5 5.9316069989e-01 1.0960988017e-02 1.8933379109e+01 4.0643879791e+02
6 5.9317596507e-01 1.1010164029e-02 1.8669244497e+01 3.9914909813e+02
7 5.9312842977e-01 1.1130049583e-02 1.8001799702e+01 3.8290194225e+02
8 5.9308761254e-01 1.1320380115e-02 1.7063244043e+01 3.5850274738e+02
9 5.9304659424e-01 1.1442760950e-02 1.6449073401e+01 3.4399229853e+02
10 5.9288274363e-01 1.1735973947e-02 1.5111984956e+01 3.1242087300e+02
11 5.9283447040e-01 1.1809454099e-02 1.4821828624e+01 3.0501303643e+02
12 5.9285736433e-01 1.1835476230e-02 1.4721255823e+01 3.0222891828e+02
13 5.9291644349e-01 1.1860698125e-02 1.4621812247e+01 2.9937193644e+02
14 5.9309669598e-01 1.4078625044e-02 1.3181741839e+01 2.2505990376e+02
15 5.9316919333e-01 1.4127102386e-02 1.3034017657e+01 2.2173807731e+02
16 5.9309047146e-01 1.4289525904e-02 1.2533075530e+01 2.1241957142e+02
17 5.9317518145e-01 1.6219131647e-02 1.1661219921e+01 1.7358959478e+02
18 5.9316791559e-01 1.6274348384e-02 1.1540069057e+01 1.7127249378e+02
19 5.9319132819e-01 1.6320816070e-02 1.1438061377e+01 1.6927464452e+02
20 5.9363382323e-01 1.9367987815e-02 1.0235693265e+01 1.2599762130e+02
21 5.9357027699e-01 1.9411751452e-02 1.0171971749e+01 1.2500397896e+02
22 5.9380306625e-01 2.0852314441e-02 9.5447292884e+00 1.0885621113e+02
23 5.9415255337e-01 2.3386319793e-02 8.6590726725e+00 8.7656509289e+01
24 5.9435483831e-01 2.4608098436e-02 8.2815147645e+00 7.9715952347e+01
25 5.9458664681e-01 2.5641331446e-02 7.9836677884e+00 7.3440293045e+01
26 5.9483547267e-01 2.6673919145e-02 7.7149298225e+00 6.8062592436e+01
27 5.9525849279e-01 2.8609636617e-02 7.2276550163e+00 5.9153101312e+01
28 5.9536794516e-01 2.9626857800e-02 6.9572419143e+00 5.5015222982e+01
29 5.9527663874e-01 2.9731951741e-02 6.8831122515e+00 5.4343493470e+01
30 5.9530033653e-01 2.9688312107e-02 6.8437243249e+00 5.3955455509e+01
31 5.9530291824e-01 2.9720389871e-02 6.7901142079e+00 5.3441019207e+01
32 5.9524224420e-01 2.9742302530e-02 6.7790027196e+00 5.3340537830e+01
33 5.9516421163e-01 2.9838789676e-02 6.7117945658e+00 5.2738790592e+01
34 5.9537398953e-01 3.0773101684e-02 6.5139866901e+00 4.9601149412e+01
35 5.9534859549e-01 3.0692744980e-02 6.5004504335e+00 4.9500513012e+01
36 5.9530931072e-01 3.0697579371e-02 6.5010318092e+00 4.9502668119e+01
37 5.9529703553e-01 3.0711411170e-02 6.4927783556e+00 4.9424479713e+01
38 5.9537697926e-01 3.1702822017e-02 6.2678812346e+00 4.6271230620e+01
39 5.9619187549e-01 3.4938072256e-02 5.7487005487e+00 3.8387883491e+01
40 5.9629372183e-01 3.5770108110e-02 5.6061048461e+00 3.6579632804e+01
41 5.9618865297e-01 3.5852945321e-02 5.5720738168e+00 3.6312599507e+01
42 5.9616519388e-01 3.5892047471e-02 5.5528351568e+00 3.6173461263e+01
43 5.9636332982e-01 3.6779661356e-02 5.4233045228e+00 3.4584668892e+01
44 5.9647228205e-01 3.8138236460e-02 5.6834316216e+00 3.8965693042e+01
45 5.9644791375e-01 3.8146392062e-02 5.6812620529e+00 3.8947069737e+01
46 5.9648753934e-01 3.8177428763e-02 5.6641892764e+00 3.8798131629e+01
47 5.9717936513e-01 3.9968965406e-02 5.3678332528e+00 3.4592379159e+01
48 5.9748296066e-01 4.0629284411e-02 5.2664349141e+00 3.3241781888e+01
49 5.9769940216e-01 4.1340917200e-02 5.1805593117e+00 3.2053146047e+01
50 5.9789293477e-01 4.1977195997e-02 5.0946481233e+00 3.0930451515e+01
51 5.9798972721e-01 4.2678788698e-02 4.9885226997e+00 2.9718746835e+01
52 5.9844429300e-01 4.3864067741e-02 4.8228410416e+00 2.7744028101e+01
53 5.9852269977e-01 4.3901649880e-02 4.8060581819e+00 2.7616436306e+01
54 5.9849747829e-01 4.3899049873e-02 4.8093863547e+00 2.7632714351e+01
55 5.9822583372e-01 4.3316786625e-02 4.8802822183e+00 2.8513379006e+01
56 5.9838014869e-01 4.3866762931e-02 4.8035014094e+00 2.7620248450e+01
57 5.9904506464e-01 4.6149871645e-02 4.8271797795e+00 2.8244687613e+01
58 5.9929325620e-01 4.6689262417e-02 4.7532306582e+00 2.7371554845e+01
59 5.9926132511e-01 4.6721176781e-02 4.7452550866e+00 2.7310292939e+01
60 5.9888382797e-01 4.5102342934e-02 4.6845847825e+00 2.6469236330e+01
61 5.9899856343e-01 4.6155611383e-02 4.8484716818e+00 2.8962233972e+01
62 5.9898447582e-01 4.6177353172e-02 4.8422338381e+00 2.8913558851e+01
63 5.9928229195e-01 4.6790381997e-02 4.7697506537e+00 2.7993113570e+01
64 5.9924005922e-01 4.6812741592e-02 4.7649344162e+00 2.7957362465e+01
65 5.9902599648e-01 4.5768117046e-02 4.5727128931e+00 2.5419989003e+01
66 5.9901027905e-01 4.5821732150e-02 4.5538805374e+00 2.5308121814e+01
67 5.9900631622e-01 4.5895188444e-02 4.5277185131e+00 2.5156154518e+01
68 5.9893661560e-01 4.5959360727e-02 4.5102818304e+00 2.5047039409e+01
69 5.9937989902e-01 4.8560471705e-02 4.6672145820e+00 2.7040563994e+01
70 5.9933720610e-01 4.8573430848e-02 4.6652468746e+00 2.7029059880e+01
71 5.9953539533e-01 4.9093241119e-02 4.6041925952e+00 2.6280135697e+01
72 5.9970213967e-01 4.9650341860e-02 4.5339150399e+00 2.5491632320e+01
73 5.9997608939e-01 5.0164318736e-02 4.4709496360e+00 2.4777273458e+01
74 5.9992152173e-01 5.0143183796e-02 4.4657825472e+00 2.4769649594e+01
75 5.9983660742e-01 5.0207459535e-02 4.4502858457e+00 2.4678252795e+01
76 5.9981279991e-01 5.0275067293e-02 4.4457657190e+00 2.4620837122e+01
77 5.9982206427e-01 5.0287753205e-02 4.4415389343e+00 2.4593064408e+01
78 6.0002002066e-01 5.0797350609e-02 4.3791657802e+00 2.3925900286e+01
79 6.0012925913e-01 5.1762500944e-02 4.4313881286e+00 2.4517856713e+01
80 6.0033769447e-01 5.2209172863e-02 4.3680429716e+00 2.3864460482e+01
81 6.0025697514e-01 5.2253497009e-02 4.3600258691e+00 2.3812011999e+01
82 6.0027136776e-01 5.2317331625e-02 4.3572467808e+00 2.3774301578e+01
83 6.0043873325e-01 5.2855705215e-02 4.3042415242e+00 2.3273558077e+01
84 6.0049998417e-01 5.2869975888e-02 4.2973776146e+00 2.3228566004e+01
85 6.0080055625e-01 5.3428097131e-02 4.2499339164e+00 2.2643525961e+01
86 6.0033891976e-01 5.2059770178e-02 4.2105547035e+00 2.2239451635e+01
87 6.0049926159e-01 5.2947727468e-02 4.2803574859e+00 2.3009478041e+01
88 6.0045059406e-01 5.2994552777e-02 4.2703340079e+00 2.2945361182e+01
89 6.0049022807e-01 5.2995468968e-02 4.2678589136e+00 2.2931029977e+01
90 6.0051055567e-01 5.2998361551e-02 4.2659267769e+00 2.2919614081e+01
91 6.0049266093e-01 5.2997058704e-02 4.2672191322e+00 2.2927625871e+01
92 6.0069593968e-01 5.3551853284e-02 4.2115039852e+00 2.2316869430e+01
93 6.0076522659e-01 5.4487640305e-02 4.2795941364e+00 2.3094460287e+01
94 6.0078988554e-01 5.4472925675e-02 4.2823290775e+00 2.3111062696e+01
95 6.0079947917e-01 5.4500583505e-02 4.2751596235e+00 2.3061556100e+01
96 6.0070653318e-01 5.4508605189e-02 4.2669046590e+00 2.3030561640e+01
97 6.0070125132e-01 5.4527079872e-02 4.2624870289e+00 2.3001289107e+01
98 6.0047118701e-01 5.4304399122e-02 4.2987011182e+00 2.3385674352e+01
99 6.0043787917e-01 5.4312837565e-02 4.2983361933e+00 2.3381746325e+01
100 6.0037105948e-01 5.3400606117e-02 4.2133552660e+00 2.2465465283e+01
101 6.0084521931e-01 5.4245571316e-02 4.1136168180e+00 2.1426412690e+01
102 6.0078614957e-01 5.4349126846e-02 4.1040253903e+00 2.1357471024e+01
103 6.0114313718e-01 5.5766135004e-02 4.1237371577e+00 2.1580482791e+01
104 6.0113929775e-01 5.5742828276e-02 4.1167584500e+00 2.1554918953e+01
105 6.0077511074e-01 5.4429509095e-02 4.0854025862e+00 2.1249246503e+01
106 6.0079776465e-01 5.4416549233e-02 4.0878469869e+00 2.1261747182e+01
107 6.0089511122e-01 5.5329326258e-02 4.1647561432e+00 2.2091629564e+01
108 6.0105450178e-01 5.5754745733e-02 4.1163806414e+00 2.1587464652e+01
109 6.0132291387e-01 5.6332901610e-02 4.0624390321e+00 2.1016805133e+01
110 6.0121360390e-01 5.6443330212e-02 4.0526925272e+00 2.0937678191e+01
111 6.0141416971e-01 5.8005475318e-02 4.1029664366e+00 2.1344715324e+01
112 6.0185273977e-01 5.8676898581e-02 4.0178721298e+00 2.0523038520e+01
113 6.0202645723e-01 5.9153613751e-02 3.9640632501e+00 2.0030883785e+01
114 6.0246736071e-01 6.0144859559e-02 3.8884833707e+00 1.9302667767e+01
115 6.0259570023e-01 6.0661992257e-02 3.8410337423e+00 1.8850833812e+01
116 6.0215192399e-01 5.9518518300e-02 3.8358783463e+00 1.8864003561e+01
117 6.0208125859e-01 5.9547917593e-02 3.8328633372e+00 1.8845760127e+01
118 6.0208194883e-01 5.9482947953e-02 3.8315518508e+00 1.8869109269e+01
119 6.0222560196e-01 5.9840137692e-02 3.7902977083e+00 1.8502473283e+01
120 6.0232699503e-01 6.0394336706e-02 3.7380925538e+00 1.8044621031e+01
121 6.0252352231e-01 6.0659208420e-02 3.6793846271e+00 1.7520562951e+01
122 6.0244768853e-01 6.0692202581e-02 3.6721007998e+00 1.7488090789e+01
123 6.0242189976e-01 6.0725938346e-02 3.6668409474e+00 1.7455827619e+01
124 6.0245840812e-01 6.0738075366e-02 3.6625768575e+00 1.7433869632e+01
125 6.0236250464e-01 6.0809681759e-02 3.6520791666e+00 1.7377452679e+01
126 6.0250438589e-01 6.1625536120e-02 3.7036911309e+00 1.7868225311e+01
127 6.0250611162e-01 6.1621034312e-02 3.6968024992e+00 1.7845402357e+01
128 6.0293714959e-01 6.2790114657e-02 3.7059757799e+00 1.7918203978e+01
129 6.0342176200e-01 6.3718822420e-02 3.6350296762e+00 1.7211975149e+01
130 6.0384792801e-01 6.4772031234e-02 3.5617132423e+00 1.6506256000e+01
131 6.0392605444e-01 6.4808601678e-02 3.5528963618e+00 1.6462738314e+01
132 6.0367853797e-01 6.4134031807e-02 3.5191090950e+00 1.6199191797e+01
133 6.0385941928e-01 6.4615248796e-02 3.4786285160e+00 1.5860176738e+01
134 6.0375234789e-01 6.4674321430e-02 3.4761735902e+00 1.5845397140e+01
135 6.0371381351e-01 6.4689097690e-02 3.4752347104e+00 1.5839487393e+01
136 6.0367478447e-01 6.4706640538e-02 3.4737510212e+00 1.5831047603e+01
137 6.0374003735e-01 6.4782365981e-02 3.4720867642e+00 1.5804754832e+01
138 6.0328163202e-01 6.3634315894e-02 3.4520481694e+00 1.5652054623e+01
139 6.0331804444e-01 6.3623003061e-02 3.4526352453e+00 1.5654677473e+01
140 6.0339696465e-01 6.3665776404e-02 3.4522745338e+00 1.5640421114e+01
141 6.0288798636e-01 6.2838200185e-02 3.5074115865e+00 1.6119879903e+01
142 6.0286697003e-01 6.2676938339e-02 3.4856205318e+00 1.5906812966e+01
143 6.0304931783e-01 6.3111864743e-02 3.4476605883e+00 1.5590896694e+01
144 6.0336970865e-01 6.3959881552e-02 3.3799281067e+00 1.5007982907e+01
145 6.0325375218e-01 6.4033871956e-02 3.3807763619e+00 1.5001097958e+01
146 6.0301653607e-01 6.3705788941e-02 3.4017854902e+00 1.5217542359e+01
147 6.0316295693e-01 6.3998279552e-02 3.3709029711e+00 1.4977898359e+01
148 6.0327000574e-01 6.4652231837e-02 3.3737103155e+00 1.4980287966e+01
149 6.0324146125e-01 6.4658627523e-02 3.3747888416e+00 1.4984005090e+01
150 6.0320333090e-01 6.4701476830e-02 3.3658353509e+00 1.4942347878e+01
151 6.0324268348e-01 6.5494129527e-02 3.3991824433e+00 1.5209312505e+01
152 6.0324321425e-01 6.5356223561e-02 3.3929156556e+00 1.5168700409e+01
153 6.0321399370e-01 6.5298326324e-02 3.3880148296e+00 1.5162879106e+01
154 6.0319112911e-01 6.5303834626e-02 3.3881452302e+00 1.5162539574e+01
155 6.0317093710e-01 6.5321201162e-02 3.3859410560e+00 1.5150962269e+01
156 6.0260023652e-01 6.3644345789e-02 3.3592573544e+00 1.5005211840e+01
157 6.0250800914e-01 6.3752953515e-02 3.3531579549e+00 1.4969700860e+01
158 6.0240216308e-01 6.3072087883e-02 3.3073537245e+00 1.4598334193e+01
159 6.0203769405e-01 6.2080160663e-02 3.3006105213e+00 1.4574293850e+01
160 6.0227496559e-01 6.2481600413e-02 3.2718944905e+00 1.4317837588e+01
161 6.0201853085e-01 6.2075801165e-02 3.2919580656e+00 1.4544205564e+01
162 6.0188218746e-01 6.2211002235e-02 3.2819366482e+00 1.4493420457e+01
163 6.0189183494e-01 6.2210077389e-02 3.2820711833e+00 1.4491801195e+01
164 6.0179518847e-01 6.2251367991e-02 3.2790328724e+00 1.4474787321e+01
165 6.0176288679e-01 6.2234990254e-02 3.2816322304e+00 1.4506048534e+01
166 6.0177114041e-01 6.2229332670e-02 3.2823988611e+00 1.4509246420e+01
167 6.0161493774e-01 6.1472552403e-02 3.2042416818e+00 1.3829568794e+01
168 6.0177508665e-01 6.2135557785e-02 3.2381536506e+00 1.4092255162e+01
169 6.0175844798e-01 6.1881298314e-02 3.1797587445e+00 1.3668434539e+01
170 6.0177438704e-01 6.2049021995e-02 3.1730847525e+00 1.3623340307e+01
171 6.0175753315e-01 6.2075605458e-02 3.1689226529e+00 1.3604517783e+01
172 6.0196272216e-01 6.2693737149e-02 3.1451394026e+00 1.3380003416e+01
173 6.0192375646e-01 6.2720016775e-02 3.1424545375e+00 1.3366319591e+01
174 6.0164285696e-01 6.2131879713e-02 3.1564323679e+00 1.3550456950e+01
175 6.0225095296e-01 6.3815984117e-02 3.1827908582e+00 1.3854836977e+01
176 6.0224469981e-01 6.3842261043e-02 3.1782977684e+00 1.3834834240e+01
177 6.0224531854e-01 6.3848747600e-02 3.1735617614e+00 1.3807034671e+01
178 6.0190579094e-01 6.2879588448e-02 3.1682549282e+00 1.3807550158e+01
179 6.0220479260e-01 6.3317786225e-02 3.1411966772e+00 1.3563516693e+01
180 6.0249002537e-01 6.3870102274e-02 3.1155473487e+00 1.3321489895e+01
181 6.0250473619e-01 6.3881172217e-02 3.1131053734e+00 1.3309481702e+01
182 6.0251493618e-01 6.3893212043e-02 3.1105231277e+00 1.3297797210e+01
183 6.0275674966e-01 6.4295967135e-02 3.0824443083e+00 1.3067096281e+01
184 6.0300644819e-01 6.4700099546e-02 3.0568054640e+00 1.2849222499e+01
185 6.0301731867e-01 6.4704027995e-02 3.0557969042e+00 1.2844073501e+01
186 6.0256662615e-01 6.3319221073e-02 2.9928478947e+00 1.2206203696e+01
187 6.0274374169e-01 6.3841676885e-02 2.9703214351e+00 1.2010319984e+01
188 6.0314243625e-01 6.5017224864e-02 3.0206356349e+00 1.2525923535e+01
189 6.0302881158e-01 6.5083149089e-02 3.0105480557e+00 1.2487013869e+01
190 6.0324847395e-01 6.5451253225e-02 2.9885447220e+00 1.2292165661e+01
191 6.0304378349e-01 6.5450578231e-02 2.9827632310e+00 1.2277885305e+01
192 6.0327847373e-01 6.6049963577e-02 3.0014498598e+00 1.2414118318e+01
193 6.0346408546e-01 6.6568764008e-02 2.9739166361e+00 1.2193451896e+01
194 6.0368414490e-01 6.6979703173e-02 2.9449159532e+00 1.1980845435e+01
195 6.0395736920e-01 6.7216007817e-02 2.9219736323e+00 1.1819546101e+01
196 6.0414236845e-01 6.7750600201e-02 2.9030495354e+00 1.1647672983e+01
197 6.0413741578e-01 6.7685844385e-02 2.9029558534e+00 1.1661857066e+01
198 6.0403822318e-01 6.7699752880e-02 2.8992917431e+00 1.1650470094e+01
199 6.0388126895e-01 6.7358067809e-02 2.8842577832e+00 1.1514468049e+01
200 6.0379542367e-01 6.7295801743e-02 2.8857335470e+00 1.1532038414e+01
201 6.0381874597e-01 6.7309200973e-02 2.8852884625e+00 1.1528692557e+01
202 6.0358779203e-01 6.6899035964e-02 2.9058655450e+00 1.1702564080e+01
203 6.0384437473e-01 6.7216377158e-02 2.8837655505e+00 1.1533484431e+01
204 6.0425089422e-01 6.8386775455e-02 2.9141446400e+00 1.1808324884e+01
205 6.0422734340e-01 6.8401609498e-02 2.9127916401e+00 1.1802544294e+01
206 6.0427519534e-01 6.8393348216e-02 2.9120023752e+00 1.1800000479e+01
207 6.0423816977e-01 6.8410552154e-02 2.9110912039e+00 1.1794882319e+01
208 6.0474784156e-01 6.9053025099e-02 2.8681870346e+00 1.1469543935e+01
209 6.0462126780e-01 6.9130320718e-02 2.8611694670e+00 1.1442942925e+01
210 6.0455005381e-01 6.9164414312e-02 2.8591824494e+00 1.1432885980e+01
211 6.0490799511e-01 7.0240568528e-02 2.8747691043e+00 1.1536518824e+01
212 6.0479404736e-01 6.9516889566e-02 2.8193780428e+00 1.1066215189e+01
213 6.0481246580e-01 6.9540501364e-02 2.8174742413e+00 1.1059311253e+01
214 6.0509286386e-01 6.9849950724e-02 2.7959695966e+00 1.0903067927e+01
215 6.0572018771e-01 7.1247592732e-02 2.7899574624e+00 1.0850862992e+01
216 6.0582382189e-01 7.1937426331e-02 2.8217830505e+00 1.1081112871e+01
217 6.0596006879e-01 7.2706944368e-02 2.8612655220e+00 1.1433521303e+01
218 6.0592777205e-01 7.2616906816e-02 2.8530262056e+00 1.1348293142e+01
219 6.0592521823e-01 7.2648281531e-02 2.8532864053e+00 1.1342997726e+01
220 6.0600100458e-01 7.3278879949e-02 2.8691508361e+00 1.1445150696e+01
221 6.0632791111e-01 7.3826594470e-02 2.8306364291e+00 1.1161869595e+01
222 6.0631932930e-01 7.3825297128e-02 2.8252527396e+00 1.1145509540e+01
223 6.0639789081e-01 7.4433023777e-02 2.8455942452e+00 1.1275852941e+01
224 6.0636083233e-01 7.4479196027e-02 2.8405348827e+00 1.1255292670e+01
225 6.0658138244e-01 7.5090294339e-02 2.8672710800e+00 1.1440962644e+01
226 6.0647778047e-01 7.5146798315e-02 2.8635646120e+00 1.1423619384e+01
227 6.0647018854e-01 7.5134640211e-02 2.8560007407e+00 1.1380484828e+01
228 6.0637463114e-01 7.5131638103e-02 2.8518410104e+00 1.1351648888e+01
229 6.0664105658e-01 7.5557738686e-02 2.8289446249e+00 1.1176483486e+01
230 6.0662640818e-01 7.5570054080e-02 2.8278506693e+00 1.1171605681e+01
231 6.0684919830e-01 7.5875030142e-02 2.8076708112e+00 1.1024000288e+01
232 6.0665093497e-01 7.5246485883e-02 2.7899836968e+00 1.0924164394e+01
233 6.0720795096e-01 7.6629776705e-02 2.7746789662e+00 1.0807483314e+01
234 6.0741413397e-01 7.7014493626e-02 2.7537394739e+00 1.0653279841e+01
235 6.0703582198e-01 7.6035716518e-02 2.7440983666e+00 1.0594124868e+01
236 6.0699359142e-01 7.6108208061e-02 2.7422509735e+00 1.0581131058e+01
237 6.0678342006e-01 7.5434181350e-02 2.7192808806e+00 1.0437473428e+01
238 6.0674856774e-01 7.5496646251e-02 2.7155220743e+00 1.0419492445e+01
239 6.0701822341e-01 7.5501172503e-02 2.6535611979e+00 9.9881594403e+00
240 6.0717872092e-01 7.6115599742e-02 2.6900415185e+00 1.0253360143e+01
241 6.0736774000e-01 7.6792019533e-02 2.7245542053e+00 1.0520467846e+01
242 6.0736144032e-01 7.6750946210e-02 2.7253073701e+00 1.0529072673e+01
243 6.0728332982e-01 7.6823128277e-02 2.7249323323e+00 1.0524942020e+01
244 6.0737511540e-01 7.7329150857e-02 2.7241446948e+00 1.0487594619e+01
245 6.0735339513e-01 7.7344456140e-02 2.7229615301e+00 1.0482956165e+01
246 6.0736828674e-01 7.7356286864e-02 2.7223013580e+00 1.0479398392e+01
247 6.0732299233e-01 7.7434453603e-02 2.7192099682e+00 1.0460282337e+01
248 6.0796567090e-01 7.8860858717e-02 2.7081441707e+00 1.0365577350e+01
249 6.0822438115e-01 7.9300158589e-02 2.6869466481e+00 1.0213159850e+01
250 6.0847721524e-01 7.9587524484e-02 2.6671426413e+00 1.0084308306e+01
251 6.0811688198e-01 7.8692832399e-02 2.6615277733e+00 1.0063790091e+01
252 6.0830189357e-01 7.9276937828e-02 2.6854725723e+00 1.0222265661e+01
253 6.0880968540e-01 7.9989524127e-02 2.6518140540e+00 9.9720737501e+00
254 6.0895087344e-01 8.0354737046e-02 2.6279116463e+00 9.8297072674e+00
255 6.0892702467e-01 8.0331331283e-02 2.6276924595e+00 9.8340084887e+00
256 6.0893028588e-01 8.0290759719e-02 2.6244805267e+00 9.8189042756e+00
257 6.0889549917e-01 8.0419514181e-02 2.6227923551e+00 9.8022001848e+00
258 6.0902358686e-01 8.0929221403e-02 2.6333132311e+00 9.8471113427e+00
259 6.0903269347e-01 8.0934355836e-02 2.6324264269e+00 9.8434445610e+00
260 6.0883464040e-01 8.0143353558e-02 2.6067849164e+00 9.6716863750e+00
261 6.0904606933e-01 8.0443385274e-02 2.5893318003e+00 9.5538543219e+00
262 6.0898928102e-01 8.0474652915e-02 2.5876642349e+00 9.5470056439e+00
263 6.0861246298e-01 7.9604826784e-02 2.5811973943e+00 9.5068518055e+00
264 6.0846462497e-01 7.9151298937e-02 2.5706600184e+00 9.4451812122e+00
265 6.0854019743e-01 7.9097174048e-02 2.5674816331e+00 9.4356453854e+00
266 6.0833153806e-01 7.8532919854e-02 2.5424037911e+00 9.2930175113e+00
267 6.0836599335e-01 7.8566548177e-02 2.5433191786e+00 9.2946563972e+00
268 6.0835552208e-01 7.8558063985e-02 2.5437577839e+00 9.2975461001e+00
269 6.0845068862e-01 7.9133993857e-02 2.5588839760e+00 9.3884100442e+00
270 6.0829127969e-01 7.9186019637e-02 2.5619316637e+00 9.3957538396e+00
271 6.0840411068e-01 7.9477948625e-02 2.5432527562e+00 9.2707610331e+00
272 6.0802768887e-01 7.8599535746e-02 2.5352284313e+00 9.2120349278e+00
273 6.0818108328e-01 7.9143265481e-02 2.5506643759e+00 9.3087708700e+00
274 6.0811924960e-01 7.9208811956e-02 2.5503308453e+00 9.3033310384e+00
275 6.0804323329e-01 7.8785509144e-02 2.5363863184e+00 9.2201778298e+00
276 6.0780297960e-01 7.8612312015e-02 2.5560369605e+00 9.3568907566e+00
277 6.0811046588e-01 7.8796930656e-02 2.5011312864e+00 8.9757919588e+00
278 6.0807895534e-01 7.8831244095e-02 2.4981215434e+00 8.9651679225e+00
279 6.0804357558e-01 7.8834998582e-02 2.4932706033e+00 8.9522496081e+00
280 6.0823213721e-01 7.9155545768e-02 2.4742740978e+00 8.8384432168e+00
281 6.0822316859e-01 7.9220577078e-02 2.4723968897e+00 8.8290158513e+00
282 6.0799228229e-01 7.8883889309e-02 2.4882458921e+00 8.9374227349e+00
283 6.0842800233e-01 7.9985784011e-02 2.5395051677e+00 9.4513864500e+00
284 6.0840097246e-01 8.0138902836e-02 2.5381038228e+00 9.4691517443e+00
285 6.0844425154e-01 7.9572319439e-02 2.4580702374e+00 8.8136836614e+00
286 6.0842370337e-01 7.9591649332e-02 2.4573213186e+00 8.8107486721e+00
287 6.0931304516e-01 8.1617538564e-02 2.4838033535e+00 8.9839350645e+00
288 6.0970938690e-01 8.2182739562e-02 2.4506881653e+00 8.7759930829e+00
289 6.0968395406e-01 8.2171987538e-02 2.4512033883e+00 8.7801436143e+00
290 6.0967547767e-01 8.2150788461e-02 2.4524691220e+00 8.7850562348e+00
291 6.0970856547e-01 8.2148321333e-02 2.4502198769e+00 8.7801653330e+00
292 6.1001666916e-01 8.3014063466e-02 2.4420788248e+00 8.6863076617e+00
293 6.0994660394e-01 8.2874175362e-02 2.4367714678e+00 8.6603722050e+00
294 6.1041310350e-01 8.3506856019e-02 2.4070614765e+00 8.4629398538e+00
295 6.1038910367e-01 8.3546284140e-02 2.4056291911e+00 8.4540903825e+00
296 6.1041128508e-01 8.3539760892e-02 2.4054926994e+00 8.4540911700e+00
297 6.1066741609e-01 8.3848105252e-02 2.3897571334e+00 8.3560298428e+00
298 6.1043512161e-01 8.3701306178e-02 2.3988995970e+00 8.4191961078e+00
299 6.1024182850e-01 8.3360546146e-02 2.4127671448e+00 8.5099868340e+00
300 6.1019792869e-01 8.3344027460e-02 2.4123562360e+00 8.5127797773e+00
301 6.1041536141e-01 8.3612213752e-02 2.3960250501e+00 8.4129939518e+00
302 6.1044873896e-01 8.3568180980e-02 2.3957038232e+00 8.4153335664e+00
303 6.1070157036e-01 8.3784282122e-02 2.3820983739e+00 8.3360489888e+00
304 6.1067862875e-01 8.3770038381e-02 2.3803937500e+00 8.3217651812e+00
305 6.1112645314e-01 8.4216140606e-02 2.3515584113e+00 8.1558375943e+00
306 6.1042853371e-01 8.2928838551e-02 2.3531224333e+00 8.1721017307e+00
307 6.1021800902e-01 8.2278449842e-02 2.3200337703e+00 7.9713651461e+00
308 6.1018563493e-01 8.2173373250e-02 2.3133261429e+00 7.9226917850e+00
309 6.1009786151e-01 8.2026195774e-02 2.3009528171e+00 7.8483916051e+00
310 6.0996816976e-01 8.1963996157e-02 2.3013755053e+00 7.8584425086e+00
311 6.1003743269e-01 8.2525213746e-02 2.3164947853e+00 7.9419714674e+00
312 6.1020230140e-01 8.2818493989e-02 2.2994514542e+00 7.8496002076e+00
313 6.1030561370e-01 8.2712599507e-02 2.3011525409e+00 7.8615686757e+00
314 6.1029520737e-01 8.2823097838e-02 2.3051849971e+00 7.8893996228e+00
315 6.0963115016e-01 8.1951225712e-02 2.3166613809e+00 7.9676297993e+00
316 6.0961704999e-01 8.1885513657e-02 2.3163977527e+00 7.9733423324e+00
317 6.0991420546e-01 8.2992830562e-02 2.3625016736e+00 8.2712196616e+00
318 6.0984727058e-01 8.2982675859e-02 2.3612439209e+00 8.2672139273e+00
319 6.1002950147e-01 8.3286015279e-02 2.3477570917e+00 8.1763623068e+00
320 6.1041607917e-01 8.4018212377e-02 2.3487198122e+00 8.1702224186e+00
321 6.1015876180e-01 8.3689549083e-02 2.3612785728e+00 8.2580164411e+00
322 6.0992154686e-01 8.3258085471e-02 2.3752004046e+00 8.3611091976e+00
323 6.1042451315e-01 8.3932928012e-02 2.3479196094e+00 8.1813560457e+00
324 6.1050158847e-01 8.4012281468e-02 2.3459465098e+00 8.1695766539e+00
325 6.1100072727e-01 8.4513558815e-02 2.3191585572e+00 8.0019630409e+00
326 6.1127967270e-01 8.4830650138e-02 2.3058611620e+00 7.9193341684e+00
327 6.1086378496e-01 8.3941554640e-02 2.2956692030e+00 7.8449054454e+00
328 6.1025573433e-01 8.2855516324e-02 2.3042540354e+00 7.9186487623e+00
329 6.1017677151e-01 8.2850296219e-02 2.3018148223e+00 7.9143946242e+00
330 6.1022535749e-01 8.3194243534e-02 2.3025990362e+00 7.8911252022e+00
331 6.1020844576e-01 8.3194716152e-02 2.3031749970e+00 7.8927307882e+00
332 6.1022267521e-01 8.3058664643e-02 2.2886978202e+00 7.7751394474e+00
333 6.0993779974e-01 8.2754964368e-02 2.3000150434e+00 7.8552282759e+00
334 6.0987010742e-01 8.2791577159e-02 2.2984494482e+00 7.8501885818e+00
335 6.1007948771e-01 8.2952488188e-02 2.2862734971e+00 7.7825437978e+00
336 6.1000888689e-01 8.3103076752e-02 2.2835232675e+00 7.7637376072e+00
337 6.1030767506e-01 8.4344987881e-02 2.3327453333e+00 8.1894306582e+00
338 6.0988362152e-01 8.3004808115e-02 2.2799694846e+00 7.7437552875e+00
339 6.0988789013e-01 8.3002500655e-02 2.2800504698e+00 7.7441148162e+00
340 6.1008216989e-01 8.4025348749e-02 2.3100278311e+00 7.9104667132e+00
341 6.1041267415e-01 8.5201286167e-02 2.3595439010e+00 8.2474156909e+00
342 6.1039551998e-01 8.5206959838e-02 2.3569713593e+00 8.2422221149e+00
343 6.1065131836e-01 8.5495440100e-02 2.3436534422e+00 8.1537361007e+00
344 6.1081080555e-01 8.5920194409e-02 2.3272885508e+00 8.0468310082e+00
345 6.1054820829e-01 8.5421771542e-02 2.3095903210e+00 7.9538972809e+00
346 6.1065916160e-01 8.5869359070e-02 2.3280346850e+00 8.0670391669e+00
347 6.1034821363e-01 8.5309722136e-02 2.3391237504e+00 8.1473349434e+00
348 6.1039895541e-01 8.5478039741e-02 2.3378055638e+00 8.1552366152e+00
349 6.1044452045e-01 8.5567654949e-02 2.3343414585e+00 8.1384653455e+00
350 6.0993331151e-01 8.5016496424e-02 2.3620206448e+00 8.3156449188e+00
351 6.0930837773e-01 8.3988550497e-02 2.3755719073e+00 8.4173462011e+00
352 6.0921239788e-01 8.4010282567e-02 2.3751845232e+00 8.4169818667e+00
353 6.0909294912e-01 8.4057246115e-02 2.3746965461e+00 8.4124766835e+00
354 6.0903136212e-01 8.3951891574e-02 2.3462130325e+00 8.1764026443e+00
355 6.0917502753e-01 8.4226522985e-02 2.3270899535e+00 8.0646308219e+00
356 6.0918010280e-01 8.4858177180e-02 2.3560951858e+00 8.2713303853e+00
357 6.0931423867e-01 8.4567938701e-02 2.3314938258e+00 8.1492767314e+00
358 6.0967836311e-01 8.5331988412e-02 2.3352327479e+00 8.1694265714e+00
359 6.0975721354e-01 8.5274221265e-02 2.3362306091e+00 8.1769278193e+00
360 6.0993159545e-01 8.5758225482e-02 2.3504883252e+00 8.2491492760e+00
361 6.1008721685e-01 8.6355403782e-02 2.3725743999e+00 8.3872087601e+00
362 6.0976322403e-01 8.5956581353e-02 2.3854423211e+00 8.4821936558e+00
363 6.0981895781e-01 8.6009643610e-02 2.3900434278e+00 8.5238578502e+00
364 6.0985833022e-01 8.6034942367e-02 2.3899964330e+00 8.5211546521e+00
365 6.0996974183e-01 8.6331622450e-02 2.3748980334e+00 8.4273580911e+00
