1 5.9282947138e-01 1.1102230246e-16 1.0000000000e+00 1.0000000000e+00
2 5.9293440231e-01 7.7598936201e-03 2.6669387529e+01 8.1200095821e+02
3 5.9319729759e-01 1.0822520805e-02 1.9747901654e+01 4.2696345480e+02
4 5.9321726551e-01 1.0879733129e-02 1.9423769532e+01 4.1793996156e+02
5 5.9336082387e-01 1.3206932493e-02 1.6266932587e+01 2.8786884281e+02
6 5.9352089890e-01 1.5255393245e-02 1.4016760363e+01 2.1506101632e+02
7 5.9378308472e-01 1.6967377533e-02 1.2704379769e+01 1.7484129503e+02
8 5.9377426065e-01 1.7165284843e-02 1.2688920059e+01 1.7473081888e+02
9 5.9370827081e-01 1.7259072940e-02 1.2468620165e+01 1.7122494945e+02
10 5.9372972144e-01 1.7264742658e-02 1.2452850320e+01 1.7093841283e+02
11 5.9394964355e-01 1.8780644756e-02 1.1523056667e+01 1.4482697018e+02
12 5.9401506076e-01 1.8929132772e-02 1.1192678756e+01 1.4038942011e+02
13 5.9469482480e-01 2.2800766861e-02 9.4623132540e+00 9.7557817939e+01
14 5.9492272885e-01 2.3943551768e-02 9.0409066348e+00 8.8548524212e+01
15 5.9510794268e-01 2.5071437938e-02 8.6280990430e+00 8.0592950788e+01
16 5.9536297160e-01 2.5982943739e-02 8.1995689114e+00 7.3243565415e+01
17 5.9534958713e-01 2.6013442709e-02 8.1702944770e+00 7.2919637387e+01
18 5.9529424471e-01 2.6082172523e-02 8.1038191492e+00 7.2238327264e+01
19 5.9525462151e-01 2.6119494465e-02 8.0633260418e+00 7.1915795910e+01
20 5.9518146247e-01 2.6193857984e-02 7.9946951636e+00 7.1207150711e+01
21 5.9512458166e-01 2.6259663067e-02 7.9336069871e+00 7.0578293144e+01
22 5.9560428836e-01 2.8226448245e-02 7.4280210082e+00 6.1273381214e+01
23 5.9556415673e-01 2.8270997707e-02 7.3928261723e+00 6.0935609090e+01
24 5.9556203187e-01 2.8278025589e-02 7.3873921776e+00 6.0877365898e+01
25 5.9559207406e-01 2.8304528609e-02 7.3593406876e+00 6.0629655259e+01
26 5.9576641760e-01 2.9225350891e-02 7.1248857573e+00 5.6765763472e+01
27 5.9617886355e-01 3.1023677944e-02 6.7282551266e+00 5.0386946057e+01
28 5.9609326305e-01 3.1091162958e-02 6.6868483430e+00 5.0033289693e+01
29 5.9635405674e-01 3.1929216334e-02 6.5215559625e+00 4.7445735298e+01
30 5.9626827689e-01 3.2019067842e-02 6.4661840071e+00 4.6998491635e+01
31 5.9624101928e-01 3.2091393739e-02 6.4226629910e+00 4.6607257715e+01
32 5.9652717860e-01 3.2894178010e-02 6.2780667258e+00 4.4370692725e+01
33 5.9650130588e-01 3.2914329133e-02 6.2680004191e+00 4.4282551805e+01
34 5.9672263233e-01 3.3711371954e-02 6.1284481958e+00 4.2217590950e+01
35 5.9667251173e-01 3.3789541142e-02 6.0865547855e+00 4.1871836313e+01
36 5.9661269678e-01 3.3821173547e-02 6.0728420086e+00 4.1760563902e+01
37 5.9701991942e-01 3.5393976373e-02 5.8011852914e+00 3.8071828674e+01
38 5.9710871734e-01 3.6711382067e-02 6.0714092027e+00 4.3001678536e+01
39 5.9730916032e-01 3.7529475432e-02 5.9305945792e+00 4.0951744717e+01
40 5.9756870311e-01 3.8234609383e-02 5.8013489584e+00 3.9129224143e+01
41 5.9755243095e-01 3.8265813648e-02 5.7876611149e+00 3.9012324293e+01
42 5.9771831905e-01 3.8985239597e-02 5.6579629315e+00 3.7292212267e+01
43 5.9774309014e-01 3.9080120226e-02 5.6502876635e+00 3.7199967383e+01
44 5.9771545118e-01 3.9097141167e-02 5.6439591719e+00 3.7152189168e+01
45 5.9788836690e-01 3.9792600994e-02 5.5264466629e+00 3.5605988624e+01
46 5.9805799699e-01 4.0469784588e-02 5.4183958676e+00 3.4196461991e+01
47 5.9791429920e-01 4.0534538936e-02 5.3996149473e+00 3.4058817149e+01
48 5.9781951260e-01 4.0452044065e-02 5.3897584335e+00 3.4083171786e+01
49 5.9782606126e-01 4.0455841544e-02 5.3879328507e+00 3.4066551734e+01
50 5.9798578868e-01 4.1061760193e-02 5.2831354867e+00 3.2774733373e+01
51 5.9794946160e-01 4.1106693138e-02 5.2561424529e+00 3.2577881841e+01
52 5.9794119435e-01 4.1073770651e-02 5.2450120172e+00 3.2531734531e+01
53 5.9836103772e-01 4.2755146666e-02 5.3123959065e+00 3.3703644442e+01
54 5.9897889132e-01 4.4500762657e-02 5.0469748950e+00 3.0343779191e+01
55 5.9894246328e-01 4.4517095845e-02 5.0434487064e+00 3.0316032268e+01
56 5.9889666807e-01 4.4534288920e-02 5.0401952377e+00 3.0290285311e+01
57 5.9890415539e-01 4.4549739044e-02 5.0341972156e+00 3.0245143004e+01
58 5.9893097250e-01 4.4538799926e-02 5.0370201190e+00 3.0261393106e+01
59 5.9914158564e-01 4.5076250452e-02 4.9522513920e+00 2.9263608234e+01
60 5.9905727844e-01 4.5135104324e-02 4.9360489332e+00 2.9150741347e+01
61 5.9975196730e-01 4.6844802183e-02 4.7074350276e+00 2.6492271488e+01
62 6.0012049998e-01 4.8352083827e-02 4.7389486694e+00 2.6964119381e+01
63 6.0025907894e-01 4.8893912450e-02 4.6657469989e+00 2.6152740801e+01
64 6.0006134347e-01 4.8022581093e-02 4.5693579304e+00 2.4932041641e+01
65 6.0002532385e-01 4.8061089926e-02 4.5589754434e+00 2.4867764344e+01
66 6.0001356534e-01 4.8145778302e-02 4.5303660474e+00 2.4706057742e+01
67 6.0003845214e-01 4.8143968813e-02 4.5293386683e+00 2.4700403557e+01
68 5.9998934055e-01 4.8168849573e-02 4.5248830003e+00 2.4668246809e+01
69 5.9994674344e-01 4.8224837987e-02 4.5082257588e+00 2.4575103695e+01
70 5.9997852943e-01 4.8228423580e-02 4.5052051460e+00 2.4556050590e+01
71 5.9999302929e-01 4.8253194335e-02 4.4966902320e+00 2.4500997960e+01
72 5.9998420859e-01 4.8263610619e-02 4.4940914073e+00 2.4483280658e+01
73 6.0019534763e-01 4.8721328006e-02 4.4335139218e+00 2.3833464896e+01
74 6.0040815875e-01 4.9244527928e-02 4.3766796281e+00 2.3200884838e+01
75 6.0035859690e-01 4.9279403413e-02 4.3688609412e+00 2.3154549152e+01
76 6.0056863752e-01 4.9933940678e-02 4.2915709510e+00 2.2414603287e+01
77 6.0018751452e-01 4.8474973667e-02 4.2407851314e+00 2.1670769677e+01
78 6.0015645685e-01 4.8444187732e-02 4.2372619289e+00 2.1654501589e+01
79 6.0018298507e-01 4.8438722600e-02 4.2373093908e+00 2.1654698319e+01
80 6.0040807916e-01 4.9108072226e-02 4.1813335874e+00 2.1081700689e+01
81 6.0037510171e-01 4.9129298334e-02 4.1773561763e+00 2.1057031596e+01
82 6.0040726797e-01 4.9172711108e-02 4.1905786385e+00 2.1108126376e+01
83 6.0037698444e-01 4.9286562911e-02 4.1835377131e+00 2.1075558990e+01
84 6.0029831408e-01 4.9323232248e-02 4.1778259544e+00 2.1040541934e+01
85 6.0012941176e-01 4.9420305815e-02 4.1583621913e+00 2.0939834666e+01
86 6.0055557238e-01 5.0477698103e-02 4.0554987313e+00 1.9916676540e+01
87 6.0068819787e-01 5.1403000787e-02 4.1459063171e+00 2.1035748551e+01
88 6.0072039586e-01 5.1389626462e-02 4.1479225405e+00 2.1046438737e+01
89 6.0043883262e-01 5.0951212545e-02 4.1842599601e+00 2.1496768631e+01
90 6.0022924383e-01 5.0439227285e-02 4.2126309257e+00 2.1814361679e+01
91 6.0043114812e-01 5.0872140722e-02 4.1621859140e+00 2.1295378031e+01
92 6.0039805575e-01 5.0763235006e-02 4.1626456663e+00 2.1331833664e+01
93 6.0025167354e-01 4.9840456902e-02 4.0627212143e+00 2.0105556336e+01
94 6.0032394517e-01 5.0842265945e-02 4.1755092480e+00 2.1580395949e+01
95 6.0067745495e-01 5.1401572919e-02 4.1199508449e+00 2.1004042139e+01
96 6.0068521668e-01 5.1542945565e-02 4.1168833379e+00 2.0966863460e+01
97 6.0061019379e-01 5.1568641126e-02 4.1142388240e+00 2.0949409044e+01
98 6.0082233595e-01 5.2068578229e-02 4.0654071709e+00 2.0439435698e+01
99 6.0131453357e-01 5.2996533332e-02 3.9677547233e+00 1.9481353147e+01
100 6.0130158070e-01 5.2965262701e-02 3.9670123297e+00 1.9505486430e+01
101 6.0128512081e-01 5.2991976831e-02 3.9616023471e+00 1.9471866233e+01
102 6.0134652922e-01 5.3022243349e-02 3.9475426158e+00 1.9393723725e+01
103 6.0174856310e-01 5.4218827819e-02 3.9414170064e+00 1.9293223031e+01
104 6.0185181596e-01 5.4034710035e-02 3.8513440668e+00 1.8487698904e+01
105 6.0187146498e-01 5.4034243385e-02 3.8502936108e+00 1.8482811012e+01
106 6.0186927640e-01 5.4055675439e-02 3.8496518033e+00 1.8474523536e+01
107 6.0183301208e-01 5.4080939878e-02 3.8456597486e+00 1.8450886503e+01
108 6.0177495478e-01 5.4076406145e-02 3.8425652629e+00 1.8451121465e+01
109 6.0173409185e-01 5.4097615134e-02 3.8399970877e+00 1.8434030374e+01
110 6.0170368840e-01 5.4173467291e-02 3.8225140210e+00 1.8344718144e+01
111 6.0189556693e-01 5.5127422802e-02 3.9345963353e+00 1.9669483409e+01
112 6.0176321331e-01 5.5240664782e-02 3.9124388627e+00 1.9553147733e+01
113 6.0207512091e-01 5.6614444724e-02 3.9408049556e+00 1.9905167291e+01
114 6.0205086812e-01 5.6628214623e-02 3.9388481175e+00 1.9892827955e+01
115 6.0198912998e-01 5.6691927032e-02 3.9276311330e+00 1.9838528979e+01
116 6.0231813321e-01 5.7556199292e-02 3.8419601753e+00 1.9001149716e+01
117 6.0206385881e-01 5.7150202676e-02 3.8771747177e+00 1.9383128085e+01
118 6.0207265968e-01 5.7148797843e-02 3.8770746423e+00 1.9382500905e+01
119 6.0200946105e-01 5.7173338027e-02 3.8747138337e+00 1.9366922263e+01
120 6.0198210920e-01 5.7159587470e-02 3.8725555199e+00 1.9363804710e+01
121 6.0210636404e-01 5.7965105416e-02 3.9237992766e+00 1.9835823416e+01
122 6.0214035015e-01 5.7945293379e-02 3.9268384354e+00 1.9852941562e+01
123 6.0199680835e-01 5.7617240926e-02 3.9607822921e+00 2.0206953443e+01
124 6.0201329972e-01 5.7680961606e-02 3.9574269636e+00 2.0169607602e+01
125 6.0146480093e-01 5.5540499055e-02 3.8703560250e+00 1.9341173933e+01
126 6.0162918983e-01 5.6060885266e-02 3.8199963734e+00 1.8877833635e+01
127 6.0174994322e-01 5.6892956098e-02 3.8738423193e+00 1.9489189345e+01
128 6.0219968665e-01 5.7645952119e-02 3.8036662197e+00 1.8772463447e+01
129 6.0212626529e-01 5.6923609465e-02 3.7266635718e+00 1.8056147826e+01
130 6.0213522501e-01 5.6964371477e-02 3.7176617942e+00 1.8003311075e+01
131 6.0215636221e-01 5.6990797423e-02 3.7112084675e+00 1.7965051105e+01
132 6.0218831742e-01 5.7892814645e-02 3.7729533236e+00 1.8640384854e+01
133 6.0214896359e-01 5.7926047487e-02 3.7675985232e+00 1.8608767524e+01
134 6.0211844051e-01 5.7957454655e-02 3.7626191135e+00 1.8577108367e+01
135 6.0201956617e-01 5.8003321121e-02 3.7574069710e+00 1.8545325103e+01
136 6.0189062240e-01 5.8032438369e-02 3.7470880787e+00 1.8500737512e+01
137 6.0180282117e-01 5.8068503328e-02 3.7391919371e+00 1.8461412734e+01
138 6.0195461519e-01 5.8541107505e-02 3.6966322960e+00 1.8048509505e+01
139 6.0202805980e-01 5.9168965263e-02 3.6890133053e+00 1.7879712227e+01
140 6.0204566090e-01 5.9180560534e-02 3.6857822351e+00 1.7861527933e+01
141 6.0211416810e-01 6.0071140114e-02 3.7126032094e+00 1.8166283649e+01
142 6.0204490173e-01 6.0099876296e-02 3.7103355447e+00 1.8149007383e+01
143 6.0203358218e-01 6.0050504757e-02 3.7109933290e+00 1.8164741826e+01
144 6.0229332269e-01 6.0524563021e-02 3.6696505376e+00 1.7762519984e+01
145 6.0252946622e-01 6.0893521436e-02 3.6329177411e+00 1.7423299101e+01
146 6.0245810688e-01 6.0884733116e-02 3.6297232393e+00 1.7420746563e+01
147 6.0250543639e-01 6.0888340876e-02 3.6266815104e+00 1.7405412065e+01
148 6.0224369635e-01 6.0367516798e-02 3.6615754530e+00 1.7775945748e+01
149 6.0223950267e-01 6.0377968441e-02 3.6597911251e+00 1.7764721380e+01
150 6.0244233578e-01 6.0867322703e-02 3.6203316832e+00 1.7379671103e+01
151 6.0266124910e-01 6.1373758286e-02 3.5804336222e+00 1.6998443505e+01
152 6.0285187766e-01 6.1725387123e-02 3.5436481004e+00 1.6680904174e+01
153 6.0279702780e-01 6.1564130275e-02 3.5273247925e+00 1.6511661061e+01
154 6.0288775711e-01 6.2379177027e-02 3.5799009807e+00 1.6998925196e+01
155 6.0291369832e-01 6.3117917895e-02 3.6010392981e+00 1.7146635706e+01
156 6.0334572387e-01 6.3869513488e-02 3.5329668455e+00 1.6523214457e+01
157 6.0245008473e-01 6.1010690608e-02 3.4741875463e+00 1.6096915142e+01
158 6.0215419756e-01 6.0453398520e-02 3.4788058385e+00 1.6094679820e+01
159 6.0201965395e-01 5.9943360266e-02 3.4799629651e+00 1.6183835026e+01
160 6.0218803301e-01 6.0472665957e-02 3.4476630410e+00 1.5869776948e+01
161 6.0214232664e-01 6.0599629782e-02 3.4394385050e+00 1.5797298827e+01
162 6.0210041605e-01 6.0617907456e-02 3.4380715266e+00 1.5787774635e+01
163 6.0201834126e-01 6.0689506227e-02 3.4271625872e+00 1.5735983227e+01
164 6.0219429838e-01 6.1124355722e-02 3.3938053222e+00 1.5434160905e+01
165 6.0180352557e-01 5.9875337985e-02 3.3546590802e+00 1.5058765481e+01
166 6.0202517729e-01 6.0334085261e-02 3.3240668446e+00 1.4774229846e+01
167 6.0236640970e-01 6.1131604735e-02 3.2543502669e+00 1.4222903365e+01
168 6.0235939845e-01 6.1128267514e-02 3.2553477571e+00 1.4227346408e+01
169 6.0234961273e-01 6.1137949527e-02 3.2545926829e+00 1.4220181482e+01
170 6.0209624562e-01 6.0768577568e-02 3.2800443563e+00 1.4456392263e+01
171 6.0210372439e-01 6.0819279381e-02 3.2801645858e+00 1.4443194237e+01
172 6.0217302987e-01 6.1277409075e-02 3.2521743483e+00 1.4186945182e+01
173 6.0208735069e-01 6.1280645933e-02 3.2397134634e+00 1.4097006749e+01
174 6.0177165582e-01 6.0047194142e-02 3.1897998830e+00 1.3578356413e+01
175 6.0188256775e-01 6.0883701160e-02 3.2499610454e+00 1.4153182760e+01
176 6.0185655795e-01 6.0902428631e-02 3.2475719302e+00 1.4142134596e+01
177 6.0171672587e-01 6.0226954657e-02 3.2047316520e+00 1.3781492064e+01
178 6.0179081519e-01 6.0278092756e-02 3.1997317249e+00 1.3749937596e+01
179 6.0177194318e-01 6.0213459171e-02 3.1984575846e+00 1.3749570079e+01
180 6.0180771897e-01 6.0204205222e-02 3.1982435354e+00 1.3750583019e+01
181 6.0176637691e-01 6.0656758469e-02 3.2954787878e+00 1.4717146094e+01
182 6.0175975647e-01 6.0664618191e-02 3.2943252982e+00 1.4711094583e+01
183 6.0194629364e-01 6.0930971161e-02 3.2699234064e+00 1.4499082368e+01
184 6.0193674013e-01 6.0977770692e-02 3.2609721314e+00 1.4459375056e+01
185 6.0244050157e-01 6.1736547710e-02 3.2027514347e+00 1.3952603559e+01
186 6.0234873466e-01 6.1780297365e-02 3.1990958472e+00 1.3933483462e+01
187 6.0224034739e-01 6.1813411367e-02 3.1978298318e+00 1.3927378213e+01
188 6.0238850357e-01 6.2110085150e-02 3.1703881024e+00 1.3709767292e+01
189 6.0228073431e-01 6.2116779705e-02 3.1711313780e+00 1.3715147877e+01
190 6.0219504320e-01 6.2201135368e-02 3.1694206544e+00 1.3693539236e+01
191 6.0240636757e-01 6.2693758568e-02 3.1480843605e+00 1.3475477030e+01
192 6.0240525910e-01 6.2899230040e-02 3.1821997805e+00 1.3885874588e+01
193 6.0241246102e-01 6.2872628285e-02 3.1821306758e+00 1.3888009882e+01
194 6.0239432109e-01 6.2872488712e-02 3.1831362070e+00 1.3891784330e+01
195 6.0237955841e-01 6.2870277509e-02 3.1841350034e+00 1.3896701317e+01
196 6.0277994006e-01 6.3636847545e-02 3.1370380637e+00 1.3464228297e+01
197 6.0350548885e-01 6.4829556089e-02 3.0629971259e+00 1.2815962407e+01
198 6.0309210223e-01 6.3422986698e-02 3.0019213351e+00 1.2193637699e+01
199 6.0313080622e-01 6.3424053302e-02 2.9999082272e+00 1.2185584908e+01
200 6.0337297569e-01 6.3830949349e-02 2.9802175283e+00 1.2009023041e+01
201 6.0295479059e-01 6.2637499998e-02 2.9296715460e+00 1.1505667236e+01
202 6.0240846874e-01 6.1617844147e-02 2.8726312462e+00 1.1012759884e+01
203 6.0262858005e-01 6.2127715256e-02 2.8578105854e+00 1.0892582478e+01
204 6.0280492855e-01 6.2883378347e-02 2.9213265102e+00 1.1503589055e+01
205 6.0282222511e-01 6.2883625811e-02 2.9203902419e+00 1.1500410772e+01
206 6.0293535500e-01 6.3140378781e-02 2.8865346657e+00 1.1281251783e+01
207 6.0308806176e-01 6.3357515483e-02 2.8662900884e+00 1.1149298710e+01
208 6.0333439419e-01 6.3530994625e-02 2.8474326827e+00 1.1019079071e+01
209 6.0372774893e-01 6.4244403570e-02 2.8031390247e+00 1.0696778124e+01
210 6.0367191928e-01 6.4281447620e-02 2.7998351329e+00 1.0682909120e+01
211 6.0411209539e-01 6.5040033688e-02 2.7555235311e+00 1.0374858780e+01
212 6.0431840014e-01 6.5394601668e-02 2.7333037203e+00 1.0222211740e+01
213 6.0425084723e-01 6.5359595793e-02 2.7354478969e+00 1.0241583649e+01
214 6.0444299941e-01 6.5522149467e-02 2.7148023057e+00 1.0113970835e+01
215 6.0435808053e-01 6.5529296783e-02 2.7089412937e+00 1.0099582740e+01
216 6.0451627599e-01 6.6054204995e-02 2.6875966626e+00 9.9544355606e+00
217 6.0450312208e-01 6.6067189320e-02 2.6865228108e+00 9.9490527360e+00
218 6.0473320803e-01 6.6347823925e-02 2.6649460537e+00 9.8088483505e+00
219 6.0507624462e-01 6.7243015402e-02 2.6838324242e+00 9.9780204950e+00
220 6.0509197926e-01 6.7326838867e-02 2.6794371297e+00 9.9566768286e+00
221 6.0557961391e-01 6.8109953731e-02 2.6448761809e+00 9.6990414917e+00
222 6.0564586319e-01 6.8127736217e-02 2.6395868714e+00 9.6790972661e+00
223 6.0527262318e-01 6.7411839858e-02 2.6722284343e+00 9.9277372018e+00
224 6.0544123501e-01 6.8056414541e-02 2.7114873469e+00 1.0255188725e+01
225 6.0544172628e-01 6.8054685220e-02 2.7093022066e+00 1.0248728160e+01
226 6.0544314482e-01 6.8011649350e-02 2.7082167692e+00 1.0246438417e+01
227 6.0570765691e-01 6.8575675411e-02 2.6841092051e+00 1.0059802796e+01
228 6.0560589813e-01 6.8532693830e-02 2.6851107492e+00 1.0073765269e+01
229 6.0557860235e-01 6.8590687232e-02 2.6861733061e+00 1.0076175520e+01
230 6.0557321574e-01 6.8507762015e-02 2.6857216289e+00 1.0080977714e+01
231 6.0586500483e-01 6.9603440653e-02 2.7097637140e+00 1.0277159614e+01
232 6.0580646039e-01 6.9648969437e-02 2.7054613990e+00 1.0261088724e+01
233 6.0581739309e-01 6.9674256225e-02 2.7106131232e+00 1.0308015551e+01
234 6.0588416742e-01 7.0394131219e-02 2.7548754633e+00 1.0665023872e+01
235 6.0583629606e-01 7.0373635723e-02 2.7555789094e+00 1.0670836251e+01
236 6.0573917771e-01 7.0378379906e-02 2.7548852833e+00 1.0670745014e+01
237 6.0584092100e-01 7.1005450993e-02 2.7777043882e+00 1.0817698242e+01
238 6.0585173711e-01 7.1127893979e-02 2.7740339638e+00 1.0793169730e+01
239 6.0586221816e-01 7.1127575314e-02 2.7735848951e+00 1.0791791864e+01
240 6.0589300699e-01 7.1049598845e-02 2.7714409677e+00 1.0791763880e+01
241 6.0652192934e-01 7.1932263191e-02 2.7129758409e+00 1.0381539083e+01
242 6.0648886028e-01 7.1933480225e-02 2.7142924682e+00 1.0385674120e+01
243 6.0651048889e-01 7.2607077898e-02 2.7445780520e+00 1.0609987054e+01
244 6.0658831140e-01 7.2359756576e-02 2.6942751120e+00 1.0235036503e+01
245 6.0649239521e-01 7.2486388514e-02 2.6852563283e+00 1.0206130111e+01
246 6.0649220228e-01 7.2494910429e-02 2.6840780957e+00 1.0201856460e+01
247 6.0655026974e-01 7.2974767177e-02 2.6892109748e+00 1.0208456654e+01
248 6.0650465034e-01 7.3004049636e-02 2.6873245186e+00 1.0199250960e+01
249 6.0645296865e-01 7.3054140606e-02 2.6896538487e+00 1.0222531958e+01
250 6.0611741503e-01 7.3109837530e-02 2.7751792575e+00 1.0892055997e+01
251 6.0633618386e-01 7.3745100110e-02 2.7975085566e+00 1.1040574401e+01
252 6.0629802066e-01 7.3780328053e-02 2.7937039248e+00 1.1027019073e+01
253 6.0628904141e-01 7.4297039204e-02 2.8525904841e+00 1.1485004741e+01
254 6.0644229805e-01 7.4878127521e-02 2.8832096433e+00 1.1716397796e+01
255 6.0643555017e-01 7.4610969828e-02 2.8571417124e+00 1.1484656538e+01
256 6.0642448437e-01 7.4606525715e-02 2.8578550642e+00 1.1488967554e+01
257 6.0616526679e-01 7.4282184872e-02 2.8804076888e+00 1.1654826603e+01
258 6.0610491194e-01 7.4306942081e-02 2.8793194421e+00 1.1649267296e+01
259 6.0614678107e-01 7.4313763515e-02 2.8767766024e+00 1.1638622461e+01
260 6.0621583383e-01 7.4068073116e-02 2.8387768946e+00 1.1377046182e+01
261 6.0621810884e-01 7.4078486872e-02 2.8377801210e+00 1.1373847694e+01
262 6.0617870471e-01 7.4106819891e-02 2.8373335035e+00 1.1368035950e+01
263 6.0641175529e-01 7.4444967489e-02 2.8171759687e+00 1.1211258798e+01
264 6.0664269682e-01 7.4771534800e-02 2.7964458252e+00 1.1055887160e+01
265 6.0640510792e-01 7.4399804267e-02 2.7894227540e+00 1.1056112109e+01
266 6.0685301862e-01 7.5099689346e-02 2.7499776990e+00 1.0753245304e+01
267 6.0640516175e-01 7.4249448948e-02 2.7386295618e+00 1.0699863850e+01
268 6.0599023086e-01 7.3407864003e-02 2.7361785621e+00 1.0705634820e+01
269 6.0626493544e-01 7.3753204070e-02 2.7156457018e+00 1.0556346081e+01
270 6.0625665352e-01 7.3746039911e-02 2.7170669153e+00 1.0561268998e+01
271 6.0670803435e-01 7.4342657101e-02 2.6835916300e+00 1.0339371697e+01
272 6.0689505329e-01 7.5585022280e-02 2.7302844598e+00 1.0683174451e+01
273 6.0682148539e-01 7.5571626601e-02 2.7312306904e+00 1.0691679407e+01
274 6.0734230170e-01 7.6322833244e-02 2.6939824098e+00 1.0402045220e+01
275 6.0691666207e-01 7.5260672826e-02 2.6779157766e+00 1.0307704038e+01
276 6.0728365159e-01 7.5979727254e-02 2.6664835182e+00 1.0203549215e+01
277 6.0763372905e-01 7.6775141506e-02 2.6672063676e+00 1.0195489737e+01
278 6.0819387864e-01 7.7899898434e-02 2.6452061163e+00 1.0019798861e+01
279 6.0800582154e-01 7.7753994626e-02 2.6718249583e+00 1.0198961633e+01
280 6.0789836704e-01 7.7211596947e-02 2.6577246731e+00 1.0113944314e+01
281 6.0807627238e-01 7.7428109199e-02 2.6379609812e+00 1.0000637912e+01
282 6.0826646713e-01 7.7704603540e-02 2.6200921904e+00 9.8800921616e+00
283 6.0828385682e-01 7.7730209602e-02 2.6127200260e+00 9.8516157628e+00
284 6.0866484967e-01 7.8737213561e-02 2.6322323244e+00 1.0032371704e+01
285 6.0899527321e-01 7.9538397731e-02 2.6235346251e+00 9.9555858053e+00
286 6.0891677056e-01 7.9522749254e-02 2.6237574448e+00 9.9589772231e+00
287 6.0870582318e-01 7.9039192322e-02 2.6060637786e+00 9.8673009822e+00
288 6.0838064578e-01 7.8098403059e-02 2.5960914949e+00 9.8158635570e+00
289 6.0839143560e-01 7.8055174113e-02 2.5956132853e+00 9.8179844872e+00
290 6.0835176155e-01 7.8077590951e-02 2.5942483002e+00 9.8127395612e+00
291 6.0833056226e-01 7.8058379427e-02 2.5929760256e+00 9.8127887231e+00
292 6.0834850611e-01 7.8062549945e-02 2.5916674693e+00 9.8085680764e+00
293 6.0890638405e-01 7.9408326620e-02 2.6190496114e+00 9.9729039744e+00
294 6.0915283261e-01 7.9820882694e-02 2.6021337753e+00 9.8409384237e+00
295 6.0931226006e-01 8.0092970274e-02 2.5811408740e+00 9.7173569375e+00
296 6.0895946764e-01 7.9897685627e-02 2.5983303679e+00 9.8415259170e+00
297 6.0893483319e-01 7.9800020189e-02 2.5943630094e+00 9.8073684148e+00
298 6.0889675855e-01 7.9816385505e-02 2.5938909239e+00 9.8044937992e+00
299 6.0864460218e-01 7.9637478760e-02 2.6096226421e+00 9.9042394683e+00
300 6.0882906328e-01 7.9801210802e-02 2.5894266215e+00 9.7716111916e+00
301 6.0861352022e-01 7.9336170317e-02 2.5782487135e+00 9.7311059095e+00
302 6.0875037653e-01 7.9603139742e-02 2.5639280223e+00 9.6271190933e+00
303 6.0846769272e-01 7.9287832536e-02 2.5813960170e+00 9.7505198870e+00
304 6.0868092251e-01 8.0245430711e-02 2.5935903944e+00 9.7745642797e+00
305 6.0870584854e-01 8.0031370018e-02 2.5612798382e+00 9.5830511717e+00
306 6.0875211355e-01 8.0086817107e-02 2.5625093619e+00 9.5781100112e+00
307 6.0872804779e-01 8.0086182831e-02 2.5635147716e+00 9.5814459944e+00
308 6.0914100674e-01 8.0647601465e-02 2.5315617551e+00 9.3641518345e+00
309 6.0897492595e-01 8.0398746320e-02 2.5231938997e+00 9.3386743951e+00
310 6.0924066133e-01 8.0671495768e-02 2.5070916438e+00 9.2324336876e+00
311 6.0941929096e-01 8.1005881603e-02 2.4892233552e+00 9.1150238057e+00
312 6.0988941698e-01 8.1372288862e-02 2.4636292013e+00 8.9531973490e+00
313 6.0989725562e-01 8.1401116879e-02 2.4630096417e+00 8.9467294162e+00
314 6.1029757897e-01 8.2202819241e-02 2.4550901066e+00 8.8688238017e+00
315 6.1036070585e-01 8.2228402526e-02 2.4495737802e+00 8.8225977230e+00
316 6.1070000509e-01 8.2373171493e-02 2.4001635578e+00 8.4978593592e+00
317 6.1089879113e-01 8.2624690102e-02 2.3859175713e+00 8.4074175040e+00
318 6.1065988623e-01 8.2416187720e-02 2.3984478742e+00 8.4893114811e+00
319 6.1054289864e-01 8.1992534516e-02 2.3840676826e+00 8.4195332870e+00
320 6.1065798192e-01 8.2388596034e-02 2.3669912217e+00 8.3105024420e+00
321 6.1086169579e-01 8.2881395194e-02 2.3802196168e+00 8.3808881736e+00
322 6.1055812019e-01 8.1950510384e-02 2.3714910263e+00 8.3312671014e+00
323 6.1054242131e-01 8.2059464358e-02 2.3674089494e+00 8.3083172127e+00
324 6.1025524896e-01 8.1747451227e-02 2.3806915441e+00 8.4003538505e+00
325 6.1049833868e-01 8.1997348412e-02 2.3651277880e+00 8.3071614075e+00
326 6.1047766382e-01 8.2011951719e-02 2.3643833791e+00 8.3039056984e+00
327 6.1046196939e-01 8.2014096760e-02 2.3647498827e+00 8.3048540498e+00
328 6.1053370471e-01 8.2662435002e-02 2.3881169698e+00 8.4835998720e+00
329 6.1042298979e-01 8.2743194599e-02 2.3843414189e+00 8.4702061974e+00
330 6.1004353167e-01 8.2035249602e-02 2.3860984799e+00 8.5144084675e+00
331 6.0997109546e-01 8.2085948498e-02 2.3861009841e+00 8.5104582442e+00
332 6.0980307804e-01 8.1434524827e-02 2.3527860725e+00 8.2782606176e+00
333 6.1010468863e-01 8.1639935675e-02 2.3370358025e+00 8.1847453511e+00
334 6.1038129382e-01 8.2732572553e-02 2.3654795604e+00 8.3422906186e+00
335 6.1058540423e-01 8.2958283748e-02 2.3474148937e+00 8.2272151868e+00
336 6.1059227205e-01 8.2946451798e-02 2.3481843827e+00 8.2310522876e+00
337 6.1047235359e-01 8.2501183028e-02 2.3349251229e+00 8.1637239704e+00
338 6.1043968596e-01 8.2513435730e-02 2.3319544703e+00 8.1577342118e+00
339 6.1049887358e-01 8.2533292235e-02 2.3280932859e+00 8.1435364354e+00
340 6.1044206145e-01 8.2579979947e-02 2.3280204910e+00 8.1399706992e+00
341 6.1052561812e-01 8.3192450891e-02 2.3467904794e+00 8.2667627370e+00
342 6.1050142895e-01 8.3260690826e-02 2.3467370018e+00 8.2668824451e+00
343 6.1055715075e-01 8.3268937150e-02 2.3450991014e+00 8.2590102300e+00
344 6.1096629135e-01 8.3972453065e-02 2.3387043100e+00 8.2017314151e+00
345 6.1101956305e-01 8.3924746816e-02 2.3391888273e+00 8.2082109976e+00
346 6.1202375183e-01 8.5767949063e-02 2.3397714933e+00 8.2344532099e+00
347 6.1135201606e-01 8.4795792640e-02 2.3469838941e+00 8.2894612385e+00
348 6.1111943942e-01 8.4581426160e-02 2.3610828851e+00 8.3723341083e+00
349 6.1165835902e-01 8.5675724954e-02 2.3625873845e+00 8.4024398831e+00
350 6.1163966356e-01 8.5690027448e-02 2.3616551946e+00 8.3993402030e+00
351 6.1164762794e-01 8.5672704186e-02 2.3610315107e+00 8.3996065286e+00
352 6.1210822484e-01 8.6909663171e-02 2.3644141088e+00 8.3763702462e+00
353 6.1209592697e-01 8.6953109785e-02 2.3634382840e+00 8.3686755938e+00
354 6.1165709629e-01 8.6315560221e-02 2.3709136972e+00 8.4373115419e+00
355 6.1165631561e-01 8.6323710546e-02 2.3700059598e+00 8.4345104674e+00
356 6.1186081935e-01 8.6531974041e-02 2.3555849074e+00 8.3533434237e+00
357 6.1188035103e-01 8.6530363969e-02 2.3550267398e+00 8.3518536440e+00
358 6.1163551080e-01 8.6190160698e-02 2.3803191126e+00 8.5666498677e+00
359 6.1162093368e-01 8.6189438757e-02 2.3797298849e+00 8.5654197531e+00
360 6.1185373936e-01 8.6341857959e-02 2.3505371159e+00 8.3676249421e+00
361 6.1139692352e-01 8.5227771466e-02 2.3171074260e+00 8.1242493859e+00
362 6.1125698744e-01 8.5336767692e-02 2.3098150342e+00 8.1020831237e+00
363 6.1116256385e-01 8.5303807945e-02 2.3095046604e+00 8.1048690381e+00
364 6.1157224773e-01 8.5969333446e-02 2.3117457681e+00 8.1148844056e+00
365 6.1192088648e-01 8.6684974775e-02 2.3049616665e+00 8.0542799990e+00
