1 5.9282947138e-01 1.1102230246e-16 1.0000000000e+00 1.0000000000e+00
2 5.9284494703e-01 6.9484680569e-04 4.7434855781e+00 2.3713358647e+02
3 5.9283839884e-01 9.7586418762e-04 2.6902595964e-01 1.2053552732e+02
4 5.9307711314e-01 7.5211882604e-03 2.9600791578e+01 9.1584113338e+02
5 5.9331911210e-01 1.0538534889e-02 2.1450794398e+01 4.7316273754e+02
6 5.9332663487e-01 1.0552974923e-02 2.1359652725e+01 4.7051890258e+02
7 5.9359277396e-01 1.2857919488e-02 1.7652623115e+01 3.1876655025e+02
8 5.9356296556e-01 1.2885146664e-02 1.7540740760e+01 3.1625646995e+02
9 5.9377743633e-01 1.5055020175e-02 1.5241227684e+01 2.3858234025e+02
10 5.9385327175e-01 1.5145148888e-02 1.4981317294e+01 2.3271352263e+02
11 5.9405054254e-01 1.6888632575e-02 1.3342966454e+01 1.8544553038e+02
12 5.9401702077e-01 1.6978203246e-02 1.3113987721e+01 1.8173967011e+02
13 5.9396380397e-01 1.7030170451e-02 1.2993344290e+01 1.7971740382e+02
14 5.9408362341e-01 1.8676075890e-02 1.1706470644e+01 1.4777307155e+02
15 5.9409580007e-01 1.8684245875e-02 1.1689184988e+01 1.4748446969e+02
16 5.9425760383e-01 2.0128567713e-02 1.0838706334e+01 1.2670369766e+02
17 5.9425984132e-01 2.0136253175e-02 1.0825651877e+01 1.2650576013e+02
18 5.9425846355e-01 2.0150154902e-02 1.0803361128e+01 1.2616060371e+02
19 5.9424815894e-01 2.0209803579e-02 1.0697220670e+01 1.2473040149e+02
20 5.9422365377e-01 2.0221891849e-02 1.0681071323e+01 1.2448455652e+02
21 5.9443183365e-01 2.1327430747e-02 1.0086388845e+01 1.1036656536e+02
22 5.9441503701e-01 2.1355813450e-02 1.0046329709e+01 1.0981520896e+02
23 5.9442962838e-01 2.1357589032e-02 1.0041761928e+01 1.0975126216e+02
24 5.9460122230e-01 2.2640899924e-02 9.4603133331e+00 9.7538827458e+01
25 5.9461101031e-01 2.2661785284e-02 9.4313350896e+00 9.7165439882e+01
26 5.9460250792e-01 2.2672081060e-02 9.4192551473e+00 9.7003451750e+01
27 5.9449300208e-01 2.2773147923e-02 9.2926773647e+00 9.5503589852e+01
28 5.9471337978e-01 2.3813069714e-02 8.8716621071e+00 8.6649270844e+01
29 5.9497098277e-01 2.6932986325e-02 9.1806345099e+00 9.8589632245e+01
30 5.9453542569e-01 2.3925228213e-02 8.5777424557e+00 8.3334442729e+01
31 5.9477521262e-01 2.5021882977e-02 8.2587329604e+00 7.6628252252e+01
32 5.9498937950e-01 2.6076138993e-02 7.9664877050e+00 7.0859733810e+01
33 5.9492905532e-01 2.6175283836e-02 7.8618575926e+00 6.9924977632e+01
34 5.9511880340e-01 2.7238909201e-02 7.5557403151e+00 6.4584760703e+01
35 5.9505225452e-01 2.7301678816e-02 7.5038147426e+00 6.4078640545e+01
36 5.9524460698e-01 2.8340530663e-02 7.2230702781e+00 5.9393831045e+01
37 5.9537011161e-01 2.9257614731e-02 6.9541095886e+00 5.5259308883e+01
38 5.9525702990e-01 2.9233970606e-02 6.8982170912e+00 5.4775342228e+01
39 5.9525483106e-01 2.9204204839e-02 6.8929500859e+00 5.4739874786e+01
40 5.9569556617e-01 3.1047673229e-02 6.5055061988e+00 4.8571719369e+01
41 5.9563475351e-01 3.1084442694e-02 6.4858383755e+00 4.8396001076e+01
42 5.9564973827e-01 3.1087920105e-02 6.4822008475e+00 4.8361867749e+01
43 5.9590693196e-01 3.2036369778e-02 6.3345325111e+00 4.5984839107e+01
44 5.9586263509e-01 3.2079144678e-02 6.3091933360e+00 4.5781514820e+01
45 5.9603106850e-01 3.2888938013e-02 6.1583591920e+00 4.3508482828e+01
46 5.9602128969e-01 3.2990943661e-02 6.1546732602e+00 4.3458508788e+01
47 5.9606247008e-01 3.3195994261e-02 6.1538675056e+00 4.3476995718e+01
48 5.9604361200e-01 3.3270609857e-02 6.1075068595e+00 4.3115384101e+01
49 5.9594265418e-01 3.3154783942e-02 6.0698577762e+00 4.2880764414e+01
50 5.9665114765e-01 3.5454498412e-02 5.7212288320e+00 3.7623893210e+01
51 5.9666069159e-01 3.5471239197e-02 5.7120380986e+00 3.7547254776e+01
52 5.9697200442e-01 3.7503481254e-02 5.8629797118e+00 4.0609656265e+01
53 5.9714360004e-01 3.8234312919e-02 5.7309503678e+00 3.8775247230e+01
54 5.9714191022e-01 3.8161966693e-02 5.7309587723e+00 3.8813929397e+01
55 5.9736990101e-01 3.8934209231e-02 5.6171257688e+00 3.7171205690e+01
56 5.9727456953e-01 3.8994338695e-02 5.5952451961e+00 3.7001096026e+01
57 5.9770519903e-01 4.0335822748e-02 5.3848398769e+00 3.4149141217e+01
58 5.9766566673e-01 4.0360788590e-02 5.3764513626e+00 3.4087245619e+01
59 5.9792260461e-01 4.1026908403e-02 5.2707328685e+00 3.2752630707e+01
60 5.9793336402e-01 4.1032480393e-02 5.2676564672e+00 3.2729471103e+01
61 5.9794659776e-01 4.1048109919e-02 5.2590830026e+00 3.2675845185e+01
62 5.9792550436e-01 4.1055335375e-02 5.2577323035e+00 3.2663694421e+01
63 5.9812520610e-01 4.1737820123e-02 5.1540793001e+00 3.1371065197e+01
64 5.9836444950e-01 4.2424129370e-02 5.0722442980e+00 3.0301132330e+01
65 5.9823301039e-01 4.2496774854e-02 5.0519036734e+00 3.0161014467e+01
66 5.9821167648e-01 4.2531035407e-02 5.0392770933e+00 3.0076607678e+01
67 5.9857689114e-01 4.4216342884e-02 5.1355197200e+00 3.1729201186e+01
68 5.9871285248e-01 4.4682506520e-02 5.0465325157e+00 3.0711032074e+01
69 5.9898680860e-01 4.5305771251e-02 4.9467998961e+00 2.9573032216e+01
70 5.9905301900e-01 4.6382211931e-02 5.0338077833e+00 3.0813749909e+01
71 5.9902242801e-01 4.6388547416e-02 5.0336347674e+00 3.0810224906e+01
72 5.9892860490e-01 4.6528140404e-02 5.0109861905e+00 3.0626664923e+01
73 5.9883204826e-01 4.6589623334e-02 4.9947298709e+00 3.0509494690e+01
74 5.9879988592e-01 4.6538975679e-02 4.9944711413e+00 3.0540313243e+01
75 5.9896517570e-01 4.6933358119e-02 4.9173275075e+00 2.9674078805e+01
76 5.9916514704e-01 4.7484716933e-02 4.8441735990e+00 2.8758137168e+01
77 5.9904051562e-01 4.7468539329e-02 4.8149515811e+00 2.8623152252e+01
78 5.9944091332e-01 4.8520988548e-02 4.6690492006e+00 2.6922838292e+01
79 5.9946898260e-01 4.8519206325e-02 4.6679292858e+00 2.6915921658e+01
80 5.9946377234e-01 4.8519693677e-02 4.6681076489e+00 2.6916845780e+01
81 5.9940657490e-01 4.8460941918e-02 4.6707444242e+00 2.6951736165e+01
82 5.9962227545e-01 4.9055747865e-02 4.5992206657e+00 2.6124099023e+01
83 6.0001581059e-01 4.9963044570e-02 4.4372938939e+00 2.4217578970e+01
84 6.0022128063e-01 5.0494606258e-02 4.3786489084e+00 2.3572459753e+01
85 6.0018651128e-01 5.0483341966e-02 4.3713875511e+00 2.3553413586e+01
86 6.0016232071e-01 5.0494981524e-02 4.3695556533e+00 2.3540152631e+01
87 6.0010154226e-01 5.0545500982e-02 4.3577618743e+00 2.3470072720e+01
88 6.0037680075e-01 5.0724425067e-02 4.1483332935e+00 2.1059508746e+01
89 6.0037951990e-01 5.0734272263e-02 4.1454160494e+00 2.1042555120e+01
90 6.0019695800e-01 5.0368630706e-02 4.1962881062e+00 2.1525012927e+01
91 6.0024090398e-01 5.0364628221e-02 4.1949150374e+00 2.1517109174e+01
92 6.0018993840e-01 5.0394271096e-02 4.1888195294e+00 2.1486156829e+01
93 6.0017685511e-01 5.0349499506e-02 4.1859322521e+00 2.1484402228e+01
94 6.0035597800e-01 5.0843742889e-02 4.1321193980e+00 2.0938034553e+01
95 6.0073124841e-01 5.1873371497e-02 4.0318112960e+00 1.9921517148e+01
96 6.0067282331e-01 5.1890533965e-02 4.0309092212e+00 1.9913389692e+01
97 6.0058944929e-01 5.1790254387e-02 4.0249368895e+00 1.9901840698e+01
98 6.0058958571e-01 5.1806165752e-02 4.0206170730e+00 1.9878058822e+01
99 6.0095839554e-01 5.3202742957e-02 4.0470406048e+00 2.0185686881e+01
100 6.0096494266e-01 5.3343409286e-02 4.0581124837e+00 2.0354737821e+01
101 6.0123725401e-01 5.3991676679e-02 4.0141662472e+00 1.9868192550e+01
102 6.0077590112e-01 5.2680837463e-02 3.9648979776e+00 1.9363432790e+01
103 6.0101350629e-01 5.3026536786e-02 3.9257057755e+00 1.8984242117e+01
104 6.0103362370e-01 5.3023804530e-02 3.9255049499e+00 1.8981701999e+01
105 6.0105118749e-01 5.3086648577e-02 3.9219573476e+00 1.8951515425e+01
106 6.0102250663e-01 5.3092242777e-02 3.9222725507e+00 1.8952021869e+01
107 6.0124487737e-01 5.3613841824e-02 3.8686003348e+00 1.8471214691e+01
108 6.0085127985e-01 5.2350235291e-02 3.8330796983e+00 1.8017057974e+01
109 6.0102805677e-01 5.3220096050e-02 3.9203975865e+00 1.9034876070e+01
110 6.0103603820e-01 5.3196225082e-02 3.9125198544e+00 1.9001474101e+01
111 6.0090278897e-01 5.2302762785e-02 3.8221953854e+00 1.7968870997e+01
112 6.0091994114e-01 5.2359337076e-02 3.8231437413e+00 1.7970648117e+01
113 6.0086685766e-01 5.2374805291e-02 3.8224807168e+00 1.7965092069e+01
114 6.0107741331e-01 5.2864273381e-02 3.7820692531e+00 1.7576078399e+01
115 6.0106713454e-01 5.2870744461e-02 3.7811451899e+00 1.7570463138e+01
116 6.0121159441e-01 5.3423242517e-02 3.7280499145e+00 1.7130799088e+01
117 6.0123229025e-01 5.3421185451e-02 3.7273383469e+00 1.7127655866e+01
118 6.0147185982e-01 5.3875604098e-02 3.6883991386e+00 1.6768341041e+01
119 6.0173150561e-01 5.4336122657e-02 3.6514805720e+00 1.6427229543e+01
120 6.0176813250e-01 5.4378763225e-02 3.6537662967e+00 1.6435064257e+01
121 6.0199239224e-01 5.4854901279e-02 3.6114615834e+00 1.6080513098e+01
122 6.0210706221e-01 5.5399840366e-02 3.5667655787e+00 1.5718790231e+01
123 6.0230493310e-01 5.5859141230e-02 3.5373876349e+00 1.5436461613e+01
124 6.0247471493e-01 5.6305394390e-02 3.5003672376e+00 1.5128512907e+01
125 6.0258337621e-01 5.7066285832e-02 3.5384381342e+00 1.5534174207e+01
126 6.0283619815e-01 5.7560618174e-02 3.5033386518e+00 1.5226708008e+01
127 6.0262991053e-01 5.6863848285e-02 3.4591857870e+00 1.4802798414e+01
128 6.0268918976e-01 5.7781415909e-02 3.5361087312e+00 1.5714072807e+01
129 6.0267376584e-01 5.7788247737e-02 3.5355503800e+00 1.5710419417e+01
130 6.0269281722e-01 5.7776101378e-02 3.5373233126e+00 1.5718351391e+01
131 6.0283872786e-01 5.8664983558e-02 3.6247978627e+00 1.6713751846e+01
132 6.0295874326e-01 5.9513213300e-02 3.6887445841e+00 1.7385200830e+01
133 6.0295588294e-01 5.9521818680e-02 3.6865504223e+00 1.7377103720e+01
134 6.0312196585e-01 5.9969505250e-02 3.6466108649e+00 1.7014909231e+01
135 6.0317724320e-01 6.0805849836e-02 3.6641388061e+00 1.7152708820e+01
136 6.0358709067e-01 6.1630570065e-02 3.5919818003e+00 1.6498272460e+01
137 6.0316023566e-01 6.0383129469e-02 3.5685965912e+00 1.6245095371e+01
138 6.0331004764e-01 6.1092489872e-02 3.6016517418e+00 1.6529419229e+01
139 6.0328630054e-01 6.1131400540e-02 3.5949936395e+00 1.6494011512e+01
140 6.0328538040e-01 6.1138133059e-02 3.5933443251e+00 1.6487724665e+01
141 6.0352666940e-01 6.1611940653e-02 3.5546942470e+00 1.6143291014e+01
142 6.0363446497e-01 6.2356795593e-02 3.5860699912e+00 1.6379100276e+01
143 6.0363897004e-01 6.2362675229e-02 3.5846446351e+00 1.6372052713e+01
144 6.0387778579e-01 6.2707956880e-02 3.5507786208e+00 1.6078731191e+01
145 6.0384179114e-01 6.2724981987e-02 3.5491111090e+00 1.6069879396e+01
146 6.0381454091e-01 6.2730677325e-02 3.5493911871e+00 1.6070229374e+01
147 6.0370134066e-01 6.2143412766e-02 3.5224083338e+00 1.5862040835e+01
148 6.0392375806e-01 6.2612102010e-02 3.4819880340e+00 1.5526506765e+01
149 6.0412793844e-01 6.2966482567e-02 3.4470614264e+00 1.5248446112e+01
150 6.0411376185e-01 6.2552466812e-02 3.3778836403e+00 1.4636509157e+01
151 6.0416163379e-01 6.2563192220e-02 3.3741039380e+00 1.4616298974e+01
152 6.0414583599e-01 6.2564318224e-02 3.3746842798e+00 1.4618648842e+01
153 6.0412281327e-01 6.2576354201e-02 3.3735452480e+00 1.4612619917e+01
154 6.0409696156e-01 6.2595684262e-02 3.3708474147e+00 1.4601419544e+01
155 6.0406261378e-01 6.2512031265e-02 3.3731704188e+00 1.4633459120e+01
156 6.0447505225e-01 6.3260282897e-02 3.3074262979e+00 1.4119119776e+01
157 6.0461852602e-01 6.3859307609e-02 3.2730427133e+00 1.3842261436e+01
158 6.0459453228e-01 6.3799008898e-02 3.2683528970e+00 1.3796043786e+01
159 6.0462849277e-01 6.3798304202e-02 3.2669542275e+00 1.3789621145e+01
160 6.0485824059e-01 6.4275971377e-02 3.2398695097e+00 1.3550488594e+01
161 6.0507689483e-01 6.4793597120e-02 3.2077515980e+00 1.3296701976e+01
162 6.0510656804e-01 6.4841664064e-02 3.2077803363e+00 1.3294120347e+01
163 6.0510704569e-01 6.4869235744e-02 3.2029053575e+00 1.3272325102e+01
164 6.0562986224e-01 6.5700529936e-02 3.1487310689e+00 1.2830411752e+01
165 6.0556144102e-01 6.5665027286e-02 3.1479912038e+00 1.2834387302e+01
166 6.0551054845e-01 6.5650028954e-02 3.1452115478e+00 1.2830590715e+01
167 6.0580996280e-01 6.6960414010e-02 3.2107142516e+00 1.3361909218e+01
168 6.0605812606e-01 6.7319855050e-02 3.1834418694e+00 1.3145650679e+01
169 6.0602006610e-01 6.7337281173e-02 3.1824756934e+00 1.3139099284e+01
170 6.0580013523e-01 6.6981134968e-02 3.2079916193e+00 1.3347128765e+01
171 6.0583121251e-01 6.7709570374e-02 3.2353349286e+00 1.3585050980e+01
172 6.0607219069e-01 6.8068898888e-02 3.2073553998e+00 1.3363953917e+01
173 6.0577866892e-01 6.7841483346e-02 3.2289535111e+00 1.3536359604e+01
174 6.0571022413e-01 6.8101642116e-02 3.2332603460e+00 1.3598222937e+01
175 6.0566952380e-01 6.8063667799e-02 3.2341547547e+00 1.3608622763e+01
176 6.0564668672e-01 6.8026191976e-02 3.2341222158e+00 1.3615194317e+01
177 6.0588037299e-01 6.8318423971e-02 3.2087644489e+00 1.3417088689e+01
178 6.0583998377e-01 6.8363645006e-02 3.2110942429e+00 1.3421637115e+01
179 6.0599405610e-01 6.9159064744e-02 3.2358294150e+00 1.3599333754e+01
180 6.0636901156e-01 7.0201064467e-02 3.2329535508e+00 1.3558588819e+01
181 6.0660349687e-01 7.0552379868e-02 3.2045398045e+00 1.3341863347e+01
182 6.0678524451e-01 7.0978159420e-02 3.1729406103e+00 1.3107722890e+01
183 6.0673510039e-01 7.0994307980e-02 3.1726352728e+00 1.3104907400e+01
184 6.0673510039e-01 7.0994307980e-02 3.1726352728e+00 1.3104907400e+01
185 6.0610224190e-01 6.9677456840e-02 3.1999641941e+00 1.3331014992e+01
186 6.0596238911e-01 6.9024495405e-02 3.1727361146e+00 1.3122706584e+01
187 6.0687077303e-01 7.0521624817e-02 3.0698147960e+00 1.2317905459e+01
188 6.0675537453e-01 6.9899201465e-02 3.0489089354e+00 1.2176825713e+01
189 6.0649990116e-01 6.9229997186e-02 2.9965691416e+00 1.1724745728e+01
190 6.0626223992e-01 6.8927880654e-02 3.0128484678e+00 1.1873711643e+01
191 6.0625940656e-01 6.8929468260e-02 3.0127416899e+00 1.1873121430e+01
192 6.0651092501e-01 6.9279733868e-02 2.9880713340e+00 1.1692138610e+01
193 6.0603488499e-01 6.8326794266e-02 2.9727191391e+00 1.1562743436e+01
194 6.0583839283e-01 6.8025286993e-02 3.0056427112e+00 1.1858336022e+01
195 6.0605189981e-01 6.8369523278e-02 2.9714183492e+00 1.1582504903e+01
196 6.0606549404e-01 6.8466295706e-02 2.9698240757e+00 1.1569439608e+01
197 6.0629604389e-01 6.9637912662e-02 2.9761028087e+00 1.1646508485e+01
198 6.0630122554e-01 6.9641035434e-02 2.9755605643e+00 1.1643367482e+01
199 6.0624774798e-01 6.9698737139e-02 2.9736386157e+00 1.1632045753e+01
200 6.0672216692e-01 7.0430382225e-02 2.9278686740e+00 1.1289697694e+01
201 6.0686037410e-01 7.1144290262e-02 2.9734739176e+00 1.1695823589e+01
202 6.0691006818e-01 7.1146610351e-02 2.9711434002e+00 1.1686004681e+01
203 6.0704324584e-01 7.1548709852e-02 2.9727008488e+00 1.1638776115e+01
204 6.0719831464e-01 7.2227301725e-02 3.0048134376e+00 1.1905976095e+01
205 6.0741283453e-01 7.2676165964e-02 2.9800642233e+00 1.1716740572e+01
206 6.0738617209e-01 7.3650201552e-02 3.0515170327e+00 1.2269761499e+01
207 6.0722712845e-01 7.2950047784e-02 3.0147578988e+00 1.1961770446e+01
208 6.0750330670e-01 7.3384034305e-02 2.9922333444e+00 1.1779571464e+01
209 6.0750399183e-01 7.3383794909e-02 2.9922121916e+00 1.1779663108e+01
210 6.0701291922e-01 7.2532877156e-02 2.9965219452e+00 1.1834481633e+01
211 6.0715523562e-01 7.2928758928e-02 2.9671387843e+00 1.1639324380e+01
212 6.0710888650e-01 7.2943277321e-02 2.9671350166e+00 1.1637511942e+01
213 6.0696729447e-01 7.2326609727e-02 2.9416738545e+00 1.1450078377e+01
214 6.0649846621e-01 7.1502631884e-02 2.9383925993e+00 1.1445594549e+01
215 6.0653883230e-01 7.1498339265e-02 2.9372966956e+00 1.1441681079e+01
216 6.0669499007e-01 7.2226100692e-02 2.9727354382e+00 1.1740143076e+01
217 6.0657939566e-01 7.2308736715e-02 2.9655528186e+00 1.1707198303e+01
218 6.0670204805e-01 7.2947321132e-02 2.9882734172e+00 1.1878234113e+01
219 6.0669060720e-01 7.2917241399e-02 2.9883089564e+00 1.1884582521e+01
220 6.0659256286e-01 7.3109843679e-02 3.0216763349e+00 1.2111820253e+01
221 6.0656534419e-01 7.3095360255e-02 3.0215417962e+00 1.2114536245e+01
222 6.0680960363e-01 7.3534767437e-02 2.9956331299e+00 1.1916524515e+01
223 6.0678049716e-01 7.3540030958e-02 2.9961074784e+00 1.1917877515e+01
224 6.0662530430e-01 7.2938744632e-02 2.9772933054e+00 1.1812269195e+01
225 6.0663161658e-01 7.2950351778e-02 2.9752025506e+00 1.1804135943e+01
226 6.0659554662e-01 7.2987107274e-02 2.9736348758e+00 1.1794408753e+01
227 6.0653748866e-01 7.3018507186e-02 2.9717426830e+00 1.1783590407e+01
228 6.0639877305e-01 7.3148470977e-02 2.9673030217e+00 1.1756298631e+01
229 6.0672505668e-01 7.3289947812e-02 2.9087850622e+00 1.1345470116e+01
230 6.0687710442e-01 7.4319447180e-02 2.9043576275e+00 1.1358917208e+01
231 6.0727864556e-01 7.5433129890e-02 2.9160599911e+00 1.1470349902e+01
232 6.0750374408e-01 7.5733132070e-02 2.8955780655e+00 1.1320296158e+01
233 6.0772439040e-01 7.6165227779e-02 2.8728375238e+00 1.1150201379e+01
234 6.0732658565e-01 7.5144936683e-02 2.8593862863e+00 1.1035211723e+01
235 6.0741482502e-01 7.5749428290e-02 2.8746195639e+00 1.1137075456e+01
236 6.0740727886e-01 7.5758383088e-02 2.8737708630e+00 1.1133142653e+01
237 6.0738795454e-01 7.5766710475e-02 2.8734616017e+00 1.1131235501e+01
238 6.0683287625e-01 7.5017603500e-02 2.9146419083e+00 1.1450872393e+01
239 6.0698460852e-01 7.5436551474e-02 2.8918309846e+00 1.1279842901e+01
240 6.0697173452e-01 7.5439245881e-02 2.8920925752e+00 1.1280100954e+01
241 6.0700067079e-01 7.5432456076e-02 2.8918372067e+00 1.1279636430e+01
242 6.0720117844e-01 7.6033639434e-02 2.9087867339e+00 1.1398519114e+01
243 6.0720377915e-01 7.5656623955e-02 2.8589106051e+00 1.1041999311e+01
244 6.0705208692e-01 7.5099211031e-02 2.8373641040e+00 1.0888272858e+01
245 6.0697971429e-01 7.5096151547e-02 2.8356382182e+00 1.0886594062e+01
246 6.0671688586e-01 7.4754699764e-02 2.8462853876e+00 1.0945400871e+01
247 6.0710877213e-01 7.6471812186e-02 2.8922809131e+00 1.1221971041e+01
248 6.0750268818e-01 7.7381382837e-02 2.8917357431e+00 1.1215082281e+01
249 6.0722875994e-01 7.7104494326e-02 2.9163000138e+00 1.1408219375e+01
250 6.0723632290e-01 7.7065726856e-02 2.9094914330e+00 1.1346888130e+01
251 6.0723389436e-01 7.7186377187e-02 2.9230737463e+00 1.1476681087e+01
252 6.0685732779e-01 7.6276018671e-02 2.9261161162e+00 1.1520954595e+01
253 6.0680780478e-01 7.6304714067e-02 2.9240677006e+00 1.1511894730e+01
254 6.0634084308e-01 7.5252516527e-02 2.9157374382e+00 1.1453255007e+01
255 6.0636373802e-01 7.5353882707e-02 2.9159332255e+00 1.1445426628e+01
256 6.0590485118e-01 7.4574296197e-02 2.9246877070e+00 1.1529387502e+01
257 6.0596463387e-01 7.4272913723e-02 2.8740837173e+00 1.1152820095e+01
258 6.0655341324e-01 7.5444378605e-02 2.8425076745e+00 1.0920455156e+01
259 6.0661719281e-01 7.5162133657e-02 2.8027775504e+00 1.0652396771e+01
260 6.0662528103e-01 7.5304666713e-02 2.8023608420e+00 1.0641675213e+01
261 6.0670616422e-01 7.6002978745e-02 2.8177716884e+00 1.0788611357e+01
262 6.0690324613e-01 7.6391303260e-02 2.7938672563e+00 1.0627866601e+01
263 6.0712701152e-01 7.6554302675e-02 2.7771617793e+00 1.0525420639e+01
264 6.0738678766e-01 7.6763843579e-02 2.7569588150e+00 1.0403336384e+01
265 6.0732232107e-01 7.6798992911e-02 2.7550506247e+00 1.0394077867e+01
266 6.0721494525e-01 7.6842415989e-02 2.7536037249e+00 1.0386748810e+01
267 6.0730812745e-01 7.7496359395e-02 2.7734169324e+00 1.0537676028e+01
268 6.0729116881e-01 7.7489543265e-02 2.7728141300e+00 1.0536442425e+01
269 6.0715376323e-01 7.6928952929e-02 2.7497832704e+00 1.0368993179e+01
270 6.0711626141e-01 7.6973134007e-02 2.7498900609e+00 1.0386053035e+01
271 6.0695876414e-01 7.6456629356e-02 2.7381146899e+00 1.0328531891e+01
272 6.0682439730e-01 7.6530459759e-02 2.7333711031e+00 1.0310208795e+01
273 6.0686280444e-01 7.6519891164e-02 2.7334552883e+00 1.0309927508e+01
274 6.0670640148e-01 7.5947529905e-02 2.7153705399e+00 1.0185852927e+01
275 6.0636344568e-01 7.4857485996e-02 2.6919793043e+00 9.9901893352e+00
276 6.0656256829e-01 7.5491575577e-02 2.7266748744e+00 1.0276923312e+01
277 6.0632165192e-01 7.5200161580e-02 2.7416233541e+00 1.0402907067e+01
278 6.0637700032e-01 7.5177299989e-02 2.7427256633e+00 1.0406518340e+01
279 6.0636906916e-01 7.5182587365e-02 2.7423804491e+00 1.0404791948e+01
280 6.0639071781e-01 7.5168318842e-02 2.7436969726e+00 1.0408682056e+01
281 6.0664005310e-01 7.5360426279e-02 2.7268461835e+00 1.0298809686e+01
282 6.0656250189e-01 7.5404234939e-02 2.7244211588e+00 1.0286811980e+01
283 6.0656702124e-01 7.5437895645e-02 2.7179690324e+00 1.0261591593e+01
284 6.0649861709e-01 7.5467382145e-02 2.7168195147e+00 1.0256017646e+01
285 6.0649948700e-01 7.5478381375e-02 2.7153770538e+00 1.0250116619e+01
286 6.0642054739e-01 7.5531122623e-02 2.7118334524e+00 1.0233862004e+01
287 6.0642152835e-01 7.5586189464e-02 2.7109429273e+00 1.0225515762e+01
288 6.0628492102e-01 7.4984234856e-02 2.6800784917e+00 1.0005040074e+01
289 6.0631990727e-01 7.4976372185e-02 2.6778529193e+00 9.9971432358e+00
290 6.0674767304e-01 7.5640275476e-02 2.6446271071e+00 9.7564320607e+00
291 6.0676170987e-01 7.5674504575e-02 2.6442874399e+00 9.7508193945e+00
292 6.0729645039e-01 7.5892047011e-02 2.5676171482e+00 9.2298224300e+00
293 6.0729426349e-01 7.5881089034e-02 2.5691533036e+00 9.2351191086e+00
294 6.0699074360e-01 7.4685257859e-02 2.5052082292e+00 8.7736522361e+00
295 6.0722694533e-01 7.5040035066e-02 2.4897872561e+00 8.6681381645e+00
296 6.0719325430e-01 7.4912966526e-02 2.4762743616e+00 8.5619765799e+00
297 6.0726895792e-01 7.5304391454e-02 2.4552167789e+00 8.4432744083e+00
298 6.0742342193e-01 7.5942950256e-02 2.4889420250e+00 8.7142749141e+00
299 6.0740196047e-01 7.6050621350e-02 2.4866214762e+00 8.7039951520e+00
300 6.0733921650e-01 7.6082550921e-02 2.4855856010e+00 8.6978075226e+00
301 6.0775866210e-01 7.6841104313e-02 2.4526895903e+00 8.4820826308e+00
302 6.0797429660e-01 7.7295210037e-02 2.4472925425e+00 8.4727505206e+00
303 6.0811494870e-01 7.7880699806e-02 2.4729113045e+00 8.6547698615e+00
304 6.0778151918e-01 7.7505044910e-02 2.4846804620e+00 8.7221368565e+00
305 6.0782047599e-01 7.7511165743e-02 2.4827220179e+00 8.7143979651e+00
306 6.0777247331e-01 7.7537105803e-02 2.4814956517e+00 8.7093927445e+00
307 6.0787586849e-01 7.8120253705e-02 2.5007874017e+00 8.8347403535e+00
308 6.0813537475e-01 7.8398381918e-02 2.4813964453e+00 8.7259600667e+00
309 6.0847351817e-01 7.9218321327e-02 2.4788487190e+00 8.7082082873e+00
310 6.0857796884e-01 7.9744053491e-02 2.4906495904e+00 8.7730060589e+00
311 6.0874752783e-01 8.0063815082e-02 2.4693198993e+00 8.6554439300e+00
312 6.0851955712e-01 7.9540685613e-02 2.4456161196e+00 8.5025068386e+00
313 6.0824684299e-01 7.9167524107e-02 2.4631032973e+00 8.6209737809e+00
314 6.0782961410e-01 7.8241970358e-02 2.4474901115e+00 8.5061769763e+00
315 6.0778515028e-01 7.8178284455e-02 2.4478567360e+00 8.5143573744e+00
316 6.0708636637e-01 7.6940226290e-02 2.4511619632e+00 8.5271402197e+00
317 6.0709831625e-01 7.6927427455e-02 2.4513079241e+00 8.5269424775e+00
318 6.0770419184e-01 7.8084819112e-02 2.4418490936e+00 8.4799656233e+00
319 6.0786777930e-01 7.8373415135e-02 2.4248228595e+00 8.3797496507e+00
320 6.0785663949e-01 7.8466314323e-02 2.4301840335e+00 8.4323641904e+00
321 6.0806951975e-01 7.8699754429e-02 2.4142545519e+00 8.3412567574e+00
322 6.0806579141e-01 7.8793735033e-02 2.4138041736e+00 8.3359814928e+00
323 6.0804100187e-01 7.8722659086e-02 2.4129631304e+00 8.3398187520e+00
324 6.0799476893e-01 7.8736750230e-02 2.4132228937e+00 8.3396630377e+00
325 6.0798977578e-01 7.8863750211e-02 2.4127092151e+00 8.3301605167e+00
326 6.0773213019e-01 7.8553192254e-02 2.4282418214e+00 8.4290378559e+00
327 6.0817547012e-01 7.9282539025e-02 2.3975686225e+00 8.2270748123e+00
328 6.0815726115e-01 7.9327174344e-02 2.3977100260e+00 8.2239243757e+00
329 6.0778712201e-01 7.8514746289e-02 2.3929356960e+00 8.1847815246e+00
330 6.0790527236e-01 7.8813320974e-02 2.3786108044e+00 8.0933202326e+00
331 6.0813521461e-01 7.9089869622e-02 2.3698116809e+00 8.0540842058e+00
332 6.0826298962e-01 7.9729627382e-02 2.4059346812e+00 8.3378525796e+00
333 6.0836422255e-01 7.9532883953e-02 2.3680735185e+00 8.0814287869e+00
334 6.0840005528e-01 7.9534523973e-02 2.3667732831e+00 8.0764341922e+00
335 6.0842855408e-01 7.9543033322e-02 2.3642205833e+00 8.0692605022e+00
336 6.0839045671e-01 7.9574232653e-02 2.3633408522e+00 8.0687535155e+00
337 6.0858979100e-01 7.9811588001e-02 2.3505560469e+00 7.9938772846e+00
338 6.0892715168e-01 8.0692542809e-02 2.3625911437e+00 8.0945301277e+00
339 6.0853068829e-01 8.0436050586e-02 2.3751910798e+00 8.1799990706e+00
340 6.0892814959e-01 8.1334525768e-02 2.3799708832e+00 8.1996899176e+00
341 6.0887601110e-01 8.1418186435e-02 2.3799647742e+00 8.2259733568e+00
342 6.0848764480e-01 8.0416445480e-02 2.3593803365e+00 8.0635944323e+00
343 6.0914851130e-01 8.1151312331e-02 2.3176571270e+00 7.8172099903e+00
344 6.0915154206e-01 8.1204720140e-02 2.3177765816e+00 7.8139105253e+00
345 6.0914478338e-01 8.1218847269e-02 2.3161789507e+00 7.8100678365e+00
346 6.0920679288e-01 8.1555225245e-02 2.3059679718e+00 7.7605044545e+00
347 6.0931250032e-01 8.1600909932e-02 2.2841696793e+00 7.6232283628e+00
348 6.0916895911e-01 8.1666965505e-02 2.2845170278e+00 7.6198234911e+00
349 6.0909290326e-01 8.1716133351e-02 2.2816791294e+00 7.6118486606e+00
350 6.0936884182e-01 8.2583463215e-02 2.2852268988e+00 7.6430310645e+00
351 6.0949318461e-01 8.2962952236e-02 2.2693060343e+00 7.5489588217e+00
352 6.0964117677e-01 8.3495216474e-02 2.2883389271e+00 7.6745953437e+00
353 6.0940763677e-01 8.3352044524e-02 2.3005386728e+00 7.7383202590e+00
354 6.0919777176e-01 8.3198544060e-02 2.3158318151e+00 7.8276004830e+00
355 6.0920732011e-01 8.3196119351e-02 2.3157320731e+00 7.8274230400e+00
356 6.0902623745e-01 8.2932496712e-02 2.3298981230e+00 7.9105662918e+00
357 6.0901310358e-01 8.2932508540e-02 2.3304886699e+00 7.9118207214e+00
358 6.0943557824e-01 8.3306441242e-02 2.3037473207e+00 7.7659277458e+00
359 6.1020651256e-01 8.4637936907e-02 2.2812341717e+00 7.6344565261e+00
360 6.1014521032e-01 8.4638967810e-02 2.2810253302e+00 7.6352964406e+00
361 6.1044939447e-01 8.5394776640e-02 2.2914989228e+00 7.7167747851e+00
362 6.1054225550e-01 8.5739217699e-02 2.2764434617e+00 7.6276769132e+00
363 6.1072045549e-01 8.5975843400e-02 2.2640207476e+00 7.5577738508e+00
364 6.1078169550e-01 8.5729668637e-02 2.2337986842e+00 7.3783963364e+00
365 6.1095834902e-01 8.5985531711e-02 2.2205660138e+00 7.3038182340e+00
