1 5.9282947138e-01 1.1102230246e-16 1.0000000000e+00 1.0000000000e+00
2 5.9351701181e-01 1.2837842534e-02 1.7740770134e+01 3.2120495753e+02
3 5.9367689473e-01 1.4978349206e-02 1.4816459033e+01 2.3064924632e+02
4 5.9350677240e-01 1.5176072583e-02 1.4221566000e+01 2.1964720863e+02
5 5.9387476442e-01 1.8462710893e-02 1.1808951727e+01 1.4940044144e+02
6 5.9414345784e-01 1.9888539763e-02 1.0992493214e+01 1.2882575109e+02
7 5.9407439870e-01 2.0025424106e-02 1.0857398999e+01 1.2702283621e+02
8 5.9414740888e-01 2.1486552428e-02 1.0003210671e+01 1.0927701491e+02
9 5.9439038898e-01 2.2592723583e-02 9.4867964371e+00 9.7852969053e+01
10 5.9419489635e-01 2.2720539439e-02 9.3361274159e+00 9.6020750580e+01
11 5.9423812869e-01 2.2746678692e-02 9.2989506291e+00 9.5510801486e+01
12 5.9420484328e-01 2.2841095198e-02 9.1758693493e+00 9.4022677070e+01
13 5.9417620782e-01 2.2883896584e-02 9.1255175869e+00 9.3370073983e+01
14 5.9434308411e-01 2.4107662329e-02 8.6557871874e+00 8.4115801342e+01
15 5.9427682155e-01 2.4244912055e-02 8.5024545935e+00 8.2366970278e+01
16 5.9428491307e-01 2.4257874456e-02 8.4877586400e+00 8.2180041417e+01
17 5.9424383251e-01 2.4332342245e-02 8.4064567762e+00 8.1254771165e+01
18 5.9416435103e-01 2.4523431183e-02 8.2030139164e+00 7.8904161381e+01
19 5.9415555148e-01 2.4670420080e-02 8.2019845278e+00 7.8918097905e+01
20 5.9455785174e-01 2.6911786677e-02 7.5764971892e+00 6.6704497645e+01
21 5.9442085510e-01 2.7056778960e-02 7.4456684599e+00 6.5498669998e+01
22 5.9483088922e-01 2.9159983059e-02 6.9685229877e+00 5.6905705078e+01
23 5.9476714978e-01 2.9236720554e-02 6.9184782392e+00 5.6380340356e+01
24 5.9467893923e-01 2.9335901679e-02 6.8478496966e+00 5.5721647246e+01
25 5.9465191886e-01 2.9393643747e-02 6.8023795433e+00 5.5329106670e+01
26 5.9461200525e-01 2.9465536234e-02 6.7528902520e+00 5.4833292491e+01
27 5.9505310300e-01 3.1267055778e-02 6.4129779714e+00 4.8861069265e+01
28 5.9497864828e-01 3.1311192738e-02 6.3901777482e+00 4.8649866318e+01
29 5.9472492925e-01 3.0461697201e-02 6.5297026615e+00 5.1232558365e+01
30 5.9469106166e-01 3.0286982079e-02 6.5009572336e+00 5.1037811341e+01
31 5.9460995867e-01 3.0351210239e-02 6.4617977950e+00 5.0687564334e+01
32 5.9494341989e-01 3.2059126165e-02 6.1348738686e+00 4.5331721815e+01
33 5.9519078474e-01 3.4467248902e-02 6.3372123012e+00 4.9599039155e+01
34 5.9518526615e-01 3.4489095879e-02 6.3259342444e+00 4.9478000413e+01
35 5.9534835268e-01 3.5292778453e-02 6.1656254856e+00 4.6833391825e+01
36 5.9549526739e-01 3.6068789134e-02 6.0233592480e+00 4.4498230708e+01
37 5.9572301146e-01 3.6959650370e-02 5.8814684990e+00 4.2229749839e+01
38 5.9661688891e-01 3.9460321773e-02 5.4312995804e+00 3.5700993987e+01
39 5.9654903324e-01 3.9585049230e-02 5.4116939487e+00 3.5514710573e+01
40 5.9695440383e-01 4.0937872363e-02 5.2110500733e+00 3.2808814169e+01
41 5.9689514963e-01 4.0976463132e-02 5.1995090506e+00 3.2716230782e+01
42 5.9689502993e-01 4.0838319029e-02 5.1964476192e+00 3.2765607206e+01
43 5.9686053872e-01 4.0891486626e-02 5.1763595863e+00 3.2615942089e+01
44 5.9671509381e-01 4.1003224295e-02 5.1382757647e+00 3.2342882184e+01
45 5.9674547804e-01 4.1006997892e-02 5.1347882425e+00 3.2315807851e+01
46 5.9663153529e-01 4.0913864719e-02 5.1197507606e+00 3.2277525672e+01
47 5.9658000634e-01 4.1075618510e-02 5.0873986018e+00 3.2038155274e+01
48 5.9646743101e-01 4.1172190151e-02 5.0679992748e+00 3.1887035041e+01
49 5.9645198288e-01 4.1180458853e-02 5.0657980366e+00 3.1869219724e+01
50 5.9648508100e-01 4.1193609211e-02 5.0596131596e+00 3.1811658983e+01
51 5.9645516360e-01 4.1255159575e-02 5.0368521565e+00 3.1640722649e+01
52 5.9642138885e-01 4.1401944549e-02 5.0017078062e+00 3.1382500786e+01
53 5.9656620887e-01 4.2114545896e-02 4.8993500049e+00 3.0128634773e+01
54 5.9645857034e-01 4.2174775130e-02 4.8829569104e+00 3.0010170839e+01
55 5.9649689331e-01 4.2201472630e-02 4.8709977999e+00 2.9917126011e+01
56 5.9656555815e-01 4.2207145499e-02 4.8641731549e+00 2.9869403651e+01
57 5.9707925486e-01 4.4684989601e-02 4.8769009886e+00 3.0189710847e+01
58 5.9728697933e-01 4.5273067401e-02 4.7958155939e+00 2.9186773170e+01
59 5.9738936959e-01 4.5821595335e-02 4.7222100562e+00 2.8267971346e+01
60 5.9746305929e-01 4.6568752661e-02 4.6126253584e+00 2.7105115024e+01
61 5.9758418569e-01 4.7160980299e-02 4.5136197419e+00 2.6130279158e+01
62 5.9765788896e-01 4.7893888244e-02 4.4543194808e+00 2.5361284019e+01
63 5.9769141124e-01 4.7895242858e-02 4.4521590887e+00 2.5345096105e+01
64 5.9760177006e-01 4.7948587403e-02 4.4208297727e+00 2.5195542021e+01
65 5.9805538293e-01 4.8878885442e-02 4.3173286817e+00 2.3927259188e+01
66 5.9798466387e-01 4.8914371790e-02 4.3116698544e+00 2.3881605982e+01
67 5.9813933050e-01 4.9464262600e-02 4.2500004117e+00 2.3199236723e+01
68 5.9850965960e-01 5.0868103958e-02 4.2822068957e+00 2.3508655266e+01
69 5.9854985907e-01 5.1857214217e-02 4.3447436744e+00 2.4275791548e+01
70 5.9897117754e-01 5.4244151138e-02 4.4326243771e+00 2.5208234635e+01
71 5.9949338824e-01 5.5063154673e-02 4.3271904949e+00 2.4035306393e+01
72 5.9932573683e-01 5.4119092270e-02 4.2597351220e+00 2.3354489467e+01
73 5.9943498371e-01 5.4657767795e-02 4.1918362900e+00 2.2688668130e+01
74 5.9964826179e-01 5.5098215936e-02 4.1379303976e+00 2.2149216188e+01
75 6.0020482603e-01 5.6902170083e-02 4.0916999295e+00 2.1569314328e+01
76 5.9969754113e-01 5.5766797897e-02 4.0705038991e+00 2.1478399504e+01
77 5.9983316308e-01 5.6276854782e-02 4.0159865320e+00 2.0934604901e+01
78 5.9983415123e-01 5.6244936275e-02 4.0094754033e+00 2.0905041930e+01
79 5.9954180312e-01 5.5425281570e-02 3.9367870096e+00 2.0276153203e+01
80 5.9943487208e-01 5.5763596264e-02 3.9412312180e+00 2.0541192946e+01
81 5.9940522186e-01 5.6505853619e-02 3.9773075603e+00 2.0896222047e+01
82 5.9973635617e-01 5.7380692944e-02 3.8799815558e+00 1.9952607270e+01
83 5.9971815736e-01 5.7403299703e-02 3.8755789038e+00 1.9926870103e+01
84 5.9980867983e-01 5.8074084819e-02 3.9295010473e+00 2.0446949673e+01
85 6.0016598612e-01 5.9205094111e-02 3.9100273293e+00 2.0113386638e+01
86 6.0007958936e-01 5.9219000742e-02 3.9112402381e+00 2.0117430353e+01
87 5.9999303257e-01 5.9195486968e-02 3.9110224914e+00 2.0128952073e+01
88 6.0017771888e-01 5.9985855176e-02 3.9473239921e+00 2.0426689713e+01
89 6.0011777688e-01 5.9902143187e-02 3.9454407286e+00 2.0452608016e+01
90 6.0053040865e-01 6.1755310750e-02 3.9416961341e+00 2.0217560509e+01
91 6.0078152834e-01 6.2224525637e-02 3.8967140236e+00 1.9764553896e+01
92 6.0095800915e-01 6.2550547936e-02 3.8588080207e+00 1.9411459637e+01
93 6.0110311475e-01 6.3064167295e-02 3.8203867643e+00 1.8999824696e+01
94 6.0136621396e-01 6.3459622900e-02 3.7817225137e+00 1.8624096183e+01
95 6.0141368390e-01 6.3636489423e-02 3.8031982196e+00 1.8852770652e+01
96 6.0133448702e-01 6.3658925314e-02 3.8027113889e+00 1.8844955358e+01
97 6.0099921742e-01 6.3285103486e-02 3.8413945161e+00 1.9217567974e+01
98 6.0142100198e-01 6.4181199834e-02 3.7554793090e+00 1.8411709928e+01
99 6.0162989257e-01 6.4605010501e-02 3.7136255533e+00 1.8031156454e+01
100 6.0150156476e-01 6.3939096882e-02 3.7065028789e+00 1.8040614512e+01
101 6.0166768561e-01 6.4655277284e-02 3.7222184038e+00 1.8141117683e+01
102 6.0160520073e-01 6.4862026378e-02 3.7154618710e+00 1.8062692817e+01
103 6.0152656954e-01 6.4948883927e-02 3.7097566221e+00 1.8016638296e+01
104 6.0175676158e-01 6.5245631873e-02 3.6759592601e+00 1.7721851328e+01
105 6.0210917428e-01 6.6426076120e-02 3.6561529515e+00 1.7486376711e+01
106 6.0236644870e-01 6.6755101829e-02 3.6226362980e+00 1.7188241803e+01
107 6.0183671923e-01 6.5770864608e-02 3.6223006152e+00 1.7288076152e+01
108 6.0199205127e-01 6.6229493643e-02 3.5853722987e+00 1.6943059145e+01
109 6.0219207704e-01 6.6609428979e-02 3.5507648634e+00 1.6634593843e+01
110 6.0245952665e-01 6.7010018998e-02 3.5119096526e+00 1.6308931063e+01
111 6.0258704437e-01 6.7288299796e-02 3.4824262250e+00 1.6070167847e+01
112 6.0257693507e-01 6.7279805385e-02 3.4845277098e+00 1.6080078395e+01
113 6.0256637610e-01 6.7338914676e-02 3.4828189307e+00 1.6061299225e+01
114 6.0246146159e-01 6.7405050297e-02 3.4757291350e+00 1.6021335015e+01
115 6.0200288556e-01 6.6412599504e-02 3.4804932056e+00 1.6130269060e+01
116 6.0238098490e-01 6.7238199327e-02 3.4164221189e+00 1.5550947444e+01
117 6.0239599705e-01 6.7272861336e-02 3.4142750170e+00 1.5533667027e+01
118 6.0261202824e-01 6.7602353922e-02 3.3837033943e+00 1.5274225619e+01
119 6.0260012866e-01 6.7355122335e-02 3.3191322953e+00 1.4772937858e+01
120 6.0319249368e-01 6.8955611390e-02 3.2978208424e+00 1.4536809050e+01
121 6.0338383464e-01 6.9521367571e-02 3.2659932918e+00 1.4249110307e+01
122 6.0405125622e-01 7.1012719105e-02 3.2473961535e+00 1.4097718271e+01
123 6.0378496825e-01 7.0456030115e-02 3.2136048027e+00 1.3902011506e+01
124 6.0326795154e-01 6.9361788445e-02 3.1886647467e+00 1.3733795298e+01
125 6.0349689541e-01 6.9728358112e-02 3.1608868394e+00 1.3509773250e+01
126 6.0342387072e-01 6.9847278337e-02 3.1575498410e+00 1.3473617227e+01
127 6.0361285185e-01 7.0319700313e-02 3.1331355076e+00 1.3253869021e+01
128 6.0361073817e-01 7.0294651735e-02 3.1306701420e+00 1.3249795538e+01
129 6.0383671533e-01 7.0659938913e-02 3.1033337571e+00 1.3036283098e+01
130 6.0395664668e-01 7.1495415899e-02 3.1427400319e+00 1.3351963110e+01
131 6.0431610201e-01 7.2357127594e-02 3.0868935006e+00 1.2906182910e+01
132 6.0442009401e-01 7.2230945626e-02 3.0516727830e+00 1.2659471260e+01
133 6.0423908623e-01 7.1777293586e-02 3.0053866793e+00 1.2264228284e+01
134 6.0410277023e-01 7.1808847398e-02 3.0000736259e+00 1.2253751685e+01
135 6.0404426991e-01 7.1835921327e-02 2.9985587017e+00 1.2245538493e+01
136 6.0360203288e-01 7.0837283989e-02 2.9870636450e+00 1.2171050753e+01
137 6.0381913769e-01 7.1096053443e-02 2.9621530987e+00 1.1999154990e+01
138 6.0367341732e-01 7.0694509088e-02 2.9835283884e+00 1.2179001322e+01
139 6.0362755907e-01 7.0708058435e-02 2.9835206857e+00 1.2177564453e+01
140 6.0377962514e-01 7.1425106976e-02 3.0280932622e+00 1.2553624092e+01
141 6.0368331879e-01 7.1415748825e-02 3.0262652311e+00 1.2549262900e+01
142 6.0362437171e-01 7.1452671741e-02 3.0227311369e+00 1.2534911407e+01
143 6.0385822416e-01 7.1751765634e-02 2.9993242764e+00 1.2357354184e+01
144 6.0390162567e-01 7.1658349224e-02 2.9978313941e+00 1.2365484479e+01
145 6.0429621412e-01 7.2483062758e-02 2.9866006052e+00 1.2249776891e+01
146 6.0447244507e-01 7.2889701933e-02 2.9611346114e+00 1.2052449768e+01
147 6.0460751952e-01 7.3348965942e-02 2.9341912968e+00 1.1847888371e+01
148 6.0445092805e-01 7.2815885046e-02 2.9146033136e+00 1.1723982062e+01
149 6.0482869542e-01 7.3987439091e-02 2.9146266635e+00 1.1673221666e+01
150 6.0547782740e-01 7.4831534423e-02 2.8498651066e+00 1.1222408328e+01
151 6.0555023858e-01 7.4804330035e-02 2.8508109852e+00 1.1226895649e+01
152 6.0488960706e-01 7.3486300396e-02 2.8501740481e+00 1.1207817096e+01
153 6.0478257604e-01 7.2786692756e-02 2.8162248596e+00 1.0951590235e+01
154 6.0490798779e-01 7.3317397382e-02 2.8359462411e+00 1.1092726473e+01
155 6.0492067003e-01 7.3335784809e-02 2.8326696754e+00 1.1080546995e+01
156 6.0487258037e-01 7.3410745237e-02 2.8244583501e+00 1.1052901307e+01
157 6.0526619931e-01 7.4212548257e-02 2.7778059257e+00 1.0719064998e+01
158 6.0505789332e-01 7.3559976216e-02 2.7425173043e+00 1.0458524995e+01
159 6.0498867886e-01 7.3439930296e-02 2.7209554054e+00 1.0244649685e+01
160 6.0519930368e-01 7.4683899326e-02 2.7859538828e+00 1.0753284916e+01
161 6.0542689691e-01 7.4881049864e-02 2.7693412077e+00 1.0640335245e+01
162 6.0540218340e-01 7.4934938304e-02 2.7642296671e+00 1.0620674861e+01
163 6.0538631191e-01 7.4991640024e-02 2.7618573985e+00 1.0607309532e+01
164 6.0516175054e-01 7.4733589933e-02 2.7837711417e+00 1.0753844758e+01
165 6.0525980412e-01 7.5300930068e-02 2.8030985475e+00 1.0888970741e+01
166 6.0537232570e-01 7.5710806547e-02 2.7809558151e+00 1.0733753842e+01
167 6.0554259996e-01 7.6058477873e-02 2.7578944573e+00 1.0579902614e+01
168 6.0549802748e-01 7.5988590995e-02 2.7591747309e+00 1.0596187514e+01
169 6.0546873710e-01 7.5923943793e-02 2.7529587426e+00 1.0536716259e+01
170 6.0562251370e-01 7.6135728792e-02 2.7326578364e+00 1.0408797384e+01
171 6.0554706553e-01 7.5998261295e-02 2.7322946470e+00 1.0434713674e+01
172 6.0534075076e-01 7.6156034574e-02 2.7236962302e+00 1.0397486471e+01
173 6.0567661994e-01 7.6798998338e-02 2.6842562156e+00 1.0127974218e+01
174 6.0545642259e-01 7.6233740581e-02 2.6521609191e+00 9.8861158551e+00
175 6.0461616724e-01 7.4558513369e-02 2.6456812456e+00 9.8369245392e+00
176 6.0460096754e-01 7.4566478157e-02 2.6454282116e+00 9.8347330097e+00
177 6.0502472851e-01 7.5586787759e-02 2.6567599841e+00 9.9053471791e+00
178 6.0500208502e-01 7.5477747366e-02 2.6570003792e+00 9.9200391891e+00
179 6.0463254077e-01 7.5178186469e-02 2.6552065620e+00 9.9020896047e+00
180 6.0430631757e-01 7.4886487527e-02 2.6723379251e+00 1.0025108002e+01
181 6.0426623511e-01 7.4909013619e-02 2.6707729253e+00 1.0019523964e+01
182 6.0437668441e-01 7.5313327501e-02 2.6542550434e+00 9.8895061319e+00
183 6.0457671732e-01 7.5511219517e-02 2.6393378026e+00 9.7975333855e+00
184 6.0478519716e-01 7.5950940355e-02 2.6270512953e+00 9.7275019548e+00
185 6.0472128705e-01 7.6668250614e-02 2.6447696894e+00 9.8781805561e+00
186 6.0494146794e-01 7.6964946534e-02 2.6267488761e+00 9.7548785536e+00
187 6.0524482692e-01 7.8282599612e-02 2.6961892732e+00 1.0297411477e+01
188 6.0546898847e-01 7.8609764731e-02 2.6718603067e+00 1.0150493259e+01
189 6.0581615844e-01 7.9547869006e-02 2.6831161006e+00 1.0241249809e+01
190 6.0552398971e-01 7.9231541321e-02 2.7037777709e+00 1.0381128416e+01
191 6.0584971848e-01 8.0062996713e-02 2.7002713684e+00 1.0335296548e+01
192 6.0612873013e-01 8.0266244119e-02 2.6855107372e+00 1.0232642187e+01
193 6.0577461395e-01 7.9106850342e-02 2.6382741568e+00 9.9268792284e+00
194 6.0492862642e-01 7.7738095126e-02 2.6669283221e+00 1.0141026164e+01
195 6.0478200458e-01 7.7725803235e-02 2.6610606842e+00 1.0097412171e+01
196 6.0474220019e-01 7.7733800445e-02 2.6598660980e+00 1.0093674617e+01
197 6.0473040482e-01 7.7765408902e-02 2.6563658653e+00 1.0079780975e+01
198 6.0476065317e-01 7.7742133540e-02 2.6582314262e+00 1.0087238786e+01
199 6.0471455898e-01 7.7724595468e-02 2.6466459530e+00 9.9937186274e+00
200 6.0485570934e-01 7.8060027778e-02 2.6309401419e+00 9.8737662862e+00
201 6.0487564507e-01 7.8096033310e-02 2.6298708488e+00 9.8649317746e+00
202 6.0492504742e-01 7.8128734428e-02 2.6282995084e+00 9.8547583195e+00
203 6.0462201337e-01 7.7941919112e-02 2.6423454645e+00 9.9540290150e+00
204 6.0459561446e-01 7.7994968889e-02 2.6408947089e+00 9.9445032679e+00
205 6.0481278749e-01 7.8317353191e-02 2.6211871702e+00 9.8139152882e+00
206 6.0503561755e-01 7.8704152451e-02 2.6051399571e+00 9.6891482101e+00
207 6.0552736772e-01 7.9451889282e-02 2.5734773858e+00 9.4450543068e+00
208 6.0551435750e-01 7.9447512952e-02 2.5747685395e+00 9.4484959908e+00
209 6.0529447504e-01 7.9543633971e-02 2.5680892947e+00 9.4287717664e+00
210 6.0532378358e-01 7.9525307447e-02 2.5694923898e+00 9.4326271086e+00
211 6.0532215643e-01 7.9515823417e-02 2.5705397060e+00 9.4371533940e+00
212 6.0550230242e-01 7.9893926854e-02 2.5511979806e+00 9.3099415095e+00
213 6.0555751612e-01 7.9632885320e-02 2.5095352957e+00 9.0303745488e+00
214 6.0512172352e-01 7.8609863368e-02 2.4937984219e+00 8.9203150394e+00
215 6.0515414648e-01 7.8724130543e-02 2.4895299317e+00 8.9066754476e+00
216 6.0535012058e-01 7.9274813367e-02 2.5122074715e+00 9.0614010809e+00
217 6.0507496563e-01 7.8551885786e-02 2.4907336417e+00 8.9506508686e+00
218 6.0502801147e-01 7.8527935266e-02 2.4888564684e+00 8.9470725150e+00
219 6.0462069717e-01 7.8261351723e-02 2.5055404524e+00 9.0565460169e+00
220 6.0465786027e-01 7.8306521438e-02 2.5040568285e+00 9.0505612590e+00
221 6.0423271854e-01 7.7601246543e-02 2.5012696786e+00 9.0596984339e+00
222 6.0416610096e-01 7.7626790751e-02 2.5010615207e+00 9.0564721206e+00
223 6.0420161413e-01 7.7617018760e-02 2.5008577551e+00 9.0562104367e+00
224 6.0438355427e-01 7.7910267505e-02 2.4851506327e+00 8.9500318199e+00
225 6.0436028280e-01 7.7967867593e-02 2.4842429931e+00 8.9412926773e+00
226 6.0478632733e-01 7.8615880481e-02 2.4489148052e+00 8.7192401427e+00
227 6.0517971418e-01 7.9110730322e-02 2.4197429235e+00 8.5367643492e+00
228 6.0518175009e-01 7.9105503989e-02 2.4200491720e+00 8.5390311005e+00
229 6.0515942053e-01 7.9192846934e-02 2.4166832587e+00 8.5234008635e+00
230 6.0481881932e-01 7.8986345527e-02 2.4252970103e+00 8.6025261232e+00
231 6.0471926314e-01 7.9055407362e-02 2.4208628240e+00 8.5866043919e+00
232 6.0496702709e-01 7.9377768652e-02 2.4059823874e+00 8.4900927554e+00
233 6.0519340739e-01 7.9708955064e-02 2.3914377376e+00 8.3915225286e+00
234 6.0526074385e-01 8.0374894851e-02 2.4247015004e+00 8.6519015918e+00
235 6.0524863932e-01 8.0369296696e-02 2.4259877118e+00 8.6553221255e+00
236 6.0527172871e-01 8.0363444480e-02 2.4257364726e+00 8.6550123337e+00
237 6.0523150811e-01 8.0375894094e-02 2.4259410394e+00 8.6545903629e+00
238 6.0516979692e-01 8.0031605209e-02 2.3854742537e+00 8.4156541274e+00
239 6.0516492079e-01 7.9689939487e-02 2.3610612027e+00 8.2940032604e+00
240 6.0530911641e-01 8.0306009009e-02 2.3975281349e+00 8.5723256166e+00
241 6.0600686468e-01 8.1772306582e-02 2.3658149455e+00 8.3305221940e+00
242 6.0572378211e-01 8.1564388655e-02 2.3787157684e+00 8.4132915203e+00
243 6.0546802704e-01 8.0930199063e-02 2.3824431424e+00 8.4504880944e+00
244 6.0568847145e-01 8.1244495792e-02 2.3609708533e+00 8.3379337905e+00
245 6.0544589545e-01 8.0669289596e-02 2.3365179657e+00 8.1920294558e+00
246 6.0518536007e-01 8.0355472390e-02 2.3510385855e+00 8.2892344515e+00
247 6.0550266112e-01 8.1113977885e-02 2.3489658524e+00 8.2548661826e+00
248 6.0536581766e-01 8.1179841041e-02 2.3466324447e+00 8.2457909779e+00
249 6.0531640024e-01 8.1211590413e-02 2.3449329846e+00 8.2393889647e+00
250 6.0545393938e-01 8.1585355197e-02 2.3480037476e+00 8.1921908159e+00
251 6.0544810628e-01 8.1607904900e-02 2.3458683152e+00 8.1840892511e+00
252 6.0561464484e-01 8.2285336205e-02 2.3779077313e+00 8.4119023280e+00
253 6.0555775094e-01 8.2329660558e-02 2.3715063804e+00 8.3677662078e+00
254 6.0549225286e-01 8.2382942206e-02 2.3677958314e+00 8.3553516021e+00
255 6.0529318072e-01 8.2270706594e-02 2.3804125026e+00 8.4221204689e+00
256 6.0527210790e-01 8.2198795711e-02 2.3811276292e+00 8.4294079952e+00
257 6.0514827191e-01 8.2408633780e-02 2.4147189203e+00 8.6371717835e+00
258 6.0505758353e-01 8.2286182374e-02 2.4087969236e+00 8.6098511902e+00
259 6.0524086382e-01 8.2690761431e-02 2.3924730308e+00 8.5008632648e+00
260 6.0513815598e-01 8.2590980993e-02 2.3957576597e+00 8.5299145885e+00
261 6.0515241587e-01 8.2614677628e-02 2.3932507339e+00 8.5186976494e+00
262 6.0524123515e-01 8.3182009710e-02 2.4156258780e+00 8.6610514030e+00
263 6.0511894612e-01 8.3206462676e-02 2.4136390577e+00 8.6557670733e+00
264 6.0519769619e-01 8.2870950498e-02 2.3672481159e+00 8.3453585246e+00
265 6.0482217052e-01 8.2132681863e-02 2.3741777156e+00 8.4052994365e+00
266 6.0477532764e-01 8.2161137032e-02 2.3723829826e+00 8.4005049445e+00
267 6.0480376800e-01 8.2701866879e-02 2.3834446317e+00 8.4524373731e+00
268 6.0447724439e-01 8.2189172922e-02 2.3688861584e+00 8.3424990414e+00
269 6.0455283052e-01 8.2156195907e-02 2.3696372711e+00 8.3466464553e+00
270 6.0371885686e-01 8.0524859967e-02 2.3557760519e+00 8.2640611564e+00
271 6.0356392044e-01 8.0531762440e-02 2.3552458236e+00 8.2597743320e+00
272 6.0372494594e-01 8.0959731889e-02 2.3449367586e+00 8.1749725183e+00
273 6.0358292518e-01 8.1012511876e-02 2.3397116255e+00 8.1606324514e+00
274 6.0369071653e-01 8.1609083328e-02 2.3593030150e+00 8.2754862891e+00
275 6.0341633372e-01 8.1424145539e-02 2.3696037178e+00 8.3511046199e+00
276 6.0370505761e-01 8.1701740751e-02 2.3397095190e+00 8.1718761200e+00
277 6.0364176489e-01 8.1763344416e-02 2.3391903252e+00 8.1641662093e+00
278 6.0365089375e-01 8.1714549954e-02 2.3088956186e+00 7.9839794531e+00
279 6.0374591781e-01 8.2126154307e-02 2.3275771764e+00 8.1047333570e+00
280 6.0388119614e-01 8.2526955450e-02 2.3470280936e+00 8.2387397059e+00
281 6.0390298297e-01 8.3042801068e-02 2.3651008935e+00 8.3645039843e+00
282 6.0395682671e-01 8.3608466313e-02 2.3910373683e+00 8.5560301560e+00
283 6.0376752796e-01 8.3183824279e-02 2.3791779359e+00 8.4994942334e+00
284 6.0375988806e-01 8.3752079551e-02 2.3886509824e+00 8.5390031899e+00
285 6.0373731316e-01 8.3715958008e-02 2.3890387482e+00 8.5433277634e+00
286 6.0390664280e-01 8.4054717860e-02 2.3756723561e+00 8.4487743986e+00
287 6.0386044814e-01 8.4099740879e-02 2.3723681876e+00 8.4371059918e+00
288 6.0396405629e-01 8.4685414640e-02 2.3912042526e+00 8.5541490718e+00
289 6.0410032396e-01 8.5294938511e-02 2.4137565590e+00 8.7020572212e+00
290 6.0429581860e-01 8.5432457951e-02 2.3942157351e+00 8.5763053751e+00
291 6.0389358175e-01 8.4636987021e-02 2.3869854183e+00 8.5327594474e+00
292 6.0388440791e-01 8.4711229082e-02 2.3863988843e+00 8.5507601843e+00
293 6.0408021676e-01 8.5123472203e-02 2.3693007783e+00 8.4327397581e+00
294 6.0443402771e-01 8.5883938227e-02 2.3686673420e+00 8.4143716647e+00
295 6.0416812970e-01 8.5550119215e-02 2.3838438981e+00 8.5172008375e+00
296 6.0387534342e-01 8.5247502761e-02 2.3973790006e+00 8.5991049796e+00
297 6.0403625152e-01 8.5845991912e-02 2.4288901296e+00 8.8277832768e+00
298 6.0474386714e-01 8.6521502706e-02 2.3900108619e+00 8.6056528397e+00
299 6.0438445859e-01 8.5781320552e-02 2.3915859596e+00 8.6343745295e+00
300 6.0432982177e-01 8.5663478810e-02 2.3861176798e+00 8.6029802061e+00
301 6.0428924356e-01 8.5753941920e-02 2.3823997088e+00 8.5883192841e+00
302 6.0427042063e-01 8.5723818900e-02 2.3773408141e+00 8.5517285915e+00
303 6.0457104507e-01 8.6461945046e-02 2.3673452142e+00 8.4474814772e+00
304 6.0455091039e-01 8.6555708422e-02 2.3627773949e+00 8.4245507136e+00
305 6.0423796409e-01 8.5677727762e-02 2.3483575674e+00 8.3357936957e+00
306 6.0416615269e-01 8.5771499782e-02 2.3496089846e+00 8.3314194325e+00
307 6.0469134593e-01 8.6837345002e-02 2.3435111602e+00 8.2950202453e+00
308 6.0509618534e-01 8.7582645153e-02 2.3372776708e+00 8.2408551658e+00
309 6.0512889239e-01 8.7678506266e-02 2.3315905562e+00 8.2182631419e+00
310 6.0549474498e-01 8.8261127257e-02 2.3306227153e+00 8.1993434952e+00
311 6.0561257754e-01 8.8637630419e-02 2.3293201689e+00 8.1710848855e+00
312 6.0500648529e-01 8.7601437176e-02 2.3252070925e+00 8.1934180724e+00
313 6.0502911224e-01 8.7535455835e-02 2.3231047855e+00 8.1797689860e+00
314 6.0488165853e-01 8.6979856923e-02 2.2985966239e+00 8.0322174421e+00
315 6.0512165171e-01 8.6914139796e-02 2.2643849244e+00 7.8639303398e+00
316 6.0552272482e-01 8.7285567972e-02 2.2392533824e+00 7.7269282864e+00
317 6.0570204841e-01 8.7579387034e-02 2.2266557050e+00 7.6463658374e+00
318 6.0586727100e-01 8.8290111195e-02 2.2492517095e+00 7.7988919027e+00
319 6.0580487318e-01 8.8592150868e-02 2.2754968015e+00 7.9437864948e+00
320 6.0555338883e-01 8.8216776677e-02 2.2847566911e+00 8.0262743963e+00
321 6.0509457534e-01 8.6951464197e-02 2.2690925501e+00 8.0040777492e+00
322 6.0547257802e-01 8.7668222949e-02 2.2642314553e+00 7.9623157139e+00
323 6.0513943514e-01 8.7338669995e-02 2.2741047223e+00 8.0414750199e+00
324 6.0495878176e-01 8.7502675423e-02 2.2702257297e+00 8.0331645190e+00
325 6.0479037690e-01 8.7003851712e-02 2.2489534006e+00 7.9165060227e+00
326 6.0501108253e-01 8.7255486643e-02 2.2338381973e+00 7.8312153213e+00
327 6.0510109065e-01 8.7623943414e-02 2.2410435348e+00 7.8658262063e+00
328 6.0508361723e-01 8.7594513864e-02 2.2403077036e+00 7.8680262272e+00
329 6.0515076419e-01 8.7342000360e-02 2.2228903361e+00 7.7946082254e+00
330 6.0549594818e-01 8.7799299751e-02 2.1968941044e+00 7.6466238101e+00
331 6.0557460323e-01 8.8123049117e-02 2.1833172759e+00 7.5665947075e+00
332 6.0593756509e-01 8.8893479642e-02 2.1835636937e+00 7.5447516484e+00
333 6.0593573773e-01 8.8959673755e-02 2.1806152731e+00 7.5300639974e+00
334 6.0595623100e-01 8.8986771884e-02 2.1812535544e+00 7.5296559212e+00
335 6.0555325721e-01 8.8194839464e-02 2.1817212070e+00 7.5558057199e+00
336 6.0545163660e-01 8.8387453822e-02 2.1941519472e+00 7.6090105966e+00
337 6.0534743448e-01 8.8668478241e-02 2.2445500013e+00 7.9715886156e+00
338 6.0511321241e-01 8.8246118914e-02 2.2256505227e+00 7.8774720295e+00
339 6.0603495966e-01 8.9244746019e-02 2.1770867018e+00 7.5787842582e+00
340 6.0606971783e-01 8.9255563801e-02 2.1771148720e+00 7.5784983809e+00
341 6.0553573776e-01 8.8538773036e-02 2.1856599498e+00 7.6244188742e+00
342 6.0553698880e-01 8.8600649569e-02 2.1876428118e+00 7.6397124643e+00
343 6.0572559032e-01 8.8826800316e-02 2.1749010359e+00 7.5671201353e+00
344 6.0589880613e-01 8.8888265276e-02 2.1535521920e+00 7.4487218303e+00
345 6.0608920280e-01 8.8949978221e-02 2.1090686429e+00 7.1737979943e+00
346 6.0631467366e-01 8.9260060763e-02 2.0970456451e+00 7.0991874253e+00
347 6.0636496632e-01 8.9265582462e-02 2.0950683068e+00 7.0928227408e+00
348 6.0630833710e-01 8.9243666420e-02 2.0940367292e+00 7.0825435958e+00
349 6.0646970145e-01 8.9681283056e-02 2.1021075971e+00 7.1124555643e+00
350 6.0615003990e-01 8.9144894064e-02 2.0717076069e+00 6.9109285296e+00
351 6.0636948313e-01 8.9395660441e-02 2.0601427985e+00 6.8455669406e+00
352 6.0671862897e-01 9.0198568293e-02 2.0694487409e+00 6.9030528446e+00
353 6.0591282688e-01 8.8948382887e-02 2.0884124171e+00 7.0439441249e+00
354 6.0590400733e-01 8.8930841020e-02 2.0893332003e+00 7.0492315418e+00
355 6.0569833372e-01 8.8486216704e-02 2.0810237768e+00 6.9596174971e+00
356 6.0530171442e-01 8.7554361785e-02 2.0448509920e+00 6.7611882346e+00
357 6.0542391506e-01 8.8098300392e-02 2.0617330051e+00 6.8523456081e+00
358 6.0552781012e-01 8.8667652860e-02 2.0735304895e+00 6.8996181982e+00
359 6.0531340618e-01 8.8134352402e-02 2.0525154131e+00 6.7630991298e+00
360 6.0526861819e-01 8.8242156155e-02 2.0503458600e+00 6.7328087304e+00
361 6.0520311417e-01 8.8257899727e-02 2.0511727873e+00 6.7344459704e+00
362 6.0546390137e-01 8.8516245168e-02 2.0403670282e+00 6.6815081101e+00
363 6.0503625528e-01 8.7875197502e-02 2.0478464092e+00 6.7376213765e+00
364 6.0486552991e-01 8.7292165679e-02 2.0246647236e+00 6.6017964829e+00
365 6.0463293506e-01 8.6500101940e-02 2.0338420362e+00 6.6769999232e+00
