1 5.9282947138e-01 1.1102230246e-16 1.0000000000e+00 1.0000000000e+00
2 5.9290415851e-01 1.6573318110e-03 1.4218052350e+01 2.8718067306e+02
3 5.9283979036e-01 2.7981927085e-03 -7.1670985114e+00 2.1399868916e+02
4 5.9355882230e-01 1.3080273319e-02 1.6693859752e+01 2.9826128242e+02
5 5.9380349015e-01 1.5026954741e-02 1.4652833889e+01 2.2726613747e+02
6 5.9383701700e-01 1.5049345377e-02 1.4584563737e+01 2.2579259181e+02
7 5.9405481376e-01 1.6770831378e-02 1.3140187408e+01 1.8228396122e+02
8 5.9380039495e-01 1.5112546330e-02 1.4400354460e+01 2.2219524149e+02
9 5.9383489158e-01 1.5131352978e-02 1.4340583436e+01 2.2096349332e+02
10 5.9377883761e-01 1.5242577567e-02 1.4001170277e+01 2.1490824577e+02
11 5.9420769838e-01 1.8510722135e-02 1.1666114734e+01 1.4708738810e+02
12 5.9422987821e-01 1.8539455469e-02 1.1611511367e+01 1.4612772981e+02
13 5.9432007568e-01 1.8623265205e-02 1.1446289874e+01 1.4330606529e+02
14 5.9436288661e-01 1.8670249153e-02 1.1357999883e+01 1.4177231295e+02
15 5.9451851447e-01 2.0108486779e-02 1.0584908150e+01 1.2256618085e+02
16 5.9451156496e-01 2.0152553038e-02 1.0515065871e+01 1.2151750724e+02
17 5.9457839987e-01 2.0171861057e-02 1.0476614642e+01 1.2091574996e+02
18 5.9502362365e-01 2.2683243257e-02 9.4259010966e+00 9.6448514652e+01
19 5.9527683189e-01 2.3854902214e-02 8.9762080571e+00 8.7219833430e+01
20 5.9543726185e-01 2.4746206871e-02 8.5773134535e+00 7.9604054320e+01
21 5.9535141335e-01 2.4812569934e-02 8.5099623255e+00 7.8891288571e+01
22 5.9541440128e-01 2.4853096867e-02 8.4620346963e+00 7.8295755267e+01
23 5.9545148344e-01 2.4865637172e-02 8.4452228640e+00 7.8088410143e+01
24 5.9591165020e-01 2.6980897539e-02 7.7958553030e+00 6.6425833809e+01
25 5.9588746097e-01 2.6995056735e-02 7.7852690097e+00 6.6315474630e+01
26 5.9579552119e-01 2.7094264469e-02 7.6949886892e+00 6.5489000881e+01
27 5.9603480915e-01 2.8089066350e-02 7.4277243085e+00 6.0931725976e+01
28 5.9623404883e-01 2.9043767906e-02 7.1913766753e+00 5.7022650739e+01
29 5.9597134229e-01 2.8228140311e-02 7.3195024822e+00 5.9827037776e+01
30 5.9596569190e-01 2.8245368447e-02 7.3067644944e+00 5.9687537355e+01
31 5.9596892459e-01 2.8275995260e-02 7.2818100213e+00 5.9427551839e+01
32 5.9601538263e-01 2.8197985695e-02 7.2543634253e+00 5.9145918321e+01
33 5.9589871586e-01 2.8277420496e-02 7.1982532811e+00 5.8614296221e+01
34 5.9612733842e-01 2.9238340592e-02 6.9716238797e+00 5.4885178249e+01
35 5.9609059268e-01 2.9268670573e-02 6.9521843465e+00 5.4694459457e+01
36 5.9626044277e-01 3.0122110919e-02 6.7288533110e+00 5.1302652308e+01
37 5.9620680995e-01 3.0169506021e-02 6.6976520560e+00 5.1037010737e+01
38 5.9611711482e-01 3.0039679999e-02 6.6353177489e+00 5.0592027928e+01
39 5.9614026682e-01 3.0103681780e-02 6.6021245616e+00 5.0319374495e+01
40 5.9602915255e-01 3.0208254157e-02 6.5339508417e+00 4.9741089416e+01
41 5.9591317827e-01 3.0297337973e-02 6.4810669012e+00 4.9268290638e+01
42 5.9614442157e-01 3.1156291987e-02 6.3388849617e+00 4.6827426199e+01
43 5.9604733576e-01 3.1226196624e-02 6.2998388917e+00 4.6496433305e+01
44 5.9602749983e-01 3.1273862027e-02 6.2716906708e+00 4.6231843224e+01
45 5.9612220016e-01 3.1291691112e-02 6.2528155959e+00 4.6051514365e+01
46 5.9635771671e-01 3.2102938268e-02 6.1118351470e+00 4.3799500223e+01
47 5.9663580334e-01 3.2900165163e-02 5.9724549733e+00 4.1679077501e+01
48 5.9653105044e-01 3.2956841719e-02 5.9490268440e+00 4.1470845186e+01
49 5.9705549006e-01 3.4609376910e-02 5.7248167468e+00 3.8073791937e+01
50 5.9696818243e-01 3.4680531534e-02 5.6936263916e+00 3.7825402954e+01
51 5.9713301837e-01 3.5474715665e-02 5.5702003199e+00 3.6181023582e+01
52 5.9723188322e-01 3.6808410843e-02 5.8487268273e+00 4.1204870388e+01
53 5.9717205077e-01 3.6784467149e-02 5.8297074432e+00 4.1108880505e+01
54 5.9732746079e-01 3.7537162138e-02 5.6958181440e+00 3.9194438071e+01
55 5.9772282735e-01 3.8795242810e-02 5.4730899867e+00 3.6077121468e+01
56 5.9772835778e-01 3.8843963880e-02 5.4481964453e+00 3.5900989174e+01
57 5.9806461053e-01 4.0235530837e-02 5.2366991453e+00 3.3078260005e+01
58 5.9858730188e-01 4.1511937086e-02 5.0611868875e+00 3.0748065032e+01
59 5.9844801312e-01 4.1581366341e-02 5.0422888378e+00 3.0614994901e+01
60 5.9859880005e-01 4.2719837272e-02 5.1913831219e+00 3.2878291881e+01
61 5.9876990141e-01 4.3354857448e-02 5.0963295350e+00 3.1669527755e+01
62 5.9895356579e-01 4.3919178808e-02 5.0096396482e+00 3.0603566449e+01
63 5.9877579965e-01 4.4038830376e-02 4.9747587412e+00 3.0359960840e+01
64 5.9882283047e-01 4.4188142039e-02 5.0060702938e+00 3.0915917926e+01
65 5.9934231323e-01 4.6787447446e-02 5.1100945716e+00 3.2169348123e+01
66 5.9980889872e-01 4.7938606182e-02 4.9507877407e+00 3.0113026818e+01
67 6.0027822211e-01 4.9118839472e-02 4.8025566352e+00 2.8250664363e+01
68 6.0024146079e-01 4.9132990276e-02 4.8002568047e+00 2.8232767520e+01
69 6.0024191238e-01 4.9133125349e-02 4.8000635429e+00 2.8232345760e+01
70 6.0022556079e-01 4.9185308282e-02 4.7819036385e+00 2.8125482475e+01
71 6.0011422774e-01 4.9171980088e-02 4.7754679367e+00 2.8109542261e+01
72 6.0013107966e-01 4.9182513089e-02 4.7704801953e+00 2.8080462556e+01
73 6.0019012844e-01 4.8725861407e-02 4.5862497132e+00 2.5860535119e+01
74 6.0013350587e-01 4.8759603555e-02 4.5790691671e+00 2.5811310827e+01
75 6.0020807563e-01 4.8446569041e-02 4.4315281773e+00 2.4072376834e+01
76 6.0023847688e-01 4.8456426956e-02 4.4270904723e+00 2.4041817379e+01
77 6.0045961948e-01 4.8995387644e-02 4.3655695176e+00 2.3372433042e+01
78 6.0050663773e-01 4.8979263708e-02 4.3674121118e+00 2.3386198088e+01
79 6.0044175926e-01 4.8998448083e-02 4.3657269433e+00 2.3373065778e+01
80 6.0067070270e-01 4.9517496233e-02 4.3106902957e+00 2.2756306144e+01
81 6.0100532576e-01 5.0934935282e-02 4.3486450354e+00 2.3251440677e+01
82 6.0092426244e-01 5.0845396862e-02 4.3432402772e+00 2.3256988597e+01
83 6.0090053304e-01 5.0872795603e-02 4.3363281584e+00 2.3216695648e+01
84 6.0086077963e-01 5.0947337475e-02 4.3322878672e+00 2.3169791661e+01
85 6.0085691317e-01 5.1042909071e-02 4.3216742051e+00 2.3087864971e+01
86 6.0071524810e-01 5.1053214271e-02 4.3113369829e+00 2.3041320064e+01
87 6.0068958130e-01 5.1088123811e-02 4.3021120782e+00 2.2989464419e+01
88 6.0047942648e-01 5.0587998520e-02 4.3557727024e+00 2.3592558163e+01
89 6.0040841484e-01 5.0608007923e-02 4.3544385022e+00 2.3579814628e+01
90 6.0037727854e-01 5.0586491158e-02 4.3452032454e+00 2.3553627712e+01
91 6.0042004283e-01 5.0533409599e-02 4.3423411892e+00 2.3556228834e+01
92 6.0037742812e-01 5.0561473296e-02 4.3366799601e+00 2.3519342952e+01
93 6.0051121082e-01 5.1121171772e-02 4.2650728307e+00 2.2812951873e+01
94 6.0014617610e-01 4.9700236443e-02 4.2233398814e+00 2.2310220836e+01
95 6.0006329790e-01 4.9789026592e-02 4.2240860335e+00 2.2295473273e+01
96 6.0034665564e-01 4.9751898108e-02 4.0260987546e+00 2.0016864307e+01
97 6.0030107576e-01 4.9661981565e-02 3.9962696083e+00 1.9648849522e+01
98 6.0045269670e-01 5.0647053068e-02 4.1025586481e+00 2.0929664128e+01
99 6.0092737552e-01 5.1572329368e-02 4.0088161072e+00 1.9958260919e+01
100 6.0113920617e-01 5.2191064230e-02 3.9482304459e+00 1.9383478402e+01
101 6.0111979450e-01 5.2148764853e-02 3.9440440246e+00 1.9367468467e+01
102 6.0096725785e-01 5.2058747649e-02 3.9322355317e+00 1.9338859510e+01
103 6.0102012701e-01 5.2107201565e-02 3.9293975037e+00 1.9310673023e+01
104 6.0087790167e-01 5.2547105167e-02 4.0561877054e+00 2.0738770395e+01
105 6.0108840573e-01 5.3097260333e-02 4.0082978312e+00 2.0230861410e+01
106 6.0100932064e-01 5.3169319251e-02 3.9932536998e+00 2.0149045711e+01
107 6.0104615079e-01 5.3178644414e-02 3.9893193989e+00 2.0124013297e+01
108 6.0125571482e-01 5.3568865427e-02 3.9437734959e+00 1.9682276373e+01
109 6.0149448313e-01 5.4020036559e-02 3.8901529825e+00 1.9204406302e+01
110 6.0178365218e-01 5.4485777141e-02 3.8503935351e+00 1.8787903218e+01
111 6.0193192922e-01 5.5269594390e-02 3.9038948821e+00 1.9308338829e+01
112 6.0237040541e-01 5.6050897284e-02 3.8230897685e+00 1.8518662501e+01
113 6.0256569813e-01 5.6560261696e-02 3.7779702028e+00 1.8089742361e+01
114 6.0252661668e-01 5.6670971044e-02 3.7663072803e+00 1.8008119539e+01
115 6.0257708086e-01 5.6666805858e-02 3.7646747303e+00 1.7999729083e+01
116 6.0278567123e-01 5.7062504771e-02 3.7263195905e+00 1.7637979161e+01
117 6.0275167505e-01 5.7146381400e-02 3.7210890953e+00 1.7601221970e+01
118 6.0315980696e-01 5.7943536175e-02 3.6398372273e+00 1.6883462307e+01
119 6.0317133777e-01 5.7976222436e-02 3.6293568846e+00 1.6827753256e+01
120 6.0332031095e-01 5.8433312306e-02 3.5921092328e+00 1.6481423975e+01
121 6.0313782471e-01 5.8024658910e-02 3.6217197589e+00 1.6779256582e+01
122 6.0335937182e-01 5.8985723757e-02 3.6854659397e+00 1.7457227069e+01
123 6.0354707694e-01 5.9355671148e-02 3.6489505425e+00 1.7130879107e+01
124 6.0421056331e-01 6.0509404844e-02 3.5439173173e+00 1.6178348482e+01
125 6.0418540515e-01 6.0636845516e-02 3.5380689731e+00 1.6131458380e+01
126 6.0406799401e-01 6.0731329549e-02 3.5240002763e+00 1.6062618782e+01
127 6.0391466819e-01 5.9977649217e-02 3.4729628174e+00 1.5587226920e+01
128 6.0424516537e-01 6.0786860968e-02 3.4041304176e+00 1.5004259040e+01
129 6.0451377258e-01 6.2126102289e-02 3.4568848353e+00 1.5454652405e+01
130 6.0554398857e-01 6.4347818595e-02 3.3714860335e+00 1.4736269222e+01
131 6.0582408387e-01 6.4668417565e-02 3.3417380004e+00 1.4494165265e+01
132 6.0600548107e-01 6.5270429377e-02 3.3623929811e+00 1.4621525728e+01
133 6.0574910941e-01 6.4708596633e-02 3.3381674087e+00 1.4474131916e+01
134 6.0577671489e-01 6.4893893673e-02 3.3585548392e+00 1.4704015686e+01
135 6.0537094781e-01 6.3775974628e-02 3.3484836826e+00 1.4640797608e+01
136 6.0538846023e-01 6.3949597216e-02 3.3789625140e+00 1.4967375802e+01
137 6.0538971089e-01 6.3954230462e-02 3.3781418108e+00 1.4962774461e+01
138 6.0541517254e-01 6.3985566233e-02 3.3712943741e+00 1.4929362139e+01
139 6.0580092845e-01 6.4582399095e-02 3.3148261684e+00 1.4475674294e+01
140 6.0581701768e-01 6.4582101782e-02 3.3141199262e+00 1.4472640724e+01
141 6.0593284572e-01 6.5287026523e-02 3.3332084360e+00 1.4633412327e+01
142 6.0609010274e-01 6.5758407803e-02 3.2967874349e+00 1.4354998583e+01
143 6.0620178969e-01 6.6477360369e-02 3.3320835636e+00 1.4651641997e+01
144 6.0666904520e-01 6.7127497446e-02 3.2759998206e+00 1.4191771069e+01
145 6.0724558690e-01 6.7864884650e-02 3.2261390017e+00 1.3759673660e+01
146 6.0730321028e-01 6.7695315074e-02 3.1704167001e+00 1.3356880113e+01
147 6.0736265673e-01 6.8149412268e-02 3.1380692819e+00 1.3111868120e+01
148 6.0738408591e-01 6.8149104080e-02 3.1371509674e+00 1.3108171686e+01
149 6.0756250580e-01 6.8534825616e-02 3.1097566194e+00 1.2892354265e+01
150 6.0750997298e-01 6.8776727836e-02 3.1578837323e+00 1.3240939602e+01
151 6.0752355354e-01 6.8773922533e-02 3.1576400574e+00 1.3240684351e+01
152 6.0758777348e-01 6.8771809443e-02 3.1551650032e+00 1.3230509092e+01
153 6.0762239678e-01 6.8773479140e-02 3.1532073216e+00 1.3223151999e+01
154 6.0801036187e-01 6.9701400555e-02 3.1613499725e+00 1.3313740988e+01
155 6.0803883259e-01 6.9700092598e-02 3.1581806290e+00 1.3303148321e+01
156 6.0805578322e-01 6.9698547382e-02 3.1576846202e+00 1.3301201294e+01
157 6.0829937422e-01 7.0033234964e-02 3.1322544610e+00 1.3098423669e+01
158 6.0835169498e-01 7.0023275518e-02 3.1314719212e+00 1.3096465350e+01
159 6.0843756915e-01 7.0014648538e-02 3.1291017689e+00 1.3087504886e+01
160 6.0846206926e-01 6.9919200522e-02 3.1320756182e+00 1.3117950146e+01
161 6.0910851043e-01 7.1382619433e-02 3.1216286213e+00 1.3041259679e+01
162 6.1004668091e-01 7.3154453790e-02 3.0786064346e+00 1.2712611900e+01
163 6.0964272546e-01 7.2559253409e-02 3.1224477075e+00 1.3059059830e+01
164 6.0963171329e-01 7.2497294089e-02 3.1240557978e+00 1.3081742620e+01
165 6.1001587163e-01 7.3126251154e-02 3.0750873606e+00 1.2709321712e+01
166 6.1023187631e-01 7.3336514138e-02 3.0538948667e+00 1.2555139589e+01
167 6.1051364052e-01 7.3502633556e-02 2.9800674818e+00 1.2008938134e+01
168 6.1049169701e-01 7.3556768430e-02 2.9739964408e+00 1.1986411444e+01
169 6.1071330288e-01 7.3775705913e-02 2.9535273414e+00 1.1844701015e+01
170 6.1087992362e-01 7.4046955813e-02 2.9300482387e+00 1.1689517782e+01
171 6.1136666981e-01 7.4646883022e-02 2.8863887381e+00 1.1372716700e+01
172 6.1147189683e-01 7.5001501957e-02 2.8540773291e+00 1.1142253262e+01
173 6.1109327424e-01 7.4161782574e-02 2.8616706664e+00 1.1213301925e+01
174 6.1126340006e-01 7.4460255708e-02 2.8397532684e+00 1.1063537218e+01
175 6.1126451743e-01 7.4459758273e-02 2.8397726951e+00 1.1063658942e+01
176 6.1103120930e-01 7.3889855594e-02 2.8201007643e+00 1.0958131055e+01
177 6.1125901726e-01 7.4160037258e-02 2.8003915959e+00 1.0819913001e+01
178 6.1143981022e-01 7.4715552017e-02 2.8156613077e+00 1.0910910665e+01
179 6.1168148439e-01 7.5871247740e-02 2.8376509524e+00 1.1026385033e+01
180 6.1143719055e-01 7.5321080007e-02 2.8240351536e+00 1.0973595136e+01
181 6.1142419019e-01 7.5327028436e-02 2.8236299151e+00 1.0972381965e+01
182 6.1189683949e-01 7.5880635686e-02 2.7852292800e+00 1.0699184744e+01
183 6.1188909790e-01 7.5909926416e-02 2.7819487333e+00 1.0684027239e+01
184 6.1221946805e-01 7.6715475071e-02 2.7744739189e+00 1.0623864630e+01
185 6.1221015128e-01 7.6743128113e-02 2.7715751223e+00 1.0610404841e+01
186 6.1224803925e-01 7.6799735853e-02 2.7672231261e+00 1.0587797152e+01
187 6.1331419027e-01 7.8676300554e-02 2.7145549508e+00 1.0211115616e+01
188 6.1306426496e-01 7.8529713099e-02 2.7276355482e+00 1.0299927441e+01
189 6.1294147306e-01 7.7960235047e-02 2.6986236031e+00 1.0117701834e+01
190 6.1309466615e-01 7.8471583678e-02 2.7094884297e+00 1.0153866861e+01
191 6.1289404110e-01 7.8220794787e-02 2.7285484465e+00 1.0275902114e+01
192 6.1252879109e-01 7.7509894057e-02 2.7275849962e+00 1.0304551705e+01
193 6.1208364857e-01 7.6605622995e-02 2.7178445582e+00 1.0244030675e+01
194 6.1211189503e-01 7.6615432954e-02 2.7172056139e+00 1.0239731825e+01
195 6.1212688953e-01 7.6612485497e-02 2.7169655800e+00 1.0239164864e+01
196 6.1210672567e-01 7.6650692425e-02 2.7125324789e+00 1.0222852449e+01
197 6.1231971538e-01 7.6957144874e-02 2.6931794613e+00 1.0091700645e+01
198 6.1268364879e-01 7.7850120698e-02 2.6815443613e+00 9.9882993177e+00
199 6.1259936620e-01 7.7916200381e-02 2.6813280189e+00 9.9828387907e+00
200 6.1268171090e-01 7.7894404953e-02 2.6451556948e+00 9.7373374616e+00
201 6.1284353890e-01 7.8388138404e-02 2.6554390524e+00 9.7795859228e+00
202 6.1301929783e-01 7.9007188450e-02 2.6775942816e+00 9.9364972051e+00
203 6.1299810813e-01 7.9311701366e-02 2.7175890569e+00 1.0207944515e+01
204 6.1325570501e-01 7.9578993342e-02 2.6986105639e+00 1.0085534103e+01
205 6.1373687986e-01 8.0262138413e-02 2.6831652001e+00 1.0020317342e+01
206 6.1389723100e-01 8.0472869223e-02 2.6575267524e+00 9.8533394816e+00
207 6.1427450833e-01 8.1255764161e-02 2.6600943601e+00 9.8753546598e+00
208 6.1392326004e-01 8.0362118228e-02 2.6584755195e+00 9.8716412502e+00
209 6.1401732795e-01 7.9966349628e-02 2.6129674520e+00 9.5708177383e+00
210 6.1444144425e-01 8.0611940007e-02 2.5791541321e+00 9.3427181956e+00
211 6.1459765362e-01 8.1094016104e-02 2.5784828784e+00 9.3235100252e+00
212 6.1456887018e-01 8.1119633289e-02 2.5764439674e+00 9.3161757033e+00
213 6.1447608612e-01 8.1162348059e-02 2.5749049575e+00 9.3090372889e+00
214 6.1471659130e-01 8.1675672611e-02 2.5847813120e+00 9.3567730246e+00
215 6.1473312927e-01 8.1710388870e-02 2.5836803921e+00 9.3486892758e+00
216 6.1475069219e-01 8.1355895834e-02 2.5544140554e+00 9.1757644034e+00
217 6.1481794385e-01 8.1083815299e-02 2.5265427508e+00 9.0197900199e+00
218 6.1483906467e-01 8.1087281529e-02 2.5254702231e+00 9.0155074539e+00
219 6.1472244809e-01 8.1149711280e-02 2.5226293693e+00 9.0033673563e+00
220 6.1498538878e-01 8.1407213938e-02 2.5064587101e+00 8.9019264903e+00
221 6.1522079528e-01 8.1696374843e-02 2.4905698026e+00 8.7981008787e+00
222 6.1529335936e-01 8.1676503905e-02 2.4900134905e+00 8.7976010878e+00
223 6.1515397328e-01 8.1824502598e-02 2.5207730809e+00 8.9911667934e+00
224 6.1515478114e-01 8.1824448576e-02 2.5207215600e+00 8.9911264884e+00
225 6.1539049475e-01 8.2132032175e-02 2.5038651477e+00 8.8832734063e+00
226 6.1551636535e-01 8.2625963686e-02 2.5215295704e+00 8.9866856774e+00
227 6.1562107590e-01 8.3071833980e-02 2.5284814685e+00 9.0100406752e+00
228 6.1549517511e-01 8.2406844657e-02 2.4912594982e+00 8.8112562011e+00
229 6.1488594493e-01 8.1106755730e-02 2.4651848157e+00 8.6466175202e+00
230 6.1511602123e-01 8.1312275478e-02 2.4496417552e+00 8.5560292224e+00
231 6.1546402692e-01 8.2121347487e-02 2.4509942414e+00 8.5643898826e+00
232 6.1529501527e-01 8.1599090809e-02 2.4309879395e+00 8.4458135456e+00
233 6.1484941571e-01 8.0867252730e-02 2.4286958051e+00 8.4393347934e+00
234 6.1510058005e-01 8.1039699693e-02 2.4121062695e+00 8.3517200354e+00
235 6.1502985979e-01 8.1124734552e-02 2.4080405870e+00 8.3347297512e+00
236 6.1499662876e-01 8.1156514716e-02 2.4057790101e+00 8.3261474881e+00
237 6.1474411385e-01 8.0954331896e-02 2.4181943558e+00 8.4096625494e+00
238 6.1490778212e-01 8.1236292961e-02 2.4028847904e+00 8.3150286936e+00
239 6.1483659953e-01 8.1362177267e-02 2.4009373059e+00 8.3018954881e+00
240 6.1466222484e-01 8.0922092052e-02 2.3871497365e+00 8.2410188749e+00
241 6.1466737016e-01 8.0925841951e-02 2.3865106138e+00 8.2388843317e+00
242 6.1433117328e-01 8.0152873068e-02 2.3883901723e+00 8.2677650407e+00
243 6.1453904038e-01 8.0520831887e-02 2.3727626797e+00 8.1702371477e+00
244 6.1454586311e-01 8.0591927509e-02 2.3785597528e+00 8.2228564738e+00
245 6.1456533321e-01 8.0577918197e-02 2.3756092721e+00 8.2172174694e+00
246 6.1458585591e-01 8.0619908613e-02 2.3751449093e+00 8.2136243876e+00
247 6.1468322471e-01 8.0993860878e-02 2.3754547207e+00 8.1954367770e+00
248 6.1457495188e-01 8.1045708495e-02 2.3738615940e+00 8.1879928433e+00
249 6.1403148556e-01 7.9664402345e-02 2.3463518596e+00 8.0074961290e+00
250 6.1413717024e-01 8.0246421349e-02 2.3628474576e+00 8.1012553188e+00
251 6.1428987996e-01 8.0662257744e-02 2.3463239384e+00 8.0166831587e+00
252 6.1446748664e-01 8.0970654126e-02 2.3283927516e+00 7.9189562876e+00
253 6.1464251072e-01 8.1304730168e-02 2.3122107498e+00 7.8233591876e+00
254 6.1460189464e-01 8.1346034938e-02 2.3094460263e+00 7.8125529221e+00
255 6.1495765648e-01 8.2170939252e-02 2.3161242196e+00 7.8522103606e+00
256 6.1507461890e-01 8.2630544626e-02 2.3269879723e+00 7.9106620218e+00
257 6.1552429474e-01 8.3160115934e-02 2.2969011021e+00 7.7370304368e+00
258 6.1589671328e-01 8.3728767584e-02 2.2661780462e+00 7.5661997753e+00
259 6.1627884008e-01 8.4426376177e-02 2.2581353754e+00 7.5089223353e+00
260 6.1610065347e-01 8.4025258200e-02 2.2524219462e+00 7.4891088461e+00
261 6.1609260480e-01 8.4027575972e-02 2.2523743819e+00 7.4893264997e+00
262 6.1636138820e-01 8.4322465672e-02 2.2383061812e+00 7.4066362163e+00
263 6.1614239051e-01 8.4093856778e-02 2.2519752375e+00 7.4808201893e+00
264 6.1631032878e-01 8.4605226986e-02 2.2692045352e+00 7.5821760795e+00
265 6.1604884424e-01 8.4378957370e-02 2.2744425411e+00 7.6038689603e+00
266 6.1629978727e-01 8.4524828671e-02 2.2589094075e+00 7.5207228468e+00
267 6.1684312562e-01 8.5055345913e-02 2.2308197240e+00 7.3608265324e+00
268 6.1659182757e-01 8.4803290975e-02 2.2417906211e+00 7.4302619736e+00
269 6.1675043933e-01 8.5172785905e-02 2.2516730681e+00 7.4811837172e+00
270 6.1676158746e-01 8.5695491468e-02 2.2853578798e+00 7.6718831839e+00
271 6.1670360292e-01 8.5737479211e-02 2.2816851017e+00 7.6624585953e+00
272 6.1702156143e-01 8.6492690981e-02 2.2790686948e+00 7.6443606854e+00
273 6.1701756407e-01 8.6476915256e-02 2.2758381019e+00 7.6222629822e+00
274 6.1716640725e-01 8.6950307197e-02 2.2912730241e+00 7.7213697384e+00
275 6.1711657027e-01 8.6925976989e-02 2.2926298593e+00 7.7277760494e+00
276 6.1710761908e-01 8.6787964736e-02 2.2902971698e+00 7.7159965722e+00
277 6.1725088615e-01 8.7349434339e-02 2.3032781800e+00 7.7837784631e+00
278 6.1697558766e-01 8.6954207166e-02 2.3114374483e+00 7.8295934703e+00
279 6.1700392215e-01 8.6964246969e-02 2.3093312224e+00 7.8233500770e+00
280 6.1717888638e-01 8.7468299771e-02 2.3256104995e+00 7.9271327498e+00
281 6.1722350578e-01 8.7431049349e-02 2.3245809147e+00 7.9297675697e+00
282 6.1735015521e-01 8.7874935771e-02 2.3357845104e+00 7.9876182279e+00
283 6.1725136882e-01 8.7718162279e-02 2.3138565395e+00 7.8861612670e+00
284 6.1731125306e-01 8.7785335938e-02 2.3199712831e+00 7.9420834560e+00
285 6.1733568994e-01 8.7882294113e-02 2.3175081194e+00 7.9257499627e+00
286 6.1730092682e-01 8.7877177547e-02 2.3164090873e+00 7.9236918279e+00
287 6.1762703188e-01 8.7846720405e-02 2.2802217432e+00 7.7384834072e+00
288 6.1776861086e-01 8.8019900516e-02 2.2688295174e+00 7.6777482403e+00
289 6.1784187495e-01 8.8026734973e-02 2.2698210795e+00 7.6803327060e+00
290 6.1776213552e-01 8.7951642417e-02 2.2657098005e+00 7.6463570688e+00
291 6.1782345450e-01 8.7708057132e-02 2.2419333954e+00 7.5207835201e+00
292 6.1807047999e-01 8.8088663483e-02 2.2289983912e+00 7.4401874440e+00
293 6.1803316713e-01 8.8115606092e-02 2.2286362512e+00 7.4406289659e+00
294 6.1781962364e-01 8.7606866205e-02 2.2077764155e+00 7.3093502259e+00
295 6.1780147533e-01 8.7671358464e-02 2.2064928356e+00 7.3006836297e+00
296 6.1772754898e-01 8.7694034610e-02 2.2069847605e+00 7.3007251687e+00
297 6.1723850896e-01 8.6604786422e-02 2.1975523106e+00 7.2583779595e+00
298 6.1753349588e-01 8.6864853129e-02 2.1828177383e+00 7.1813292085e+00
299 6.1766544162e-01 8.7311200623e-02 2.1937623504e+00 7.2348586608e+00
300 6.1744895404e-01 8.7149280360e-02 2.1811736837e+00 7.1747825507e+00
301 6.1769480549e-01 8.7429391315e-02 2.1679039794e+00 7.0998781407e+00
302 6.1735516210e-01 8.7380734032e-02 2.1988590913e+00 7.2487095355e+00
303 6.1758432324e-01 8.7540229363e-02 2.1878138263e+00 7.1907260933e+00
304 6.1727965177e-01 8.7330192004e-02 2.2017014153e+00 7.2829617187e+00
305 6.1733622525e-01 8.7322491664e-02 2.2004842954e+00 7.2797809658e+00
306 6.1749136525e-01 8.7836247856e-02 2.2136150513e+00 7.3530375827e+00
307 6.1686187760e-01 8.6805245073e-02 2.2191628959e+00 7.3873059201e+00
308 6.1701670776e-01 8.7289572252e-02 2.2304365587e+00 7.4472784666e+00
309 6.1694674315e-01 8.7333899740e-02 2.2282628962e+00 7.4407589377e+00
310 6.1711732583e-01 8.7973549752e-02 2.2523338465e+00 7.5917052525e+00
311 6.1758465224e-01 8.8469081995e-02 2.2254901708e+00 7.4403054472e+00
312 6.1818323636e-01 8.9351157867e-02 2.1994079230e+00 7.2601665903e+00
313 6.1811540200e-01 8.9575584136e-02 2.2204529812e+00 7.3667455585e+00
314 6.1789082737e-01 8.9221873258e-02 2.2216328190e+00 7.3560149407e+00
315 6.1823888734e-01 8.9710577448e-02 2.2239665229e+00 7.3725723598e+00
316 6.1823289703e-01 8.9667310335e-02 2.2199228696e+00 7.3474352862e+00
317 6.1866960907e-01 9.0131488962e-02 2.1954099749e+00 7.2098123132e+00
318 6.1840756299e-01 8.9975384038e-02 2.2014238456e+00 7.2618467428e+00
319 6.1863116907e-01 9.0592819599e-02 2.2161631348e+00 7.3384641162e+00
320 6.1926659474e-01 9.1339583901e-02 2.2039547905e+00 7.2644117007e+00
321 6.1958663513e-01 9.2106984512e-02 2.1968919139e+00 7.2190167256e+00
322 6.1861322181e-01 9.0297373325e-02 2.1895342338e+00 7.2021062410e+00
323 6.1838846512e-01 8.9980857615e-02 2.1781775346e+00 7.1353234910e+00
324 6.1854323866e-01 8.9807374188e-02 2.1583900064e+00 7.0338912591e+00
325 6.1870367529e-01 9.0049382530e-02 2.1438632813e+00 6.9533979925e+00
326 6.1890932544e-01 9.0244268455e-02 2.1323155845e+00 6.8928858093e+00
327 6.1888339723e-01 9.0278944284e-02 2.1297286019e+00 6.8858509480e+00
328 6.1881017781e-01 9.0289648158e-02 2.1307916565e+00 6.8881505889e+00
329 6.1906000007e-01 9.0489762671e-02 2.1200771271e+00 6.8335157442e+00
330 6.1905300816e-01 9.0731846503e-02 2.1363605803e+00 6.9570119985e+00
331 6.1895757318e-01 9.0769304915e-02 2.1362169117e+00 6.9549652256e+00
332 6.1900648176e-01 9.0753976812e-02 2.1359825251e+00 6.9547525225e+00
333 6.1941652107e-01 9.1439748401e-02 2.1366500764e+00 6.9540514593e+00
334 6.1914557091e-01 9.1462701330e-02 2.1569548561e+00 7.0737703937e+00
335 6.1917188439e-01 9.1467852174e-02 2.1531699093e+00 7.0514575956e+00
336 6.1914811540e-01 9.1454230847e-02 2.1540843225e+00 7.0551276952e+00
337 6.1905525300e-01 9.1404460356e-02 2.1551809028e+00 7.0668312428e+00
338 6.1906559948e-01 9.1413405254e-02 2.1540297393e+00 7.0639205474e+00
339 6.1917060100e-01 9.1889125755e-02 2.1521536217e+00 7.0425436002e+00
340 6.1875659166e-01 9.1242767655e-02 2.1522492878e+00 7.0599501494e+00
341 6.1878889605e-01 9.0976214207e-02 2.1332640027e+00 6.9712736631e+00
342 6.1825371672e-01 8.9964476877e-02 2.1419975453e+00 7.0216611583e+00
343 6.1804835635e-01 8.9757292752e-02 2.1542144105e+00 7.0860560597e+00
344 6.1779086789e-01 8.9112886594e-02 2.1060357927e+00 6.8264894847e+00
345 6.1797300838e-01 8.9566509713e-02 2.1168056657e+00 6.8798846414e+00
346 6.1818158145e-01 9.0393965644e-02 2.1239905999e+00 6.8871687138e+00
347 6.1798204622e-01 9.0059981383e-02 2.1265274106e+00 6.9164245435e+00
348 6.1768521666e-01 9.0032669288e-02 2.1572540271e+00 7.1141410101e+00
349 6.1770949599e-01 9.0018268326e-02 2.1579298225e+00 7.1159269238e+00
350 6.1766203459e-01 9.0014600036e-02 2.1589920110e+00 7.1209191821e+00
351 6.1804140516e-01 9.0628439967e-02 2.1506835970e+00 7.0572984063e+00
352 6.1774734297e-01 9.0435264933e-02 2.1602339409e+00 7.1159808008e+00
353 6.1787259356e-01 9.0899423295e-02 2.1685422614e+00 7.1563624346e+00
354 6.1767752609e-01 9.0394234093e-02 2.1580693557e+00 7.0994216084e+00
355 6.1734862826e-01 8.9908353410e-02 2.1659080866e+00 7.1579132475e+00
356 6.1761744833e-01 9.0242516171e-02 2.1528242708e+00 7.0823228588e+00
357 6.1749178611e-01 8.9780408963e-02 2.1409152954e+00 7.0258591185e+00
358 6.1773091235e-01 9.0090948906e-02 2.1315311797e+00 6.9812601242e+00
359 6.1820537339e-01 9.0427879559e-02 2.1081567801e+00 6.8626105331e+00
360 6.1757973538e-01 8.9359967474e-02 2.1187069836e+00 6.9400853098e+00
361 6.1746978032e-01 8.9468581638e-02 2.1407410394e+00 7.0693708984e+00
362 6.1747916796e-01 8.9522577827e-02 2.1433569100e+00 7.0802421467e+00
363 6.1751524389e-01 8.9494312639e-02 2.1418895287e+00 7.0777431736e+00
364 6.1759998697e-01 8.9231452040e-02 2.1228089695e+00 6.9911231030e+00
365 6.1796962924e-01 9.0185566449e-02 2.1417845952e+00 7.0806415804e+00
