1 5.9282947138e-01 1.1102230246e-16 1.0000000000e+00 1.0000000000e+00
2 5.9302524685e-01 7.4694440578e-03 3.0174764203e+01 9.4228644902e+02
3 5.9302335538e-01 7.5147717190e-03 2.9633590744e+01 9.1980344393e+02
4 5.9302916748e-01 7.6094201669e-03 2.8542593770e+01 8.7500796445e+02
5 5.9305026165e-01 7.6273217314e-03 2.8337397435e+01 8.6651459672e+02
6 5.9300924429e-01 7.9880609508e-03 2.4550571838e+01 7.2274695683e+02
7 5.9303698267e-01 8.0686904753e-03 2.3838088069e+01 6.9405896367e+02
8 5.9323039554e-01 1.1121605289e-02 1.8214827338e+01 3.8287169408e+02
9 5.9315603543e-01 1.1318549065e-02 1.7203121355e+01 3.5779123584e+02
10 5.9342843280e-01 1.3560585375e-02 1.4989710224e+01 2.5899194431e+02
11 5.9358676585e-01 1.5534267444e-02 1.3250390819e+01 1.9997132900e+02
12 5.9355588808e-01 1.5561451105e-02 1.3182859281e+01 1.9868867579e+02
13 5.9353461175e-01 1.5600776262e-02 1.3085262729e+01 1.9676848509e+02
14 5.9350565017e-01 1.5687368882e-02 1.2845059127e+01 1.9265017458e+02
15 5.9354736201e-01 1.5724889048e-02 1.2743035706e+01 1.9068959091e+02
16 5.9344079411e-01 1.5850732962e-02 1.2425497307e+01 1.8514328619e+02
17 5.9345718462e-01 1.5858276510e-02 1.2404974605e+01 1.8474024381e+02
18 5.9343809050e-01 1.5914793986e-02 1.2270229554e+01 1.8220094155e+02
19 5.9340323199e-01 1.5998632310e-02 1.2067227312e+01 1.7856306452e+02
20 5.9337134100e-01 1.6078621513e-02 1.1886915946e+01 1.7515177009e+02
21 5.9336603225e-01 1.6098445946e-02 1.1849986887e+01 1.7427032032e+02
22 5.9374012784e-01 2.0397749700e-02 1.2756441843e+01 1.9783145735e+02
23 5.9373206409e-01 2.0489053444e-02 1.2573578567e+01 1.9438589238e+02
24 5.9371509566e-01 2.0572828472e-02 1.2410809496e+01 1.9131445466e+02
25 5.9365227135e-01 2.0656204220e-02 1.2253786894e+01 1.8842969279e+02
26 5.9356362788e-01 2.0703950163e-02 1.2176899045e+01 1.8691201706e+02
27 5.9353139511e-01 2.0746421531e-02 1.2104638441e+01 1.8546722776e+02
28 5.9373954029e-01 2.2042924000e-02 1.1229591595e+01 1.5742615900e+02
29 5.9398084998e-01 2.3278771041e-02 1.0491534167e+01 1.3599675374e+02
30 5.9408929142e-01 2.3346503521e-02 1.0393579114e+01 1.3424390823e+02
31 5.9409257632e-01 2.3427908460e-02 1.0275833027e+01 1.3240358284e+02
32 5.9418254145e-01 2.4364094279e-02 9.7056491399e+00 1.1798815868e+02
33 5.9439244866e-01 2.5484359968e-02 9.1997645332e+00 1.0509527284e+02
34 5.9432231120e-01 2.5587842488e-02 9.0821029428e+00 1.0353389182e+02
35 5.9423582019e-01 2.5661990043e-02 9.0050980047e+00 1.0247932868e+02
36 5.9430083498e-01 2.5668762676e-02 8.9515928135e+00 1.0176176184e+02
37 5.9431780703e-01 2.5820139318e-02 8.9168805320e+00 1.0088643681e+02
38 5.9427234469e-01 2.5895629992e-02 8.8362623984e+00 9.9793237395e+01
39 5.9428880600e-01 2.5922323439e-02 8.8066959854e+00 9.9362409596e+01
40 5.9467697183e-01 2.7951872739e-02 8.1251751060e+00 8.2630994861e+01
41 5.9499132811e-01 2.8854080063e-02 7.8722239097e+00 7.6530439873e+01
42 5.9522895811e-01 2.9669366819e-02 7.6156044705e+00 7.1149268695e+01
43 5.9515931609e-01 2.9765168719e-02 7.5469029630e+00 7.0314713600e+01
44 5.9506790896e-01 2.9753734744e-02 7.4760825142e+00 6.9653478526e+01
45 5.9509139320e-01 2.9767041846e-02 7.4640188869e+00 6.9505803532e+01
46 5.9509193843e-01 2.9792302922e-02 7.4456608702e+00 6.9271770148e+01
47 5.9505124699e-01 2.9798592770e-02 7.4446064332e+00 6.9254194155e+01
48 5.9503120695e-01 2.9858868633e-02 7.4029573483e+00 6.8724910680e+01
49 5.9529230188e-01 3.0645653946e-02 7.1818522346e+00 6.4250355845e+01
50 5.9516847705e-01 3.0797865361e-02 7.0735045092e+00 6.3126498412e+01
51 5.9478790675e-01 2.9974430063e-02 7.1633020411e+00 6.6417036097e+01
52 5.9501246347e-01 3.0814357035e-02 6.9228459750e+00 6.1808094868e+01
53 5.9490204338e-01 3.0806349687e-02 6.8646570700e+00 6.1347989798e+01
54 5.9487512744e-01 3.0743031134e-02 6.8330268047e+00 6.1118030495e+01
55 5.9492244161e-01 3.0767574112e-02 6.8125726371e+00 6.0882056162e+01
56 5.9475919772e-01 3.0882582799e-02 6.7437654391e+00 6.0134792013e+01
57 5.9502919657e-01 3.1453204335e-02 6.5848578933e+00 5.7023129603e+01
58 5.9501186220e-01 3.1435275603e-02 6.6007074735e+00 5.7161631927e+01
59 5.9502337174e-01 3.1446291718e-02 6.5951359380e+00 5.7067340753e+01
60 5.9501894042e-01 3.1519509816e-02 6.5470992723e+00 5.6549134100e+01
61 5.9555521051e-01 3.3167792449e-02 6.2445531608e+00 5.0396111742e+01
62 5.9568949491e-01 3.4387400004e-02 6.3671620829e+00 5.1934052536e+01
63 5.9566029526e-01 3.4401407869e-02 6.3613636405e+00 5.1871518979e+01
64 5.9605295426e-01 3.6352549048e-02 6.4592013115e+00 5.3099172122e+01
65 5.9620671962e-01 3.7118723960e-02 6.2899673859e+00 5.0212761239e+01
66 5.9622565537e-01 3.7143857751e-02 6.2760734990e+00 5.0065028624e+01
67 5.9613206902e-01 3.7197197704e-02 6.2382189440e+00 4.9751522758e+01
68 5.9632151519e-01 3.8143271136e-02 6.0756014004e+00 4.6968506768e+01
69 5.9647401569e-01 3.8770254470e-02 5.9477968459e+00 4.4886320479e+01
70 5.9651143600e-01 3.8801070363e-02 5.9310691671e+00 4.4721793008e+01
71 5.9669439649e-01 3.9596677457e-02 5.7916215958e+00 4.2519035772e+01
72 5.9681008419e-01 4.0772818260e-02 5.9404183316e+00 4.4455647211e+01
73 5.9671244535e-01 4.0898265585e-02 5.8827266384e+00 4.3987385225e+01
74 5.9668316351e-01 4.0974506405e-02 5.8468635862e+00 4.3686207411e+01
75 5.9663114886e-01 4.0992263532e-02 5.8425369041e+00 4.3640436420e+01
76 5.9678197162e-01 4.1675285732e-02 5.7129390635e+00 4.1682045115e+01
77 5.9692601039e-01 4.2310382338e-02 5.5771151255e+00 3.9851285604e+01
78 5.9668907264e-01 4.1174623039e-02 5.4117148811e+00 3.7946800388e+01
79 5.9667045305e-01 4.1297478572e-02 5.3932639029e+00 3.7739878362e+01
80 5.9664913847e-01 4.1317609782e-02 5.3862724167e+00 3.7678087337e+01
81 5.9668620888e-01 4.1379348925e-02 5.3603007219e+00 3.7436752207e+01
82 5.9665570556e-01 4.1400749839e-02 5.3536728721e+00 3.7375490011e+01
83 5.9660996442e-01 4.1439464118e-02 5.3397389970e+00 3.7262346345e+01
84 5.9649988636e-01 4.1507446529e-02 5.3187322252e+00 3.7078840696e+01
85 5.9643816223e-01 4.1524001233e-02 5.3135247275e+00 3.7056086638e+01
86 5.9669652032e-01 4.2155803862e-02 5.2202861550e+00 3.5631738905e+01
87 5.9681878074e-01 4.2927261300e-02 5.1072511271e+00 3.4090535974e+01
88 5.9679202669e-01 4.2931121739e-02 5.1082111335e+00 3.4089287260e+01
89 5.9683273001e-01 4.2816504835e-02 5.1044049512e+00 3.4138267484e+01
90 5.9679148017e-01 4.2909661646e-02 5.0697505248e+00 3.3870383514e+01
91 5.9691866901e-01 4.3532371190e-02 4.9650657330e+00 3.2529376625e+01
92 5.9684442770e-01 4.3583152063e-02 4.9505631583e+00 3.2414186266e+01
93 5.9675894680e-01 4.3552633216e-02 4.9444151951e+00 3.2418114418e+01
94 5.9677422739e-01 4.3595280267e-02 4.9266811623e+00 3.2287591341e+01
95 5.9681177577e-01 4.3613465603e-02 4.9183731464e+00 3.2217322147e+01
96 5.9702188139e-01 4.4184634465e-02 4.8319155756e+00 3.1070430449e+01
97 5.9693486175e-01 4.4229588196e-02 4.8200768275e+00 3.0987055203e+01
98 5.9664075975e-01 4.3958820938e-02 4.8929025224e+00 3.2067943474e+01
99 5.9681425916e-01 4.4352078973e-02 4.8250723445e+00 3.1172341827e+01
100 5.9696162530e-01 4.5459868740e-02 4.9331168735e+00 3.2660128205e+01
101 5.9701381666e-01 4.6408076191e-02 4.9858174161e+00 3.3082269879e+01
102 5.9689103895e-01 4.5414271003e-02 4.9141960515e+00 3.2592773469e+01
103 5.9690740506e-01 4.5383280644e-02 4.9154754512e+00 3.2621546308e+01
104 5.9692836331e-01 4.5453121912e-02 4.9132010891e+00 3.2569445812e+01
105 5.9690824861e-01 4.5471203125e-02 4.9081950600e+00 3.2526766507e+01
106 5.9648873880e-01 4.3772873886e-02 4.8223525542e+00 3.1749522330e+01
107 5.9634844265e-01 4.3884957273e-02 4.7944919132e+00 3.1542174422e+01
108 5.9628497766e-01 4.3935311729e-02 4.7808774377e+00 3.1427560926e+01
109 5.9632764034e-01 4.3966762970e-02 4.7678714369e+00 3.1320120862e+01
110 5.9629455132e-01 4.4108239261e-02 4.7978245126e+00 3.1847472661e+01
111 5.9627217968e-01 4.4138126238e-02 4.7891144145e+00 3.1771459635e+01
112 5.9648310940e-01 4.4825324011e-02 4.7153696485e+00 3.0632612861e+01
113 5.9647966886e-01 4.4817506666e-02 4.7180047095e+00 3.0655263618e+01
114 5.9633690141e-01 4.4724209169e-02 4.7173630077e+00 3.0746053748e+01
115 5.9659055930e-01 4.5119853095e-02 4.6333344169e+00 2.9717802919e+01
116 5.9658464248e-01 4.5124940943e-02 4.6321018186e+00 2.9706899143e+01
117 5.9640931318e-01 4.5128360622e-02 4.6211141731e+00 2.9648292312e+01
118 5.9603657951e-01 4.3720853070e-02 4.6082529138e+00 3.0020801837e+01
119 5.9587172096e-01 4.3744832188e-02 4.5870689689e+00 2.9882444341e+01
120 5.9584335381e-01 4.3793340424e-02 4.5699043255e+00 2.9768842707e+01
121 5.9588798162e-01 4.3800556946e-02 4.5648836421e+00 2.9730638684e+01
122 5.9584198231e-01 4.3821145949e-02 4.5514135804e+00 2.9648102927e+01
123 5.9575894624e-01 4.3835833619e-02 4.5075270098e+00 2.9381917075e+01
124 5.9577146956e-01 4.3841330867e-02 4.5047889155e+00 2.9362179581e+01
125 5.9617293649e-01 4.5513256481e-02 4.6267409401e+00 3.0331590569e+01
126 5.9615840257e-01 4.5545424523e-02 4.6104815013e+00 3.0229611256e+01
127 5.9608268819e-01 4.5584756511e-02 4.6023185688e+00 3.0157002005e+01
128 5.9603898495e-01 4.5583009551e-02 4.6051110806e+00 3.0179137315e+01
129 5.9623798656e-01 4.6108983311e-02 4.5401777337e+00 2.9237823125e+01
130 5.9623101474e-01 4.6109633720e-02 4.5404283184e+00 2.9238920304e+01
131 5.9619771582e-01 4.6012280789e-02 4.5372488464e+00 2.9323292826e+01
132 5.9613855546e-01 4.6065177545e-02 4.5232371517e+00 2.9214470198e+01
133 5.9609158113e-01 4.6249174728e-02 4.5348419077e+00 2.9392280522e+01
134 5.9597411387e-01 4.6323345274e-02 4.5169694947e+00 2.9255465327e+01
135 5.9654470672e-01 4.7516659325e-02 4.3955452362e+00 2.7439226612e+01
136 5.9678614030e-01 4.8115472177e-02 4.3329880500e+00 2.6568953672e+01
137 5.9627829508e-01 4.6585811630e-02 4.2143380871e+00 2.5497113793e+01
138 5.9640205675e-01 4.7526972446e-02 4.3088350223e+00 2.6445692734e+01
139 5.9647072929e-01 4.7607428022e-02 4.3119353488e+00 2.6431319981e+01
140 5.9643362866e-01 4.7634642174e-02 4.3055854865e+00 2.6385872979e+01
141 5.9637513431e-01 4.7648163719e-02 4.3051983736e+00 2.6377282038e+01
142 5.9635658892e-01 4.7653961216e-02 4.3045282464e+00 2.6371295758e+01
143 5.9636873551e-01 4.7719714301e-02 4.3021531360e+00 2.6317243428e+01
144 5.9631085782e-01 4.7755564948e-02 4.2943484334e+00 2.6261155824e+01
145 5.9620682525e-01 4.7842007605e-02 4.2665806925e+00 2.6096242523e+01
146 5.9620246651e-01 4.7928661427e-02 4.2381366765e+00 2.5922081211e+01
147 5.9618793809e-01 4.7970463128e-02 4.2268775739e+00 2.5840100328e+01
148 5.9625888673e-01 4.8854004640e-02 4.2616395468e+00 2.5959204623e+01
149 5.9639341987e-01 4.9398438901e-02 4.1959046865e+00 2.5176877410e+01
150 5.9636055557e-01 4.9479284487e-02 4.1920828375e+00 2.5118659495e+01
151 5.9632097479e-01 4.9511168338e-02 4.1856347628e+00 2.5068239695e+01
152 5.9642077945e-01 5.0438645647e-02 4.2639951592e+00 2.5773029973e+01
153 5.9627522617e-01 5.0479563237e-02 4.2603669777e+00 2.5741199066e+01
154 5.9605130243e-01 5.0183343849e-02 4.3196447641e+00 2.6454194626e+01
155 5.9599021554e-01 5.0214410738e-02 4.3139826324e+00 2.6410813434e+01
156 5.9569126940e-01 4.9806298378e-02 4.3571798001e+00 2.7054310960e+01
157 5.9623500322e-01 5.1568544108e-02 4.4584633768e+00 2.8141482729e+01
158 5.9622976067e-01 5.1590721675e-02 4.4528477938e+00 2.8095552991e+01
159 5.9624025987e-01 5.1556553335e-02 4.4461683722e+00 2.8089405189e+01
160 5.9663214167e-01 5.2744728959e-02 4.3216425066e+00 2.6406884044e+01
161 5.9643362369e-01 5.2314254419e-02 4.3744695891e+00 2.7085168151e+01
162 5.9662991186e-01 5.2793935146e-02 4.2984989992e+00 2.6283664565e+01
163 5.9626438822e-01 5.1551976545e-02 4.2931835638e+00 2.6612124332e+01
164 5.9617416817e-01 5.1611385647e-02 4.2813724269e+00 2.6522527822e+01
165 5.9622980280e-01 5.1613942845e-02 4.2777408085e+00 2.6498871990e+01
166 5.9649516776e-01 5.2064756890e-02 4.2249251989e+00 2.5809106591e+01
167 5.9644482383e-01 5.2107376426e-02 4.2161959927e+00 2.5742292846e+01
168 5.9668541413e-01 5.2575683006e-02 4.1621558309e+00 2.5066238347e+01
169 5.9658066807e-01 5.2455086747e-02 4.1434622103e+00 2.4961846934e+01
170 5.9656997306e-01 5.2477589433e-02 4.1367679959e+00 2.4925313235e+01
171 5.9659085368e-01 5.2358380920e-02 4.1380834237e+00 2.5004787367e+01
172 5.9657886783e-01 5.2428579260e-02 4.1348494037e+00 2.4949544959e+01
173 5.9654842126e-01 5.2473147459e-02 4.1232052410e+00 2.4878911944e+01
174 5.9667127713e-01 5.3100108609e-02 4.0631204543e+00 2.4122698196e+01
175 5.9696224435e-01 5.3657107392e-02 4.0121821374e+00 2.3464346328e+01
176 5.9715493439e-01 5.4006803728e-02 3.9674498958e+00 2.2956133974e+01
177 5.9704435337e-01 5.4044319367e-02 3.9639145301e+00 2.2925835612e+01
178 5.9687873083e-01 5.4063123445e-02 3.9389474599e+00 2.2820180755e+01
179 5.9691520943e-01 5.4071264921e-02 3.9349529470e+00 2.2796709499e+01
180 5.9659314729e-01 5.3652495961e-02 3.9654185396e+00 2.3284220556e+01
181 5.9682227227e-01 5.4147645827e-02 3.9208498554e+00 2.2700961426e+01
182 5.9704375938e-01 5.4701437590e-02 3.8821844213e+00 2.2148880844e+01
183 5.9696911473e-01 5.4793393204e-02 3.8628663225e+00 2.2027308056e+01
184 5.9702097034e-01 5.4819995714e-02 3.8547095897e+00 2.1970669904e+01
185 5.9712873779e-01 5.5313191421e-02 3.8088342729e+00 2.1428848640e+01
186 5.9710774173e-01 5.5317286403e-02 3.8090146303e+00 2.1428301630e+01
187 5.9704191926e-01 5.5300342956e-02 3.8026177485e+00 2.1417050201e+01
188 5.9721174841e-01 5.5817657678e-02 3.7564149698e+00 2.0871977503e+01
189 5.9719324923e-01 5.5785909319e-02 3.7604669851e+00 2.0900943592e+01
190 5.9720373009e-01 5.5843640138e-02 3.7575848796e+00 2.0859701931e+01
191 5.9693526140e-01 5.5565526683e-02 3.8306148276e+00 2.1768242661e+01
192 5.9669987354e-01 5.5191566967e-02 3.8596113847e+00 2.2198316044e+01
193 5.9710425331e-01 5.6523225929e-02 3.8361399268e+00 2.1642174667e+01
194 5.9735737619e-01 5.7036029686e-02 3.7958158921e+00 2.1126192017e+01
195 5.9747144458e-01 5.7435330237e-02 3.7477824105e+00 2.0639182531e+01
196 5.9768476493e-01 5.7903775982e-02 3.7076446710e+00 2.0169851844e+01
197 5.9790189408e-01 5.8242808320e-02 3.6729421395e+00 1.9789882253e+01
198 5.9780379817e-01 5.8272436784e-02 3.6720216806e+00 1.9774130679e+01
199 5.9777062818e-01 5.8270428794e-02 3.6703419799e+00 1.9766465354e+01
200 5.9775904036e-01 5.8245941090e-02 3.6709625225e+00 1.9775376042e+01
201 5.9815524028e-01 5.9408906463e-02 3.6698167763e+00 1.9518817216e+01
202 5.9816685517e-01 5.9436886117e-02 3.6638218883e+00 1.9479609637e+01
203 5.9820154798e-01 5.9505816396e-02 3.6482476886e+00 1.9383695216e+01
204 5.9817219015e-01 5.9326717061e-02 3.6195722653e+00 1.9086716114e+01
205 5.9817143544e-01 5.9230428323e-02 3.6199399694e+00 1.9121636599e+01
206 5.9867945593e-01 6.0146814833e-02 3.5470116670e+00 1.8307145857e+01
207 5.9842927304e-01 5.9720256990e-02 3.5689124024e+00 1.8642835058e+01
208 5.9844377382e-01 5.9726495412e-02 3.5665872516e+00 1.8632565788e+01
209 5.9843182798e-01 5.9800339761e-02 3.5634211579e+00 1.8592797902e+01
210 5.9870532302e-01 6.0312863266e-02 3.5305716140e+00 1.8186386625e+01
211 5.9847738817e-01 5.9714268440e-02 3.4819493223e+00 1.7905652511e+01
212 5.9849356584e-01 5.9670632352e-02 3.4791770987e+00 1.7904158574e+01
213 5.9835865564e-01 5.9686560641e-02 3.4750899335e+00 1.7889664419e+01
214 5.9816804192e-01 5.9033858374e-02 3.4210643828e+00 1.7493113953e+01
215 5.9855342289e-01 6.0392877773e-02 3.3714928464e+00 1.6792388562e+01
216 5.9857878936e-01 6.0397369752e-02 3.3695623993e+00 1.6781756239e+01
217 5.9864716493e-01 6.0388152351e-02 3.3680264001e+00 1.6776318293e+01
218 5.9903855969e-01 6.1570445405e-02 3.3057469095e+00 1.6078012518e+01
219 5.9900456335e-01 6.1571354757e-02 3.3064734585e+00 1.6084318161e+01
220 5.9924644940e-01 6.1994016002e-02 3.2799975251e+00 1.5791617154e+01
221 5.9915824197e-01 6.2044401122e-02 3.2750286687e+00 1.5760054043e+01
222 5.9930309591e-01 6.2041509390e-02 3.2686517237e+00 1.5732390910e+01
223 5.9949191997e-01 6.2812980432e-02 3.3201341883e+00 1.6120218888e+01
224 5.9949452051e-01 6.2842604602e-02 3.3151644581e+00 1.6089560630e+01
225 5.9946609469e-01 6.2841340507e-02 3.3169641391e+00 1.6096510202e+01
226 5.9930985868e-01 6.2925823423e-02 3.3078142963e+00 1.6046868843e+01
227 5.9865417857e-01 6.1201763466e-02 3.2436876931e+00 1.5502374883e+01
228 5.9856929596e-01 6.1247444054e-02 3.2387911157e+00 1.5476397953e+01
229 5.9860331836e-01 6.1271804089e-02 3.2409120772e+00 1.5473760284e+01
230 5.9838300356e-01 6.1340336844e-02 3.2268387476e+00 1.5404983945e+01
231 5.9841566618e-01 6.1342243430e-02 3.2249526076e+00 1.5396213665e+01
232 5.9840481094e-01 6.1371614403e-02 3.2202433347e+00 1.5369677727e+01
233 5.9872841737e-01 6.1834147423e-02 3.1923476702e+00 1.5074641426e+01
234 5.9868586404e-01 6.1865675155e-02 3.1891080661e+00 1.5053105430e+01
235 5.9834970898e-01 6.0964303622e-02 3.1790518476e+00 1.5092799108e+01
236 5.9872636961e-01 6.2041383188e-02 3.2279688843e+00 1.5509495478e+01
237 5.9915204876e-01 6.2909609964e-02 3.1749491327e+00 1.4950186808e+01
238 5.9915340231e-01 6.2893978668e-02 3.1770684835e+00 1.4963938285e+01
239 5.9911292307e-01 6.2906180782e-02 3.1771083019e+00 1.4960398523e+01
240 5.9905613185e-01 6.2942860161e-02 3.1726246374e+00 1.4939152892e+01
241 5.9907359563e-01 6.2956385635e-02 3.1689376479e+00 1.4923821380e+01
242 5.9933024961e-01 6.3237043616e-02 3.1375385837e+00 1.4662768733e+01
243 5.9929002831e-01 6.3456294488e-02 3.1398870923e+00 1.4648065714e+01
244 5.9974997117e-01 6.4382643664e-02 3.0858417395e+00 1.4119280571e+01
245 5.9944639575e-01 6.4103444615e-02 3.1097818247e+00 1.4330281163e+01
246 5.9967345733e-01 6.4451642135e-02 3.0854757228e+00 1.4100156321e+01
247 5.9962629709e-01 6.4383975212e-02 3.0339772957e+00 1.3625516371e+01
248 5.9954891341e-01 6.3867461506e-02 2.9896968769e+00 1.3264858523e+01
249 5.9931903666e-01 6.3927780100e-02 3.0725050263e+00 1.4139578221e+01
250 5.9956649462e-01 6.4399803483e-02 3.0442898128e+00 1.3874618785e+01
251 5.9936058250e-01 6.4519935704e-02 3.0325008835e+00 1.3815355059e+01
252 5.9932420089e-01 6.4608166449e-02 3.0205672560e+00 1.3751119221e+01
253 5.9933516917e-01 6.4605452718e-02 3.0207051167e+00 1.3750960947e+01
254 5.9905661537e-01 6.4232697139e-02 3.0378076035e+00 1.3961111463e+01
255 5.9861774654e-01 6.2774846222e-02 2.9681040888e+00 1.3369302491e+01
256 5.9859534133e-01 6.2844603071e-02 2.9674542432e+00 1.3358885340e+01
257 5.9833470690e-01 6.2285604625e-02 2.9231992215e+00 1.3022572923e+01
258 5.9847516879e-01 6.2606149674e-02 2.9024861068e+00 1.2828320142e+01
259 5.9806464858e-01 6.2366501157e-02 2.9825280039e+00 1.3542636403e+01
260 5.9800549465e-01 6.2395375472e-02 2.9797089314e+00 1.3531230464e+01
261 5.9792675722e-01 6.2405384697e-02 2.9814016449e+00 1.3537295775e+01
262 5.9794931785e-01 6.3132245703e-02 3.0318559758e+00 1.3936172185e+01
263 5.9812220987e-01 6.3477763292e-02 3.0108506252e+00 1.3722300882e+01
264 5.9810530768e-01 6.3474084796e-02 3.0086869532e+00 1.3715490899e+01
265 5.9814733410e-01 6.3497825348e-02 3.0041229304e+00 1.3687593890e+01
266 5.9840914553e-01 6.3940460447e-02 2.9801731426e+00 1.3448557423e+01
267 5.9853671181e-01 6.4716170195e-02 3.0469940741e+00 1.4007380148e+01
268 5.9873907907e-01 6.5097741991e-02 3.0244309132e+00 1.3780538198e+01
269 5.9872400341e-01 6.5061803782e-02 3.0187770002e+00 1.3769942724e+01
270 5.9867648046e-01 6.5081607319e-02 3.0172276834e+00 1.3763367717e+01
271 5.9886141943e-01 6.5850952567e-02 3.0704129583e+00 1.4182531057e+01
272 5.9901369698e-01 6.6175199182e-02 3.0408863624e+00 1.3938614720e+01
273 5.9921626438e-01 6.6387213619e-02 2.9874947664e+00 1.3408647053e+01
274 5.9931032110e-01 6.6741665185e-02 2.9679942690e+00 1.3214614443e+01
275 5.9930278412e-01 6.6641675016e-02 2.9696151348e+00 1.3240508173e+01
276 5.9953068215e-01 6.7019883486e-02 2.9456695285e+00 1.3023853817e+01
277 5.9959543155e-01 6.7013495620e-02 2.9441777913e+00 1.3017048792e+01
278 5.9955669727e-01 6.6906449756e-02 2.9246464254e+00 1.2820066694e+01
279 5.9948040307e-01 6.6934637866e-02 2.9232960322e+00 1.2812685327e+01
280 5.9961241915e-01 6.7693218267e-02 2.9748765332e+00 1.3231434043e+01
281 5.9934172776e-01 6.7524612308e-02 3.0209467183e+00 1.3680498877e+01
282 5.9957336808e-01 6.7953009185e-02 2.9974901598e+00 1.3451360369e+01
283 5.9973201412e-01 6.8230864075e-02 2.9717238861e+00 1.3252827846e+01
284 5.9975025919e-01 6.8225980371e-02 2.9720791898e+00 1.3252579096e+01
285 5.9993679742e-01 6.8683507317e-02 2.9511152135e+00 1.3036852200e+01
286 6.0011928439e-01 6.9221863328e-02 2.9305335073e+00 1.2900313618e+01
287 6.0037096907e-01 6.9823980439e-02 2.9076116375e+00 1.2682233874e+01
288 6.0040482393e-01 6.9760158692e-02 2.9054471281e+00 1.2686922699e+01
289 5.9992284028e-01 6.8759855176e-02 2.8708581304e+00 1.2511506584e+01
290 6.0023074481e-01 6.9457470961e-02 2.8641787710e+00 1.2406446873e+01
291 6.0026835270e-01 7.0095243619e-02 2.8746838313e+00 1.2436268243e+01
292 6.0026366501e-01 7.0126148444e-02 2.8697379356e+00 1.2417160505e+01
293 6.0052945465e-01 7.0563885161e-02 2.8484780448e+00 1.2227867067e+01
294 6.0052876226e-01 7.0619718293e-02 2.8476743371e+00 1.2220138688e+01
295 6.0056696869e-01 7.0549597012e-02 2.8496385185e+00 1.2236815524e+01
296 6.0059379853e-01 7.0554722055e-02 2.8479825085e+00 1.2229012516e+01
297 6.0054213372e-01 7.0565435100e-02 2.8486990545e+00 1.2230089031e+01
298 6.0030269218e-01 6.9854495361e-02 2.7967973861e+00 1.1814168741e+01
299 6.0028578533e-01 7.0003429661e-02 2.7908558900e+00 1.1782977276e+01
300 6.0051566106e-01 7.0365755484e-02 2.7752350810e+00 1.1619074500e+01
301 5.9992998277e-01 6.9984047024e-02 2.8093887167e+00 1.1891232004e+01
302 6.0011887211e-01 7.0264748904e-02 2.7967360702e+00 1.1772207043e+01
303 5.9994289372e-01 6.9818988208e-02 2.7784677582e+00 1.1671557367e+01
304 5.9993929879e-01 6.9830576271e-02 2.7772308617e+00 1.1664351998e+01
305 6.0013365001e-01 7.0290198404e-02 2.7526604813e+00 1.1466340886e+01
306 6.0009176365e-01 7.0293809609e-02 2.7540206894e+00 1.1470490183e+01
307 6.0005556338e-01 7.0235113193e-02 2.7549847755e+00 1.1495435429e+01
308 6.0001188952e-01 7.0268853691e-02 2.7514619871e+00 1.1482461197e+01
309 6.0002485230e-01 7.0254158806e-02 2.7533888211e+00 1.1488885307e+01
310 6.0015075845e-01 7.0758199777e-02 2.7668420289e+00 1.1524457590e+01
311 6.0031985511e-01 7.1336113595e-02 2.7868055448e+00 1.1614748191e+01
312 6.0008024149e-01 7.0979912310e-02 2.8113044620e+00 1.1847681898e+01
313 6.0058287138e-01 7.2740247492e-02 2.8916108424e+00 1.2500251767e+01
314 6.0089019831e-01 7.3122536347e-02 2.8659991495e+00 1.2296013512e+01
315 6.0083914787e-01 7.3126245605e-02 2.8674297119e+00 1.2301651897e+01
316 6.0113474078e-01 7.3570314512e-02 2.8458371512e+00 1.2102549508e+01
317 6.0133037228e-01 7.4199469324e-02 2.8787472124e+00 1.2312381842e+01
318 6.0113029953e-01 7.3621091204e-02 2.8549592339e+00 1.2163252617e+01
319 6.0131097393e-01 7.3918560273e-02 2.8318273060e+00 1.1986218521e+01
320 6.0085348938e-01 7.3201796838e-02 2.8338481821e+00 1.2072836996e+01
321 6.0086588226e-01 7.3204611017e-02 2.8330233445e+00 1.2069274717e+01
322 6.0031364236e-01 7.1318696113e-02 2.7535218052e+00 1.1514593140e+01
323 6.0029817013e-01 7.1320978859e-02 2.7541525886e+00 1.1515077417e+01
324 6.0041459732e-01 7.1946046411e-02 2.7897088596e+00 1.1747281388e+01
325 6.0052372392e-01 7.2405686733e-02 2.8062819829e+00 1.1841288210e+01
326 6.0002103003e-01 7.0913909913e-02 2.7765688104e+00 1.1735730790e+01
327 6.0024977725e-01 7.1308523318e-02 2.7520706286e+00 1.1543842362e+01
328 6.0023610963e-01 7.1452125878e-02 2.7493617117e+00 1.1527081594e+01
329 6.0022198298e-01 7.1421060936e-02 2.7482896802e+00 1.1530335121e+01
330 6.0040475454e-01 7.1518561981e-02 2.7348347545e+00 1.1449503614e+01
331 6.0036413274e-01 7.1542942015e-02 2.7672956127e+00 1.1689762312e+01
332 6.0037799681e-01 7.1460569146e-02 2.7703476883e+00 1.1720054070e+01
333 6.0001491575e-01 7.0177330025e-02 2.7242877596e+00 1.1386081379e+01
334 6.0005781784e-01 7.0170930156e-02 2.7243136937e+00 1.1382543551e+01
335 6.0006332812e-01 7.0168629488e-02 2.7309943143e+00 1.1416036838e+01
336 6.0009351550e-01 7.0177823105e-02 2.7288485742e+00 1.1405380468e+01
337 6.0056151802e-01 7.0849507375e-02 2.6880417137e+00 1.1081260311e+01
338 6.0037946230e-01 6.9815683662e-02 2.6230260484e+00 1.0585951784e+01
339 6.0062877673e-01 7.0497105611e-02 2.6676462212e+00 1.0936833555e+01
340 6.0071903281e-01 7.1084681303e-02 2.7007112112e+00 1.1163939167e+01
341 6.0056332275e-01 7.0388679411e-02 2.6576967032e+00 1.0840778927e+01
342 6.0051188523e-01 7.0404907097e-02 2.6573614451e+00 1.0839313303e+01
343 6.0038199153e-01 7.0470466723e-02 2.6531796161e+00 1.0821879075e+01
344 6.0065190136e-01 7.1036748082e-02 2.6397201942e+00 1.0666792014e+01
345 6.0051249336e-01 7.1011383887e-02 2.6386878161e+00 1.0670640424e+01
346 6.0045432282e-01 7.0991547996e-02 2.6421065877e+00 1.0683817089e+01
347 6.0066616527e-01 7.1364698999e-02 2.6254091030e+00 1.0538253720e+01
348 6.0063692545e-01 7.1354216843e-02 2.6260682668e+00 1.0541717622e+01
349 6.0080096380e-01 7.1913712702e-02 2.6125666079e+00 1.0409561276e+01
350 6.0037981160e-01 7.1079125908e-02 2.5968307233e+00 1.0359172496e+01
351 6.0042243086e-01 7.1077986850e-02 2.5952120042e+00 1.0353613851e+01
352 6.0041799683e-01 7.1197473138e-02 2.5913902464e+00 1.0341313443e+01
353 6.0016757986e-01 7.0657570085e-02 2.5588566768e+00 1.0092943028e+01
354 5.9988942565e-01 7.0042697471e-02 2.5598949186e+00 1.0143109766e+01
355 5.9971539844e-01 7.0104228193e-02 2.5565073094e+00 1.0126297259e+01
356 5.9989218382e-01 7.0722998066e-02 2.5857031215e+00 1.0302659391e+01
357 6.0035978673e-01 7.2188126909e-02 2.6309299946e+00 1.0599855499e+01
358 6.0057014828e-01 7.2513057699e-02 2.6096221346e+00 1.0434294084e+01
359 6.0076496864e-01 7.2829071649e-02 2.5937808204e+00 1.0311777875e+01
360 6.0051217243e-01 7.2493371044e-02 2.6104600033e+00 1.0448004357e+01
361 6.0025149868e-01 7.2167306166e-02 2.6227705208e+00 1.0576383239e+01
362 6.0034948260e-01 7.2762251602e-02 2.6464752434e+00 1.0714929068e+01
363 6.0062695846e-01 7.3707455115e-02 2.6319557558e+00 1.0620938804e+01
364 6.0036630769e-01 7.3289859000e-02 2.6407348014e+00 1.0738702916e+01
365 6.0038325728e-01 7.3304152504e-02 2.6386174219e+00 1.0728150462e+01
