1 5.9282947138e-01 1.1102230246e-16 1.0000000000e+00 1.0000000000e+00
2 5.9293288494e-01 7.7854679122e-03 2.6253616268e+01 8.0262195668e+02
3 5.9309594086e-01 1.0811552411e-02 1.9712206532e+01 4.2966985303e+02
4 5.9309604137e-01 1.0913611437e-02 1.9188370270e+01 4.1396623430e+02
5 5.9307366548e-01 1.1168801422e-02 1.7861862913e+01 3.7807095280e+02
6 5.9306797725e-01 1.1236442299e-02 1.7542541397e+01 3.6912959483e+02
7 5.9294112956e-01 1.1468400130e-02 1.6435786079e+01 3.4129074121e+02
8 5.9297245769e-01 1.1567183202e-02 1.6020663065e+01 3.2966764552e+02
9 5.9299969886e-01 1.1594857409e-02 1.5901047280e+01 3.2638604336e+02
10 5.9322855387e-01 1.4215100229e-02 1.4763215832e+01 2.5710604893e+02
11 5.9319200097e-01 1.4546926775e-02 1.4439395545e+01 2.4991973145e+02
12 5.9316308918e-01 1.4630448625e-02 1.4190538722e+01 2.4440716135e+02
13 5.9337614740e-01 1.6406742396e-02 1.2866728743e+01 1.9426084979e+02
14 5.9331225594e-01 1.6537878315e-02 1.2559860279e+01 1.8845650331e+02
15 5.9334917469e-01 1.6548593113e-02 1.2529224622e+01 1.8785763573e+02
16 5.9334942381e-01 1.6564563091e-02 1.2492816270e+01 1.8713441158e+02
17 5.9357439404e-01 1.8297603142e-02 1.1637699441e+01 1.5735739744e+02
18 5.9389396545e-01 2.1128328505e-02 1.0151277378e+01 1.1708269257e+02
19 5.9427045834e-01 2.3318729026e-02 9.1058515394e+00 9.3223859165e+01
20 5.9440656798e-01 2.4548019703e-02 8.6102061780e+00 8.3653447671e+01
21 5.9489006240e-01 2.6647092829e-02 7.9859692927e+00 7.1026598453e+01
22 5.9508813365e-01 2.7702337227e-02 7.6583836131e+00 6.5421652802e+01
23 5.9497958729e-01 2.7793711430e-02 7.5823776196e+00 6.4705625644e+01
24 5.9496916918e-01 2.7860337634e-02 7.5221118539e+00 6.4116342863e+01
25 5.9501810599e-01 2.7882291420e-02 7.5000948776e+00 6.3862818072e+01
26 5.9515479326e-01 2.8895825230e-02 7.2259835834e+00 5.9301230312e+01
27 5.9548772927e-01 2.9845072038e-02 6.9879105879e+00 5.5361691734e+01
28 5.9569898231e-01 3.0733699934e-02 6.7977167734e+00 5.2195615356e+01
29 5.9590207733e-01 3.1629019555e-02 6.6243281233e+00 4.9384554265e+01
30 5.9609437696e-01 3.2520254941e-02 6.4265480589e+00 4.6539089288e+01
31 5.9599534245e-01 3.2570434828e-02 6.3479550533e+00 4.5950491945e+01
32 5.9590857214e-01 3.2682744473e-02 6.2817710840e+00 4.5402622174e+01
33 5.9633786102e-01 3.4355341660e-02 5.9840527336e+00 4.1057380325e+01
34 5.9665962833e-01 3.5117922409e-02 5.8388091213e+00 3.9068350663e+01
35 5.9685527114e-01 3.6570884362e-02 6.2386505687e+00 4.6786184399e+01
36 5.9682564391e-01 3.6665207488e-02 6.2031992885e+00 4.6455491427e+01
37 5.9693772199e-01 3.7946963863e-02 6.3848455882e+00 4.9336170981e+01
38 5.9692400156e-01 3.7977111265e-02 6.3708318159e+00 4.9189761674e+01
39 5.9710331100e-01 3.8677416228e-02 6.2087938233e+00 4.6738074987e+01
40 5.9735634911e-01 3.9168742923e-02 6.1027233142e+00 4.5032283751e+01
41 5.9752342082e-01 3.9878957060e-02 5.9546299782e+00 4.2888475371e+01
42 5.9731591789e-01 3.9222382195e-02 6.0775220338e+00 4.4815659578e+01
43 5.9754901003e-01 3.9820195367e-02 5.9534331262e+00 4.2947078332e+01
44 5.9767615271e-01 4.0722788563e-02 5.8018429834e+00 4.0769756645e+01
45 5.9762616976e-01 4.0791416100e-02 5.7736130183e+00 4.0527944408e+01
46 5.9752224262e-01 4.0852224902e-02 5.7519945259e+00 4.0349914471e+01
47 5.9766381790e-01 4.1617022723e-02 5.6205978736e+00 3.8511045093e+01
48 5.9808998339e-01 4.2980393010e-02 5.3957526045e+00 3.5420556006e+01
49 5.9809061384e-01 4.2951672324e-02 5.3918775076e+00 3.5416870771e+01
50 5.9811778280e-01 4.2962868365e-02 5.3861529839e+00 3.5366602641e+01
51 5.9811022604e-01 4.3007624917e-02 5.3719547774e+00 3.5225992382e+01
52 5.9845052241e-01 4.4531283049e-02 5.4015988109e+00 3.5557002528e+01
53 5.9867050483e-01 4.5116059626e-02 5.3072151283e+00 3.4289613363e+01
54 5.9860216996e-01 4.5079396192e-02 5.3027136535e+00 3.4302792859e+01
55 5.9867744053e-01 4.6197219614e-02 5.3969364830e+00 3.5589282114e+01
56 5.9855991117e-01 4.6253326106e-02 5.3839240103e+00 3.5472634735e+01
57 5.9891097233e-01 4.7856942494e-02 5.3663100692e+00 3.5096374601e+01
58 5.9905596598e-01 4.8414794731e-02 5.2752586150e+00 3.3926598037e+01
59 5.9904551633e-01 4.8418260314e-02 5.2747624224e+00 3.3921445191e+01
60 5.9903746285e-01 4.8446469238e-02 5.2658771184e+00 3.3846528054e+01
61 5.9943915276e-01 4.9515582952e-02 5.0999928908e+00 3.1755474711e+01
62 5.9944238747e-01 4.9541897667e-02 5.0909933579e+00 3.1687386741e+01
63 6.0004146105e-01 5.1496612868e-02 4.9816766038e+00 3.0222913176e+01
64 5.9991878996e-01 5.1582210694e-02 4.9740077804e+00 3.0134026344e+01
65 6.0016134795e-01 5.2081310504e-02 4.8997411669e+00 2.9257583675e+01
66 6.0023534334e-01 5.1682454433e-02 4.7834259184e+00 2.7994771415e+01
67 6.0022783912e-01 5.1691032662e-02 4.7812606350e+00 2.7979103945e+01
68 6.0017064330e-01 5.1697958736e-02 4.7820821718e+00 2.7985436622e+01
69 6.0000100426e-01 5.0711272361e-02 4.6784248227e+00 2.6696597683e+01
70 5.9994140517e-01 5.0679697038e-02 4.6724948484e+00 2.6668860958e+01
71 6.0000439589e-01 5.0728956601e-02 4.6540272587e+00 2.6544004715e+01
72 5.9997897756e-01 5.0765995928e-02 4.6433536476e+00 2.6478572053e+01
73 5.9981410048e-01 4.9724921288e-02 4.5418728820e+00 2.5315002656e+01
74 5.9972889891e-01 4.9694675997e-02 4.5315617526e+00 2.5255274868e+01
75 5.9967936605e-01 4.9729338606e-02 4.5255577715e+00 2.5205255948e+01
76 6.0014384893e-01 5.0674554340e-02 4.4070994428e+00 2.3887551007e+01
77 6.0008525608e-01 5.0720468921e-02 4.3971866732e+00 2.3823228284e+01
78 5.9980459153e-01 5.0241849465e-02 4.4495566345e+00 2.4436856748e+01
79 5.9993538727e-01 4.9844901028e-02 4.2959070428e+00 2.2688949656e+01
80 5.9974789723e-01 4.9389499648e-02 4.3468486965e+00 2.3256747328e+01
81 5.9970904804e-01 4.9421844167e-02 4.3398528425e+00 2.3210267278e+01
82 5.9949506808e-01 4.8960810110e-02 4.3941620604e+00 2.3813198530e+01
83 5.9994258602e-01 4.9929611237e-02 4.2850285281e+00 2.2604876933e+01
84 6.0008507300e-01 5.0464709563e-02 4.2303332645e+00 2.2014824001e+01
85 5.9997618144e-01 5.0434898988e-02 4.2293652380e+00 2.2021024552e+01
86 6.0007184741e-01 5.1067966762e-02 4.1615189558e+00 2.1367002769e+01
87 5.9993961840e-01 5.0107589429e-02 4.0613784809e+00 2.0183753837e+01
88 5.9995984605e-01 5.0128150231e-02 4.0552605141e+00 2.0144328293e+01
89 6.0029577197e-01 5.1989040039e-02 4.2461203076e+00 2.2447982794e+01
90 6.0028944757e-01 5.2164103721e-02 4.2411246605e+00 2.2402158600e+01
91 6.0066878877e-01 5.3371079353e-02 4.2324827140e+00 2.2245213469e+01
92 6.0059968867e-01 5.3428437079e-02 4.2195323782e+00 2.2176389073e+01
93 6.0040011917e-01 5.3536595642e-02 4.2016629768e+00 2.2063602928e+01
94 6.0053899192e-01 5.4051581946e-02 4.1457856620e+00 2.1495678441e+01
95 6.0069807695e-01 5.4504383251e-02 4.0927930889e+00 2.0974625989e+01
96 6.0069904967e-01 5.4651241635e-02 4.0887072696e+00 2.0924932699e+01
97 6.0058934474e-01 5.4725157360e-02 4.0745568056e+00 2.0849637804e+01
98 6.0100729835e-01 5.5726478489e-02 3.9897461187e+00 1.9934791114e+01
99 6.0111449691e-01 5.5726793127e-02 3.9850392300e+00 1.9902333076e+01
100 6.0148362399e-01 5.6566037533e-02 3.8930794914e+00 1.9039651553e+01
101 6.0144970690e-01 5.6577353400e-02 3.8923209952e+00 1.9033886195e+01
102 6.0175836043e-01 5.7049784699e-02 3.8411649040e+00 1.8567097644e+01
103 6.0166858817e-01 5.7097136512e-02 3.8349456635e+00 1.8530919246e+01
104 6.0165102393e-01 5.7135837056e-02 3.8272576353e+00 1.8486659839e+01
105 6.0167616282e-01 5.7158221275e-02 3.8241477760e+00 1.8467064215e+01
106 6.0162999959e-01 5.7090398076e-02 3.8194021036e+00 1.8471852636e+01
107 6.0137651961e-01 5.6666867586e-02 3.8569840909e+00 1.8854753676e+01
108 6.0116748703e-01 5.5935746821e-02 3.7847821215e+00 1.8072966099e+01
109 6.0123139291e-01 5.6390009728e-02 3.7319003627e+00 1.7648222511e+01
110 6.0122660306e-01 5.6487340877e-02 3.7207751594e+00 1.7575940381e+01
111 6.0119889265e-01 5.6472449562e-02 3.7174019085e+00 1.7567980540e+01
112 6.0153878707e-01 5.7399682689e-02 3.6494212805e+00 1.6909787922e+01
113 6.0152064507e-01 5.7201476477e-02 3.6105848116e+00 1.6431273872e+01
114 6.0200908103e-01 5.7999715828e-02 3.5372650631e+00 1.5794301760e+01
115 6.0204197205e-01 5.8111681837e-02 3.5421356954e+00 1.5885855866e+01
116 6.0200003619e-01 5.8161083591e-02 3.5328321927e+00 1.5845643813e+01
117 6.0192617103e-01 5.8186505713e-02 3.5307541314e+00 1.5837006816e+01
118 6.0187828457e-01 5.8188747666e-02 3.5325257338e+00 1.5846256071e+01
119 6.0205116804e-01 5.8860295885e-02 3.5651703278e+00 1.6138759110e+01
120 6.0175392646e-01 5.8603269031e-02 3.5842916357e+00 1.6369953417e+01
121 6.0188250342e-01 5.9459680706e-02 3.6638619056e+00 1.7266268258e+01
122 6.0176929805e-01 5.8696109428e-02 3.6077372716e+00 1.6742138053e+01
123 6.0175302749e-01 5.8731056719e-02 3.6023078466e+00 1.6706851037e+01
124 6.0186767271e-01 5.9242244911e-02 3.5592460765e+00 1.6333441687e+01
125 6.0161758928e-01 5.9005233255e-02 3.5828916636e+00 1.6564672251e+01
126 6.0153456532e-01 5.8950698214e-02 3.5767306208e+00 1.6557370047e+01
127 6.0193091841e-01 6.0237487247e-02 3.6200939625e+00 1.7066914713e+01
128 6.0204158869e-01 6.0024954122e-02 3.5601068791e+00 1.6566128889e+01
129 6.0221072777e-01 6.0415654505e-02 3.5229209894e+00 1.6243851394e+01
130 6.0224908846e-01 6.0420020348e-02 3.5203202026e+00 1.6230340554e+01
131 6.0249784264e-01 6.0790799531e-02 3.4836568174e+00 1.5915004775e+01
132 6.0258110817e-01 6.1528488297e-02 3.5286187215e+00 1.6340099341e+01
133 6.0251190072e-01 6.0985059101e-02 3.4992290822e+00 1.6120784423e+01
134 6.0245849665e-01 6.1023127160e-02 3.4935686777e+00 1.6094878759e+01
135 6.0247756632e-01 6.1093779987e-02 3.4866904397e+00 1.6048011540e+01
136 6.0270129929e-01 6.1500879544e-02 3.4547720553e+00 1.5750612749e+01
137 6.0264470131e-01 6.1553776593e-02 3.4469156493e+00 1.5710847607e+01
138 6.0283473758e-01 6.1970110251e-02 3.4175562012e+00 1.5429427013e+01
139 6.0280941680e-01 6.1979809640e-02 3.4172291158e+00 1.5425463780e+01
140 6.0324754781e-01 6.2965062742e-02 3.3523422145e+00 1.4870040623e+01
141 6.0320781516e-01 6.2994584016e-02 3.3481203113e+00 1.4852682479e+01
142 6.0308621047e-01 6.3056905536e-02 3.3417986607e+00 1.4822504071e+01
143 6.0377389223e-01 6.4148912974e-02 3.2560864984e+00 1.4083272605e+01
144 6.0383342119e-01 6.4947619442e-02 3.2990281980e+00 1.4496255150e+01
145 6.0384611394e-01 6.4927518247e-02 3.3020190291e+00 1.4511073387e+01
146 6.0403266515e-01 6.5269258480e-02 3.2743627242e+00 1.4277654178e+01
147 6.0403838729e-01 6.5316060238e-02 3.2651528101e+00 1.4238406051e+01
148 6.0419499808e-01 6.5773944275e-02 3.2338939191e+00 1.3978091638e+01
149 6.0452642669e-01 6.6991518922e-02 3.2488367901e+00 1.4186043534e+01
150 6.0460544348e-01 6.6640376341e-02 3.1688523881e+00 1.3462840819e+01
151 6.0474171344e-01 6.6902904950e-02 3.1452198727e+00 1.3281231116e+01
152 6.0469468401e-01 6.6926471876e-02 3.1429718408e+00 1.3270257228e+01
153 6.0494101325e-01 6.7228786260e-02 3.1141134070e+00 1.3060538587e+01
154 6.0490217226e-01 6.7236600591e-02 3.1146346609e+00 1.3061742894e+01
155 6.0538820083e-01 6.8853099036e-02 3.1398352271e+00 1.3226997363e+01
156 6.0475665022e-01 6.7169832700e-02 3.1079363701e+00 1.3023537558e+01
157 6.0496830829e-01 6.7498865708e-02 3.0826066638e+00 1.2824152205e+01
158 6.0436167944e-01 6.6555406226e-02 3.0708357743e+00 1.2782771175e+01
159 6.0434751433e-01 6.6509315424e-02 3.0613537608e+00 1.2656586431e+01
160 6.0454842005e-01 6.6835633122e-02 3.0360824045e+00 1.2462385122e+01
161 6.0445875274e-01 6.6833107975e-02 3.0359983996e+00 1.2468328704e+01
162 6.0460007966e-01 6.7607341363e-02 3.0799245109e+00 1.2835926782e+01
163 6.0463735455e-01 6.7625307666e-02 3.0757370383e+00 1.2815796401e+01
164 6.0499691508e-01 6.8524472913e-02 3.0286691523e+00 1.2415300546e+01
165 6.0477877086e-01 6.8140759179e-02 3.0507877627e+00 1.2607491650e+01
166 6.0482410193e-01 6.8072360805e-02 3.0525375749e+00 1.2623627284e+01
167 6.0482759969e-01 6.8040393165e-02 3.0509193717e+00 1.2623582962e+01
168 6.0521103957e-01 6.8738811861e-02 3.0026016706e+00 1.2242277990e+01
169 6.0549662679e-01 6.9930801727e-02 3.0362606916e+00 1.2580859585e+01
170 6.0541714041e-01 6.9994333132e-02 3.0283053162e+00 1.2553477862e+01
171 6.0581718067e-01 7.0638315718e-02 2.9827968729e+00 1.2198012681e+01
172 6.0575486594e-01 7.0651833011e-02 2.9771877738e+00 1.2179702756e+01
173 6.0613357029e-01 7.1482428914e-02 2.9308700652e+00 1.1801734337e+01
174 6.0639710633e-01 7.1726236362e-02 2.8960412580e+00 1.1510515100e+01
175 6.0635726689e-01 7.1763932260e-02 2.8922140722e+00 1.1493599676e+01
176 6.0584364751e-01 7.1127768758e-02 2.9380071348e+00 1.1876287259e+01
177 6.0557633648e-01 7.0881689176e-02 2.9533156727e+00 1.2015785276e+01
178 6.0555821273e-01 7.0883400681e-02 2.9538814133e+00 1.2017624587e+01
179 6.0537136140e-01 7.0493003301e-02 2.9741778987e+00 1.2193312125e+01
180 6.0531428762e-01 7.0512706207e-02 2.9737888371e+00 1.2189500829e+01
181 6.0550555658e-01 7.0899162631e-02 2.9502519634e+00 1.2002490897e+01
182 6.0568197428e-01 7.1139664869e-02 2.9266372137e+00 1.1842223647e+01
183 6.0558013194e-01 7.0739945986e-02 2.8718145352e+00 1.1318338808e+01
184 6.0560935364e-01 7.0751046820e-02 2.8686916869e+00 1.1307464681e+01
185 6.0561442813e-01 7.0755895534e-02 2.8678530470e+00 1.1303551150e+01
186 6.0623697748e-01 7.2096000038e-02 2.8477365909e+00 1.1113454683e+01
187 6.0616835521e-01 7.2105690114e-02 2.8465858924e+00 1.1109820879e+01
188 6.0658431399e-01 7.3115079756e-02 2.8547563073e+00 1.1168005122e+01
189 6.0636447095e-01 7.2444756588e-02 2.8118747747e+00 1.0806261181e+01
190 6.0636870571e-01 7.2446691621e-02 2.8114201813e+00 1.0804492236e+01
191 6.0657325904e-01 7.3617302831e-02 2.8657737241e+00 1.1212544512e+01
192 6.0663331183e-01 7.3297143659e-02 2.8129949257e+00 1.0819749979e+01
193 6.0670848653e-01 7.3627424161e-02 2.7885396377e+00 1.0666215621e+01
194 6.0631205581e-01 7.2741067937e-02 2.7715722456e+00 1.0573961358e+01
195 6.0631601784e-01 7.2772984435e-02 2.7729923796e+00 1.0575006178e+01
196 6.0626335880e-01 7.2788447460e-02 2.7731848648e+00 1.0574175164e+01
197 6.0678556265e-01 7.4015705314e-02 2.7477531516e+00 1.0372819697e+01
198 6.0698894492e-01 7.4348202437e-02 2.7284068932e+00 1.0233616652e+01
199 6.0701341005e-01 7.4309467437e-02 2.7271213715e+00 1.0232675033e+01
200 6.0701821126e-01 7.4322164572e-02 2.7254249938e+00 1.0225040622e+01
201 6.0701942402e-01 7.4293929422e-02 2.7228880821e+00 1.0217405697e+01
202 6.0678669455e-01 7.3880980690e-02 2.7318361683e+00 1.0273806220e+01
203 6.0665552379e-01 7.3830233386e-02 2.7328434553e+00 1.0285652778e+01
204 6.0657152728e-01 7.3922903796e-02 2.7235086838e+00 1.0249320737e+01
205 6.0683102226e-01 7.4318618444e-02 2.6735433753e+00 9.8932464397e+00
206 6.0642793965e-01 7.3311265825e-02 2.6547387008e+00 9.7371453509e+00
207 6.0663412254e-01 7.3953399662e-02 2.6919791431e+00 1.0038178265e+01
208 6.0654706506e-01 7.3999765579e-02 2.6907271526e+00 1.0032063152e+01
209 6.0656241056e-01 7.3948417763e-02 2.6852294056e+00 1.0018661783e+01
210 6.0636869292e-01 7.3369223513e-02 2.6524454853e+00 9.7863362910e+00
211 6.0631925945e-01 7.3377999202e-02 2.6511887616e+00 9.7824725016e+00
212 6.0669378241e-01 7.4269095143e-02 2.6623995943e+00 9.8892973397e+00
213 6.0685306114e-01 7.4885137843e-02 2.6941989197e+00 1.0126352485e+01
214 6.0686014076e-01 7.4929222611e-02 2.6944627964e+00 1.0123238979e+01
215 6.0720414824e-01 7.5119137441e-02 2.6371117605e+00 9.7174257241e+00
216 6.0717571048e-01 7.5285745327e-02 2.6347291696e+00 9.7081852220e+00
217 6.0669483227e-01 7.4351393556e-02 2.6098971160e+00 9.5308099006e+00
218 6.0668717790e-01 7.4311734613e-02 2.6103711906e+00 9.5359908243e+00
219 6.0680594122e-01 7.4867239651e-02 2.6389408850e+00 9.7542683783e+00
220 6.0677069292e-01 7.4957517949e-02 2.6376969571e+00 9.7407044148e+00
221 6.0679211390e-01 7.4935012553e-02 2.6350260547e+00 9.7351698005e+00
222 6.0681527123e-01 7.4922134841e-02 2.6358262319e+00 9.7381820011e+00
223 6.0677142493e-01 7.4921823259e-02 2.6316641717e+00 9.7320302778e+00
224 6.0673692516e-01 7.4927482824e-02 2.6320699217e+00 9.7338310561e+00
225 6.0678582540e-01 7.4932668973e-02 2.6334746450e+00 9.7415705913e+00
226 6.0701402169e-01 7.5276629031e-02 2.6122332060e+00 9.6054352517e+00
227 6.0716699752e-01 7.5817985035e-02 2.6316595667e+00 9.7275699182e+00
228 6.0713579533e-01 7.5835162920e-02 2.6292416126e+00 9.7157339134e+00
229 6.0731639230e-01 7.6244386772e-02 2.6082631470e+00 9.5769259908e+00
230 6.0731022049e-01 7.6285414299e-02 2.6045872888e+00 9.5627030746e+00
231 6.0728457726e-01 7.6303778227e-02 2.6034500259e+00 9.5570202740e+00
232 6.0739261168e-01 7.6891932833e-02 2.6227317808e+00 9.6901106872e+00
233 6.0734183658e-01 7.6851659193e-02 2.6230041506e+00 9.7023503828e+00
234 6.0756778611e-01 7.7189731722e-02 2.6021203837e+00 9.5676359060e+00
235 6.0777530760e-01 7.7599822848e-02 2.5807066479e+00 9.4311013571e+00
236 6.0774439014e-01 7.7605253536e-02 2.5812348160e+00 9.4326985758e+00
237 6.0778603192e-01 7.7558601437e-02 2.5855859264e+00 9.4484960221e+00
238 6.0776406779e-01 7.7570588273e-02 2.5851537286e+00 9.4469571287e+00
239 6.0770113301e-01 7.7699828131e-02 2.5849096567e+00 9.4392466354e+00
240 6.0781667816e-01 7.8266605417e-02 2.5994108804e+00 9.5301411480e+00
241 6.0782374575e-01 7.8357854261e-02 2.5993947151e+00 9.5225244192e+00
242 6.0857619478e-01 7.9595885480e-02 2.5831931129e+00 9.4747012783e+00
243 6.0842476876e-01 7.9702486814e-02 2.5753772779e+00 9.4472739198e+00
244 6.0796759181e-01 7.8976964621e-02 2.5798214024e+00 9.4811849104e+00
245 6.0796717406e-01 7.8951386154e-02 2.5785530921e+00 9.4809171760e+00
246 6.0781926971e-01 7.8738411040e-02 2.5933189622e+00 9.5760153637e+00
247 6.0755358386e-01 7.8505965268e-02 2.6076094395e+00 9.6792652473e+00
248 6.0712362465e-01 7.7628625437e-02 2.6056107576e+00 9.6807874651e+00
249 6.0716079371e-01 7.7857124581e-02 2.5863770886e+00 9.5754867133e+00
250 6.0716028897e-01 7.7536841529e-02 2.5743485784e+00 9.5349542580e+00
251 6.0701907318e-01 7.6947561048e-02 2.5470654803e+00 9.3549324067e+00
252 6.0694895340e-01 7.6971456080e-02 2.5469796724e+00 9.3529417819e+00
253 6.0713767143e-01 7.7591934855e-02 2.5714047609e+00 9.5146339288e+00
254 6.0689177841e-01 7.6462063621e-02 2.5071874402e+00 9.0515696376e+00
255 6.0665774631e-01 7.6098543833e-02 2.5149256049e+00 9.1084553360e+00
256 6.0661756325e-01 7.6085239594e-02 2.5133335241e+00 9.1003225354e+00
257 6.0667426644e-01 7.6007109270e-02 2.4921891517e+00 8.9877061907e+00
258 6.0666081682e-01 7.6031274071e-02 2.4898766880e+00 8.9784469204e+00
259 6.0662460614e-01 7.6052432195e-02 2.4885517348e+00 8.9741648601e+00
260 6.0662170259e-01 7.5985809746e-02 2.4829181682e+00 8.9306782339e+00
261 6.0659330823e-01 7.6006010186e-02 2.4814669082e+00 8.9254948804e+00
262 6.0676000620e-01 7.6325976118e-02 2.4619638578e+00 8.8071364884e+00
263 6.0671721715e-01 7.6345492607e-02 2.4612746748e+00 8.8041644103e+00
264 6.0665057375e-01 7.6360345891e-02 2.4623790567e+00 8.8058138404e+00
265 6.0667589812e-01 7.6445785616e-02 2.4615463090e+00 8.7990641726e+00
266 6.0660482517e-01 7.6505823207e-02 2.4569249766e+00 8.7827544875e+00
267 6.0653031051e-01 7.6553808176e-02 2.4536417766e+00 8.7722126224e+00
268 6.0651208710e-01 7.6602663672e-02 2.4484863674e+00 8.7533912836e+00
269 6.0652002598e-01 7.6602870490e-02 2.4482028901e+00 8.7522227325e+00
270 6.0661575401e-01 7.7130883302e-02 2.4740494277e+00 8.9276720372e+00
271 6.0663434620e-01 7.7168896930e-02 2.4690863146e+00 8.9084778652e+00
272 6.0657063058e-01 7.7189394672e-02 2.4691043884e+00 8.9075754071e+00
273 6.0659635064e-01 7.7298083585e-02 2.4830828235e+00 9.0466366894e+00
274 6.0682365631e-01 7.8143632057e-02 2.4882224451e+00 9.1097980201e+00
275 6.0676261937e-01 7.8177477989e-02 2.4869614654e+00 9.1023578582e+00
276 6.0691042175e-01 7.8444451508e-02 2.4708947335e+00 8.9996885723e+00
277 6.0698756917e-01 7.8345987280e-02 2.4324707339e+00 8.7598326642e+00
278 6.0728128409e-01 7.9082144136e-02 2.4291484975e+00 8.7114530064e+00
279 6.0752446555e-01 7.9477497971e-02 2.4163124410e+00 8.6122231806e+00
280 6.0752268757e-01 7.9468874097e-02 2.4173691489e+00 8.6159156645e+00
281 6.0763840810e-01 8.0065695372e-02 2.4533968643e+00 8.8802425815e+00
282 6.0745635001e-01 7.9329187820e-02 2.4255702213e+00 8.7292154958e+00
283 6.0785108655e-01 8.0222388766e-02 2.4391827379e+00 8.8213675113e+00
284 6.0805915713e-01 8.0444868426e-02 2.4251656592e+00 8.7302160902e+00
285 6.0808198562e-01 8.0440375399e-02 2.4247352022e+00 8.7293954447e+00
286 6.0791065177e-01 7.9878547219e-02 2.4070745102e+00 8.6310198766e+00
287 6.0827468310e-01 8.0679373066e-02 2.3960799147e+00 8.5290885845e+00
288 6.0829764658e-01 8.0685436533e-02 2.3961942167e+00 8.5312217892e+00
289 6.0827374297e-01 8.0720866553e-02 2.3931993529e+00 8.5198656446e+00
290 6.0810041539e-01 8.0128021162e-02 2.3561623518e+00 8.2594599771e+00
291 6.0799202631e-01 7.9497537353e-02 2.3197482502e+00 8.0029497081e+00
292 6.0732478248e-01 7.8292514835e-02 2.3241215655e+00 8.0470653435e+00
293 6.0738322343e-01 7.7960433553e-02 2.2752593832e+00 7.7119872664e+00
294 6.0761150650e-01 7.8431889131e-02 2.2536327117e+00 7.5595505154e+00
295 6.0773797746e-01 7.8843245247e-02 2.2652075396e+00 7.6213940747e+00
296 6.0780341690e-01 7.9371191205e-02 2.2875594300e+00 7.7592657666e+00
297 6.0752597667e-01 7.9013043870e-02 2.2941197465e+00 7.8111095695e+00
298 6.0746314442e-01 7.9104488700e-02 2.2942717616e+00 7.8113102058e+00
299 6.0733760763e-01 7.8523962054e-02 2.2729064868e+00 7.6811240776e+00
300 6.0690539498e-01 7.7778084428e-02 2.2698817769e+00 7.6714724077e+00
301 6.0701332806e-01 7.8323997120e-02 2.2893234473e+00 7.7812603468e+00
302 6.0698152042e-01 7.8321972641e-02 2.2882204059e+00 7.7765662596e+00
303 6.0752612850e-01 7.9659472632e-02 2.3100911248e+00 8.0186324871e+00
304 6.0755381919e-01 7.9636396241e-02 2.3113892113e+00 8.0243910508e+00
305 6.0764554518e-01 7.9664013432e-02 2.3094439024e+00 8.0142221283e+00
306 6.0774912471e-01 8.0266656154e-02 2.3383354279e+00 8.2261811008e+00
307 6.0769346982e-01 8.0257757687e-02 2.3371069897e+00 8.2249789584e+00
308 6.0770928828e-01 8.0262008097e-02 2.3361315503e+00 8.2214176513e+00
309 6.0744799365e-01 8.0100256417e-02 2.3475800165e+00 8.2937759368e+00
310 6.0756788391e-01 8.0670500643e-02 2.3683206205e+00 8.4295746853e+00
311 6.0735549830e-01 8.0329410740e-02 2.3820756849e+00 8.5268992479e+00
312 6.0809594557e-01 8.1692613766e-02 2.3475969727e+00 8.2837171884e+00
313 6.0771769397e-01 8.1385913676e-02 2.3625150012e+00 8.3824536046e+00
314 6.0812605687e-01 8.1953738826e-02 2.3341429455e+00 8.2004832512e+00
315 6.0824445869e-01 8.2476427751e-02 2.3475761017e+00 8.2791125411e+00
316 6.0836548238e-01 8.3080546655e-02 2.3752454978e+00 8.4653123874e+00
317 6.0833183593e-01 8.3072462865e-02 2.3759855944e+00 8.4684746904e+00
318 6.0851033871e-01 8.3404722470e-02 2.3589265397e+00 8.3640514180e+00
319 6.0844995535e-01 8.3374646593e-02 2.3596362339e+00 8.3687302337e+00
320 6.0787622122e-01 8.2546752053e-02 2.3797639841e+00 8.5082606021e+00
321 6.0767016006e-01 8.2278060113e-02 2.3929455830e+00 8.5992303983e+00
322 6.0816602106e-01 8.2680092969e-02 2.3360350947e+00 8.2636510930e+00
323 6.0800632107e-01 8.2684392644e-02 2.3304615011e+00 8.2143525553e+00
324 6.0796206866e-01 8.2705925959e-02 2.3296072476e+00 8.2115576537e+00
325 6.0813734327e-01 8.2972968507e-02 2.3165016282e+00 8.1263572938e+00
326 6.0815292885e-01 8.2947293012e-02 2.3146932576e+00 8.1222986383e+00
327 6.0826307364e-01 8.3417356139e-02 2.3032979087e+00 8.0304627073e+00
328 6.0856591773e-01 8.3767311752e-02 2.2882678471e+00 7.9346096720e+00
329 6.0815538046e-01 8.3006049490e-02 2.2734145648e+00 7.8367745813e+00
330 6.0826363548e-01 8.3607309495e-02 2.3019141968e+00 8.0357132079e+00
331 6.0803363715e-01 8.3282172902e-02 2.3151783252e+00 8.1259710446e+00
332 6.0775877673e-01 8.3099364683e-02 2.3274658930e+00 8.2021214290e+00
333 6.0760023962e-01 8.3005957124e-02 2.3392710313e+00 8.2631730872e+00
334 6.0775035228e-01 8.3553251196e-02 2.3561621882e+00 8.3618418392e+00
335 6.0771415242e-01 8.3602525359e-02 2.3558900004e+00 8.3563323653e+00
336 6.0793966334e-01 8.3580834881e-02 2.2973363159e+00 7.9818037252e+00
337 6.0816281247e-01 8.3901079687e-02 2.2846410502e+00 7.8961045113e+00
338 6.0824098182e-01 8.4346865299e-02 2.2885213328e+00 7.8958295223e+00
339 6.0770667727e-01 8.3067918367e-02 2.2742593723e+00 7.8225758251e+00
340 6.0800674950e-01 8.3864590369e-02 2.2811628511e+00 7.8578761331e+00
341 6.0770692589e-01 8.3642434342e-02 2.3034004585e+00 8.0320588403e+00
342 6.0734398365e-01 8.3105038325e-02 2.3116429668e+00 8.0943343945e+00
343 6.0755425901e-01 8.3452551987e-02 2.2952198868e+00 7.9956562207e+00
344 6.0748379019e-01 8.3477872698e-02 2.2951768555e+00 7.9942740526e+00
345 6.0743463610e-01 8.3468105947e-02 2.2949550527e+00 7.9959574186e+00
346 6.0744030422e-01 8.3488769879e-02 2.2941203617e+00 7.9965711427e+00
347 6.0682365800e-01 8.2604652630e-02 2.3165289790e+00 8.1583999526e+00
348 6.0730496563e-01 8.3525619823e-02 2.3151719346e+00 8.1357681349e+00
349 6.0730350182e-01 8.3556129520e-02 2.3141806134e+00 8.1281954823e+00
350 6.0725882792e-01 8.3556555857e-02 2.3127770105e+00 8.1257724209e+00
351 6.0712422359e-01 8.3781365061e-02 2.3480385970e+00 8.3396266989e+00
352 6.0628480707e-01 8.2085698234e-02 2.3316243541e+00 8.2453176716e+00
353 6.0622346242e-01 8.2073720563e-02 2.3315655757e+00 8.2467661675e+00
354 6.0599050833e-01 8.1410906347e-02 2.2858521561e+00 7.8928372659e+00
355 6.0559230724e-01 8.0611791694e-02 2.2767551497e+00 7.8395323663e+00
356 6.0555875281e-01 8.0585705312e-02 2.2771697973e+00 7.8433123868e+00
357 6.0577652554e-01 8.0919760473e-02 2.2592887282e+00 7.7410142520e+00
358 6.0530418695e-01 8.0309476394e-02 2.2828529212e+00 7.8978728233e+00
359 6.0489507364e-01 7.9472086145e-02 2.2732202262e+00 7.8427391472e+00
360 6.0490220062e-01 7.9450030929e-02 2.2711092892e+00 7.8383256861e+00
361 6.0490418609e-01 7.9447516062e-02 2.2711865061e+00 7.8391303486e+00
362 6.0489914995e-01 7.9489717005e-02 2.2712930242e+00 7.8365186482e+00
363 6.0458892177e-01 7.8598252217e-02 2.2538571344e+00 7.7226070218e+00
364 6.0458281503e-01 7.8590867723e-02 2.2547141473e+00 7.7261237046e+00
365 6.0422189566e-01 7.8241700724e-02 2.2660147587e+00 7.8079421831e+00
