1 5.9282947138e-01 1.1102230246e-16 1.0000000000e+00 1.0000000000e+00
2 5.9306873880e-01 7.5353872187e-03 2.9408589121e+01 9.0917649973e+02
3 5.9316910656e-01 7.6949114362e-03 2.7623462605e+01 8.3496400301e+02
4 5.9333104387e-01 1.0782993942e-02 1.9940150234e+01 4.3215328514e+02
5 5.9351541988e-01 1.3155683935e-02 1.6437512071e+01 2.9155855636e+02
6 5.9348819820e-01 1.3222496475e-02 1.6183267537e+01 2.8586882029e+02
7 5.9349909385e-01 1.4960669912e-02 1.3647880868e+01 2.0969073320e+02
8 5.9370795597e-01 1.6803648783e-02 1.2207276125e+01 1.6771590191e+02
9 5.9370753833e-01 1.6823158762e-02 1.2164812800e+01 1.6694118611e+02
10 5.9367339424e-01 1.6871979903e-02 1.2059303351e+01 1.6512467454e+02
11 5.9385896604e-01 1.8466371423e-02 1.1133074545e+01 1.3960687719e+02
12 5.9384883118e-01 1.8549151078e-02 1.0969514877e+01 1.3720795295e+02
13 5.9387120327e-01 1.8550001073e-02 1.0963504087e+01 1.3712834703e+02
14 5.9388983813e-01 1.8598288767e-02 1.0875053971e+01 1.3567302502e+02
15 5.9415762280e-01 2.0052365795e-02 1.0190121282e+01 1.1773511625e+02
16 5.9431542067e-01 2.1432153604e-02 9.5704159190e+00 1.0359795781e+02
17 5.9450177181e-01 2.2668903673e-02 9.1254686776e+00 9.3335495330e+01
18 5.9456943621e-01 2.3932081676e-02 8.6377736345e+00 8.3768160450e+01
19 5.9468384415e-01 2.5179248378e-02 8.1926678866e+00 7.5720691654e+01
20 5.9514687869e-01 2.7259205477e-02 7.6225779472e+00 6.4931315481e+01
21 5.9556486771e-01 2.9174392031e-02 7.1600660410e+00 5.6883233322e+01
22 5.9555118102e-01 2.9248600153e-02 7.1030024368e+00 5.6332746230e+01
23 5.9580901967e-01 3.0056402394e-02 6.8990514935e+00 5.3021258783e+01
24 5.9606522158e-01 3.2018105353e-02 6.4742317202e+00 4.6950719338e+01
25 5.9601059460e-01 3.2083281164e-02 6.4385300403e+00 4.6617437924e+01
26 5.9614750060e-01 3.2955441001e-02 6.2624961925e+00 4.4137907968e+01
27 5.9656330883e-01 3.5101180244e-02 6.4418062471e+00 4.8082019540e+01
28 5.9657584690e-01 3.5129714713e-02 6.4248711266e+00 4.7917484005e+01
29 5.9706825891e-01 3.6794231673e-02 6.1366845990e+00 4.3385806814e+01
30 5.9747687978e-01 3.8279202725e-02 5.8400838280e+00 3.9337414592e+01
31 5.9743578556e-01 3.8322593173e-02 5.8206261888e+00 3.9188234983e+01
32 5.9703403063e-01 3.6394414282e-02 5.6789989788e+00 3.6396427457e+01
33 5.9698042112e-01 3.6412741601e-02 5.6745324474e+00 3.6356498295e+01
34 5.9691678470e-01 3.6555371395e-02 5.6023054713e+00 3.5854970444e+01
35 5.9687829650e-01 3.6600029312e-02 5.5832582286e+00 3.5704892856e+01
36 5.9724644644e-01 3.8542810043e-02 5.7241588077e+00 3.8432453024e+01
37 5.9766723085e-01 3.9965736233e-02 5.4875733461e+00 3.5246861482e+01
38 5.9762257681e-01 3.9990835524e-02 5.4798086585e+00 3.5183446988e+01
39 5.9755958578e-01 4.0039980720e-02 5.4619202684e+00 3.5048664186e+01
40 5.9765837223e-01 4.0051188313e-02 5.4508817518e+00 3.4955595177e+01
41 5.9762047086e-01 4.0109418364e-02 5.4272484639e+00 3.4777415285e+01
42 5.9804580569e-01 4.1200664283e-02 5.2412532149e+00 3.2395791596e+01
43 5.9794969671e-01 4.1185950553e-02 5.2244377159e+00 3.2302632270e+01
44 5.9803728762e-01 4.1206758511e-02 5.2108048696e+00 3.2193739332e+01
45 5.9841629223e-01 4.2817343795e-02 5.2707846300e+00 3.3350846625e+01
46 5.9836323115e-01 4.2854098549e-02 5.2587628070e+00 3.3265476314e+01
47 5.9830147390e-01 4.2946282906e-02 5.2219648663e+00 3.3024164846e+01
48 5.9867081962e-01 4.4694533689e-02 5.2452095999e+00 3.3382531164e+01
49 5.9864660944e-01 4.4740223540e-02 5.2289214944e+00 3.3260100470e+01
50 5.9865696957e-01 4.4760819625e-02 5.2208737256e+00 3.3194140767e+01
51 5.9890458770e-01 4.5334467825e-02 5.1344115575e+00 3.2062764777e+01
52 5.9890976234e-01 4.5342548963e-02 5.1312383123e+00 3.2037627920e+01
53 5.9884379493e-01 4.5125805218e-02 5.0805604638e+00 3.1299086921e+01
54 5.9909440417e-01 4.5707149955e-02 4.9943830249e+00 3.0234897181e+01
55 5.9917004695e-01 4.6274310987e-02 4.9058891434e+00 2.9234627735e+01
56 5.9902311622e-01 4.6140923874e-02 4.8934968788e+00 2.9238058516e+01
57 5.9903238016e-01 4.6215981782e-02 4.8851422585e+00 2.9138696410e+01
58 5.9902253355e-01 4.6238944352e-02 4.8769789826e+00 2.9087177113e+01
59 5.9945457101e-01 4.7340882928e-02 4.7293807361e+00 2.7308873743e+01
60 5.9968164412e-01 4.7922569687e-02 4.6633649717e+00 2.6481093768e+01
61 5.9965895714e-01 4.7924786451e-02 4.6641055471e+00 2.6485033135e+01
62 5.9970270983e-01 4.7946190228e-02 4.6537198625e+00 2.6423136728e+01
63 5.9979468791e-01 4.8759224000e-02 4.7137037709e+00 2.7191774832e+01
64 5.9983938205e-01 4.8767780518e-02 4.7085873803e+00 2.7155503765e+01
65 6.0036194274e-01 4.9733508096e-02 4.5821063332e+00 2.5694317472e+01
66 6.0029203076e-01 4.9789037742e-02 4.5751759250e+00 2.5641616462e+01
67 5.9991098582e-01 4.8623941047e-02 4.5804308882e+00 2.5766147550e+01
68 6.0014413092e-01 4.9174575559e-02 4.5103112949e+00 2.4990884498e+01
69 6.0009847317e-01 4.9208548880e-02 4.5015217561e+00 2.4929615147e+01
70 5.9999981709e-01 4.9275687812e-02 4.4861657615e+00 2.4833220406e+01
71 6.0013158503e-01 4.9851103046e-02 4.4148548712e+00 2.4082942871e+01
72 6.0032944471e-01 5.0223326865e-02 4.3613267966e+00 2.3516969879e+01
73 6.0038310924e-01 5.0230087835e-02 4.3523093275e+00 2.3465041249e+01
74 6.0033762789e-01 5.0300158934e-02 4.3344159562e+00 2.3353044990e+01
75 6.0031513471e-01 5.0404678385e-02 4.3226939496e+00 2.3266817021e+01
76 6.0003161770e-01 4.8968278212e-02 4.2710703400e+00 2.2657441957e+01
77 5.9987469445e-01 4.9514910904e-02 4.4059263259e+00 2.4359593792e+01
78 5.9980547316e-01 4.9554648472e-02 4.3976744636e+00 2.4308319890e+01
79 5.9998648363e-01 5.0075552026e-02 4.3247243059e+00 2.3583241780e+01
80 5.9993011988e-01 5.0117895441e-02 4.3154034017e+00 2.3524807149e+01
81 5.9988721254e-01 5.0155125905e-02 4.3070736492e+00 2.3471136256e+01
82 5.9967023893e-01 4.9258559179e-02 4.2216416937e+00 2.2603206360e+01
83 6.0012067464e-01 5.0293255097e-02 4.1211374485e+00 2.1467662049e+01
84 6.0039295342e-01 5.0706255088e-02 4.0796160042e+00 2.0981108734e+01
85 6.0041157416e-01 5.0718951388e-02 4.0751447737e+00 2.0954386703e+01
86 6.0062162074e-01 5.1366554506e-02 4.0361002724e+00 2.0484566344e+01
87 6.0062142409e-01 5.1395632574e-02 4.0287401930e+00 2.0438846565e+01
88 6.0076457304e-01 5.2317913338e-02 4.1077295998e+00 2.1373441856e+01
89 6.0072407191e-01 5.2364305073e-02 4.0980107375e+00 2.1312135422e+01
90 6.0071849033e-01 5.1782598940e-02 3.9608618694e+00 1.9886374503e+01
91 6.0064653454e-01 5.1794359231e-02 3.9557686799e+00 1.9863259915e+01
92 6.0064479617e-01 5.1856207625e-02 3.9385234340e+00 1.9774537348e+01
93 6.0040200682e-01 5.0967075015e-02 3.8274244549e+00 1.8560074748e+01
94 6.0040081244e-01 5.0857327596e-02 3.7724631631e+00 1.7849446106e+01
95 6.0023156637e-01 5.0947538446e-02 3.7518230048e+00 1.7748348902e+01
96 6.0024821425e-01 5.0982415685e-02 3.7415749323e+00 1.7696898610e+01
97 6.0044991215e-01 5.1627081891e-02 3.7003078133e+00 1.7286010770e+01
98 6.0044545775e-01 5.1653807814e-02 3.6935021141e+00 1.7253006222e+01
99 6.0064732112e-01 5.2192180510e-02 3.6546340908e+00 1.6886346464e+01
100 6.0064312971e-01 5.2228674751e-02 3.6442842264e+00 1.6846112292e+01
101 6.0061867664e-01 5.2247839165e-02 3.6411904513e+00 1.6828930901e+01
102 6.0113796894e-01 5.3134514773e-02 3.5727763639e+00 1.6173845723e+01
103 6.0104127082e-01 5.3164864640e-02 3.5713774796e+00 1.6163273633e+01
104 6.0102248343e-01 5.3185241167e-02 3.5669698390e+00 1.6145797788e+01
105 6.0095301458e-01 5.3215561115e-02 3.5641870674e+00 1.6128253511e+01
106 6.0095026788e-01 5.3381099066e-02 3.5548186873e+00 1.6077363865e+01
107 6.0097665543e-01 5.3284473288e-02 3.5513327408e+00 1.6081593571e+01
108 6.0115824186e-01 5.3758436921e-02 3.5209777992e+00 1.5779748951e+01
109 6.0117533156e-01 5.3725881260e-02 3.5151262650e+00 1.5751429785e+01
110 6.0111336281e-01 5.3774083514e-02 3.5074427105e+00 1.5712921192e+01
111 6.0109919994e-01 5.3816694279e-02 3.5021315973e+00 1.5683881133e+01
112 6.0139029799e-01 5.4316849832e-02 3.4603710163e+00 1.5333443328e+01
113 6.0158438671e-01 5.4838669511e-02 3.4269942487e+00 1.5038520784e+01
114 6.0196131034e-01 5.5746223922e-02 3.3560792934e+00 1.4451634105e+01
115 6.0256706690e-01 5.7415131173e-02 3.3496854243e+00 1.4417324041e+01
116 6.0273780439e-01 5.7891747705e-02 3.3147212411e+00 1.4131348445e+01
117 6.0271549511e-01 5.7895837940e-02 3.3150526789e+00 1.4132577391e+01
118 6.0273215425e-01 5.7892226706e-02 3.3148729337e+00 1.4132251724e+01
119 6.0300682134e-01 5.9173442886e-02 3.3641702279e+00 1.4735957559e+01
120 6.0294009577e-01 5.9201464944e-02 3.3591011110e+00 1.4703632034e+01
121 6.0284356282e-01 5.9255168878e-02 3.3531764675e+00 1.4674287645e+01
122 6.0245450411e-01 5.8302200253e-02 3.3408071821e+00 1.4598999700e+01
123 6.0248854546e-01 5.8305872018e-02 3.3418451991e+00 1.4600231594e+01
124 6.0245240079e-01 5.8306080365e-02 3.3434562661e+00 1.4608385183e+01
125 6.0210902072e-01 5.6985422632e-02 3.2726768766e+00 1.3847472723e+01
126 6.0190866474e-01 5.6604402594e-02 3.2995495826e+00 1.4085137899e+01
127 6.0188937915e-01 5.6602366810e-02 3.2969889140e+00 1.4075284165e+01
128 6.0227500310e-01 5.7894939654e-02 3.3468089649e+00 1.4617124991e+01
129 6.0262785204e-01 5.8532910119e-02 3.2851641196e+00 1.4115301981e+01
130 6.0259593271e-01 5.8518869900e-02 3.2855454716e+00 1.4118810579e+01
131 6.0328822815e-01 5.9731098118e-02 3.2015986562e+00 1.3395800545e+01
132 6.0339745825e-01 6.0487354658e-02 3.2529335387e+00 1.3900392759e+01
133 6.0350498700e-01 6.0484270129e-02 3.2494858325e+00 1.3883361696e+01
134 6.0352646859e-01 6.0441918864e-02 3.2465404645e+00 1.3875710348e+01
135 6.0369245595e-01 6.1208117869e-02 3.2940589499e+00 1.4313682975e+01
136 6.0391429759e-01 6.1612243892e-02 3.2654151828e+00 1.4063542620e+01
137 6.0418405535e-01 6.3270709404e-02 3.3669205495e+00 1.5061395786e+01
138 6.0440652062e-01 6.3719199405e-02 3.3348742782e+00 1.4779089422e+01
139 6.0464974373e-01 6.4259220598e-02 3.3084385180e+00 1.4518142815e+01
140 6.0468171058e-01 6.4251975481e-02 3.3080535832e+00 1.4518032705e+01
141 6.0469330949e-01 6.4272554992e-02 3.3037582245e+00 1.4497746582e+01
142 6.0482580973e-01 6.5081948236e-02 3.3431527644e+00 1.4887462974e+01
143 6.0477065547e-01 6.5135076038e-02 3.3365527870e+00 1.4851233227e+01
144 6.0519118807e-01 6.6160762844e-02 3.3514411312e+00 1.4993691104e+01
145 6.0546991365e-01 6.6580790228e-02 3.3183284024e+00 1.4714795826e+01
146 6.0495966605e-01 6.5666750918e-02 3.3079341422e+00 1.4706270091e+01
147 6.0472802649e-01 6.5476466301e-02 3.3420106324e+00 1.5037615258e+01
148 6.0482200453e-01 6.4989212328e-02 3.2738971948e+00 1.4484198370e+01
149 6.0477579875e-01 6.5007235233e-02 3.2722462346e+00 1.4479162014e+01
150 6.0469129693e-01 6.5059583110e-02 3.2665608235e+00 1.4451327530e+01
151 6.0474121123e-01 6.5699423810e-02 3.2870994161e+00 1.4591245492e+01
152 6.0501879452e-01 6.6069612328e-02 3.2568526914e+00 1.4337492961e+01
153 6.0497085014e-01 6.6103600572e-02 3.2528977796e+00 1.4318521950e+01
154 6.0503286054e-01 6.6124198799e-02 3.2492205808e+00 1.4299005691e+01
155 6.0519407019e-01 6.6547090798e-02 3.2165573976e+00 1.4039536583e+01
156 6.0512015511e-01 6.6624546816e-02 3.2134625587e+00 1.4013863238e+01
157 6.0489377361e-01 6.5979386360e-02 3.1539677089e+00 1.3559091649e+01
158 6.0550901951e-01 6.7445586011e-02 3.1365401674e+00 1.3389072864e+01
159 6.0540105435e-01 6.7484043590e-02 3.1350404505e+00 1.3379407082e+01
160 6.0539809893e-01 6.7530152853e-02 3.1261586652e+00 1.3347610080e+01
161 6.0555373659e-01 6.8284043547e-02 3.1568713335e+00 1.3630410569e+01
162 6.0626840620e-01 6.9556503818e-02 3.0788427749e+00 1.2966488219e+01
163 6.0626866300e-01 6.9571066048e-02 3.0765737062e+00 1.2955932328e+01
164 6.0648921126e-01 6.9917732990e-02 3.0542329284e+00 1.2766312827e+01
165 6.0686594154e-01 7.0922992786e-02 3.0557922782e+00 1.2754757432e+01
166 6.0648700378e-01 7.0087650420e-02 3.0588037510e+00 1.2827732777e+01
167 6.0699973988e-01 7.0799997920e-02 3.0092963213e+00 1.2435641585e+01
168 6.0719443950e-01 7.1411132768e-02 3.0356068923e+00 1.2641194241e+01
169 6.0716624926e-01 7.1564323149e-02 3.0402019815e+00 1.2713694037e+01
170 6.0687788640e-01 7.0365512782e-02 2.9765726601e+00 1.2277298374e+01
171 6.0689994699e-01 7.0350859061e-02 2.9759788716e+00 1.2277149344e+01
172 6.0711319128e-01 7.0644179076e-02 2.9550368947e+00 1.2110837249e+01
173 6.0703497502e-01 7.0638675808e-02 2.9542789210e+00 1.2112860858e+01
174 6.0725667829e-01 7.0945713655e-02 2.9328104563e+00 1.1945387803e+01
175 6.0745058119e-01 7.1332120811e-02 2.9086419414e+00 1.1757705528e+01
176 6.0747933471e-01 7.1330981003e-02 2.9076069385e+00 1.1753760934e+01
177 6.0737370032e-01 7.1387685796e-02 2.9035875521e+00 1.1735149299e+01
178 6.0718207641e-01 7.1073975589e-02 2.9229089500e+00 1.1893926211e+01
179 6.0716450077e-01 7.1077455966e-02 2.9231319867e+00 1.1894569133e+01
180 6.0734283758e-01 7.1398176956e-02 2.8939673288e+00 1.1705894800e+01
181 6.0771477932e-01 7.2443956947e-02 2.9062219278e+00 1.1800818669e+01
182 6.0764233012e-01 7.2480049760e-02 2.9055059776e+00 1.1792623562e+01
183 6.0726818675e-01 7.1440830993e-02 2.8912405792e+00 1.1692215154e+01
184 6.0686107960e-01 7.0500224666e-02 2.8788266829e+00 1.1626319198e+01
185 6.0723688675e-01 7.1351679756e-02 2.8836068791e+00 1.1640459307e+01
186 6.0731200457e-01 7.1314339079e-02 2.8796810290e+00 1.1628798773e+01
187 6.0755186468e-01 7.1624069520e-02 2.8556440160e+00 1.1459186303e+01
188 6.0734112916e-01 7.0961376117e-02 2.8212044926e+00 1.1198143742e+01
189 6.0733263433e-01 7.0928267205e-02 2.8180229547e+00 1.1193659641e+01
190 6.0712649012e-01 6.9988383172e-02 2.7741833554e+00 1.0878175716e+01
191 6.0744994466e-01 7.0284639457e-02 2.7574658813e+00 1.0736210875e+01
192 6.0761006988e-01 7.0908107925e-02 2.7793463140e+00 1.0896069470e+01
193 6.0762397921e-01 7.0903141582e-02 2.7793051598e+00 1.0897005245e+01
194 6.0738748997e-01 7.0338654157e-02 2.7492269933e+00 1.0693994768e+01
195 6.0732131950e-01 7.0377846745e-02 2.7463378710e+00 1.0681642059e+01
196 6.0705406687e-01 7.0069420268e-02 2.7632037823e+00 1.0819878186e+01
197 6.0722471423e-01 7.0387653244e-02 2.7374484183e+00 1.0659012310e+01
198 6.0720722530e-01 7.0302764305e-02 2.7366323667e+00 1.0666238334e+01
199 6.0725806395e-01 7.0330774571e-02 2.7354497847e+00 1.0653636668e+01
200 6.0722185006e-01 7.0300144816e-02 2.7361480501e+00 1.0660602150e+01
201 6.0731762872e-01 7.0916482131e-02 2.7486879285e+00 1.0753679564e+01
202 6.0731178558e-01 7.1022972742e-02 2.7492228389e+00 1.0746490772e+01
203 6.0665667406e-01 6.9589307571e-02 2.7415110060e+00 1.0670564499e+01
204 6.0667577024e-01 6.9594859059e-02 2.7398634061e+00 1.0664389314e+01
205 6.0658428190e-01 6.9618588564e-02 2.7321901570e+00 1.0644026765e+01
206 6.0678965396e-01 7.0121837298e-02 2.7159029433e+00 1.0501025717e+01
207 6.0704272086e-01 7.0438574073e-02 2.6934763998e+00 1.0348445762e+01
208 6.0690806853e-01 7.0482236874e-02 2.6911327778e+00 1.0340482078e+01
209 6.0703604731e-01 7.0761819149e-02 2.6690506314e+00 1.0197860348e+01
210 6.0729589351e-01 7.1957987893e-02 2.7206943079e+00 1.0564423234e+01
211 6.0725504895e-01 7.1997652800e-02 2.7170847290e+00 1.0548314726e+01
212 6.0734075042e-01 7.1809499010e-02 2.6633095757e+00 1.0150977868e+01
213 6.0739669583e-01 7.1830200902e-02 2.6586112324e+00 1.0131477020e+01
214 6.0759191234e-01 7.2158646714e-02 2.6414825549e+00 1.0002228873e+01
215 6.0773123320e-01 7.2626352849e-02 2.6550929657e+00 1.0061574780e+01
216 6.0759566000e-01 7.2009741520e-02 2.6233232509e+00 9.8246055837e+00
217 6.0747459857e-01 7.1720374587e-02 2.6040251232e+00 9.6990901011e+00
218 6.0705558503e-01 7.0886114541e-02 2.5983391064e+00 9.6567911092e+00
219 6.0705854030e-01 7.0785697789e-02 2.5953197197e+00 9.6194099676e+00
220 6.0701946610e-01 7.0821603925e-02 2.5919134139e+00 9.6068729253e+00
221 6.0696833491e-01 7.0857375787e-02 2.5890802645e+00 9.5960931709e+00
222 6.0717828068e-01 7.1242034014e-02 2.5726048728e+00 9.4712370973e+00
223 6.0747887566e-01 7.2220192044e-02 2.5994118534e+00 9.6989912085e+00
224 6.0771322335e-01 7.2630731147e-02 2.5831369466e+00 9.5714502438e+00
225 6.0775154254e-01 7.2721019865e-02 2.5846903933e+00 9.5723408744e+00
226 6.0780192676e-01 7.2745346892e-02 2.5828661723e+00 9.5629300890e+00
227 6.0780690979e-01 7.2740277074e-02 2.5812805353e+00 9.5583596101e+00
228 6.0787670672e-01 7.2974519557e-02 2.5977315719e+00 9.7324948454e+00
229 6.0759403453e-01 7.2690101197e-02 2.6161661523e+00 9.8621067136e+00
230 6.0738168554e-01 7.2203993454e-02 2.5980851270e+00 9.7766029753e+00
231 6.0759631132e-01 7.2478406842e-02 2.5811948461e+00 9.6577199311e+00
232 6.0757806895e-01 7.2470488835e-02 2.5770983108e+00 9.6165291648e+00
233 6.0765258931e-01 7.2177811704e-02 2.5402974187e+00 9.3803311714e+00
234 6.0787659729e-01 7.3389132609e-02 2.5999501327e+00 9.8186601415e+00
235 6.0781290313e-01 7.3457488035e-02 2.6002994021e+00 9.8151904035e+00
236 6.0753584829e-01 7.2799952585e-02 2.5626102886e+00 9.5807224470e+00
237 6.0766326442e-01 7.3390392755e-02 2.5910686369e+00 9.7983333671e+00
238 6.0788020491e-01 7.3966459017e-02 2.6220164801e+00 1.0034447036e+01
239 6.0819332779e-01 7.5002280397e-02 2.6286360741e+00 1.0074986956e+01
240 6.0792197793e-01 7.4649861793e-02 2.6461598113e+00 1.0206256228e+01
241 6.0796511892e-01 7.5139467953e-02 2.6555686062e+00 1.0232360888e+01
242 6.0819785139e-01 7.5510156876e-02 2.6335588049e+00 1.0080452575e+01
243 6.0815965059e-01 7.5570714988e-02 2.6308904969e+00 1.0062826153e+01
244 6.0791727618e-01 7.5345702446e-02 2.6480875130e+00 1.0181572228e+01
245 6.0778887624e-01 7.4630126329e-02 2.6021820342e+00 9.8062327003e+00
246 6.0774451233e-01 7.4413512967e-02 2.5877805118e+00 9.7283733872e+00
247 6.0790107693e-01 7.4780226883e-02 2.5689028308e+00 9.5971303197e+00
248 6.0770702778e-01 7.4299541563e-02 2.5362247236e+00 9.3509696324e+00
249 6.0796121024e-01 7.4663805584e-02 2.5171465890e+00 9.2213353235e+00
250 6.0774461121e-01 7.4073647156e-02 2.4839335904e+00 8.9928934685e+00
251 6.0772182121e-01 7.4028191095e-02 2.4808047368e+00 8.9904095136e+00
252 6.0769735702e-01 7.4121087276e-02 2.4897590035e+00 9.0767266742e+00
253 6.0759538325e-01 7.4083770374e-02 2.4893134563e+00 9.0851986872e+00
254 6.0794651494e-01 7.5360114554e-02 2.5727930337e+00 9.7450043967e+00
255 6.0820432035e-01 7.6456200271e-02 2.6228888063e+00 1.0053632493e+01
256 6.0817760551e-01 7.6418727271e-02 2.6189422714e+00 1.0053536082e+01
257 6.0899989362e-01 7.7765788305e-02 2.5504357876e+00 9.5617908331e+00
258 6.0924368531e-01 7.8125352972e-02 2.5317904920e+00 9.4334042188e+00
259 6.0887288379e-01 7.7064853931e-02 2.4760037724e+00 9.1005136787e+00
260 6.0859823091e-01 7.6639898957e-02 2.4895070155e+00 9.2130967211e+00
261 6.0851667695e-01 7.6387185078e-02 2.4647144026e+00 8.9786322996e+00
262 6.0892998951e-01 7.7120878972e-02 2.4592759015e+00 8.9270304941e+00
263 6.0894096943e-01 7.7013141541e-02 2.4603762760e+00 8.9428427844e+00
264 6.0887348811e-01 7.7067731252e-02 2.4566951355e+00 8.9271198609e+00
265 6.0864343024e-01 7.7224024570e-02 2.4988489886e+00 9.2190644579e+00
266 6.0859300960e-01 7.7259203929e-02 2.4966311247e+00 9.2094025137e+00
267 6.0880363658e-01 7.7652856035e-02 2.4834835361e+00 9.1044204793e+00
268 6.0894583074e-01 7.8209083069e-02 2.4890567460e+00 9.1268773112e+00
269 6.0918881168e-01 7.8477621251e-02 2.4717373593e+00 9.0178751406e+00
270 6.0915062796e-01 7.8486013235e-02 2.4691671679e+00 9.0117900983e+00
271 6.0912280852e-01 7.8540757383e-02 2.4694990415e+00 9.0191303910e+00
272 6.0927237977e-01 7.9018826433e-02 2.4924409820e+00 9.1725533464e+00
273 6.0927089300e-01 7.9046394658e-02 2.4919780735e+00 9.1641523321e+00
274 6.0921865814e-01 7.9068498407e-02 2.4915149724e+00 9.1606540772e+00
275 6.0924964378e-01 7.9106306285e-02 2.4914593861e+00 9.1558093472e+00
276 6.0882432153e-01 7.8380702132e-02 2.4764325821e+00 9.0588506144e+00
277 6.0878548833e-01 7.8402795871e-02 2.4750593816e+00 9.0539582302e+00
278 6.0940368292e-01 7.9405596777e-02 2.4273636001e+00 8.7270572486e+00
279 6.0934195004e-01 7.9299683358e-02 2.4239556921e+00 8.6987032389e+00
280 6.0916266951e-01 7.8768375642e-02 2.4104502197e+00 8.6307160288e+00
281 6.0905734398e-01 7.8519197093e-02 2.3982596675e+00 8.5690300593e+00
282 6.0906125677e-01 7.8463704485e-02 2.4003706510e+00 8.5780275509e+00
283 6.0930097962e-01 7.8844070705e-02 2.3866424135e+00 8.4777043550e+00
284 6.0927504011e-01 7.8845859832e-02 2.3874795531e+00 8.4800577495e+00
285 6.0943096508e-01 7.9416228303e-02 2.4074556961e+00 8.5965514189e+00
286 6.0958934702e-01 8.0001324142e-02 2.4403410392e+00 8.8409325719e+00
287 6.0957259162e-01 8.0140763200e-02 2.4426052696e+00 8.8409500121e+00
288 6.0951727598e-01 8.0170279119e-02 2.4415594158e+00 8.8365763740e+00
289 6.0976236155e-01 8.0420930791e-02 2.4254061377e+00 8.7356911340e+00
290 6.1002087731e-01 8.0717034018e-02 2.4086669327e+00 8.6322580812e+00
291 6.1029739888e-01 8.1691182102e-02 2.4204902859e+00 8.7743291399e+00
292 6.0991819331e-01 8.1080156198e-02 2.4218042432e+00 8.7801697822e+00
293 6.0993677865e-01 8.1077505336e-02 2.4214473780e+00 8.7789972279e+00
294 6.0989041464e-01 8.1012992291e-02 2.4212343727e+00 8.7853733492e+00
295 6.0998872697e-01 8.1586020062e-02 2.4384020773e+00 8.8830657819e+00
296 6.0994329767e-01 8.1528297585e-02 2.4384183962e+00 8.8887670385e+00
297 6.0986626334e-01 8.1561748807e-02 2.4375425778e+00 8.8839926019e+00
298 6.1011203640e-01 8.1913556042e-02 2.4197972116e+00 8.7684472553e+00
299 6.0981765007e-01 8.1588927120e-02 2.4353907816e+00 8.8783338957e+00
300 6.0979382209e-01 8.1621414614e-02 2.4366126887e+00 8.8765377322e+00
301 6.0987119572e-01 8.1651480066e-02 2.4346018237e+00 8.8644086662e+00
302 6.0946099110e-01 8.0809416338e-02 2.4224443767e+00 8.7613227589e+00
303 6.0966833668e-01 8.1036221146e-02 2.4038408673e+00 8.6586181909e+00
304 6.0970158718e-01 8.0821661830e-02 2.3775878527e+00 8.5151936378e+00
305 6.0992784141e-01 8.1929784340e-02 2.4155894039e+00 8.7260326164e+00
306 6.1031590264e-01 8.2752954168e-02 2.4093441277e+00 8.6558705125e+00
307 6.0989215122e-01 8.1983738171e-02 2.4112585765e+00 8.6853954783e+00
308 6.0987087065e-01 8.1965015311e-02 2.4119007826e+00 8.6882044403e+00
309 6.0962820271e-01 8.1685775177e-02 2.4271407703e+00 8.7876693822e+00
310 6.0964617404e-01 8.1713595958e-02 2.4267137216e+00 8.7809623645e+00
311 6.0952722559e-01 8.1243972110e-02 2.4146759656e+00 8.7298159658e+00
312 6.1032150277e-01 8.2434311539e-02 2.3824713435e+00 8.5071181141e+00
313 6.1059906355e-01 8.2828426575e-02 2.3691926011e+00 8.4090225037e+00
314 6.1067976774e-01 8.3032380021e-02 2.3554947546e+00 8.3355440923e+00
315 6.1055497546e-01 8.3003808533e-02 2.3546338370e+00 8.3408080401e+00
316 6.1049120973e-01 8.3051417843e-02 2.3516507311e+00 8.3301430505e+00
317 6.1038228006e-01 8.3017169213e-02 2.3514149558e+00 8.3382234716e+00
318 6.1040485456e-01 8.3154338644e-02 2.3485932961e+00 8.3135153939e+00
319 6.1045301772e-01 8.3244008743e-02 2.3484349861e+00 8.3126117146e+00
320 6.0999279846e-01 8.2427861638e-02 2.3449524400e+00 8.2931347530e+00
321 6.1016895084e-01 8.3076410217e-02 2.3793453385e+00 8.5514444082e+00
322 6.0943846718e-01 8.2033597004e-02 2.3811252157e+00 8.5385819650e+00
323 6.0952349706e-01 8.1882814841e-02 2.3719396253e+00 8.5496038397e+00
324 6.0944462439e-01 8.1835344270e-02 2.3722040548e+00 8.5577887320e+00
325 6.0948102717e-01 8.1865492771e-02 2.3695126018e+00 8.5490881952e+00
326 6.0944206671e-01 8.1974111568e-02 2.3709750752e+00 8.5531385432e+00
327 6.0994957824e-01 8.3338411876e-02 2.3990041207e+00 8.7208428895e+00
328 6.1020228473e-01 8.3372884772e-02 2.3902842951e+00 8.6719122780e+00
329 6.1048788605e-01 8.3606483752e-02 2.3743919923e+00 8.5758512438e+00
330 6.1008326737e-01 8.2890011308e-02 2.3723133367e+00 8.5900621077e+00
331 6.1020271663e-01 8.3543008265e-02 2.4055435699e+00 8.8234608214e+00
332 6.1020654627e-01 8.3588830360e-02 2.4050915084e+00 8.8183268125e+00
333 6.1018570637e-01 8.3610497081e-02 2.4035328068e+00 8.8119791441e+00
334 6.1027897984e-01 8.3889511967e-02 2.3852323095e+00 8.7104826499e+00
335 6.1024067812e-01 8.3903968205e-02 2.3848891853e+00 8.7094044011e+00
336 6.1041717535e-01 8.4397005006e-02 2.4036149690e+00 8.8144664336e+00
337 6.1054478194e-01 8.4763410167e-02 2.3860761553e+00 8.7025788020e+00
338 6.1101095814e-01 8.5553343330e-02 2.3574033791e+00 8.4918219313e+00
339 6.1115906143e-01 8.5924742043e-02 2.3595224713e+00 8.4772121202e+00
340 6.1117607648e-01 8.5927205881e-02 2.3589791559e+00 8.4852434797e+00
341 6.1082692156e-01 8.5153285065e-02 2.3587776258e+00 8.5040084228e+00
342 6.1082341841e-01 8.5257093861e-02 2.3663708000e+00 8.5630982252e+00
343 6.1058764766e-01 8.5076008076e-02 2.3836107694e+00 8.6810932122e+00
344 6.1049450273e-01 8.5092253482e-02 2.3957612246e+00 8.7225619033e+00
345 6.1007253276e-01 8.4397457511e-02 2.4068174464e+00 8.8376300733e+00
346 6.0983444306e-01 8.4006105498e-02 2.4230480889e+00 8.9554884765e+00
347 6.0968166675e-01 8.4187635684e-02 2.4465884642e+00 9.0774817060e+00
348 6.0991892807e-01 8.4236278567e-02 2.4305412135e+00 8.9764893329e+00
349 6.1081278770e-01 8.5503964309e-02 2.3711828248e+00 8.5741089147e+00
350 6.1108130205e-01 8.5656729440e-02 2.3423491096e+00 8.3807877900e+00
351 6.1139296410e-01 8.6650663324e-02 2.3654811273e+00 8.5493944451e+00
352 6.1089314420e-01 8.5868059535e-02 2.3587515984e+00 8.5358897787e+00
353 6.1118464598e-01 8.6596869288e-02 2.3570257016e+00 8.5017158283e+00
354 6.1135770078e-01 8.6871024321e-02 2.3438059752e+00 8.4127887739e+00
355 6.1136015700e-01 8.6904295983e-02 2.3408452566e+00 8.4000808644e+00
356 6.1127720004e-01 8.6477033396e-02 2.3260043979e+00 8.3377308760e+00
357 6.1086227864e-01 8.5746110261e-02 2.3158240130e+00 8.2977086810e+00
358 6.1053397581e-01 8.5513937625e-02 2.3254487893e+00 8.3763655814e+00
359 6.1051180095e-01 8.5497562975e-02 2.3252537831e+00 8.3784959581e+00
360 6.1045470497e-01 8.5589092300e-02 2.3212078187e+00 8.3604957134e+00
361 6.1031016101e-01 8.5430237286e-02 2.3216825401e+00 8.3807497048e+00
362 6.1035830692e-01 8.5393998380e-02 2.3153272177e+00 8.3350515825e+00
363 6.1052788536e-01 8.5896148823e-02 2.3341482251e+00 8.4413067074e+00
364 6.1050011042e-01 8.5811285311e-02 2.3257895073e+00 8.3898699622e+00
365 6.1092361875e-01 8.6420374357e-02 2.3010939229e+00 8.2130369193e+00
