1 5.9282947138e-01 1.1102230246e-16 1.0000000000e+00 1.0000000000e+00
2 5.9302322871e-01 7.6901606521e-03 2.7437803074e+01 8.4040414177e+02
3 5.9324486383e-01 1.0709411815e-02 2.0335937011e+01 4.4474860054e+02
4 5.9326422682e-01 1.0752268371e-02 2.0079411547e+01 4.3758379198e+02
5 5.9336269488e-01 1.3223890287e-02 1.6166022537e+01 2.8637231578e+02
6 5.9332640920e-01 1.3287830091e-02 1.5933139443e+01 2.8109249069e+02
7 5.9331898083e-01 1.3347272110e-02 1.5712669155e+01 2.7617776559e+02
8 5.9351590434e-01 1.5281849565e-02 1.3940128913e+01 2.1350591806e+02
9 5.9341045937e-01 1.5465097931e-02 1.3403609102e+01 2.0413820641e+02
10 5.9357788883e-01 1.7203788154e-02 1.2163213211e+01 1.6609959637e+02
11 5.9375620090e-01 1.8783140744e-02 1.1188586242e+01 1.3984753745e+02
12 5.9393944456e-01 2.0368720292e-02 1.0476900508e+01 1.2161457810e+02
13 5.9386347762e-01 2.0467529816e-02 1.0320627760e+01 1.1947374144e+02
14 5.9433647860e-01 2.2967522538e-02 9.2988489376e+00 9.5356936577e+01
15 5.9435466824e-01 2.2974956483e-02 9.2875577026e+00 9.5204257241e+01
16 5.9436071152e-01 2.2995916213e-02 9.2600757323e+00 9.4849449066e+01
17 5.9448475989e-01 2.4202915509e-02 8.7306852253e+00 8.4845412267e+01
18 5.9466237386e-01 2.5337085846e-02 8.3499621498e+00 7.7352693697e+01
19 5.9510828514e-01 2.7263776205e-02 7.7564081553e+00 6.6269836140e+01
20 5.9505028324e-01 2.7354041142e-02 7.6766118436e+00 6.5480533445e+01
21 5.9519839023e-01 2.8390385128e-02 7.3780383863e+00 6.0650105852e+01
22 5.9512368413e-01 2.8446149120e-02 7.3352060021e+00 6.0262560100e+01
23 5.9511077342e-01 2.8484843532e-02 7.3048826804e+00 5.9950790237e+01
24 5.9508731459e-01 2.8566928505e-02 7.2352660686e+00 5.9304379376e+01
25 5.9510329268e-01 2.8583077815e-02 7.2206787288e+00 5.9155046446e+01
26 5.9524219903e-01 3.0214306964e-02 7.6995016628e+00 6.9795602788e+01
27 5.9519776907e-01 3.0307107326e-02 7.6244829400e+00 6.9004420021e+01
28 5.9515067225e-01 3.0390401084e-02 7.5558055564e+00 6.8325206334e+01
29 5.9559406465e-01 3.2128638736e-02 7.0902441585e+00 5.9612466846e+01
30 5.9580715574e-01 3.2953526984e-02 6.8918484120e+00 5.6064477208e+01
31 5.9613252408e-01 3.5248243132e-02 6.9311929111e+00 5.6906667719e+01
32 5.9610632580e-01 3.5266300887e-02 6.9222809938e+00 5.6810892326e+01
33 5.9647722937e-01 3.6521553385e-02 6.5626312990e+00 5.1189371906e+01
34 5.9658666797e-01 3.6549383032e-02 6.5393986785e+00 5.0956214572e+01
35 5.9672832065e-01 3.7804303796e-02 6.6463724407e+00 5.2726411687e+01
36 5.9672128433e-01 3.7871888450e-02 6.6089252252e+00 5.2360446077e+01
37 5.9669879669e-01 3.7862325800e-02 6.5776852272e+00 5.2160483466e+01
38 5.9721330737e-01 3.9220499789e-02 6.2756889980e+00 4.7289586610e+01
39 5.9714216813e-01 3.9197557023e-02 6.2581300641e+00 4.7213346968e+01
40 5.9717972115e-01 3.9207798590e-02 6.2505683974e+00 4.7140269810e+01
41 5.9712934482e-01 3.9227157498e-02 6.2445096720e+00 4.7079775126e+01
42 5.9727392314e-01 4.0038464699e-02 6.0757928872e+00 4.4619794405e+01
43 5.9709445719e-01 3.8937064407e-02 5.9307188859e+00 4.2681064426e+01
44 5.9706925995e-01 3.8990712305e-02 5.9061444957e+00 4.2465911146e+01
45 5.9696734965e-01 3.8984622192e-02 5.8818552482e+00 4.2316182591e+01
46 5.9710916799e-01 4.0097973970e-02 5.9969272548e+00 4.3806271636e+01
47 5.9728921748e-01 4.0800141109e-02 5.8527085398e+00 4.1753001058e+01
48 5.9745780522e-01 4.1493990231e-02 5.7136616811e+00 3.9864872578e+01
49 5.9759284938e-01 4.2530041898e-02 5.7999751836e+00 4.0828807564e+01
50 5.9737468806e-01 4.1440923684e-02 5.6740351044e+00 3.9186363970e+01
51 5.9726348926e-01 4.1356707788e-02 5.6592487620e+00 3.9198545765e+01
52 5.9723198391e-01 4.1382763062e-02 5.6503039477e+00 3.9117613413e+01
53 5.9750066801e-01 4.1961723120e-02 5.5371163501e+00 3.7565047138e+01
54 5.9751944891e-01 4.1977229137e-02 5.5297511448e+00 3.7499928132e+01
55 5.9792024887e-01 4.4628039192e-02 5.5759587191e+00 3.7751174722e+01
56 5.9804142199e-01 4.5268274625e-02 5.4591741633e+00 3.6246511043e+01
57 5.9787729498e-01 4.4296323636e-02 5.3808174347e+00 3.5432174669e+01
58 5.9784972021e-01 4.4400141198e-02 5.3407336841e+00 3.5123572798e+01
59 5.9781207517e-01 4.4423971229e-02 5.3332185891e+00 3.5068601436e+01
60 5.9772412855e-01 4.4477263093e-02 5.3176655829e+00 3.4945348825e+01
61 5.9749043167e-01 4.3609269849e-02 5.2116843994e+00 3.3763432818e+01
62 5.9749193171e-01 4.3614926544e-02 5.2094333070e+00 3.3745250995e+01
63 5.9743422557e-01 4.3680032515e-02 5.1878985032e+00 3.3574940240e+01
64 5.9759252671e-01 4.4364617417e-02 5.1005334250e+00 3.2349887684e+01
65 5.9746306559e-01 4.4484134136e-02 5.0619759424e+00 3.2072483548e+01
66 5.9762863564e-01 4.5530284104e-02 5.1695053395e+00 3.3430456756e+01
67 5.9724854066e-01 4.4064013639e-02 5.1595594210e+00 3.3570633858e+01
68 5.9722711857e-01 4.4090355883e-02 5.1503536872e+00 3.3502210438e+01
69 5.9710182069e-01 4.4126669522e-02 5.1448999092e+00 3.3451467682e+01
70 5.9741223275e-01 4.4702618863e-02 5.0652384385e+00 3.2329832603e+01
71 5.9719703410e-01 4.3689603633e-02 4.9172739296e+00 3.0484125692e+01
72 5.9712300671e-01 4.3594138845e-02 4.9135976338e+00 3.0536177831e+01
73 5.9703589695e-01 4.3754697173e-02 4.8860692989e+00 3.0318422202e+01
74 5.9703832986e-01 4.3783969636e-02 4.8753245696e+00 3.0237339521e+01
75 5.9738436142e-01 4.4767463500e-02 4.7330767134e+00 2.8423352438e+01
76 5.9740801004e-01 4.4785861112e-02 4.7252463765e+00 2.8367079576e+01
77 5.9792143823e-01 4.7078115612e-02 4.7135298649e+00 2.8029084029e+01
78 5.9825191150e-01 4.8433420777e-02 4.7480401256e+00 2.8445484216e+01
79 5.9834293655e-01 4.9301469000e-02 4.7950199502e+00 2.8852536273e+01
80 5.9836440283e-01 4.9275579928e-02 4.7953990482e+00 2.8868365368e+01
81 5.9831493895e-01 4.9289433490e-02 4.7890643578e+00 2.8816450958e+01
82 5.9834235620e-01 4.9279816250e-02 4.7844293191e+00 2.8791519221e+01
83 5.9834958706e-01 4.9299152261e-02 4.7774877615e+00 2.8744731962e+01
84 5.9885177633e-01 5.0337009771e-02 4.6424006538e+00 2.7096810687e+01
85 5.9846144709e-01 4.9038972404e-02 4.6403751142e+00 2.7227371764e+01
86 5.9844125152e-01 4.9047006585e-02 4.6388147536e+00 2.7217273559e+01
87 5.9865044618e-01 4.9701997066e-02 4.5608866016e+00 2.6323999737e+01
88 5.9862769723e-01 4.9779108412e-02 4.5603486345e+00 2.6300716607e+01
89 5.9859439567e-01 4.9712105099e-02 4.5553762602e+00 2.6305075760e+01
90 5.9859034971e-01 4.9617716559e-02 4.5266645043e+00 2.5969858154e+01
91 5.9877531765e-01 5.0176572451e-02 4.4640733913e+00 2.5220481229e+01
92 5.9889838481e-01 5.1106582269e-02 4.5400194174e+00 2.6052667535e+01
93 5.9885480696e-01 5.1143054664e-02 4.5309114602e+00 2.5996473209e+01
94 5.9881856746e-01 5.1177073438e-02 4.5227680301e+00 2.5941586635e+01
95 5.9878117627e-01 5.1198447767e-02 4.5189933587e+00 2.5911664277e+01
96 5.9814176532e-01 4.9256438931e-02 4.5573555625e+00 2.6495671818e+01
97 5.9826906294e-01 4.8976588697e-02 4.4172710040e+00 2.4941515320e+01
98 5.9845477364e-01 4.9403246491e-02 4.3473451620e+00 2.4111137573e+01
99 5.9841331843e-01 4.9411890198e-02 4.3473429382e+00 2.4108978505e+01
100 5.9836116075e-01 4.9428845587e-02 4.3456310381e+00 2.4094509371e+01
101 5.9904323353e-01 5.1062319850e-02 4.1826327147e+00 2.2224387904e+01
102 5.9901227824e-01 5.1025103953e-02 4.1802668968e+00 2.2224021185e+01
103 5.9899061258e-01 5.0964612789e-02 4.1501333399e+00 2.1910291123e+01
104 5.9876661108e-01 5.0531404575e-02 4.1947890325e+00 2.2424107084e+01
105 5.9889108204e-01 5.1217025749e-02 4.1264120605e+00 2.1726121884e+01
106 5.9907968961e-01 5.1754692461e-02 4.0781640464e+00 2.1197740148e+01
107 5.9940977410e-01 5.2545657882e-02 3.9701138892e+00 2.0124713299e+01
108 5.9918822692e-01 5.1904105636e-02 3.8975994553e+00 1.9452122904e+01
109 5.9902232284e-01 5.2006415348e-02 3.8805410188e+00 1.9352785016e+01
110 5.9914659332e-01 5.2016903369e-02 3.8768427598e+00 1.9323123438e+01
111 5.9936169919e-01 5.2534701020e-02 3.8279573804e+00 1.8850890132e+01
112 5.9940230743e-01 5.2536040431e-02 3.8257733155e+00 1.8842969423e+01
113 5.9928465470e-01 5.2537611600e-02 3.8155202059e+00 1.8790736524e+01
114 5.9951007454e-01 5.3003226681e-02 3.7675427669e+00 1.8341307217e+01
115 5.9947370788e-01 5.3002570329e-02 3.7695798767e+00 1.8352551196e+01
116 5.9980863862e-01 5.4303925405e-02 3.8418557554e+00 1.9212473824e+01
117 6.0007446563e-01 5.4755188430e-02 3.8045242903e+00 1.8800595060e+01
118 6.0000823159e-01 5.4757257178e-02 3.8066393054e+00 1.8815719627e+01
119 5.9980795607e-01 5.3877426665e-02 3.7214376790e+00 1.7937409526e+01
120 6.0010014473e-01 5.4213389866e-02 3.6807900260e+00 1.7568032073e+01
121 6.0011912266e-01 5.4228865332e-02 3.6766311172e+00 1.7543055343e+01
122 6.0054756242e-01 5.4982441339e-02 3.6075863220e+00 1.6879314341e+01
123 6.0073811527e-01 5.5375641735e-02 3.5653700022e+00 1.6519608080e+01
124 6.0069377650e-01 5.5393000177e-02 3.5640149748e+00 1.6510570586e+01
125 6.0059917309e-01 5.5439982012e-02 3.5579567539e+00 1.6481989353e+01
126 6.0071571536e-01 5.6289999158e-02 3.6540647919e+00 1.7490505116e+01
127 6.0047913129e-01 5.5839709945e-02 3.6860650651e+00 1.7838858560e+01
128 6.0068505860e-01 5.6812030137e-02 3.6915876528e+00 1.7877395554e+01
129 6.0089748241e-01 5.7273539946e-02 3.6521515995e+00 1.7492519898e+01
130 6.0086161223e-01 5.7396086921e-02 3.6615144430e+00 1.7612314684e+01
131 6.0091982952e-01 5.7395821973e-02 3.6586716033e+00 1.7597590521e+01
132 6.0092804265e-01 5.7401482838e-02 3.6570960842e+00 1.7588710448e+01
133 6.0074456447e-01 5.7463564433e-02 3.6453982677e+00 1.7535206054e+01
134 6.0093386595e-01 5.8050362186e-02 3.6080140392e+00 1.7152881135e+01
135 6.0111164982e-01 5.8354706653e-02 3.5731387338e+00 1.6857474851e+01
136 6.0133720062e-01 5.8694924743e-02 3.5430187955e+00 1.6562502704e+01
137 6.0168272768e-01 5.9945124984e-02 3.5622935750e+00 1.6777129887e+01
138 6.0176459433e-01 5.9605313834e-02 3.4573379519e+00 1.5752057785e+01
139 6.0198905050e-01 6.0095608143e-02 3.4262381416e+00 1.5444823690e+01
140 6.0203009574e-01 6.0081785886e-02 3.4269018692e+00 1.5449420573e+01
141 6.0199031307e-01 6.0055536404e-02 3.4253447594e+00 1.5449494512e+01
142 6.0211581774e-01 6.0350754509e-02 3.3921558130e+00 1.5182512165e+01
143 6.0233236716e-01 6.0656186155e-02 3.3502859921e+00 1.4769652957e+01
144 6.0192130059e-01 5.9599308851e-02 3.3249376154e+00 1.4547043402e+01
145 6.0212964394e-01 6.0281020827e-02 3.3551109904e+00 1.4806914264e+01
146 6.0231194561e-01 6.0821750255e-02 3.3230795649e+00 1.4514559710e+01
147 6.0213447025e-01 6.0199389372e-02 3.2868421874e+00 1.4225653300e+01
148 6.0212850053e-01 6.0234342846e-02 3.2810073286e+00 1.4194459994e+01
149 6.0203901830e-01 6.0148730302e-02 3.2825738214e+00 1.4216967845e+01
150 6.0219107459e-01 6.0539905214e-02 3.2545459073e+00 1.3966513425e+01
151 6.0241789552e-01 6.0965628485e-02 3.2139744284e+00 1.3680264365e+01
152 6.0239287404e-01 6.1051704877e-02 3.2093501212e+00 1.3654136271e+01
153 6.0241607918e-01 6.0855452704e-02 3.1810783533e+00 1.3356196420e+01
154 6.0221483488e-01 6.0541903136e-02 3.2060112977e+00 1.3567718031e+01
155 6.0217704527e-01 6.0724232884e-02 3.1955026909e+00 1.3506496122e+01
156 6.0207323350e-01 6.0766531149e-02 3.1915984317e+00 1.3484829894e+01
157 6.0221887259e-01 6.1313675024e-02 3.1681613794e+00 1.3265041294e+01
158 6.0217871529e-01 6.1343821429e-02 3.1673780216e+00 1.3265368231e+01
159 6.0241294850e-01 6.1858984121e-02 3.1424945237e+00 1.3044284257e+01
160 6.0240025241e-01 6.1901494479e-02 3.1349533151e+00 1.3013351074e+01
161 6.0228861578e-01 6.1886928754e-02 3.1334522766e+00 1.3005962815e+01
162 6.0214746489e-01 6.1771188034e-02 3.1333123309e+00 1.3020016232e+01
163 6.0262190167e-01 6.2914129703e-02 3.0921824774e+00 1.2638796121e+01
164 6.0287199492e-01 6.3382110267e-02 3.0666095182e+00 1.2424760906e+01
165 6.0287352988e-01 6.2987464029e-02 2.9950359825e+00 1.1844995770e+01
166 6.0289038756e-01 6.2983025792e-02 2.9949096808e+00 1.1845120076e+01
167 6.0280473887e-01 6.2991765185e-02 2.9889794679e+00 1.1821279941e+01
168 6.0286003498e-01 6.3038930644e-02 2.9842164990e+00 1.1795372363e+01
169 6.0280023422e-01 6.3107629685e-02 2.9774066062e+00 1.1767281194e+01
170 6.0294517858e-01 6.3563816452e-02 2.9523034702e+00 1.1580031854e+01
171 6.0304238832e-01 6.4079376557e-02 2.9204725789e+00 1.1365302555e+01
172 6.0295729309e-01 6.4125032290e-02 2.9169801422e+00 1.1349661179e+01
173 6.0330301037e-01 6.5200265415e-02 2.9339593957e+00 1.1490428579e+01
174 6.0331323228e-01 6.5261270432e-02 2.9334950786e+00 1.1490780408e+01
175 6.0325729411e-01 6.5318855525e-02 2.9320787353e+00 1.1483147199e+01
176 6.0354184635e-01 6.6377100073e-02 2.9491048127e+00 1.1627153929e+01
177 6.0358809579e-01 6.6368525931e-02 2.9485086645e+00 1.1624707276e+01
178 6.0369837299e-01 6.6805687455e-02 2.9162088724e+00 1.1423443643e+01
179 6.0367492333e-01 6.6858269059e-02 2.9079103018e+00 1.1395452013e+01
180 6.0385486656e-01 6.7247603841e-02 2.8878002158e+00 1.1231606339e+01
181 6.0407819492e-01 6.7569686323e-02 2.8664357865e+00 1.1072860310e+01
182 6.0395319926e-01 6.7178736518e-02 2.8384489661e+00 1.0856686400e+01
183 6.0397493062e-01 6.6838433730e-02 2.7794788986e+00 1.0399054507e+01
184 6.0395443550e-01 6.6863980474e-02 2.7775987178e+00 1.0397499175e+01
185 6.0414129482e-01 6.7125745300e-02 2.7595671053e+00 1.0269343323e+01
186 6.0450991473e-01 6.8309015341e-02 2.7858086482e+00 1.0562145914e+01
187 6.0475113107e-01 6.8792335860e-02 2.7585188358e+00 1.0385580038e+01
188 6.0445044388e-01 6.9260107153e-02 2.8588699961e+00 1.1212586312e+01
189 6.0450251258e-01 6.9272745804e-02 2.8549461360e+00 1.1195930829e+01
190 6.0453309679e-01 6.9283175749e-02 2.8550172150e+00 1.1195153303e+01
191 6.0432571242e-01 6.8538868485e-02 2.8095775585e+00 1.0811513824e+01
192 6.0471388843e-01 6.9175586230e-02 2.7431329061e+00 1.0317545678e+01
193 6.0462578421e-01 6.8998765927e-02 2.7352073263e+00 1.0276565014e+01
194 6.0455219961e-01 6.9000187504e-02 2.7285811743e+00 1.0252973329e+01
195 6.0450799916e-01 6.9061792650e-02 2.7280412780e+00 1.0247082478e+01
196 6.0451469766e-01 6.9119319933e-02 2.7251926893e+00 1.0233998440e+01
197 6.0445206682e-01 6.9144245271e-02 2.7244230567e+00 1.0229526358e+01
198 6.0445027854e-01 6.9149191837e-02 2.7262824065e+00 1.0232816947e+01
199 6.0480399535e-01 7.0181651386e-02 2.7519453556e+00 1.0495921400e+01
200 6.0510100346e-01 7.1086586202e-02 2.7472795186e+00 1.0433720110e+01
201 6.0475871664e-01 7.0393110195e-02 2.7508289462e+00 1.0473917605e+01
202 6.0515153731e-01 7.2236779790e-02 2.8299365927e+00 1.1059416850e+01
203 6.0508231760e-01 7.2365903962e-02 2.8274963183e+00 1.1037923725e+01
204 6.0493634107e-01 7.1889320769e-02 2.8117772324e+00 1.0945958397e+01
205 6.0488115811e-01 7.1910771966e-02 2.8112378145e+00 1.0941686038e+01
206 6.0470658789e-01 7.1771413375e-02 2.8628165034e+00 1.1412167056e+01
207 6.0450409381e-01 7.1612548300e-02 2.8811672004e+00 1.1544987322e+01
208 6.0471246890e-01 7.1895982299e-02 2.8583941355e+00 1.1387169024e+01
209 6.0466464025e-01 7.1916664774e-02 2.8574538601e+00 1.1382069268e+01
210 6.0471087143e-01 7.2048373341e-02 2.8528419331e+00 1.1351722954e+01
211 6.0469180210e-01 7.2046867686e-02 2.8543632491e+00 1.1355127617e+01
212 6.0475087372e-01 7.2088243121e-02 2.8507509318e+00 1.1337593878e+01
213 6.0458793207e-01 7.1357250932e-02 2.8228171588e+00 1.1147511129e+01
214 6.0436380125e-01 7.1086607713e-02 2.8438948149e+00 1.1296031591e+01
215 6.0424283483e-01 7.1174901410e-02 2.8353609711e+00 1.1263400547e+01
216 6.0444683385e-01 7.1559008551e-02 2.8151606147e+00 1.1102591631e+01
217 6.0406031572e-01 7.0469643944e-02 2.7884734906e+00 1.0906500967e+01
218 6.0402791177e-01 7.0538564074e-02 2.7998573714e+00 1.1006514053e+01
219 6.0406426966e-01 7.0549942643e-02 2.7969686094e+00 1.0993706489e+01
220 6.0371320344e-01 7.0149883417e-02 2.8182393344e+00 1.1164184508e+01
221 6.0359988672e-01 7.0195936532e-02 2.8131512662e+00 1.1144535316e+01
222 6.0376437875e-01 7.0462302269e-02 2.7899697428e+00 1.0992791150e+01
223 6.0397535972e-01 7.0884556804e-02 2.7668041125e+00 1.0821662598e+01
224 6.0373534139e-01 7.0486627813e-02 2.7887628964e+00 1.0984119655e+01
225 6.0367331731e-01 7.0486544758e-02 2.7844256234e+00 1.0965693472e+01
226 6.0386283885e-01 7.0823173515e-02 2.7643226746e+00 1.0819844281e+01
227 6.0443531621e-01 7.2623080653e-02 2.8165131874e+00 1.1240174871e+01
228 6.0519136916e-01 7.3190418014e-02 2.7157602501e+00 1.0551931049e+01
229 6.0513965576e-01 7.3084592128e-02 2.6948396162e+00 1.0380616677e+01
230 6.0482669611e-01 7.2845795784e-02 2.7137266301e+00 1.0510805748e+01
231 6.0496593404e-01 7.3043145380e-02 2.6875624618e+00 1.0307613893e+01
232 6.0500770781e-01 7.3015263770e-02 2.6895736939e+00 1.0316775391e+01
233 6.0512929129e-01 7.3358185037e-02 2.6842362007e+00 1.0196465273e+01
234 6.0506150334e-01 7.3256258921e-02 2.6831589939e+00 1.0207552176e+01
235 6.0517129263e-01 7.3561277350e-02 2.6654430570e+00 1.0080557420e+01
236 6.0569496647e-01 7.4151367182e-02 2.6297268576e+00 9.8312540595e+00
237 6.0552334485e-01 7.3409027417e-02 2.5933688258e+00 9.5479009098e+00
238 6.0559908083e-01 7.3847525143e-02 2.5621177826e+00 9.3535681276e+00
239 6.0542841716e-01 7.3368478640e-02 2.5570995215e+00 9.3527981967e+00
240 6.0507790824e-01 7.2584920213e-02 2.5478888396e+00 9.3051297594e+00
241 6.0493217835e-01 7.2643745089e-02 2.5464493206e+00 9.2963813160e+00
242 6.0516647259e-01 7.2868608237e-02 2.5307411345e+00 9.1971896935e+00
243 6.0516151284e-01 7.2856933118e-02 2.5296937053e+00 9.1937161857e+00
244 6.0492467426e-01 7.2607236072e-02 2.5439088793e+00 9.2948670466e+00
245 6.0508074254e-01 7.2900254435e-02 2.5242184632e+00 9.1758516978e+00
246 6.0505156419e-01 7.2980665375e-02 2.5152929564e+00 9.1424541901e+00
247 6.0514014610e-01 7.3769756410e-02 2.5535735453e+00 9.4391346806e+00
248 6.0471120370e-01 7.2687783345e-02 2.5291680693e+00 9.2447107666e+00
249 6.0465959618e-01 7.2761796001e-02 2.5272150532e+00 9.2303026590e+00
250 6.0462653355e-01 7.2830270943e-02 2.5291276318e+00 9.2413858077e+00
251 6.0509149912e-01 7.4135342713e-02 2.5345265271e+00 9.2225777492e+00
252 6.0490710003e-01 7.4125937568e-02 2.5326863073e+00 9.2209911229e+00
253 6.0501463719e-01 7.4778476908e-02 2.5641496966e+00 9.4553787576e+00
254 6.0510232784e-01 7.5396510302e-02 2.5759228496e+00 9.5365555972e+00
255 6.0506889578e-01 7.5463739794e-02 2.5742062286e+00 9.5265226043e+00
256 6.0510518118e-01 7.5409730868e-02 2.5733882284e+00 9.5252329640e+00
257 6.0533185107e-01 7.5820940011e-02 2.5543143283e+00 9.3917935696e+00
258 6.0478309592e-01 7.4630312099e-02 2.5420914792e+00 9.3510627480e+00
259 6.0521145893e-01 7.5381010493e-02 2.5060101561e+00 9.1009377176e+00
260 6.0532569833e-01 7.5981118138e-02 2.5311424061e+00 9.2852049214e+00
261 6.0544149658e-01 7.6471823324e-02 2.5520875275e+00 9.4261510550e+00
262 6.0553202608e-01 7.7060866325e-02 2.5663306481e+00 9.5415153126e+00
263 6.0576565209e-01 7.7521720090e-02 2.5720444780e+00 9.5529033343e+00
264 6.0592619995e-01 7.7811630376e-02 2.5559214888e+00 9.4406567493e+00
265 6.0578117584e-01 7.7616833322e-02 2.5692587899e+00 9.5285465264e+00
266 6.0577522432e-01 7.7604984253e-02 2.5677065508e+00 9.5265658284e+00
267 6.0574415902e-01 7.7673618470e-02 2.5668451962e+00 9.5176115012e+00
268 6.0585612735e-01 7.8228783182e-02 2.5790304600e+00 9.5821762142e+00
269 6.0640026436e-01 7.9753796748e-02 2.6019358288e+00 9.7230009352e+00
270 6.0640630522e-01 7.9826979221e-02 2.5965127940e+00 9.7038217428e+00
271 6.0636295202e-01 7.9849381688e-02 2.5954888904e+00 9.6989386545e+00
272 6.0587346938e-01 7.9075428185e-02 2.6009967709e+00 9.7755326818e+00
273 6.0607309352e-01 7.9980954152e-02 2.6559376720e+00 1.0198039614e+01
274 6.0603507569e-01 8.0010288847e-02 2.6537823483e+00 1.0188746128e+01
275 6.0594873060e-01 8.0093308120e-02 2.6464433063e+00 1.0160523606e+01
276 6.0607056192e-01 8.0634558573e-02 2.6608193216e+00 1.0226119222e+01
277 6.0600561596e-01 8.0629537772e-02 2.6559737016e+00 1.0202582538e+01
278 6.0583691504e-01 7.9960418676e-02 2.6271052961e+00 1.0012561243e+01
279 6.0618514602e-01 8.0844324170e-02 2.6316381378e+00 1.0026199655e+01
280 6.0636633627e-01 8.1356472282e-02 2.6335652078e+00 1.0007500662e+01
281 6.0699623891e-01 8.2470752164e-02 2.6327357021e+00 1.0026701907e+01
282 6.0706077680e-01 8.2133221223e-02 2.5841194521e+00 9.6941908321e+00
283 6.0702071913e-01 8.1930074855e-02 2.5881766621e+00 9.7391800225e+00
284 6.0699144999e-01 8.1902865572e-02 2.5863695075e+00 9.7404711274e+00
285 6.0704105123e-01 8.1811844011e-02 2.5679514660e+00 9.5985503858e+00
286 6.0701753824e-01 8.1820862281e-02 2.5679141631e+00 9.5971754245e+00
287 6.0669900597e-01 8.0752359775e-02 2.5386146023e+00 9.4561224382e+00
288 6.0709537073e-01 8.1145313223e-02 2.5083097676e+00 9.2720059810e+00
289 6.0718203385e-01 8.1713299529e-02 2.5190226171e+00 9.3083519089e+00
290 6.0681976572e-01 8.0890991556e-02 2.5198360874e+00 9.3469133418e+00
291 6.0695222078e-01 8.1252963857e-02 2.5024536557e+00 9.2280793646e+00
292 6.0688877536e-01 8.1302375273e-02 2.5116304990e+00 9.2954203698e+00
293 6.0650363239e-01 8.0611838086e-02 2.5185384299e+00 9.3668817931e+00
294 6.0651114942e-01 8.0582354200e-02 2.5191880929e+00 9.3738357806e+00
295 6.0671697679e-01 8.0929079700e-02 2.5032713769e+00 9.2626046690e+00
296 6.0681870389e-01 8.1510011007e-02 2.5285707880e+00 9.4411909754e+00
297 6.0682208784e-01 8.1364010856e-02 2.5113670806e+00 9.3717623774e+00
298 6.0663064186e-01 8.0823404527e-02 2.4858836690e+00 9.1928668069e+00
299 6.0631324230e-01 8.0566099095e-02 2.4992334755e+00 9.2955011129e+00
300 6.0615135497e-01 7.9896939913e-02 2.4761150956e+00 9.1560355162e+00
301 6.0647359761e-01 8.0853069891e-02 2.4813977680e+00 9.1940648556e+00
302 6.0626720007e-01 8.0328124741e-02 2.4398130127e+00 8.8823174223e+00
303 6.0591156262e-01 7.9646937233e-02 2.4417095778e+00 8.9133406540e+00
304 6.0646924792e-01 8.0787264592e-02 2.4386166370e+00 8.9032690957e+00
305 6.0664727164e-01 8.0814691906e-02 2.4194079615e+00 8.7788399960e+00
306 6.0693966721e-01 8.1783457372e-02 2.4342160102e+00 8.9082905693e+00
307 6.0697046852e-01 8.1746946541e-02 2.4296645270e+00 8.8707085578e+00
308 6.0638424878e-01 8.0613983554e-02 2.4265063840e+00 8.8319634357e+00
309 6.0638873578e-01 8.1152543376e-02 2.4347600877e+00 8.8606761043e+00
310 6.0622138249e-01 8.0696293525e-02 2.4231151690e+00 8.7979213085e+00
311 6.0637625088e-01 8.1151353394e-02 2.4062837108e+00 8.6839069561e+00
312 6.0639351451e-01 8.1175416778e-02 2.4063562700e+00 8.6803005346e+00
313 6.0630870930e-01 8.1224202183e-02 2.4040949829e+00 8.6705029852e+00
314 6.0603369513e-01 8.0299005370e-02 2.3763491712e+00 8.5420759354e+00
315 6.0627932537e-01 8.0677444699e-02 2.3609912122e+00 8.4436133829e+00
316 6.0611143918e-01 8.0786833732e-02 2.3651376211e+00 8.4452299196e+00
317 6.0590474021e-01 8.0286465038e-02 2.3549316169e+00 8.4161017500e+00
318 6.0599736487e-01 8.0365889280e-02 2.3580912325e+00 8.4573077555e+00
319 6.0572640014e-01 8.0432604580e-02 2.4106353304e+00 8.8005775836e+00
320 6.0592527681e-01 8.0826612896e-02 2.3956065661e+00 8.6925234852e+00
321 6.0584856759e-01 8.0876267555e-02 2.3927046935e+00 8.6816945238e+00
322 6.0593123664e-01 8.0861482479e-02 2.3910611672e+00 8.6782697942e+00
323 6.0590413833e-01 8.0966676658e-02 2.3763192855e+00 8.6474455500e+00
324 6.0623909222e-01 8.1859611605e-02 2.3739522454e+00 8.6095512866e+00
325 6.0623309805e-01 8.1868593608e-02 2.3733630244e+00 8.6064710736e+00
326 6.0618013156e-01 8.1912005521e-02 2.3746046803e+00 8.6041359943e+00
327 6.0615622586e-01 8.1906313751e-02 2.3760981760e+00 8.6091305306e+00
328 6.0630419334e-01 8.2266624890e-02 2.3619554016e+00 8.5061273277e+00
329 6.0658562682e-01 8.2631155509e-02 2.3469504837e+00 8.4016450186e+00
330 6.0673603382e-01 8.3258657357e-02 2.3737358151e+00 8.5847315700e+00
331 6.0739174164e-01 8.4000707013e-02 2.3304741598e+00 8.3180133717e+00
332 6.0743920510e-01 8.4645140397e-02 2.3429512115e+00 8.3949354303e+00
333 6.0709529487e-01 8.3860287988e-02 2.3414687833e+00 8.4053122335e+00
334 6.0701527588e-01 8.3752316420e-02 2.3372257127e+00 8.4004717630e+00
335 6.0713688550e-01 8.4099800900e-02 2.3241982397e+00 8.3066166835e+00
336 6.0743827794e-01 8.4868125024e-02 2.3133002088e+00 8.2286014658e+00
337 6.0738922417e-01 8.4819302947e-02 2.3152317716e+00 8.2372379561e+00
338 6.0727867790e-01 8.5019430915e-02 2.3250127164e+00 8.2963807120e+00
339 6.0724851159e-01 8.5079940940e-02 2.3240045445e+00 8.2903962622e+00
340 6.0704553207e-01 8.4401874949e-02 2.2921542419e+00 8.0823579328e+00
341 6.0713202526e-01 8.4518153860e-02 2.2786788628e+00 8.0117940409e+00
342 6.0706115294e-01 8.4678305488e-02 2.2767711170e+00 7.9963947379e+00
343 6.0630528503e-01 8.3525326677e-02 2.2715323603e+00 7.9741776849e+00
344 6.0634364416e-01 8.3692545231e-02 2.2775246424e+00 8.0115486314e+00
345 6.0637118119e-01 8.3682057669e-02 2.2775173718e+00 8.0125340814e+00
346 6.0647310353e-01 8.4022745255e-02 2.2645456533e+00 7.9224258502e+00
347 6.0611576123e-01 8.3498572915e-02 2.2772751146e+00 8.0275262704e+00
348 6.0652821645e-01 8.4628771978e-02 2.2613767606e+00 7.8554940040e+00
349 6.0660826271e-01 8.5149524908e-02 2.2813528253e+00 7.9901129834e+00
350 6.0665163157e-01 8.5084521140e-02 2.2755901286e+00 7.9709260104e+00
351 6.0653507707e-01 8.4969370232e-02 2.2724348602e+00 7.9733088618e+00
352 6.0675063140e-01 8.5220577310e-02 2.2591338814e+00 7.8949158192e+00
353 6.0689597470e-01 8.5704868420e-02 2.2626103849e+00 7.9035922963e+00
354 6.0668366750e-01 8.5395661152e-02 2.2504639625e+00 7.8549721780e+00
355 6.0709663573e-01 8.5945112071e-02 2.2195947823e+00 7.6799472943e+00
356 6.0714610063e-01 8.5961409734e-02 2.2165516372e+00 7.6691534997e+00
357 6.0710116426e-01 8.5723380797e-02 2.1961198539e+00 7.5441451429e+00
358 6.0744185549e-01 8.6463059355e-02 2.2031631310e+00 7.5917371457e+00
359 6.0725733905e-01 8.5883414924e-02 2.1843067363e+00 7.4837504881e+00
360 6.0745735138e-01 8.6186601240e-02 2.1690857214e+00 7.4055146722e+00
361 6.0742784023e-01 8.6212148979e-02 2.1673641840e+00 7.4007135638e+00
362 6.0716525740e-01 8.5938305312e-02 2.1784120853e+00 7.4730266061e+00
363 6.0693452566e-01 8.5928144482e-02 2.2035361824e+00 7.6333841040e+00
364 6.0689797200e-01 8.5907128632e-02 2.2027492548e+00 7.6356389081e+00
365 6.0662222752e-01 8.5316177736e-02 2.1831318959e+00 7.5300875610e+00
