1 5.9282947138e-01 1.1102230246e-16 1.0000000000e+00 1.0000000000e+00
2 5.9307539850e-01 7.3834458181e-03 3.1287122895e+01 9.8587998455e+02
3 5.9358194922e-01 1.2768540143e-02 1.8030357542e+01 3.2781743086e+02
4 5.9346533461e-01 1.3018569036e-02 1.6889085600e+01 3.0458423965e+02
5 5.9389673298e-01 1.6728039388e-02 1.3212226229e+01 1.8477444390e+02
6 5.9392382499e-01 1.6767262200e-02 1.3114585411e+01 1.8297557557e+02
7 5.9434537685e-01 1.9753436547e-02 1.1076242074e+01 1.3051728198e+02
8 5.9447678403e-01 2.1217742366e-02 1.0186920708e+01 1.1200450968e+02
9 5.9472991898e-01 2.2467726507e-02 9.6357411914e+00 9.9874346423e+01
10 5.9495670440e-01 2.3651850015e-02 9.1621379605e+00 9.0075546699e+01
11 5.9515848849e-01 2.4772653676e-02 8.7565158512e+00 8.2094369529e+01
12 5.9511451841e-01 2.4844592692e-02 8.6768111871e+00 8.1230323799e+01
13 5.9511653830e-01 2.4867622159e-02 8.6512658720e+00 8.0928399032e+01
14 5.9518552589e-01 2.4941102644e-02 8.6135935514e+00 8.0471140210e+01
15 5.9520026641e-01 2.4989068290e-02 8.5636195509e+00 7.9839737961e+01
16 5.9571166479e-01 2.6921108691e-02 7.9605288235e+00 6.8571909234e+01
17 5.9609211152e-01 2.8925387669e-02 7.3726340198e+00 5.9080073637e+01
18 5.9627302930e-01 2.9869068693e-02 7.1302660897e+00 5.5283057550e+01
19 5.9632079741e-01 2.9901541513e-02 7.1034658483e+00 5.4999592350e+01
20 5.9640622487e-01 2.9941603764e-02 7.0683658759e+00 5.4627148582e+01
21 5.9639121297e-01 3.0020844430e-02 7.0094669843e+00 5.4074766903e+01
22 5.9643375468e-01 3.0031435824e-02 6.9981390529e+00 5.3959112953e+01
23 5.9669797558e-01 3.0799001904e-02 6.8100234098e+00 5.0990215805e+01
24 5.9662712204e-01 3.0873849926e-02 6.7617452854e+00 5.0568694482e+01
25 5.9680172770e-01 3.1756727044e-02 6.5674467358e+00 4.7746853803e+01
26 5.9728607920e-01 3.3391738361e-02 6.2509134653e+00 4.3115855720e+01
27 5.9718126624e-01 3.3481093978e-02 6.2045433984e+00 4.2743123309e+01
28 5.9761855325e-01 3.5065272794e-02 5.9127360054e+00 3.8847086382e+01
29 5.9782847544e-01 3.5844738032e-02 5.7903803770e+00 3.7214414765e+01
30 5.9782564083e-01 3.5769905229e-02 5.7861182690e+00 3.7191167225e+01
31 5.9792554368e-01 3.6537607299e-02 5.6608524214e+00 3.5616997210e+01
32 5.9809245013e-01 3.7308390077e-02 5.5277065729e+00 3.4059646110e+01
33 5.9811189647e-01 3.7319921256e-02 5.5155106157e+00 3.3943523762e+01
34 5.9806619851e-01 3.7287238214e-02 5.4951511929e+00 3.3808718430e+01
35 5.9805767545e-01 3.7316417145e-02 5.4818824118e+00 3.3709229579e+01
36 5.9849828918e-01 3.9200192854e-02 5.6112198419e+00 3.6308174107e+01
37 5.9892220834e-01 4.0488020066e-02 5.3843832424e+00 3.3467403521e+01
38 5.9914498618e-01 4.1624200600e-02 5.5366903584e+00 3.5882777167e+01
39 5.9916989664e-01 4.1555966688e-02 5.5364243249e+00 3.5923744456e+01
40 5.9958405066e-01 4.2819093365e-02 5.3259556113e+00 3.3232523655e+01
41 5.9956930037e-01 4.2845934083e-02 5.3152258005e+00 3.3159797590e+01
42 5.9951020812e-01 4.2956030091e-02 5.3032806255e+00 3.3040933970e+01
43 5.9992055375e-01 4.4168108758e-02 5.1176547104e+00 3.0748317739e+01
44 6.0013838574e-01 4.4751271721e-02 5.0337051541e+00 2.9726991762e+01
45 5.9989379270e-01 4.4242715995e-02 5.0895555459e+00 3.0558902228e+01
46 6.0035825033e-01 4.5355847236e-02 4.9187309441e+00 2.8570236025e+01
47 6.0050199108e-01 4.6368633192e-02 5.0219019910e+00 2.9962147406e+01
48 6.0065927792e-01 4.6971208751e-02 4.9268607668e+00 2.8924250458e+01
49 6.0075236242e-01 4.7969891552e-02 5.0047141036e+00 2.9919928815e+01
50 6.0103116266e-01 4.9430856667e-02 4.9626421722e+00 2.9391974897e+01
51 6.0114126594e-01 5.0009205937e-02 4.8738398298e+00 2.8423168781e+01
52 6.0109100720e-01 5.0026216342e-02 4.8718772509e+00 2.8403526610e+01
53 6.0126599711e-01 5.0683746389e-02 4.7894408810e+00 2.7455326368e+01
54 6.0124006203e-01 5.0628649507e-02 4.7909044648e+00 2.7490708842e+01
55 6.0199022455e-01 5.2112274618e-02 4.6153923999e+00 2.5617399599e+01
56 6.0234022014e-01 5.3068111614e-02 4.4863896540e+00 2.4270583544e+01
57 6.0257782048e-01 5.3637014107e-02 4.4157826823e+00 2.3556386867e+01
58 6.0261951861e-01 5.3659193643e-02 4.4123561874e+00 2.3528583461e+01
59 6.0278593046e-01 5.3944989383e-02 4.3297187573e+00 2.2613882179e+01
60 6.0295703007e-01 5.4524493825e-02 4.2457013296e+00 2.1905519702e+01
61 6.0243090841e-01 5.3359404083e-02 4.2378889365e+00 2.1923519225e+01
62 6.0267542098e-01 5.3915740635e-02 4.1874628587e+00 2.1378108269e+01
63 6.0266173452e-01 5.3935698306e-02 4.1834248768e+00 2.1350965601e+01
64 6.0304003500e-01 5.5217660050e-02 4.1904436198e+00 2.1459876054e+01
65 6.0325912038e-01 5.5691938008e-02 4.1355375035e+00 2.0929380669e+01
66 6.0313257460e-01 5.5767037517e-02 4.1227148567e+00 2.0857518955e+01
67 6.0309076965e-01 5.5792804904e-02 4.1185610781e+00 2.0831850007e+01
68 6.0329591672e-01 5.6181247680e-02 4.0529124786e+00 2.0124568984e+01
69 6.0367661478e-01 5.7100866441e-02 3.9583746514e+00 1.9226113609e+01
70 6.0363563349e-01 5.7134935821e-02 3.9526398944e+00 1.9192310117e+01
71 6.0360168434e-01 5.7127613607e-02 3.9559393760e+00 1.9211447154e+01
72 6.0358259389e-01 5.7146679690e-02 3.9524760381e+00 1.9191489316e+01
73 6.0357972095e-01 5.7149797599e-02 3.9519232970e+00 1.9188111267e+01
74 6.0379784705e-01 5.7739586034e-02 3.8966640810e+00 1.8688570255e+01
75 6.0375953873e-01 5.7684683652e-02 3.8959753640e+00 1.8701261770e+01
76 6.0414961717e-01 5.8484461400e-02 3.8137213667e+00 1.7958697908e+01
77 6.0432243547e-01 5.8917350854e-02 3.7635647648e+00 1.7553297964e+01
78 6.0429016679e-01 5.8923635205e-02 3.7641239714e+00 1.7553701684e+01
79 6.0437694643e-01 5.8917487793e-02 3.7612083993e+00 1.7538493031e+01
80 6.0467662926e-01 5.9283597399e-02 3.7216110252e+00 1.7194333276e+01
81 6.0529379302e-01 6.0859418267e-02 3.6696525081e+00 1.6701995086e+01
82 6.0505802667e-01 6.0228250523e-02 3.6265611785e+00 1.6315681224e+01
83 6.0557194928e-01 6.1120967751e-02 3.5574235494e+00 1.5697030034e+01
84 6.0596378844e-01 6.2290946187e-02 3.5646353998e+00 1.5785135750e+01
85 6.0589513338e-01 6.2304896081e-02 3.5619013547e+00 1.5774616923e+01
86 6.0592527539e-01 6.2365008122e-02 3.5531050241e+00 1.5721790705e+01
87 6.0615007550e-01 6.2776168174e-02 3.5175003042e+00 1.5420974842e+01
88 6.0618662066e-01 6.2789935070e-02 3.5130947030e+00 1.5399864073e+01
89 6.0617718226e-01 6.2679285252e-02 3.5182323118e+00 1.5451337888e+01
90 6.0610107875e-01 6.2695620830e-02 3.5154486823e+00 1.5438014135e+01
91 6.0606843162e-01 6.2675557922e-02 3.5106985363e+00 1.5426565204e+01
92 6.0612347880e-01 6.2765881878e-02 3.5086100946e+00 1.5400955433e+01
93 6.0625329429e-01 6.2871594641e-02 3.5052437064e+00 1.5367775699e+01
94 6.0636258659e-01 6.3619433514e-02 3.5368680342e+00 1.5665547824e+01
95 6.0617820932e-01 6.2829121195e-02 3.4990697122e+00 1.5351820190e+01
96 6.0661314621e-01 6.3652230305e-02 3.4373778056e+00 1.4814204489e+01
97 6.0664674030e-01 6.3693304585e-02 3.4365496367e+00 1.4803566618e+01
98 6.0711248774e-01 6.5524646224e-02 3.4696084217e+00 1.5102052581e+01
99 6.0705968875e-01 6.5563218787e-02 3.4648130700e+00 1.5078791858e+01
100 6.0719887687e-01 6.6260871170e-02 3.4903152217e+00 1.5294454374e+01
101 6.0729817527e-01 6.6007789953e-02 3.4266860084e+00 1.4779182649e+01
102 6.0730190890e-01 6.5862866432e-02 3.4295742965e+00 1.4823796069e+01
103 6.0732836010e-01 6.6532001105e-02 3.4456674749e+00 1.4947031734e+01
104 6.0748483742e-01 6.7037094907e-02 3.4097399461e+00 1.4654237620e+01
105 6.0774857787e-01 6.7444818441e-02 3.3764046063e+00 1.4387309807e+01
106 6.0776200712e-01 6.7168135583e-02 3.3165492156e+00 1.3916943386e+01
107 6.0755960962e-01 6.6358246150e-02 3.2951438876e+00 1.3789574535e+01
108 6.0740335128e-01 6.5703008434e-02 3.2572542219e+00 1.3484751001e+01
109 6.0736351782e-01 6.5750432209e-02 3.2506706204e+00 1.3460274860e+01
110 6.0728824055e-01 6.5796211943e-02 3.2458474158e+00 1.3439332098e+01
111 6.0740246075e-01 6.6430514152e-02 3.2601591288e+00 1.3543823769e+01
112 6.0743895436e-01 6.6746971107e-02 3.2220845349e+00 1.3310516578e+01
113 6.0748712342e-01 6.7441582234e-02 3.2279525908e+00 1.3368079257e+01
114 6.0741227737e-01 6.7440214476e-02 3.2253599176e+00 1.3363216723e+01
115 6.0744721214e-01 6.7424445609e-02 3.2265704418e+00 1.3368522595e+01
116 6.0709374677e-01 6.7141186696e-02 3.2471406319e+00 1.3553692617e+01
117 6.0713243819e-01 6.7140135565e-02 3.2454862454e+00 1.3547236227e+01
118 6.0714926758e-01 6.7018711895e-02 3.1873807579e+00 1.3115986318e+01
119 6.0722011149e-01 6.7746743220e-02 3.1957905671e+00 1.3225719873e+01
120 6.0718075340e-01 6.7781667251e-02 3.1917337104e+00 1.3206667937e+01
121 6.0717797253e-01 6.7840310614e-02 3.1893574666e+00 1.3191153571e+01
122 6.0741768585e-01 6.8172722673e-02 3.1621480364e+00 1.2984911859e+01
123 6.0769502513e-01 6.8524066164e-02 3.1337928384e+00 1.2772985896e+01
124 6.0791498015e-01 6.8881263492e-02 3.1099646547e+00 1.2578256169e+01
125 6.0787399204e-01 6.8919592783e-02 3.1055372026e+00 1.2558610138e+01
126 6.0782711481e-01 6.8933529150e-02 3.1026333580e+00 1.2549694940e+01
127 6.0798755971e-01 6.9270906404e-02 3.0706372846e+00 1.2341746141e+01
128 6.0806374140e-01 6.9890035361e-02 3.0916057974e+00 1.2511213239e+01
129 6.0803680883e-01 6.9947837483e-02 3.0895047997e+00 1.2499877767e+01
130 6.0828185892e-01 7.0221510135e-02 3.0234805646e+00 1.2008347484e+01
131 6.0841986667e-01 7.0636112760e-02 2.9985592161e+00 1.1818904664e+01
132 6.0864475267e-01 7.1180227395e-02 2.9738012444e+00 1.1624113880e+01
133 6.0926130717e-01 7.2587491805e-02 2.9594507083e+00 1.1523206514e+01
134 6.0919731466e-01 7.2618035831e-02 2.9572807068e+00 1.1515634112e+01
135 6.0889504512e-01 7.1836568563e-02 2.9631751604e+00 1.1579907375e+01
136 6.0871950059e-01 7.1968299413e-02 2.9504673205e+00 1.1528146781e+01
137 6.0860075101e-01 7.2037777535e-02 2.9453190937e+00 1.1504430112e+01
138 6.0836321151e-01 7.1397389210e-02 2.9117842007e+00 1.1231256032e+01
139 6.0820084602e-01 7.1411458624e-02 2.9023900903e+00 1.1209738189e+01
140 6.0813339939e-01 7.1347878470e-02 2.9032586439e+00 1.1224770660e+01
141 6.0788037139e-01 7.0975141755e-02 2.9258591145e+00 1.1392734678e+01
142 6.0790312173e-01 7.0966106358e-02 2.9262003712e+00 1.1394654295e+01
143 6.0811422311e-01 7.1208246808e-02 2.9070655367e+00 1.1256421411e+01
144 6.0827647304e-01 7.1515357075e-02 2.8846008898e+00 1.1104636913e+01
145 6.0856281942e-01 7.2364145501e-02 2.8749824913e+00 1.1080100491e+01
146 6.0854427250e-01 7.2396824966e-02 2.8707890395e+00 1.1064315045e+01
147 6.0866985265e-01 7.3053599038e-02 2.9029217607e+00 1.1315900402e+01
148 6.0868397267e-01 7.3162000472e-02 2.9040231879e+00 1.1315052123e+01
149 6.0869476042e-01 7.3162998829e-02 2.9034327644e+00 1.1312708988e+01
150 6.0887652158e-01 7.3342924862e-02 2.8732316607e+00 1.1086279073e+01
151 6.0877525369e-01 7.3393210633e-02 2.8655325064e+00 1.1062248663e+01
152 6.0885366175e-01 7.3409149446e-02 2.8657309095e+00 1.1059665562e+01
153 6.0857783097e-01 7.3187041522e-02 2.8809932067e+00 1.1181204093e+01
154 6.0861407220e-01 7.3155298567e-02 2.8824166218e+00 1.1188578598e+01
155 6.0799354679e-01 7.2186287410e-02 2.9135347772e+00 1.1434387517e+01
156 6.0802233363e-01 7.2188371201e-02 2.9120940958e+00 1.1428413929e+01
157 6.0826971113e-01 7.2577595562e-02 2.8911701247e+00 1.1271393422e+01
158 6.0811503595e-01 7.2049723535e-02 2.8776589924e+00 1.1191818300e+01
159 6.0797408561e-01 7.2117441292e-02 2.8745507170e+00 1.1177661253e+01
160 6.0809732488e-01 7.2392148107e-02 2.8529342351e+00 1.1033507969e+01
161 6.0785369596e-01 7.1887401526e-02 2.8343631560e+00 1.0929023151e+01
162 6.0848900673e-01 7.2033331888e-02 2.6888973143e+00 9.8463699476e+00
163 6.0832757489e-01 7.2101118439e-02 2.6867784540e+00 9.8342433107e+00
164 6.0826842458e-01 7.2079345439e-02 2.6842618051e+00 9.8278381562e+00
165 6.0851510854e-01 7.2500278229e-02 2.6642742680e+00 9.6916057162e+00
166 6.0875424405e-01 7.2900345303e-02 2.6448551781e+00 9.5580609046e+00
167 6.0917272018e-01 7.3630188715e-02 2.6087766009e+00 9.3093690663e+00
168 6.0892836623e-01 7.3366315218e-02 2.6254573717e+00 9.4212327767e+00
169 6.0920438720e-01 7.3642235897e-02 2.6062818820e+00 9.3010347827e+00
170 6.0884551771e-01 7.2632031939e-02 2.5854597687e+00 9.1107656747e+00
171 6.0892752934e-01 7.2629590678e-02 2.5811858665e+00 9.0944387592e+00
172 6.0908122629e-01 7.3052228744e-02 2.5599117642e+00 8.9631829755e+00
173 6.0926078141e-01 7.3255252146e-02 2.5395807137e+00 8.8563098511e+00
174 6.0924784278e-01 7.3190944589e-02 2.5405142208e+00 8.8676155227e+00
175 6.0924199085e-01 7.3127217818e-02 2.5406682748e+00 8.8772840695e+00
176 6.0912572686e-01 7.3608082658e-02 2.5813878214e+00 9.1940763071e+00
177 6.0961695744e-01 7.4189027901e-02 2.5474835441e+00 8.9707550639e+00
178 6.0977314092e-01 7.4491423609e-02 2.5282158541e+00 8.8564081441e+00
179 6.0989012401e-01 7.5041049266e-02 2.5456845575e+00 8.9842432171e+00
180 6.1009470802e-01 7.5356734698e-02 2.5256873048e+00 8.8658561369e+00
181 6.1024509929e-01 7.5562762411e-02 2.5096177174e+00 8.7694635569e+00
182 6.1016430580e-01 7.5539407764e-02 2.5101772402e+00 8.7995377684e+00
183 6.0999198979e-01 7.5839423410e-02 2.5541606817e+00 9.1053981071e+00
184 6.0990331851e-01 7.5931265581e-02 2.5517647515e+00 9.0927724549e+00
185 6.1008499020e-01 7.6337134685e-02 2.5315827671e+00 8.9704655233e+00
186 6.1028387687e-01 7.6675760236e-02 2.5114574044e+00 8.8503062392e+00
187 6.1072966052e-01 7.7237194608e-02 2.4776989799e+00 8.6450655299e+00
188 6.1070573828e-01 7.7270122831e-02 2.4766295990e+00 8.6408734080e+00
189 6.1094630988e-01 7.7950484024e-02 2.4877505262e+00 8.7345902951e+00
190 6.1143536337e-01 7.9262631447e-02 2.4938406285e+00 8.7583729241e+00
191 6.1108597409e-01 7.8430428546e-02 2.4885132762e+00 8.7096847280e+00
192 6.1108880847e-01 7.8366643403e-02 2.4878624312e+00 8.7092800722e+00
193 6.1133861445e-01 7.8577844649e-02 2.4719982921e+00 8.6165948031e+00
194 6.1162352300e-01 7.9711646095e-02 2.5083042004e+00 8.8566790278e+00
195 6.1157070447e-01 7.9389113150e-02 2.4914851415e+00 8.7291614767e+00
196 6.1147231058e-01 7.9389898314e-02 2.4909005907e+00 8.7303463742e+00
197 6.1115577868e-01 7.9067678127e-02 2.5050940856e+00 8.8287080338e+00
198 6.1108916454e-01 7.9097219463e-02 2.5044124128e+00 8.8240469871e+00
199 6.1074175931e-01 7.8162048938e-02 2.4946438242e+00 8.7555439264e+00
200 6.1094292706e-01 7.8500462658e-02 2.4738157768e+00 8.6382878473e+00
201 6.1080733243e-01 7.7875250501e-02 2.4408942245e+00 8.4110438082e+00
202 6.1082202686e-01 7.7793761107e-02 2.4305882907e+00 8.3377479090e+00
203 6.1083094610e-01 7.7804417547e-02 2.4289058851e+00 8.3323634012e+00
204 6.1089543001e-01 7.7808892563e-02 2.4322672481e+00 8.3418607138e+00
205 6.1061427855e-01 7.7707213782e-02 2.4409818108e+00 8.4047711092e+00
206 6.1068664243e-01 7.8104504741e-02 2.4227255769e+00 8.2982064384e+00
207 6.1044865375e-01 7.7790045147e-02 2.4383418459e+00 8.3964410125e+00
208 6.1075881807e-01 7.8672335440e-02 2.4436894706e+00 8.4753056869e+00
209 6.1107884381e-01 7.9833497498e-02 2.4901286561e+00 8.8024334940e+00
210 6.1083387266e-01 7.9284872269e-02 2.4664150534e+00 8.6424605468e+00
211 6.1083145947e-01 7.9299702386e-02 2.4647044676e+00 8.6367586630e+00
212 6.1101785820e-01 7.9648043000e-02 2.4495261824e+00 8.5338387144e+00
213 6.1103051906e-01 7.9664056429e-02 2.4478084885e+00 8.5277072873e+00
214 6.1105085914e-01 7.9659061023e-02 2.4475564102e+00 8.5273234949e+00
215 6.1101473922e-01 7.9725107323e-02 2.4454230396e+00 8.5155261561e+00
216 6.1153605301e-01 8.0309217274e-02 2.4133580620e+00 8.3153588414e+00
217 6.1103961017e-01 7.9522002637e-02 2.4044759982e+00 8.2572209882e+00
218 6.1117356017e-01 8.0202949546e-02 2.4304527746e+00 8.4477493141e+00
219 6.1140181366e-01 8.1284137778e-02 2.4708971778e+00 8.7200140953e+00
220 6.1128182776e-01 8.0839400102e-02 2.4585559569e+00 8.6597888206e+00
221 6.1092482527e-01 8.0466821757e-02 2.4677714775e+00 8.7422168728e+00
222 6.1107567696e-01 8.0869870313e-02 2.4503913814e+00 8.6305087500e+00
223 6.1103745252e-01 8.0877330266e-02 2.4511139556e+00 8.6318282944e+00
224 6.1097132566e-01 8.0817029835e-02 2.4522709830e+00 8.6432725497e+00
225 6.1118996746e-01 8.1136187761e-02 2.4360416951e+00 8.5395863607e+00
226 6.1138789899e-01 8.1558691374e-02 2.4182708068e+00 8.4283570034e+00
227 6.1135805365e-01 8.1436633181e-02 2.4056361669e+00 8.3348402450e+00
228 6.1097878190e-01 8.0764566487e-02 2.3985357463e+00 8.3056847906e+00
229 6.1105969480e-01 8.1446764937e-02 2.4388390939e+00 8.6318529852e+00
230 6.1132832615e-01 8.2182487117e-02 2.4334129494e+00 8.5888702578e+00
231 6.1158014668e-01 8.3128933225e-02 2.4539728097e+00 8.6772659294e+00
232 6.1151043215e-01 8.3146434405e-02 2.4547165974e+00 8.6793035998e+00
233 6.1248461378e-01 8.4881291006e-02 2.4067161736e+00 8.3876743728e+00
234 6.1243306729e-01 8.4943097392e-02 2.4046088645e+00 8.3768528825e+00
235 6.1266645915e-01 8.5305123305e-02 2.3887606938e+00 8.2756455982e+00
236 6.1226151725e-01 8.5022202530e-02 2.3864700648e+00 8.2591504493e+00
237 6.1228537574e-01 8.5159892170e-02 2.3938402838e+00 8.3182117713e+00
238 6.1247001707e-01 8.5462298219e-02 2.3816194394e+00 8.2362345722e+00
239 6.1277243224e-01 8.6050845108e-02 2.3510707997e+00 8.0560699607e+00
240 6.1264147928e-01 8.6075339228e-02 2.3461950297e+00 8.0218101764e+00
241 6.1265799005e-01 8.5944725114e-02 2.3439822692e+00 8.0120497014e+00
242 6.1272920227e-01 8.5781803495e-02 2.3184632780e+00 7.8837653558e+00
243 6.1299365478e-01 8.6074630124e-02 2.2905819649e+00 7.6889136381e+00
244 6.1310759404e-01 8.6665355777e-02 2.3093341518e+00 7.8047923578e+00
245 6.1311066447e-01 8.6680230954e-02 2.3054167909e+00 7.7963665482e+00
246 6.1333733367e-01 8.6849185220e-02 2.2870877073e+00 7.7101357024e+00
247 6.1354047873e-01 8.7558684503e-02 2.3354565239e+00 8.1227998326e+00
248 6.1338770694e-01 8.7567273377e-02 2.3335674818e+00 8.1226671373e+00
249 6.1390074782e-01 8.8491594889e-02 2.3180759810e+00 8.0281989533e+00
250 6.1327864001e-01 8.7029404560e-02 2.2826889956e+00 7.7719348767e+00
251 6.1324808101e-01 8.6978902521e-02 2.2832979886e+00 7.7786103312e+00
252 6.1315387902e-01 8.7020390163e-02 2.2827322158e+00 7.7741011442e+00
253 6.1297196329e-01 8.6576479985e-02 2.2932052401e+00 7.8587402299e+00
254 6.1293134643e-01 8.6557486291e-02 2.2939831402e+00 7.8669197438e+00
255 6.1289140549e-01 8.6731085389e-02 2.2912300170e+00 7.8316678777e+00
256 6.1296317900e-01 8.6662563893e-02 2.2702797271e+00 7.7172558807e+00
257 6.1274269934e-01 8.6050422132e-02 2.2549234714e+00 7.6194562371e+00
258 6.1256518204e-01 8.6322545199e-02 2.2906239193e+00 7.8619804947e+00
259 6.1279480605e-01 8.6659273999e-02 2.2768653706e+00 7.7742553076e+00
260 6.1282513882e-01 8.6649905559e-02 2.2768039736e+00 7.7741876216e+00
261 6.1280907786e-01 8.6678392062e-02 2.2740851972e+00 7.7670000877e+00
262 6.1321962484e-01 8.7369295620e-02 2.2693210942e+00 7.7256289565e+00
263 6.1350850565e-01 8.8340047162e-02 2.2901081251e+00 7.8191365188e+00
264 6.1372492215e-01 8.8400464181e-02 2.2783741313e+00 7.7570374759e+00
265 6.1318620180e-01 8.7728996713e-02 2.2838204475e+00 7.8155532706e+00
266 6.1290429587e-01 8.6615410576e-02 2.2574629236e+00 7.6876814337e+00
267 6.1313430528e-01 8.6859496942e-02 2.2421005723e+00 7.6041068431e+00
268 6.1365342174e-01 8.7822943179e-02 2.2388299037e+00 7.6166475588e+00
269 6.1369828963e-01 8.7848764618e-02 2.2386908841e+00 7.6141877742e+00
270 6.1378044076e-01 8.8225439029e-02 2.2460974820e+00 7.6460824778e+00
271 6.1389793371e-01 8.9028987928e-02 2.2868697533e+00 7.9375954070e+00
272 6.1349280494e-01 8.8417044186e-02 2.2936693961e+00 7.9953753005e+00
273 6.1363887740e-01 8.8905953751e-02 2.3015521078e+00 8.0264915181e+00
274 6.1347322895e-01 8.8439830791e-02 2.2929558553e+00 7.9922777421e+00
275 6.1340773578e-01 8.8478364722e-02 2.2912549043e+00 7.9862388634e+00
276 6.1344114162e-01 8.8560110230e-02 2.2889767683e+00 7.9743581872e+00
277 6.1275739736e-01 8.7505345322e-02 2.2928907513e+00 7.9928564589e+00
278 6.1281601164e-01 8.7866865560e-02 2.2967353613e+00 7.9970787030e+00
279 6.1268169998e-01 8.7833482633e-02 2.2871937147e+00 7.9417849624e+00
280 6.1246559019e-01 8.7539261768e-02 2.2811269617e+00 7.9170868935e+00
281 6.1268998177e-01 8.7913805861e-02 2.2692699839e+00 7.8300999939e+00
282 6.1293378268e-01 8.8101139527e-02 2.2558886797e+00 7.7583700362e+00
283 6.1284647177e-01 8.8115176183e-02 2.2595969825e+00 7.7954455342e+00
284 6.1244634617e-01 8.7788920923e-02 2.2829735115e+00 7.9240548328e+00
285 6.1238927031e-01 8.7788091929e-02 2.2810876150e+00 7.9245924544e+00
286 6.1229207803e-01 8.7838119534e-02 2.2794073587e+00 7.9176665160e+00
287 6.1227953044e-01 8.7827085980e-02 2.2809449814e+00 7.9227155130e+00
288 6.1230840653e-01 8.7827749552e-02 2.2798761262e+00 7.9194885327e+00
289 6.1207401164e-01 8.7161228158e-02 2.2483101870e+00 7.7039166828e+00
290 6.1218755108e-01 8.7026796353e-02 2.2289781867e+00 7.6132208953e+00
291 6.1204991424e-01 8.6919641968e-02 2.2097034685e+00 7.4496150992e+00
292 6.1164069212e-01 8.6269029627e-02 2.2110798560e+00 7.4715536024e+00
293 6.1138528301e-01 8.5899889407e-02 2.2245128756e+00 7.5599478123e+00
294 6.1165902073e-01 8.6100539731e-02 2.2097499755e+00 7.4835936034e+00
295 6.1183972821e-01 8.6271946987e-02 2.1997654504e+00 7.4258573479e+00
296 6.1178271838e-01 8.6291167835e-02 2.1998885509e+00 7.4253854818e+00
297 6.1164246172e-01 8.6364603746e-02 2.1974459685e+00 7.4161029996e+00
298 6.1109755542e-01 8.4871618184e-02 2.1439994768e+00 7.0187915822e+00
299 6.1128477981e-01 8.4993594846e-02 2.1336496916e+00 6.9688626666e+00
300 6.1117437026e-01 8.5005512196e-02 2.1339558213e+00 6.9711871269e+00
301 6.1134479935e-01 8.5271722433e-02 2.1213244442e+00 6.9029837336e+00
302 6.1135443949e-01 8.5270400785e-02 2.1232592178e+00 6.9080546295e+00
303 6.1160259964e-01 8.5580643222e-02 2.1097015601e+00 6.8328700999e+00
304 6.1159317056e-01 8.5575338254e-02 2.1107380840e+00 6.8351124437e+00
305 6.1160363981e-01 8.5576619842e-02 2.1102644023e+00 6.8336855519e+00
306 6.1179364175e-01 8.6026431998e-02 2.1221240064e+00 6.8977453538e+00
307 6.1215812840e-01 8.6880547151e-02 2.1526152506e+00 7.1669687740e+00
308 6.1207359190e-01 8.6962027697e-02 2.1542018215e+00 7.1816577735e+00
309 6.1164047615e-01 8.6345852205e-02 2.1538716135e+00 7.1898476777e+00
310 6.1152658670e-01 8.5926536316e-02 2.1407447841e+00 7.1230355383e+00
311 6.1177765833e-01 8.6183968685e-02 2.1276268012e+00 7.0495065296e+00
312 6.1135696896e-01 8.5428840743e-02 2.1337770548e+00 7.1041547007e+00
313 6.1174973786e-01 8.6059960855e-02 2.1089416732e+00 6.9587398404e+00
314 6.1211228286e-01 8.6783670623e-02 2.1205404062e+00 7.0369817803e+00
315 6.1212887743e-01 8.6838910420e-02 2.1183437877e+00 7.0299760717e+00
316 6.1231743667e-01 8.7649448674e-02 2.1171513944e+00 7.0205144431e+00
317 6.1268769676e-01 8.8231024794e-02 2.0940368292e+00 6.8821483177e+00
318 6.1291055470e-01 8.8421750532e-02 2.0816510391e+00 6.8198175964e+00
319 6.1284992634e-01 8.8470783229e-02 2.0825934334e+00 6.8180942841e+00
320 6.1285701005e-01 8.8393420882e-02 2.0824757121e+00 6.8238177588e+00
321 6.1278150452e-01 8.8424030648e-02 2.0822304646e+00 6.8220722209e+00
322 6.1259892583e-01 8.7968895330e-02 2.0712653873e+00 6.7723324711e+00
323 6.1245147012e-01 8.7583810703e-02 2.0552965544e+00 6.6885277151e+00
324 6.1266896326e-01 8.7732771137e-02 2.0424687266e+00 6.6269540527e+00
325 6.1308676354e-01 8.8552457921e-02 2.0543154765e+00 6.7068502543e+00
326 6.1296128944e-01 8.8526041515e-02 2.0518894878e+00 6.6867388915e+00
327 6.1288335430e-01 8.8768610526e-02 2.0761026743e+00 6.8094355813e+00
328 6.1287501391e-01 8.8855200931e-02 2.0746850185e+00 6.8008260206e+00
329 6.1276201743e-01 8.8856792703e-02 2.0733510322e+00 6.8025006641e+00
330 6.1279302488e-01 8.8874779459e-02 2.0724669069e+00 6.7975267979e+00
331 6.1291133531e-01 8.9222971749e-02 2.0756468784e+00 6.7901255353e+00
332 6.1300153103e-01 8.9736637392e-02 2.0894655104e+00 6.8635751230e+00
333 6.1296259454e-01 8.9754495105e-02 2.0889746217e+00 6.8617513338e+00
334 6.1308115871e-01 9.0226004752e-02 2.0967776915e+00 6.8961754753e+00
335 6.1264936593e-01 8.9362052187e-02 2.0888328699e+00 6.8464934908e+00
336 6.1281233807e-01 8.9714260144e-02 2.0715949672e+00 6.7651129296e+00
337 6.1216362249e-01 8.8862352441e-02 2.0852367529e+00 6.8611670391e+00
338 6.1194177789e-01 8.8498556782e-02 2.0966334078e+00 6.9251014164e+00
339 6.1210576677e-01 8.8699643275e-02 2.0845906574e+00 6.8639320656e+00
340 6.1217847455e-01 8.9221657007e-02 2.0958126110e+00 6.9174199549e+00
341 6.1213741468e-01 8.9234180571e-02 2.0960226030e+00 6.9178149427e+00
342 6.1187672133e-01 8.8772102947e-02 2.0873596911e+00 6.8817807605e+00
343 6.1188557920e-01 8.8769796597e-02 2.0864431643e+00 6.8785178224e+00
344 6.1185406439e-01 8.8826412489e-02 2.0849192982e+00 6.8711556303e+00
345 6.1204307917e-01 8.9167190306e-02 2.0738120059e+00 6.8017150429e+00
346 6.1201039343e-01 8.9152201658e-02 2.0755497470e+00 6.8077099653e+00
347 6.1199751732e-01 8.9170365855e-02 2.0729595685e+00 6.8004365800e+00
348 6.1193647739e-01 8.9162643847e-02 2.0747881457e+00 6.8117544871e+00
349 6.1176317464e-01 8.8757380997e-02 2.0650571585e+00 6.7669556409e+00
350 6.1218502344e-01 8.9057263473e-02 2.0497813313e+00 6.7017231014e+00
351 6.1241710661e-01 8.9279219020e-02 2.0377855323e+00 6.6374735694e+00
352 6.1237976422e-01 8.9261238865e-02 2.0376532558e+00 6.6388914381e+00
353 6.1299931741e-01 9.0351862277e-02 2.0211874191e+00 6.5284222784e+00
354 6.1298736578e-01 9.0376898415e-02 2.0204805673e+00 6.5249144600e+00
355 6.1296273937e-01 9.0386467235e-02 2.0204296099e+00 6.5246749440e+00
356 6.1293413307e-01 9.0452446187e-02 2.0183809918e+00 6.5196715606e+00
357 6.1305943349e-01 9.0917082947e-02 2.0382758215e+00 6.6378195774e+00
358 6.1268534630e-01 9.0117464775e-02 2.0269214178e+00 6.5807512221e+00
359 6.1272964575e-01 9.0152027806e-02 2.0276848615e+00 6.5888242608e+00
360 6.1252795173e-01 8.9643200669e-02 2.0125777919e+00 6.5077141394e+00
361 6.1248464864e-01 8.9675479015e-02 2.0237098689e+00 6.5378874278e+00
362 6.1234438335e-01 8.9380837207e-02 2.0306354353e+00 6.5860331393e+00
363 6.1239897424e-01 8.9418542838e-02 2.0333737091e+00 6.5993774876e+00
364 6.1206930225e-01 8.9165595071e-02 2.0417807939e+00 6.6605040009e+00
365 6.1204840553e-01 8.9176013970e-02 2.0414787886e+00 6.6596152448e+00
