1 5.9282947138e-01 1.1102230246e-16 1.0000000000e+00 1.0000000000e+00
2 5.9283474643e-01 1.6138171065e-03 2.2007364447e-01 1.2218771846e+02
3 5.9278040814e-01 1.9856559243e-03 -3.4378251835e+00 9.5695499475e+01
4 5.9285488932e-01 2.2776696689e-03 -3.6000828040e-01 7.4544728593e+01
5 5.9282642498e-01 2.5844892615e-03 -1.6963006045e+00 5.9953574110e+01
6 5.9297654143e-01 8.2016193775e-03 2.2395691556e+01 6.5183306578e+02
7 5.9292446271e-01 8.3301954775e-03 2.1322335042e+01 6.1325816460e+02
8 5.9310895759e-01 1.1212882080e-02 1.7603456664e+01 3.7159717051e+02
9 5.9300042799e-01 1.1472472211e-02 1.6301591169e+01 3.4037111765e+02
10 5.9317322216e-01 1.3747828962e-02 1.4238706895e+01 2.4663530593e+02
11 5.9309919202e-01 1.3837559140e-02 1.3982843346e+01 2.4056228306e+02
12 5.9318907377e-01 1.3935142662e-02 1.3696819037e+01 2.3359848269e+02
13 5.9340327699e-01 1.5482802979e-02 1.2263263753e+01 1.8337824234e+02
14 5.9335088792e-01 1.5515485849e-02 1.2191728532e+01 1.8200945695e+02
15 5.9329308767e-01 1.5711958692e-02 1.1708017568e+01 1.7345626513e+02
16 5.9317863184e-01 1.5857604313e-02 1.1370341194e+01 1.6760578839e+02
17 5.9336822958e-01 1.7562856200e-02 1.0637576044e+01 1.4173291522e+02
18 5.9356446182e-01 1.9150507104e-02 9.9704421523e+00 1.2157586859e+02
19 5.9402787715e-01 2.1952845287e-02 9.1217023447e+00 9.7572698060e+01
20 5.9400339942e-01 2.1987285656e-02 9.0794873436e+00 9.7006680471e+01
21 5.9395967638e-01 2.1988891419e-02 9.0777216318e+00 9.7045968821e+01
22 5.9394985503e-01 2.2040218523e-02 9.0136703976e+00 9.6166181173e+01
23 5.9416173850e-01 2.3260204271e-02 8.6302192013e+00 8.7070445418e+01
24 5.9412662820e-01 2.3449004177e-02 8.5826738253e+00 8.6596194542e+01
25 5.9431684581e-01 2.5450780185e-02 9.3876022615e+00 1.0735040243e+02
26 5.9430022203e-01 2.5505897117e-02 9.3214836764e+00 1.0646437417e+02
27 5.9472404739e-01 2.7629302449e-02 8.4585524263e+00 8.6658831740e+01
28 5.9494704834e-01 2.8717213380e-02 8.1197446726e+00 7.9200705525e+01
29 5.9485556882e-01 2.8888509904e-02 7.9655545583e+00 7.7478527428e+01
30 5.9494201793e-01 3.0519443954e-02 8.3012484976e+00 8.3823801372e+01
31 5.9485072539e-01 3.0581075122e-02 8.2551273857e+00 8.3256828412e+01
32 5.9487541873e-01 3.0693165668e-02 8.2380422238e+00 8.2791806978e+01
33 5.9480605628e-01 3.0631731158e-02 8.2180545720e+00 8.2780747150e+01
34 5.9495024463e-01 3.1582290751e-02 7.8691983029e+00 7.5979063479e+01
35 5.9519432154e-01 3.2604011787e-02 7.6163401486e+00 7.0472716007e+01
36 5.9518024428e-01 3.2607001599e-02 7.6154378156e+00 7.0460063370e+01
37 5.9516491037e-01 3.2689516546e-02 7.5540197352e+00 6.9774197438e+01
38 5.9514751009e-01 3.2685901928e-02 7.5579642654e+00 6.9819884443e+01
39 5.9509164082e-01 3.2741417864e-02 7.5213009634e+00 6.9404420542e+01
40 5.9514691727e-01 3.2765309534e-02 7.5006962994e+00 6.9152396233e+01
41 5.9509227202e-01 3.2725986716e-02 7.4750592806e+00 6.9042414810e+01
42 5.9518361010e-01 3.4024216079e-02 7.5538727569e+00 6.9453119824e+01
43 5.9510880256e-01 3.4148686244e-02 7.4716051350e+00 6.8528496188e+01
44 5.9535314257e-01 3.5150162157e-02 7.2359931077e+00 6.3845341293e+01
45 5.9537836395e-01 3.5152083507e-02 7.2327300394e+00 6.3810615797e+01
46 5.9546162412e-01 3.6514076444e-02 7.3651681203e+00 6.5419443017e+01
47 5.9545396357e-01 3.6546859591e-02 7.3449593297e+00 6.5192464804e+01
48 5.9571611655e-01 3.7589864075e-02 7.1251367531e+00 6.0970424689e+01
49 5.9567963054e-01 3.7615006538e-02 7.1126858649e+00 6.0836216578e+01
50 5.9558377645e-01 3.7644347531e-02 7.1024134991e+00 6.0720147715e+01
51 5.9579134326e-01 3.8385991483e-02 6.8976977525e+00 5.7305761585e+01
52 5.9542076943e-01 3.6795646397e-02 6.9727062433e+00 5.9670646732e+01
53 5.9564395704e-01 3.7727675392e-02 6.7891185987e+00 5.6248646668e+01
54 5.9561659315e-01 3.7746988207e-02 6.7791672223e+00 5.6154833021e+01
55 5.9590023344e-01 3.8486700990e-02 6.6020279123e+00 5.3163023597e+01
56 5.9585136491e-01 3.8515824706e-02 6.5922931949e+00 5.3039244798e+01
57 5.9583133542e-01 3.8562173449e-02 6.5675336200e+00 5.2802111024e+01
58 5.9611298207e-01 3.9257740589e-02 6.4038654492e+00 5.0150635513e+01
59 5.9605470693e-01 3.9288921256e-02 6.3915793284e+00 5.0030765634e+01
60 5.9617384976e-01 4.0022601720e-02 6.2228723542e+00 4.7476289930e+01
61 5.9616225270e-01 4.0049245669e-02 6.2106536159e+00 4.7357767681e+01
62 5.9610428823e-01 3.9920209495e-02 6.1783851046e+00 4.7198812626e+01
63 5.9624184934e-01 4.0663010471e-02 6.0146278853e+00 4.4783408482e+01
64 5.9622300095e-01 4.0675123768e-02 6.0103359913e+00 4.4741433947e+01
65 5.9635619753e-01 4.1826318144e-02 6.1159421575e+00 4.6017059313e+01
66 5.9616365037e-01 4.0715563884e-02 5.9953315206e+00 4.4600673903e+01
67 5.9592752061e-01 4.0615172595e-02 5.9635062900e+00 4.4562364030e+01
68 5.9545764368e-01 3.8802453983e-02 5.9150563544e+00 4.4318300688e+01
69 5.9539803748e-01 3.8828092863e-02 5.9069082139e+00 4.4238126934e+01
70 5.9539341904e-01 3.8827033527e-02 5.9062512574e+00 4.4244083696e+01
71 5.9523637472e-01 3.7605855607e-02 5.6847142041e+00 4.0996957409e+01
72 5.9523870875e-01 3.7650605642e-02 5.6612910371e+00 4.0805849036e+01
73 5.9534024058e-01 3.8982464766e-02 5.8327284196e+00 4.3586465291e+01
74 5.9541911092e-01 3.9500951655e-02 5.7117112049e+00 4.1869039188e+01
75 5.9553547012e-01 4.0250286374e-02 5.5723214917e+00 3.9850636197e+01
76 5.9578794183e-01 4.0956432926e-02 5.4689584338e+00 3.8181845037e+01
77 5.9582018210e-01 4.0940413067e-02 5.4726916464e+00 3.8223769691e+01
78 5.9581793169e-01 4.0946147348e-02 5.4703306687e+00 3.8203757168e+01
79 5.9576806926e-01 4.1012210836e-02 5.4458702956e+00 3.7988462448e+01
80 5.9568821356e-01 4.1042898048e-02 5.4381995307e+00 3.7918548055e+01
81 5.9588105290e-01 4.1616356117e-02 5.3259719729e+00 3.6410658737e+01
82 5.9585673466e-01 4.1641813703e-02 5.3183289937e+00 3.6333439333e+01
83 5.9599233449e-01 4.2352249786e-02 5.2023153775e+00 3.4762064076e+01
84 5.9645894466e-01 4.3465622469e-02 5.0308980688e+00 3.2396877479e+01
85 5.9649573023e-01 4.3490819524e-02 5.0206621703e+00 3.2305858073e+01
86 5.9649054264e-01 4.3527697396e-02 5.0058065762e+00 3.2203406379e+01
87 5.9651392285e-01 4.3732077651e-02 5.0191425379e+00 3.2649160482e+01
88 5.9627334838e-01 4.3072064695e-02 5.0999498519e+00 3.3891891137e+01
89 5.9622963027e-01 4.3106873567e-02 5.0888649303e+00 3.3805327285e+01
90 5.9614996046e-01 4.3225626358e-02 5.0465249605e+00 3.3482959790e+01
91 5.9616146503e-01 4.3249244533e-02 5.0377545610e+00 3.3405600128e+01
92 5.9635697644e-01 4.3959687791e-02 4.9496136762e+00 3.2136621895e+01
93 5.9651080761e-01 4.5247289252e-02 5.1575360911e+00 3.5147492979e+01
94 5.9668054763e-01 4.5949837721e-02 5.0998532180e+00 3.4450904495e+01
95 5.9670176769e-01 4.5942199177e-02 5.1015246982e+00 3.4463749817e+01
96 5.9675748352e-01 4.6417109717e-02 4.9979467191e+00 3.3268830335e+01
97 5.9680433178e-01 4.6424805532e-02 4.9925414687e+00 3.3226619308e+01
98 5.9675348766e-01 4.6472530374e-02 4.9780472281e+00 3.3114593405e+01
99 5.9715105801e-01 4.8044335542e-02 5.0004667061e+00 3.3058227391e+01
100 5.9714191147e-01 4.7964246802e-02 5.0025846904e+00 3.3136334334e+01
101 5.9702867806e-01 4.7974608338e-02 5.0045514459e+00 3.3155656806e+01
102 5.9748897800e-01 4.9183088375e-02 4.8530780341e+00 3.0995864015e+01
103 5.9744454491e-01 4.9239878615e-02 4.8492332975e+00 3.0948306910e+01
104 5.9738178925e-01 4.9278771079e-02 4.8389372086e+00 3.0879712454e+01
105 5.9692847559e-01 4.7728021745e-02 4.7900485060e+00 3.0758327283e+01
106 5.9722901718e-01 4.8578303189e-02 4.6671764784e+00 2.9171205885e+01
107 5.9705867118e-01 4.7198514317e-02 4.5033021855e+00 2.7218889234e+01
108 5.9726831510e-01 4.7711526283e-02 4.4389046138e+00 2.6411994750e+01
109 5.9750459108e-01 4.8313554704e-02 4.3846502771e+00 2.5652419961e+01
110 5.9747178969e-01 4.8320354941e-02 4.3639015805e+00 2.5554981724e+01
111 5.9746202846e-01 4.8332298557e-02 4.3609801833e+00 2.5533470474e+01
112 5.9765505856e-01 4.8946005570e-02 4.3062139505e+00 2.4797486724e+01
113 5.9786778084e-01 4.9490389385e-02 4.2501869929e+00 2.4102482697e+01
114 5.9782865590e-01 4.9484057496e-02 4.2538012612e+00 2.4128251641e+01
115 5.9804186472e-01 5.0066988853e-02 4.2057172220e+00 2.3485838571e+01
116 5.9831973875e-01 5.0379955691e-02 4.1620619164e+00 2.2985767205e+01
117 5.9833990935e-01 5.0388772728e-02 4.1584993147e+00 2.2963115329e+01
118 5.9854761814e-01 5.0767390337e-02 4.1109527333e+00 2.2437816166e+01
119 5.9852928344e-01 5.0852275172e-02 4.1036231637e+00 2.2375562853e+01
120 5.9861222177e-01 5.1749297723e-02 4.1642727202e+00 2.2998528276e+01
121 5.9880560449e-01 5.2205538320e-02 4.0993772720e+00 2.2207873194e+01
122 5.9907981583e-01 5.2633198999e-02 4.0543304992e+00 2.1682997772e+01
123 5.9932280188e-01 5.3074787249e-02 4.0030836690e+00 2.1149674195e+01
124 5.9935701392e-01 5.3069520180e-02 4.0024342247e+00 2.1147706535e+01
125 5.9939019794e-01 5.3086665594e-02 3.9963742842e+00 2.1110909620e+01
126 5.9909530259e-01 5.2558103590e-02 4.0398105809e+00 2.1635407651e+01
127 5.9906907227e-01 5.2719439700e-02 4.0662625453e+00 2.2065319379e+01
128 5.9931649490e-01 5.3169577244e-02 4.0154586054e+00 2.1515291822e+01
129 5.9929006460e-01 5.3220365233e-02 4.0189360838e+00 2.1519619142e+01
130 5.9944492379e-01 5.4108678409e-02 4.0946691618e+00 2.2393614334e+01
131 5.9939713149e-01 5.4160058880e-02 4.0827664439e+00 2.2327714892e+01
132 5.9929807366e-01 5.4177319561e-02 4.0790780384e+00 2.2305093971e+01
133 5.9922995516e-01 5.4222641280e-02 4.0710417777e+00 2.2252697570e+01
134 5.9913803098e-01 5.4302148071e-02 4.0542563993e+00 2.2155607568e+01
135 5.9933236654e-01 5.4800676592e-02 4.0033119372e+00 2.1597490092e+01
136 5.9929727405e-01 5.4823620718e-02 3.9995000061e+00 2.1572341975e+01
137 5.9888836628e-01 5.3515931037e-02 3.9536265044e+00 2.1130929923e+01
138 5.9890215060e-01 5.3662616051e-02 3.9323896007e+00 2.0971410359e+01
139 5.9881410534e-01 5.3632860477e-02 3.9240338012e+00 2.0949062527e+01
140 5.9875388254e-01 5.3660489817e-02 3.9202998663e+00 2.0924590171e+01
141 5.9855829667e-01 5.2647609997e-02 3.7419943367e+00 1.8677540364e+01
142 5.9914316306e-01 5.4548327596e-02 3.7330245375e+00 1.8519246240e+01
143 5.9934144710e-01 5.5092796767e-02 3.6941293353e+00 1.8099162890e+01
144 5.9919519426e-01 5.4317213747e-02 3.6236615675e+00 1.7430570742e+01
145 5.9921738363e-01 5.4503665974e-02 3.6112769355e+00 1.7361918942e+01
146 5.9920146892e-01 5.4483629393e-02 3.6121704620e+00 1.7370885313e+01
147 5.9964957587e-01 5.5406340234e-02 3.5456777304e+00 1.6679518096e+01
148 5.9967702054e-01 5.5399585449e-02 3.5456270367e+00 1.6680545851e+01
149 5.9962590630e-01 5.5413677818e-02 3.5454083037e+00 1.6676836248e+01
150 5.9986730388e-01 5.5909492302e-02 3.5094697682e+00 1.6326258570e+01
151 6.0060708437e-01 5.7456067044e-02 3.4224272114e+00 1.5417841624e+01
152 6.0052578872e-01 5.7552195665e-02 3.4175788653e+00 1.5384244103e+01
153 6.0091746559e-01 5.8414164680e-02 3.3495629610e+00 1.4796951707e+01
154 6.0106924215e-01 5.9185378905e-02 3.4175792895e+00 1.5455423763e+01
155 6.0120803036e-01 5.9750754179e-02 3.3752195841e+00 1.5107024872e+01
156 6.0116461787e-01 5.9777868912e-02 3.3701697421e+00 1.5091878040e+01
157 6.0134079575e-01 6.0081881643e-02 3.3109349824e+00 1.4528241181e+01
158 6.0152270056e-01 6.0619197788e-02 3.2768412894e+00 1.4237315458e+01
159 6.0174476885e-01 6.0907954334e-02 3.2472887854e+00 1.4005855016e+01
160 6.0164047539e-01 6.0662407593e-02 3.1724004584e+00 1.3426605577e+01
161 6.0158643435e-01 6.0705642736e-02 3.1673287319e+00 1.3400858232e+01
162 6.0178474807e-01 6.1072359677e-02 3.1423440020e+00 1.3185604989e+01
163 6.0189543473e-01 6.1831618788e-02 3.1878060705e+00 1.3605751692e+01
164 6.0175287608e-01 6.1167457204e-02 3.1501598776e+00 1.3304499044e+01
165 6.0191402322e-01 6.1859615470e-02 3.2017645160e+00 1.3788218911e+01
166 6.0227555130e-01 6.2448334638e-02 3.1394918560e+00 1.3235407239e+01
167 6.0253916909e-01 6.3674612702e-02 3.1441555615e+00 1.3313459717e+01
168 6.0274776084e-01 6.4119627048e-02 3.1185771511e+00 1.3090214335e+01
169 6.0273936078e-01 6.4076805972e-02 3.1171939782e+00 1.3088373216e+01
170 6.0299106984e-01 6.4470863862e-02 3.0902404582e+00 1.2866102674e+01
171 6.0303222223e-01 6.4475119521e-02 3.0879333074e+00 1.2854739697e+01
172 6.0314438739e-01 6.4829192414e-02 3.0596499344e+00 1.2649495406e+01
173 6.0312880732e-01 6.4812055440e-02 3.0564653324e+00 1.2642590601e+01
174 6.0280619035e-01 6.3446863052e-02 2.9691619189e+00 1.1893559067e+01
175 6.0319413282e-01 6.4507858934e-02 2.9741648085e+00 1.1990275005e+01
176 6.0318522259e-01 6.4488054775e-02 2.9735553713e+00 1.1984966549e+01
177 6.0350460294e-01 6.5517589835e-02 2.9438730561e+00 1.1823345164e+01
178 6.0377426746e-01 6.6727840210e-02 2.9424672891e+00 1.1857242219e+01
179 6.0342910407e-01 6.5763762478e-02 2.9267822996e+00 1.1741562244e+01
180 6.0332005359e-01 6.5899689315e-02 2.9239844951e+00 1.1716973741e+01
181 6.0357695155e-01 6.6272793615e-02 2.9010066086e+00 1.1537157318e+01
182 6.0350469135e-01 6.6253476592e-02 2.9000695365e+00 1.1537438686e+01
183 6.0356397764e-01 6.7080280583e-02 2.9435787028e+00 1.1978438899e+01
184 6.0375524451e-01 6.7447957774e-02 2.9228368252e+00 1.1803937031e+01
185 6.0397577618e-01 6.7922126200e-02 2.8990098596e+00 1.1612841319e+01
186 6.0465043196e-01 6.9750712822e-02 2.8983720107e+00 1.1550940764e+01
187 6.0410000715e-01 6.8038059068e-02 2.8567145803e+00 1.1267100068e+01
188 6.0401208268e-01 6.8021090409e-02 2.8510330636e+00 1.1257377801e+01
189 6.0422246121e-01 6.8460307132e-02 2.8337147173e+00 1.1107626985e+01
190 6.0389566040e-01 6.8108664806e-02 2.8504013043e+00 1.1255122855e+01
191 6.0372212329e-01 6.8081790877e-02 2.8483251900e+00 1.1249907741e+01
192 6.0370636959e-01 6.8058620354e-02 2.8490941664e+00 1.1267016915e+01
193 6.0380154971e-01 6.8797219386e-02 2.8739888946e+00 1.1448894845e+01
194 6.0394096814e-01 6.9295899195e-02 2.8526989757e+00 1.1276406970e+01
195 6.0383787764e-01 6.9359295180e-02 2.8464371444e+00 1.1256947902e+01
196 6.0395557564e-01 6.9969877920e-02 2.8858885898e+00 1.1556343699e+01
197 6.0401672607e-01 7.0534875344e-02 2.9065345515e+00 1.1687489150e+01
198 6.0393740728e-01 7.0062032981e-02 2.8832430787e+00 1.1541816301e+01
199 6.0388743364e-01 7.0128274973e-02 2.8756808554e+00 1.1508512838e+01
200 6.0390344216e-01 7.0124950317e-02 2.8754836909e+00 1.1508022840e+01
201 6.0413320303e-01 7.0522520332e-02 2.8538388170e+00 1.1335483081e+01
202 6.0366155999e-01 6.9649021278e-02 2.8427328762e+00 1.1285410114e+01
203 6.0345297787e-01 6.8974741883e-02 2.8004978220e+00 1.0960876433e+01
204 6.0344610149e-01 6.8996332474e-02 2.7979005600e+00 1.0948489050e+01
205 6.0344347461e-01 6.8994907695e-02 2.7981602523e+00 1.0949816967e+01
206 6.0342112872e-01 6.9074029353e-02 2.7974449449e+00 1.0951602602e+01
207 6.0374989732e-01 7.0087828263e-02 2.8023646519e+00 1.0992419137e+01
208 6.0370399833e-01 7.0143196672e-02 2.8038841487e+00 1.0993877657e+01
209 6.0371684254e-01 7.0138021006e-02 2.8040918803e+00 1.0994905252e+01
210 6.0393201087e-01 7.0466388849e-02 2.7836400812e+00 1.0845145208e+01
211 6.0436732141e-01 7.1117418659e-02 2.7430109282e+00 1.0552096234e+01
212 6.0401366475e-01 7.0776458419e-02 2.7603272256e+00 1.0694650179e+01
213 6.0400961085e-01 7.0802182950e-02 2.7566425253e+00 1.0681442350e+01
214 6.0401892883e-01 7.0700449225e-02 2.7533609454e+00 1.0671192326e+01
215 6.0418866757e-01 7.1053812589e-02 2.7327956109e+00 1.0520495918e+01
216 6.0426085564e-01 7.1804070280e-02 2.7663684100e+00 1.0823047480e+01
217 6.0444024571e-01 7.2137024420e-02 2.7441363748e+00 1.0668288196e+01
218 6.0361411358e-01 7.0361015045e-02 2.7174240376e+00 1.0504191307e+01
219 6.0400440830e-01 7.1363340086e-02 2.7367947136e+00 1.0641938335e+01
220 6.0444753039e-01 7.2341815624e-02 2.7520783425e+00 1.0770362439e+01
221 6.0443508596e-01 7.2355463083e-02 2.7516387370e+00 1.0763678880e+01
222 6.0434504831e-01 7.2416752006e-02 2.7464596659e+00 1.0742940916e+01
223 6.0497902952e-01 7.3728067832e-02 2.7468084973e+00 1.0808479072e+01
224 6.0527289515e-01 7.4161138779e-02 2.7282238030e+00 1.0697500970e+01
225 6.0547552390e-01 7.4548861008e-02 2.7077939236e+00 1.0543585339e+01
226 6.0547061114e-01 7.5157042909e-02 2.7355094519e+00 1.0780866149e+01
227 6.0531456852e-01 7.5201030770e-02 2.7262840093e+00 1.0760230095e+01
228 6.0561969554e-01 7.6075764532e-02 2.7493589606e+00 1.0945831841e+01
229 6.0570864843e-01 7.6413753306e-02 2.7265461388e+00 1.0791683566e+01
230 6.0566997103e-01 7.6475973181e-02 2.7251699320e+00 1.0779482799e+01
231 6.0593088352e-01 7.6795619661e-02 2.7031762392e+00 1.0625656203e+01
232 6.0591819189e-01 7.6771438975e-02 2.7025120647e+00 1.0630641759e+01
233 6.0562267705e-01 7.6396612544e-02 2.7151758941e+00 1.0727888889e+01
234 6.0559732914e-01 7.6445040222e-02 2.7110923678e+00 1.0708221390e+01
235 6.0550373455e-01 7.6494712539e-02 2.7083870466e+00 1.0694610289e+01
236 6.0569758054e-01 7.7034887612e-02 2.7347395392e+00 1.0858355366e+01
237 6.0532900757e-01 7.5915216737e-02 2.7163974607e+00 1.0737566649e+01
238 6.0542802340e-01 7.5711955460e-02 2.6718507813e+00 1.0420691702e+01
239 6.0598411958e-01 7.6754875230e-02 2.6559364156e+00 1.0283995172e+01
240 6.0622431180e-01 7.7111308505e-02 2.6366817580e+00 1.0158655007e+01
241 6.0640437939e-01 7.7300132429e-02 2.6185680389e+00 1.0045247343e+01
242 6.0684735030e-01 7.7806455378e-02 2.5836246527e+00 9.8140121157e+00
243 6.0726387963e-01 7.8599990247e-02 2.5536021461e+00 9.6036154312e+00
244 6.0727723222e-01 7.8624953100e-02 2.5516025206e+00 9.5941529598e+00
245 6.0711992025e-01 7.8431103763e-02 2.5637400680e+00 9.6818485796e+00
246 6.0705097911e-01 7.8450075670e-02 2.5642682322e+00 9.6816135037e+00
247 6.0685510822e-01 7.8255373177e-02 2.5827816220e+00 9.8134705087e+00
248 6.0686659684e-01 7.8207483212e-02 2.5823472186e+00 9.8155416163e+00
249 6.0689655201e-01 7.8162781521e-02 2.5828191790e+00 9.8237974617e+00
250 6.0645073417e-01 7.7293579678e-02 2.5747058655e+00 9.7875775398e+00
251 6.0633286439e-01 7.7065606862e-02 2.5141372088e+00 9.3613182934e+00
252 6.0622708690e-01 7.7160932382e-02 2.5102862715e+00 9.3413667939e+00
253 6.0591177751e-01 7.5941015019e-02 2.4485250892e+00 8.9488721549e+00
254 6.0586040403e-01 7.5985695346e-02 2.4451201119e+00 8.9354190903e+00
255 6.0626295907e-01 7.6686597046e-02 2.4154688472e+00 8.7269903559e+00
256 6.0579116821e-01 7.5784948935e-02 2.3850111700e+00 8.5210282977e+00
257 6.0579344003e-01 7.5804701542e-02 2.3867302739e+00 8.5223745715e+00
258 6.0585880982e-01 7.5798620523e-02 2.3849060210e+00 8.5167538902e+00
259 6.0585782349e-01 7.5889199940e-02 2.3845965101e+00 8.5110381173e+00
260 6.0643471672e-01 7.7441082583e-02 2.4260939637e+00 8.7878401293e+00
261 6.0648917191e-01 7.7740087465e-02 2.4050373609e+00 8.6779223194e+00
262 6.0653129406e-01 7.7776107525e-02 2.4072647936e+00 8.6875321499e+00
263 6.0647105418e-01 7.7745799517e-02 2.4020388061e+00 8.6164178416e+00
264 6.0661837029e-01 7.8051475135e-02 2.3861517135e+00 8.5138148673e+00
265 6.0695908789e-01 7.9223786652e-02 2.4239215174e+00 8.8411567733e+00
266 6.0693980337e-01 7.9194790079e-02 2.4229420475e+00 8.8398147309e+00
267 6.0678461320e-01 7.9002233872e-02 2.4502066249e+00 9.0713411686e+00
268 6.0611516003e-01 7.7358949516e-02 2.3749172037e+00 8.4886417642e+00
269 6.0618260909e-01 7.7450300989e-02 2.3745878917e+00 8.4769828540e+00
270 6.0633537708e-01 7.8102561428e-02 2.3955837190e+00 8.5915240831e+00
271 6.0609359330e-01 7.7789229607e-02 2.4089544941e+00 8.6882057914e+00
272 6.0624479178e-01 7.8304456864e-02 2.4214599347e+00 8.7675444522e+00
273 6.0584130387e-01 7.7539894813e-02 2.4161783488e+00 8.7489840710e+00
274 6.0634336871e-01 7.8290708255e-02 2.3867713507e+00 8.5387446555e+00
275 6.0614069711e-01 7.7959610920e-02 2.3622607211e+00 8.3958263590e+00
276 6.0606791446e-01 7.7999378461e-02 2.3604841163e+00 8.3883970614e+00
277 6.0661689584e-01 7.8793962905e-02 2.3399691630e+00 8.2255863020e+00
278 6.0679041449e-01 7.9156578693e-02 2.3249467594e+00 8.1285069755e+00
279 6.0667299306e-01 7.8754694606e-02 2.3066578131e+00 8.0216528146e+00
280 6.0683412176e-01 7.9406880115e-02 2.3510486977e+00 8.3678766658e+00
281 6.0695985862e-01 7.9971457051e-02 2.3783115960e+00 8.5551146141e+00
282 6.0694056143e-01 7.9971263897e-02 2.3793206948e+00 8.5571087385e+00
283 6.0694468855e-01 8.0113027275e-02 2.3792754597e+00 8.5502246394e+00
284 6.0687780087e-01 8.0174696006e-02 2.3775038820e+00 8.5480051393e+00
285 6.0720965591e-01 8.0527143349e-02 2.3611407555e+00 8.4358002338e+00
286 6.0748770806e-01 8.0726718651e-02 2.3553981728e+00 8.4122776681e+00
287 6.0742263086e-01 8.0723684493e-02 2.3550236842e+00 8.4154396363e+00
288 6.0731595206e-01 8.0714668228e-02 2.3545039952e+00 8.4213207451e+00
289 6.0735907246e-01 8.0656904096e-02 2.3541205860e+00 8.4284518035e+00
290 6.0734465124e-01 8.0657906709e-02 2.3548876886e+00 8.4292889802e+00
291 6.0763774853e-01 8.1427468435e-02 2.3526765566e+00 8.4326464432e+00
292 6.0745722772e-01 8.0947165405e-02 2.3320590684e+00 8.3194845761e+00
293 6.0752598413e-01 8.1530320155e-02 2.3574919769e+00 8.5198577738e+00
294 6.0749664255e-01 8.1533338882e-02 2.3556284891e+00 8.5160209506e+00
295 6.0748616634e-01 8.1524563065e-02 2.3554652685e+00 8.5160775041e+00
296 6.0746615845e-01 8.1531982582e-02 2.3553726512e+00 8.5154619514e+00
297 6.0760953754e-01 8.1802124933e-02 2.3564802806e+00 8.4922560081e+00
298 6.0776772504e-01 8.2423147871e-02 2.3959901575e+00 8.8044820586e+00
299 6.0726905047e-01 8.1404954409e-02 2.3697000928e+00 8.6407943326e+00
300 6.0719775871e-01 8.1445392431e-02 2.3679088052e+00 8.6328209454e+00
301 6.0694684177e-01 8.0716941970e-02 2.3354488962e+00 8.4074028707e+00
302 6.0684973584e-01 8.0711413730e-02 2.3357253636e+00 8.4102908785e+00
303 6.0718148115e-01 8.0927122599e-02 2.2787136099e+00 8.0065902430e+00
304 6.0699208133e-01 8.0593097274e-02 2.2772108139e+00 8.0281584337e+00
305 6.0702684201e-01 8.1221199514e-02 2.2917449862e+00 8.1067607862e+00
306 6.0707740534e-01 8.1693890471e-02 2.3015111433e+00 8.1650855605e+00
307 6.0710042170e-01 8.1740349002e-02 2.2996516241e+00 8.1537949468e+00
308 6.0705920462e-01 8.1748420511e-02 2.3002810948e+00 8.1553052298e+00
309 6.0688115165e-01 8.1243539413e-02 2.2654005883e+00 7.9030191139e+00
310 6.0697213172e-01 8.2138947769e-02 2.3000104502e+00 8.1522557272e+00
311 6.0687324601e-01 8.2198048112e-02 2.2973228822e+00 8.1413819285e+00
312 6.0687662180e-01 8.2260891008e-02 2.2999086975e+00 8.1478738511e+00
313 6.0680049974e-01 8.2313431591e-02 2.2992209864e+00 8.1468822768e+00
314 6.0708804500e-01 8.3613105779e-02 2.3696697164e+00 8.6601874274e+00
315 6.0704652629e-01 8.3649910864e-02 2.3696912066e+00 8.6603212006e+00
316 6.0710286532e-01 8.4394777507e-02 2.4042981076e+00 8.9271933203e+00
317 6.0733374792e-01 8.4561286662e-02 2.3910371834e+00 8.8493636787e+00
318 6.0766557611e-01 8.5298313795e-02 2.3900796912e+00 8.8301605096e+00
319 6.0797660179e-01 8.6015204801e-02 2.4134224081e+00 9.0771806948e+00
320 6.0787014356e-01 8.6015918771e-02 2.4102265152e+00 9.0731731321e+00
321 6.0788966065e-01 8.6249964435e-02 2.4130427432e+00 9.0992622464e+00
322 6.0793121461e-01 8.6258887200e-02 2.4105513239e+00 9.0912751729e+00
323 6.0851958481e-01 8.7293798615e-02 2.3878305144e+00 8.8948873516e+00
324 6.0866668122e-01 8.7973862895e-02 2.4067902376e+00 8.9924653966e+00
325 6.0917576421e-01 8.8614542978e-02 2.3769662858e+00 8.7860848701e+00
326 6.0860016246e-01 8.7746267146e-02 2.3943811496e+00 8.9235850185e+00
327 6.0894376315e-01 8.8499139263e-02 2.3945070965e+00 8.9138159094e+00
328 6.0870920452e-01 8.8345639653e-02 2.4145600286e+00 9.0603256599e+00
329 6.0866329145e-01 8.8375530798e-02 2.4129917550e+00 9.0537847998e+00
330 6.0860156004e-01 8.8378783376e-02 2.4122076772e+00 9.0541378618e+00
331 6.0887599529e-01 8.8270770298e-02 2.3500185938e+00 8.6667919811e+00
332 6.0881442274e-01 8.8494571546e-02 2.3837385077e+00 8.8816655025e+00
333 6.0904191001e-01 8.8700065297e-02 2.3626337886e+00 8.7239998211e+00
334 6.0893308380e-01 8.8718723858e-02 2.3615282113e+00 8.7219939375e+00
335 6.0877047949e-01 8.8802671895e-02 2.3647142370e+00 8.7553408734e+00
336 6.0888633804e-01 8.8530520503e-02 2.3023163777e+00 8.2417615344e+00
337 6.0884288419e-01 8.8527922286e-02 2.3009385634e+00 8.2400570749e+00
338 6.0870097469e-01 8.7811956621e-02 2.2542343593e+00 7.9703880849e+00
339 6.0857992279e-01 8.7206636581e-02 2.2249994682e+00 7.7764990440e+00
340 6.0832373242e-01 8.7084671367e-02 2.2363600803e+00 7.8343009024e+00
341 6.0813227729e-01 8.7132220599e-02 2.2348299674e+00 7.8330155280e+00
342 6.0802136850e-01 8.7176088563e-02 2.2306127740e+00 7.8230392718e+00
343 6.0827597241e-01 8.7431437246e-02 2.2200660408e+00 7.7652658344e+00
344 6.0820111345e-01 8.7401028509e-02 2.2226559326e+00 7.7788185894e+00
345 6.0825617608e-01 8.7452872909e-02 2.2224047808e+00 7.7752625141e+00
346 6.0855034710e-01 8.7715388393e-02 2.2086471283e+00 7.6938624263e+00
347 6.0883413772e-01 8.8112468142e-02 2.1761040805e+00 7.4901813984e+00
348 6.0886771445e-01 8.8111874032e-02 2.1751781870e+00 7.4868077625e+00
349 6.0861942192e-01 8.8052041546e-02 2.2079391218e+00 7.7025352112e+00
350 6.0864121760e-01 8.8004540157e-02 2.2086873898e+00 7.7105615550e+00
351 6.0865637842e-01 8.8007196400e-02 2.2083571062e+00 7.7088294081e+00
352 6.0880469283e-01 8.8289638548e-02 2.1971776431e+00 7.6336225072e+00
353 6.0884800841e-01 8.8316996304e-02 2.1959196177e+00 7.6283760777e+00
354 6.0885484986e-01 8.8394456526e-02 2.1953563799e+00 7.6195332169e+00
355 6.0905911981e-01 8.8478812541e-02 2.1853808750e+00 7.5725572368e+00
356 6.0906804072e-01 8.8628135134e-02 2.1949602376e+00 7.6502179213e+00
357 6.0899174790e-01 8.8559180129e-02 2.1972483375e+00 7.6644714874e+00
358 6.0922873071e-01 8.9650608756e-02 2.2591614407e+00 8.1622326506e+00
359 6.0907819958e-01 8.9098820012e-02 2.2375467342e+00 8.0529901643e+00
360 6.0945518671e-01 8.9542817272e-02 2.2140771077e+00 7.9074518441e+00
361 6.0980568513e-01 9.0249603294e-02 2.1811188636e+00 7.6618206174e+00
362 6.1015611188e-01 9.1126692448e-02 2.1775724548e+00 7.6177588994e+00
363 6.1004124525e-01 9.1050586176e-02 2.1714656657e+00 7.5725886654e+00
364 6.1085389412e-01 9.2998072940e-02 2.2021136767e+00 7.6965936905e+00
365 6.1095340420e-01 9.3465876586e-02 2.2076109701e+00 7.7253012607e+00
