1 5.9282947138e-01 1.1102230246e-16 1.0000000000e+00 1.0000000000e+00
2 5.9294676758e-01 7.5897367699e-03 2.8700241845e+01 8.8544605430e+02
3 5.9295352477e-01 7.7394174444e-03 2.7136992936e+01 8.1939917266e+02
4 5.9291094221e-01 7.8824808457e-03 2.5626768855e+01 7.6233593166e+02
5 5.9295130235e-01 1.1119628123e-02 1.8093039098e+01 3.8523179081e+02
6 5.9283959877e-01 1.1293193914e-02 1.7201920758e+01 3.6314975567e+02
7 5.9263406808e-01 1.1675678252e-02 1.5440130491e+01 3.1963800842e+02
8 5.9259294431e-01 1.1822690166e-02 1.4852186459e+01 3.0435213026e+02
9 5.9290404786e-01 1.3959221079e-02 1.3619268274e+01 2.3319537191e+02
10 5.9284632403e-01 1.4003720320e-02 1.3492161162e+01 2.3048481529e+02
11 5.9282748167e-01 1.4069762020e-02 1.3302577985e+01 2.2628459965e+02
12 5.9270476816e-01 1.4375922038e-02 1.2397720996e+01 2.0846229042e+02
13 5.9255543566e-01 1.4575171937e-02 1.1846046533e+01 1.9803242599e+02
14 5.9270106392e-01 1.6499301864e-02 1.0936375132e+01 1.6019169760e+02
15 5.9295763910e-01 1.8087565393e-02 1.0397211780e+01 1.3787289118e+02
16 5.9299298193e-01 1.8128063151e-02 1.0326347975e+01 1.3657108589e+02
17 5.9328094381e-01 1.9592409878e-02 9.8157398708e+00 1.1943448370e+02
18 5.9327184953e-01 1.9659006275e-02 9.7046807535e+00 1.1789549419e+02
19 5.9327945476e-01 1.9679957995e-02 9.6742550848e+00 1.1738153483e+02
20 5.9326168576e-01 1.9738774420e-02 9.5939140074e+00 1.1603743995e+02
21 5.9344983592e-01 2.1102455551e-02 9.1584741245e+00 1.0323058419e+02
22 5.9361432227e-01 2.2555127905e-02 8.7499934647e+00 9.2806107374e+01
23 5.9355392273e-01 2.2607744438e-02 8.6904262082e+00 9.2050099638e+01
24 5.9375013170e-01 2.3759922198e-02 8.3897827868e+00 8.4290435110e+01
25 5.9374604558e-01 2.3776995599e-02 8.3711911851e+00 8.4055557412e+01
26 5.9358783662e-01 2.3915178668e-02 8.2269964546e+00 8.2384329700e+01
27 5.9400868732e-01 2.6109172207e-02 7.6775694854e+00 6.9997063128e+01
28 5.9397666983e-01 2.6159277950e-02 7.6362599663e+00 6.9501659578e+01
29 5.9394819197e-01 2.6195984568e-02 7.6056270432e+00 6.9147810522e+01
30 5.9410119667e-01 2.7258784616e-02 7.3435765719e+00 6.4047278579e+01
31 5.9429709920e-01 2.8228247090e-02 7.1441781069e+00 6.0026818190e+01
32 5.9418354397e-01 2.8328898353e-02 7.0716941874e+00 5.9304404654e+01
33 5.9438069441e-01 2.9299929054e-02 6.8638380374e+00 5.5541962191e+01
34 5.9457307660e-01 3.0221190488e-02 6.6837680420e+00 5.2337375984e+01
35 5.9477839327e-01 3.1219872181e-02 6.5191644470e+00 4.9488379702e+01
36 5.9504066213e-01 3.2093019872e-02 6.3490498876e+00 4.6794458917e+01
37 5.9548765330e-01 3.3850832791e-02 6.0585619898e+00 4.2322149110e+01
38 5.9621973990e-01 3.6054134549e-02 5.7111081678e+00 3.7209848781e+01
39 5.9678469196e-01 3.8729187301e-02 5.7336042153e+00 3.8346774799e+01
40 5.9688993907e-01 3.9500128398e-02 5.5860893219e+00 3.6515055144e+01
41 5.9689150607e-01 3.9536589518e-02 5.5708012720e+00 3.6380194408e+01
42 5.9703104475e-01 4.0259185502e-02 5.4461011996e+00 3.4810157949e+01
43 5.9698712821e-01 4.0347348447e-02 5.4229786286e+00 3.4620813158e+01
44 5.9729786295e-01 4.2031771280e-02 5.5231355139e+00 3.6452674324e+01
45 5.9791510776e-01 4.3900422852e-02 5.2284974193e+00 3.2565405475e+01
46 5.9832560954e-01 4.5459287364e-02 5.2707196857e+00 3.3359986050e+01
47 5.9830210064e-01 4.5521118108e-02 5.2465758085e+00 3.3197221520e+01
48 5.9830152217e-01 4.5542732815e-02 5.2378629562e+00 3.3136118052e+01
49 5.9846587863e-01 4.5941605517e-02 5.1217975129e+00 3.1601828475e+01
50 5.9893301667e-01 4.7055415484e-02 4.9620278351e+00 2.9605068489e+01
51 5.9888917224e-01 4.7097152525e-02 4.9506095355e+00 2.9519442934e+01
52 5.9903010138e-01 4.7730488690e-02 4.8491379086e+00 2.8444956047e+01
53 5.9917116072e-01 4.8257421509e-02 4.7697884384e+00 2.7556919289e+01
54 5.9934849391e-01 4.8900358766e-02 4.7229853250e+00 2.7172197957e+01
55 5.9931234169e-01 4.8920603890e-02 4.7189663230e+00 2.7141394432e+01
56 5.9947151963e-01 4.9348724917e-02 4.6523054205e+00 2.6416003663e+01
57 5.9915254739e-01 4.7514587193e-02 4.4008246342e+00 2.3068526546e+01
58 5.9915744897e-01 4.7529753288e-02 4.3962499713e+00 2.3037581741e+01
59 5.9931161976e-01 4.8168400989e-02 4.3151912391e+00 2.2278469565e+01
60 5.9929883923e-01 4.8322508296e-02 4.3180009342e+00 2.2289645902e+01
61 5.9930580247e-01 4.8329793869e-02 4.3153851362e+00 2.2273874166e+01
62 5.9916674993e-01 4.8437680616e-02 4.2908740626e+00 2.2129934785e+01
63 5.9905620904e-01 4.8442727442e-02 4.2902517910e+00 2.2119429987e+01
64 5.9903023777e-01 4.8495221295e-02 4.2761179032e+00 2.2035087167e+01
65 5.9900998761e-01 4.8539266387e-02 4.2644910542e+00 2.1964067229e+01
66 5.9923149719e-01 4.8701400414e-02 4.0422376172e+00 1.9407850034e+01
67 5.9938631948e-01 4.9781128311e-02 4.1821880630e+00 2.1280325642e+01
68 5.9969967485e-01 5.0784391434e-02 4.0646566792e+00 2.0182223948e+01
69 6.0024136408e-01 5.2572408141e-02 4.0264284980e+00 1.9808882172e+01
70 6.0017986382e-01 5.2600723713e-02 4.0227744763e+00 1.9785485738e+01
71 6.0016590835e-01 5.2616564842e-02 4.0196095071e+00 1.9766191937e+01
72 6.0016576491e-01 5.2627531932e-02 4.0169619169e+00 1.9749867420e+01
73 6.0010536356e-01 5.2597211266e-02 4.0142048117e+00 1.9744310244e+01
74 6.0013023226e-01 5.2637775460e-02 4.0028482627e+00 1.9677208301e+01
75 6.0030910704e-01 5.3115717620e-02 3.9457732001e+00 1.9174277434e+01
76 6.0027746347e-01 5.3300700799e-02 3.9352148318e+00 1.9117654545e+01
77 6.0031168353e-01 5.3299372923e-02 3.9338399750e+00 1.9109332538e+01
78 6.0038311132e-01 5.4190177494e-02 3.9730267782e+00 1.9498709634e+01
79 6.0034639766e-01 5.4202840770e-02 3.9719835373e+00 1.9491453168e+01
80 6.0051869970e-01 5.4708854515e-02 3.9219328420e+00 1.9020084431e+01
81 6.0039263617e-01 5.4821541871e-02 3.8923800516e+00 1.8786629773e+01
82 6.0038112676e-01 5.4889827183e-02 3.8891929280e+00 1.8768636393e+01
83 5.9996997232e-01 5.3419896117e-02 3.8279778811e+00 1.8004927197e+01
84 5.9976781288e-01 5.2679242246e-02 3.7767616312e+00 1.7547336760e+01
85 5.9968034535e-01 5.2755512639e-02 3.7626152957e+00 1.7473845122e+01
86 6.0059548627e-01 5.4588182507e-02 3.6134076419e+00 1.6093372314e+01
87 6.0057624666e-01 5.4660284749e-02 3.6118865549e+00 1.6081305858e+01
88 6.0055682269e-01 5.4623461559e-02 3.6130041453e+00 1.6098395517e+01
89 6.0023096425e-01 5.4197004400e-02 3.6437929174e+00 1.6401969031e+01
90 6.0067527729e-01 5.4901751332e-02 3.5756877616e+00 1.5809122365e+01
91 6.0146361927e-01 5.7048138831e-02 3.5350108573e+00 1.5553146846e+01
92 6.0129551443e-01 5.7043273356e-02 3.5272109597e+00 1.5529369572e+01
93 6.0125157182e-01 5.7050049234e-02 3.5280620392e+00 1.5532956108e+01
94 6.0136491531e-01 5.7607170440e-02 3.4902551094e+00 1.5213562586e+01
95 6.0134612765e-01 5.7666707154e-02 3.4794396221e+00 1.5156581507e+01
96 6.0158736888e-01 5.8035748422e-02 3.4440494119e+00 1.4871248386e+01
97 6.0162021478e-01 5.8077118807e-02 3.4420196277e+00 1.4862051155e+01
98 6.0164415615e-01 5.8045900543e-02 3.4367543177e+00 1.4841797148e+01
99 6.0166669277e-01 5.8099493837e-02 3.4365098219e+00 1.4836966279e+01
100 6.0171651162e-01 5.8092043349e-02 3.4355135711e+00 1.4832664998e+01
101 6.0191722393e-01 5.8476533667e-02 3.4007376627e+00 1.4544409105e+01
102 6.0159480548e-01 5.8031970770e-02 3.4224496247e+00 1.4775511640e+01
103 6.0178154077e-01 5.8514844923e-02 3.4073660463e+00 1.4754313483e+01
104 6.0173067106e-01 5.8586861345e-02 3.3956439789e+00 1.4695375728e+01
105 6.0166346872e-01 5.8642162208e-02 3.3870101891e+00 1.4659060688e+01
106 6.0146136385e-01 5.8272911973e-02 3.4144532466e+00 1.4908461673e+01
107 6.0140780612e-01 5.8293831347e-02 3.4127614161e+00 1.4900148805e+01
108 6.0139247914e-01 5.8257895867e-02 3.4130206180e+00 1.4894799318e+01
109 6.0178893835e-01 5.9128691814e-02 3.3486601741e+00 1.4346355308e+01
110 6.0169445870e-01 5.9228719849e-02 3.3309067192e+00 1.4280187583e+01
111 6.0165654666e-01 5.9246708413e-02 3.3289052051e+00 1.4272299067e+01
112 6.0162301605e-01 5.9259833769e-02 3.3279889456e+00 1.4267614774e+01
113 6.0152195574e-01 5.8681465931e-02 3.2654110663e+00 1.3566687913e+01
114 6.0146337085e-01 5.8716582473e-02 3.2616412478e+00 1.3548121117e+01
115 6.0156872576e-01 5.9206706481e-02 3.2283027715e+00 1.3288057798e+01
116 6.0154649007e-01 5.9211419769e-02 3.2286037271e+00 1.3288702530e+01
117 6.0179407452e-01 5.9670530748e-02 3.2040381328e+00 1.3082790116e+01
118 6.0183034501e-01 5.9746453695e-02 3.2027002376e+00 1.3073987034e+01
119 6.0140166961e-01 5.8661386283e-02 3.1816358059e+00 1.2864143130e+01
120 6.0156638285e-01 5.9241355373e-02 3.1529170398e+00 1.2652696290e+01
121 6.0167632401e-01 5.9732207736e-02 3.1320152415e+00 1.2466818290e+01
122 6.0158271961e-01 5.9779594632e-02 3.1277952351e+00 1.2448222539e+01
123 6.0150636464e-01 5.9876018960e-02 3.1259669259e+00 1.2443279067e+01
124 6.0199156474e-01 6.0829052034e-02 3.0825606051e+00 1.2078165065e+01
125 6.0198362823e-01 6.0893868417e-02 3.0816376283e+00 1.2074305642e+01
126 6.0220044880e-01 6.1684821056e-02 3.1467372961e+00 1.2753866586e+01
127 6.0221684001e-01 6.1691320972e-02 3.1448414296e+00 1.2745232373e+01
128 6.0220707811e-01 6.1664181295e-02 3.1487568831e+00 1.2768567453e+01
129 6.0231950297e-01 6.1684763368e-02 3.1405145737e+00 1.2728879276e+01
130 6.0263190842e-01 6.2737299351e-02 3.1525459178e+00 1.2821042752e+01
131 6.0249879340e-01 6.2655584926e-02 3.1427574380e+00 1.2787872411e+01
132 6.0254416097e-01 6.2678437424e-02 3.1402630904e+00 1.2773918463e+01
133 6.0258362291e-01 6.3058667760e-02 3.0999536666e+00 1.2522902777e+01
134 6.0255420814e-01 6.3119281575e-02 3.0990290248e+00 1.2511888220e+01
135 6.0253291892e-01 6.3092435120e-02 3.0965166514e+00 1.2504900890e+01
136 6.0277433554e-01 6.3500945377e-02 3.0688420477e+00 1.2292484305e+01
137 6.0288707415e-01 6.4057453131e-02 3.0477179317e+00 1.2119433249e+01
138 6.0265361751e-01 6.3687456581e-02 3.0719282938e+00 1.2310892386e+01
139 6.0258089108e-01 6.3732282076e-02 3.0714650862e+00 1.2309432338e+01
140 6.0245330765e-01 6.4145230154e-02 3.1428532805e+00 1.2961407430e+01
141 6.0236082620e-01 6.4200648641e-02 3.1374455347e+00 1.2936267535e+01
142 6.0264420883e-01 6.5422719275e-02 3.1713158947e+00 1.3336084915e+01
143 6.0256414602e-01 6.5503099484e-02 3.1635033184e+00 1.3297995666e+01
144 6.0254144676e-01 6.5553348466e-02 3.1624963236e+00 1.3284288753e+01
145 6.0272702371e-01 6.5954519078e-02 3.1325016105e+00 1.3053832731e+01
146 6.0283511932e-01 6.6331151898e-02 3.1012489394e+00 1.2815245041e+01
147 6.0327797728e-01 6.7656301999e-02 3.1670655621e+00 1.3527573230e+01
148 6.0324203929e-01 6.7589007075e-02 3.1680402996e+00 1.3548936547e+01
149 6.0371706256e-01 6.9257463494e-02 3.1727955736e+00 1.3517199427e+01
150 6.0387207273e-01 6.9550790134e-02 3.1489868126e+00 1.3325351626e+01
151 6.0363277246e-01 6.8879315786e-02 3.1127610611e+00 1.3046473337e+01
152 6.0353976504e-01 6.8817323613e-02 3.1128047140e+00 1.3059671457e+01
153 6.0345206178e-01 6.8875892540e-02 3.1065799506e+00 1.3033659646e+01
154 6.0357896110e-01 6.9326262137e-02 3.0730607296e+00 1.2793379247e+01
155 6.0366435003e-01 6.9756863423e-02 3.0479196214e+00 1.2588892270e+01
156 6.0384326205e-01 7.0418022279e-02 3.0550226388e+00 1.2595928516e+01
157 6.0382197395e-01 7.0335650117e-02 3.0576610636e+00 1.2622568876e+01
158 6.0347815071e-01 6.9491052599e-02 3.0626341439e+00 1.2699163388e+01
159 6.0361894460e-01 6.9737832564e-02 3.0421006388e+00 1.2542854873e+01
160 6.0343566454e-01 6.9842267642e-02 3.0332745450e+00 1.2503013766e+01
161 6.0337434616e-01 6.9992318838e-02 3.0264330379e+00 1.2459523750e+01
162 6.0379272626e-01 7.0705748193e-02 2.9790599071e+00 1.2085797835e+01
163 6.0374188755e-01 7.1128452408e-02 3.0243432769e+00 1.2418136949e+01
164 6.0315586156e-01 7.0566379213e-02 3.0626235810e+00 1.2753189309e+01
165 6.0340484230e-01 7.1425606934e-02 3.0254285401e+00 1.2426600410e+01
166 6.0358854548e-01 7.1739992936e-02 2.9968597403e+00 1.2235152917e+01
167 6.0408187034e-01 7.2331706272e-02 2.9523463812e+00 1.1915119866e+01
168 6.0431023875e-01 7.2758838394e-02 2.9279500103e+00 1.1723867970e+01
169 6.0418176844e-01 7.2816672484e-02 2.9246873297e+00 1.1708971035e+01
170 6.0417873318e-01 7.2845560743e-02 2.9290800643e+00 1.1747463869e+01
171 6.0456622868e-01 7.3783361449e-02 2.9151962212e+00 1.1592066157e+01
172 6.0433865877e-01 7.3538946604e-02 2.9273304740e+00 1.1715929296e+01
173 6.0421969206e-01 7.3566129367e-02 2.9279761928e+00 1.1718288805e+01
174 6.0429280982e-01 7.3928533342e-02 2.9032445264e+00 1.1548011149e+01
175 6.0452626463e-01 7.4238306202e-02 2.8760698414e+00 1.1340941225e+01
176 6.0493749669e-01 7.4716224479e-02 2.8399452830e+00 1.1085664110e+01
177 6.0543455302e-01 7.6145220575e-02 2.8702465074e+00 1.1315783891e+01
178 6.0560431323e-01 7.6561846512e-02 2.8483362552e+00 1.1145611923e+01
179 6.0548086230e-01 7.6064843053e-02 2.8484250563e+00 1.1157340796e+01
180 6.0565307327e-01 7.6345972740e-02 2.8264470204e+00 1.1012614989e+01
181 6.0564830840e-01 7.6351028608e-02 2.8160871482e+00 1.0929278403e+01
182 6.0543152162e-01 7.5606011797e-02 2.8094163237e+00 1.0934257407e+01
183 6.0553483217e-01 7.5596980229e-02 2.8065556121e+00 1.0923996878e+01
184 6.0562550514e-01 7.6214623701e-02 2.8163638975e+00 1.0990222364e+01
185 6.0563403484e-01 7.6210899463e-02 2.8175220870e+00 1.1004146932e+01
186 6.0540500375e-01 7.5819456702e-02 2.7977431644e+00 1.0886086840e+01
187 6.0538727414e-01 7.5852960668e-02 2.7940376761e+00 1.0870266049e+01
188 6.0558014121e-01 7.6340547552e-02 2.7722376492e+00 1.0701101967e+01
189 6.0577694382e-01 7.6637714145e-02 2.7535801349e+00 1.0571946759e+01
190 6.0550311345e-01 7.6064827159e-02 2.7202267861e+00 1.0339348233e+01
191 6.0551515755e-01 7.6175144967e-02 2.7211259437e+00 1.0370939397e+01
192 6.0567968193e-01 7.6516895131e-02 2.6980149310e+00 1.0226689731e+01
193 6.0590957204e-01 7.7358011003e-02 2.7089493485e+00 1.0326056590e+01
194 6.0572532145e-01 7.6762972333e-02 2.6804151341e+00 1.0111046889e+01
195 6.0577884265e-01 7.6938618374e-02 2.6795452225e+00 1.0092825421e+01
196 6.0598179610e-01 7.7237821546e-02 2.6589834804e+00 9.9615057660e+00
197 6.0614199357e-01 7.7609638440e-02 2.6365416411e+00 9.8264098928e+00
198 6.0631331841e-01 7.7832039327e-02 2.6193186700e+00 9.7202973457e+00
199 6.0595432156e-01 7.7178932163e-02 2.6120428025e+00 9.6531380698e+00
200 6.0615024833e-01 7.7473493070e-02 2.5915761876e+00 9.5287244322e+00
201 6.0637796514e-01 7.7870552843e-02 2.5757155034e+00 9.4078843042e+00
202 6.0662107448e-01 7.8442637223e-02 2.5953356345e+00 9.5503810669e+00
203 6.0615025303e-01 7.7429317725e-02 2.5835846852e+00 9.4671442012e+00
204 6.0629059379e-01 7.7169613515e-02 2.5392722179e+00 9.1711034490e+00
205 6.0622207973e-01 7.7205086692e-02 2.5373416823e+00 9.1646808423e+00
206 6.0630195153e-01 7.7720635177e-02 2.5504972222e+00 9.2417153595e+00
207 6.0617686091e-01 7.7686562210e-02 2.5490712208e+00 9.2520251953e+00
208 6.0640789867e-01 7.8680289836e-02 2.5478993555e+00 9.2687233068e+00
209 6.0637910173e-01 7.8691810700e-02 2.5452731458e+00 9.2617360852e+00
210 6.0632923398e-01 7.8753767258e-02 2.5436835535e+00 9.2501380119e+00
211 6.0622234763e-01 7.8928690141e-02 2.5421104562e+00 9.2293866528e+00
212 6.0630502865e-01 7.9253183102e-02 2.5244535838e+00 9.1142847780e+00
213 6.0629329776e-01 7.9250548227e-02 2.5251869215e+00 9.1168605772e+00
214 6.0631522135e-01 7.9249812843e-02 2.5244377641e+00 9.1144031016e+00
215 6.0585542475e-01 7.8013910916e-02 2.4808466716e+00 8.7244896319e+00
216 6.0576913371e-01 7.7999614318e-02 2.4802261228e+00 8.7267779705e+00
217 6.0560100209e-01 7.8073846069e-02 2.4780191995e+00 8.7162879119e+00
218 6.0600227625e-01 7.8988984893e-02 2.4780467904e+00 8.7027046969e+00
219 6.0661396577e-01 7.9968803467e-02 2.4308432223e+00 8.3978174874e+00
220 6.0657146352e-01 7.9989922356e-02 2.4300061152e+00 8.3945628155e+00
221 6.0681144352e-01 8.0455870289e-02 2.4192373906e+00 8.3308615281e+00
222 6.0723110837e-01 8.1126171989e-02 2.3871473024e+00 8.1360273587e+00
223 6.0718695784e-01 8.1235911367e-02 2.3841801148e+00 8.1188070683e+00
224 6.0733562529e-01 8.1826108430e-02 2.4103478590e+00 8.3063406853e+00
225 6.0698239727e-01 8.1138685380e-02 2.4158502244e+00 8.3549473388e+00
226 6.0741334069e-01 8.1784435745e-02 2.3846260207e+00 8.1595929716e+00
227 6.0714064436e-01 8.1443076809e-02 2.3972880291e+00 8.2498012127e+00
228 6.0708839167e-01 8.1481040161e-02 2.3947202995e+00 8.2419844179e+00
229 6.0682847395e-01 8.1156199486e-02 2.4094108183e+00 8.3350428755e+00
230 6.0716594694e-01 8.2269123908e-02 2.4384000654e+00 8.5905228271e+00
231 6.0729089958e-01 8.2935617778e-02 2.4517139347e+00 8.6785672027e+00
232 6.0753353710e-01 8.3761225113e-02 2.4486737156e+00 8.6630959974e+00
233 6.0775151142e-01 8.4315007985e-02 2.4658477719e+00 8.7740871973e+00
234 6.0763865524e-01 8.4377319077e-02 2.4650041041e+00 8.7689992321e+00
235 6.0758160752e-01 8.4282818390e-02 2.4679417816e+00 8.8027523670e+00
236 6.0698823048e-01 8.3030884114e-02 2.4531494514e+00 8.7170585095e+00
237 6.0695389108e-01 8.3043195423e-02 2.4537149387e+00 8.7187021184e+00
238 6.0696420073e-01 8.3057936529e-02 2.4518724231e+00 8.7113928192e+00
239 6.0717494953e-01 8.3644242795e-02 2.4691540445e+00 8.8347255917e+00
240 6.0725056877e-01 8.3855878351e-02 2.4538327121e+00 8.7519397206e+00
241 6.0738709788e-01 8.3910454402e-02 2.4410364372e+00 8.6862830257e+00
242 6.0754881515e-01 8.4397077379e-02 2.4109283364e+00 8.5142272936e+00
243 6.0718182554e-01 8.4257245909e-02 2.4280407059e+00 8.6352418193e+00
244 6.0718342520e-01 8.4225610476e-02 2.4270267867e+00 8.6340455837e+00
245 6.0698803888e-01 8.3619020949e-02 2.4075961997e+00 8.5188909624e+00
246 6.0686863941e-01 8.3412546541e-02 2.4152693378e+00 8.5711969873e+00
247 6.0729840615e-01 8.4023864310e-02 2.3869917074e+00 8.3831723874e+00
248 6.0724719413e-01 8.4053098503e-02 2.3856310645e+00 8.3779846508e+00
249 6.0726163408e-01 8.3958510575e-02 2.3859264491e+00 8.3886333476e+00
250 6.0730562900e-01 8.4612639379e-02 2.4119140073e+00 8.5650301138e+00
251 6.0731955597e-01 8.4647113716e-02 2.4110458290e+00 8.5591691330e+00
252 6.0731199947e-01 8.4402644864e-02 2.3845967414e+00 8.4153817803e+00
253 6.0743683092e-01 8.4736159168e-02 2.3694631231e+00 8.3230462645e+00
254 6.0742812435e-01 8.4579967420e-02 2.3393345517e+00 8.1547495343e+00
255 6.0760651411e-01 8.5133113923e-02 2.3497510330e+00 8.2102092790e+00
256 6.0752274523e-01 8.5118140538e-02 2.3508555023e+00 8.2163364421e+00
257 6.0750379469e-01 8.5135259951e-02 2.3497928628e+00 8.2121765964e+00
258 6.0727076907e-01 8.4519844533e-02 2.3263395773e+00 8.0690038993e+00
259 6.0717642431e-01 8.4582889188e-02 2.3228558672e+00 8.0572410911e+00
260 6.0716074635e-01 8.4619402991e-02 2.3193174217e+00 8.0463374377e+00
261 6.0704784294e-01 8.4634152692e-02 2.3180292261e+00 8.0449612783e+00
262 6.0677045405e-01 8.4491069355e-02 2.3293294176e+00 8.1107444150e+00
263 6.0695683664e-01 8.4773081072e-02 2.3184882476e+00 8.0305559671e+00
264 6.0694162495e-01 8.4886849201e-02 2.3162847097e+00 8.0183012186e+00
265 6.0712657104e-01 8.5166990746e-02 2.2980980759e+00 7.9232745793e+00
266 6.0710199680e-01 8.5184804942e-02 2.2970101900e+00 7.9198528988e+00
267 6.0709294372e-01 8.5399417988e-02 2.3204457963e+00 8.0618793510e+00
268 6.0724476344e-01 8.5759984069e-02 2.3045460078e+00 7.9898467291e+00
269 6.0743167340e-01 8.6163981490e-02 2.2883862302e+00 7.8922323083e+00
270 6.0732922829e-01 8.6212000788e-02 2.2871802221e+00 7.8863495185e+00
271 6.0754848626e-01 8.7444021929e-02 2.3308526491e+00 8.1763848848e+00
272 6.0782234408e-01 8.8237266377e-02 2.3176290019e+00 8.0840851066e+00
273 6.0736531989e-01 8.7319314795e-02 2.3191080464e+00 8.1184753637e+00
274 6.0769246101e-01 8.8141394897e-02 2.3241902078e+00 8.1553072879e+00
275 6.0783634417e-01 8.8372853622e-02 2.3112423590e+00 8.0781466735e+00
276 6.0797165630e-01 8.8710998093e-02 2.3175704457e+00 8.0913047845e+00
277 6.0754237571e-01 8.7960465269e-02 2.3166383297e+00 8.1014202144e+00
278 6.0767340095e-01 8.8388767971e-02 2.3095314778e+00 8.0555031293e+00
279 6.0767923606e-01 8.8451744383e-02 2.3077214467e+00 8.0482301112e+00
280 6.0746497452e-01 8.7703218224e-02 2.2697470716e+00 7.8139368754e+00
281 6.0762716536e-01 8.8001233319e-02 2.2560150246e+00 7.7301968253e+00
282 6.0735215377e-01 8.7880599768e-02 2.2590024905e+00 7.7323580026e+00
283 6.0785584953e-01 8.9094178736e-02 2.2684565730e+00 7.7551161060e+00
284 6.0840821856e-01 9.0202015780e-02 2.2508457852e+00 7.6464684063e+00
285 6.0897958375e-01 9.1399300741e-02 2.2572098760e+00 7.6571089385e+00
286 6.0905503401e-01 9.1902470820e-02 2.2728415221e+00 7.7462105727e+00
287 6.0907227046e-01 9.2501463487e-02 2.2985685909e+00 7.8904103876e+00
288 6.0842198198e-01 9.1326484737e-02 2.3076758890e+00 7.9457303118e+00
289 6.0850772076e-01 9.1901436683e-02 2.3205549982e+00 8.0130256717e+00
290 6.0851801813e-01 9.1782526258e-02 2.2990845473e+00 7.8884625217e+00
291 6.0844333860e-01 9.1707669699e-02 2.2937580883e+00 7.8509408668e+00
292 6.0875072376e-01 9.2450423688e-02 2.2873636024e+00 7.7979573652e+00
293 6.0849990948e-01 9.2054597501e-02 2.2840848658e+00 7.7943468430e+00
294 6.0833755130e-01 9.2162432591e-02 2.2814197953e+00 7.7810808224e+00
295 6.0855516483e-01 9.3195661246e-02 2.3023807385e+00 7.8792414607e+00
296 6.0807771727e-01 9.2684347310e-02 2.3162692527e+00 7.9804194878e+00
297 6.0804826330e-01 9.2627033281e-02 2.3168238651e+00 7.9895710214e+00
298 6.0814275666e-01 9.2971115826e-02 2.3200730179e+00 7.9950042156e+00
299 6.0864748186e-01 9.3461904710e-02 2.2819980680e+00 7.7882068663e+00
300 6.0834455213e-01 9.3206151880e-02 2.2899910006e+00 7.8260880848e+00
301 6.0842060528e-01 9.3602007812e-02 2.2943256002e+00 7.8343347485e+00
302 6.0817351594e-01 9.3007049722e-02 2.2842074664e+00 7.8040731790e+00
303 6.0810805934e-01 9.3024120136e-02 2.2819538893e+00 7.8015932206e+00
304 6.0783799749e-01 9.2546600567e-02 2.2785018438e+00 7.7958403899e+00
305 6.0767942703e-01 9.2206982490e-02 2.2779459433e+00 7.8160412653e+00
306 6.0769055782e-01 9.2219018722e-02 2.2766197042e+00 7.8108538192e+00
307 6.0776164469e-01 9.2748418334e-02 2.2900979668e+00 7.8875245339e+00
308 6.0794728575e-01 9.2333838888e-02 2.2459932323e+00 7.6573180685e+00
309 6.0809436401e-01 9.2678041012e-02 2.2457805691e+00 7.6270565503e+00
310 6.0808086540e-01 9.2373706011e-02 2.2240095303e+00 7.5143545658e+00
311 6.0842605403e-01 9.3088508200e-02 2.2215377606e+00 7.5106846584e+00
312 6.0876805935e-01 9.3861998173e-02 2.2125727825e+00 7.4537008562e+00
313 6.0871857561e-01 9.3940996128e-02 2.2135567375e+00 7.4520680493e+00
314 6.0875116283e-01 9.4443431217e-02 2.2436561456e+00 7.6111704547e+00
315 6.0889303417e-01 9.4747786488e-02 2.2326791175e+00 7.5453447589e+00
316 6.0842652948e-01 9.4215953082e-02 2.2381070249e+00 7.5983506025e+00
317 6.0817557539e-01 9.3453503001e-02 2.2123699212e+00 7.4438251647e+00
318 6.0799111645e-01 9.3093391979e-02 2.2066341399e+00 7.4343987942e+00
319 6.0775608454e-01 9.2810313288e-02 2.2196227389e+00 7.5119892387e+00
320 6.0729029744e-01 9.2118409052e-02 2.2208411643e+00 7.5280877872e+00
321 6.0760102902e-01 9.2402213803e-02 2.2059472765e+00 7.4477518232e+00
322 6.0760819773e-01 9.2435296865e-02 2.2042296034e+00 7.4398909808e+00
323 6.0764278625e-01 9.2532302564e-02 2.1993917764e+00 7.4182650022e+00
324 6.0793160893e-01 9.3342733924e-02 2.1944105224e+00 7.3796658468e+00
325 6.0813167456e-01 9.3554414600e-02 2.1835852839e+00 7.3158768724e+00
326 6.0778240234e-01 9.3382622624e-02 2.1963604924e+00 7.3839080968e+00
327 6.0775907137e-01 9.3401519334e-02 2.1953603589e+00 7.3805242615e+00
328 6.0746522212e-01 9.2958241117e-02 2.1918161682e+00 7.3426929764e+00
329 6.0706380979e-01 9.2439455083e-02 2.2061732497e+00 7.4150477861e+00
330 6.0675223611e-01 9.2285087711e-02 2.2155539817e+00 7.4734662333e+00
331 6.0699970384e-01 9.2902654863e-02 2.2366208749e+00 7.6090032040e+00
332 6.0698709332e-01 9.2853207071e-02 2.2427125786e+00 7.6575424901e+00
333 6.0677842673e-01 9.2431479454e-02 2.2372361914e+00 7.6405811902e+00
334 6.0703128152e-01 9.2640669529e-02 2.2247641795e+00 7.5698521155e+00
335 6.0683005680e-01 9.1828668303e-02 2.2089993624e+00 7.5257795843e+00
336 6.0704133407e-01 9.2047504122e-02 2.1969463699e+00 7.4581589394e+00
337 6.0726663353e-01 9.2759493353e-02 2.2013377112e+00 7.4942264251e+00
338 6.0712777826e-01 9.2731288479e-02 2.2041240661e+00 7.5075308486e+00
339 6.0710835676e-01 9.2805220942e-02 2.2032980292e+00 7.5060913473e+00
340 6.0702421114e-01 9.2847840964e-02 2.2021494337e+00 7.5010582325e+00
341 6.0658928443e-01 9.2429337009e-02 2.2221940211e+00 7.6258339574e+00
342 6.0672211457e-01 9.2748681852e-02 2.2083833370e+00 7.5459010695e+00
343 6.0664634067e-01 9.2823278691e-02 2.2061827574e+00 7.5342932825e+00
344 6.0626828589e-01 9.2385525407e-02 2.2119609792e+00 7.5969456085e+00
345 6.0630780090e-01 9.2409302718e-02 2.2133095919e+00 7.6010010773e+00
346 6.0619236320e-01 9.2433526580e-02 2.2100421335e+00 7.5956791166e+00
347 6.0613383641e-01 9.2547408180e-02 2.2075859438e+00 7.5802359200e+00
348 6.0603177269e-01 9.2398924151e-02 2.2096671771e+00 7.6019638191e+00
349 6.0607575758e-01 9.2336589199e-02 2.2074529034e+00 7.5997024599e+00
350 6.0603156783e-01 9.2677358765e-02 2.2316559531e+00 7.7204816663e+00
351 6.0597133884e-01 9.2587922399e-02 2.2346548413e+00 7.7396736013e+00
352 6.0564976859e-01 9.2216301175e-02 2.2242353368e+00 7.6977113319e+00
353 6.0603620018e-01 9.2942708418e-02 2.1990485765e+00 7.5377468140e+00
354 6.0602654892e-01 9.2676436092e-02 2.1729771507e+00 7.3899692483e+00
355 6.0616868819e-01 9.3165461971e-02 2.1844830362e+00 7.4487187531e+00
356 6.0644644484e-01 9.3654025129e-02 2.1735046582e+00 7.3701489889e+00
357 6.0638064557e-01 9.3687421704e-02 2.1727036306e+00 7.3661996143e+00
358 6.0699304153e-01 9.4770449082e-02 2.1716283911e+00 7.3576092114e+00
359 6.0664769747e-01 9.3932968213e-02 2.1514452207e+00 7.2797452165e+00
360 6.0700275264e-01 9.4645703409e-02 2.1509547481e+00 7.2759059578e+00
361 6.0682877678e-01 9.4647031289e-02 2.1475218603e+00 7.2511543370e+00
362 6.0664627191e-01 9.3984179487e-02 2.1266181131e+00 7.1366044401e+00
363 6.0649725046e-01 9.4090676966e-02 2.1474804802e+00 7.2460047730e+00
364 6.0618054775e-01 9.3733234612e-02 2.1586955896e+00 7.3155870322e+00
365 6.0625860033e-01 9.4221323861e-02 2.1671361507e+00 7.3467819950e+00
