1 5.9282947138e-01 1.1102230246e-16 1.0000000000e+00 1.0000000000e+00
2 5.9299281620e-01 7.5845834873e-03 2.8601072763e+01 8.8842238100e+02
3 5.9298275791e-01 7.5915836072e-03 2.8525303713e+01 8.8530211017e+02
4 5.9289082131e-01 7.7291584096e-03 2.6970425412e+01 8.2550140662e+02
5 5.9288441682e-01 1.2727158375e-02 2.7582664697e+01 8.4451888926e+02
6 5.9330735726e-01 1.6541394846e-02 1.8038478531e+01 3.7272688638e+02
7 5.9358215282e-01 1.8140417318e-02 1.5742433431e+01 2.8369457337e+02
8 5.9421751666e-01 2.2225378538e-02 1.1880685525e+01 1.6027771070e+02
9 5.9470000609e-01 2.4516158702e-02 1.0477075120e+01 1.2333584300e+02
10 5.9483752312e-01 2.5650373859e-02 9.8536855778e+00 1.0931134600e+02
11 5.9509621958e-01 2.6703652195e-02 9.3516762593e+00 9.8288917310e+01
12 5.9516884406e-01 2.7829473142e-02 8.8049224813e+00 8.7981754969e+01
13 5.9509301495e-01 2.7925777349e-02 8.7102325752e+00 8.6890629005e+01
14 5.9501644614e-01 2.8021770848e-02 8.6174459665e+00 8.5821480753e+01
15 5.9497636418e-01 2.8067426232e-02 8.5744857705e+00 8.5322593952e+01
16 5.9534033169e-01 2.9993802313e-02 7.8909228260e+00 7.2064514730e+01
17 5.9553712485e-01 3.0773665858e-02 7.6193966245e+00 6.7134184316e+01
18 5.9575105982e-01 3.1502568294e-02 7.3902111791e+00 6.3012387431e+01
19 5.9609734683e-01 3.3790909400e-02 7.4082821254e+00 6.3779756459e+01
20 5.9627134376e-01 3.4609170156e-02 7.1685636835e+00 5.9757490150e+01
21 5.9648205056e-01 3.5364775753e-02 6.9740390283e+00 5.6417658449e+01
22 5.9647096158e-01 3.4826443906e-02 6.5292760037e+00 4.9118235378e+01
23 5.9690078763e-01 3.6380782640e-02 6.1888560814e+00 4.4114351948e+01
24 5.9690043117e-01 3.6381478491e-02 6.1885173642e+00 4.4111223219e+01
25 5.9726149487e-01 3.8337299356e-02 6.2474260190e+00 4.5366203122e+01
26 5.9747569553e-01 3.9085748888e-02 6.1094545874e+00 4.3246186195e+01
27 5.9735071818e-01 3.9176375335e-02 6.0710193339e+00 4.2932050499e+01
28 5.9722014771e-01 3.9275930249e-02 6.0278081386e+00 4.2588969496e+01
29 5.9765908681e-01 4.0622096125e-02 5.7694870575e+00 3.8973405402e+01
30 5.9765987357e-01 4.0643923836e-02 5.7585072684e+00 3.8892283593e+01
31 5.9762642552e-01 4.0681389382e-02 5.7428021246e+00 3.8771028434e+01
32 5.9762051091e-01 4.0709991625e-02 5.7416655344e+00 3.8745408079e+01
33 5.9765445122e-01 4.0724153277e-02 5.7335735233e+00 3.8672812441e+01
34 5.9785418784e-01 4.1474867516e-02 5.6068253519e+00 3.6980568726e+01
35 5.9775232459e-01 4.1538610036e-02 5.5847357162e+00 3.6813303064e+01
36 5.9804522315e-01 4.2102008800e-02 5.4774366994e+00 3.5417409116e+01
37 5.9832122849e-01 4.2738599108e-02 5.3772113377e+00 3.4085686082e+01
38 5.9832940370e-01 4.2749993696e-02 5.3720300695e+00 3.4045480458e+01
39 5.9824526750e-01 4.2808414193e-02 5.3527981051e+00 3.3905792354e+01
40 5.9842157801e-01 4.3334450747e-02 5.2236633006e+00 3.2194604060e+01
41 5.9860959228e-01 4.3971235660e-02 5.1221186628e+00 3.1001006751e+01
42 5.9858565571e-01 4.3992035000e-02 5.1150960428e+00 3.0955851960e+01
43 5.9853336313e-01 4.3968542408e-02 5.1085461290e+00 3.0934148201e+01
44 5.9880836457e-01 4.4548265710e-02 5.0258991544e+00 2.9907260476e+01
45 5.9872056479e-01 4.4621056369e-02 5.0022286173e+00 2.9760156089e+01
46 5.9871050192e-01 4.4625008234e-02 5.0015003946e+00 2.9754155446e+01
47 5.9868680158e-01 4.4658940542e-02 4.9899041150e+00 2.9676602177e+01
48 5.9897177414e-01 4.5260980898e-02 4.8929296098e+00 2.8589478227e+01
49 5.9891503521e-01 4.5298122846e-02 4.8828222954e+00 2.8522411711e+01
50 5.9963833181e-01 4.6963634472e-02 4.6733123567e+00 2.6029413399e+01
51 5.9971325354e-01 4.6965547960e-02 4.6680903324e+00 2.5995418319e+01
52 5.9975738688e-01 4.6582088194e-02 4.5072687232e+00 2.4035937717e+01
53 5.9991051071e-01 4.7182301734e-02 4.4345658917e+00 2.3308406724e+01
54 5.9991352767e-01 4.7187416402e-02 4.4328188428e+00 2.3297233018e+01
55 5.9987303041e-01 4.7158803514e-02 4.4252135800e+00 2.3264081969e+01
56 6.0017658744e-01 4.8703052239e-02 4.4670516300e+00 2.3997942189e+01
57 6.0015738450e-01 4.8656686789e-02 4.4646865412e+00 2.4001537356e+01
58 6.0014121705e-01 4.8605760978e-02 4.4641347764e+00 2.4014580588e+01
59 6.0004979539e-01 4.8655365441e-02 4.4540046550e+00 2.3952456731e+01
60 6.0022284138e-01 4.9145912805e-02 4.3921551613e+00 2.3301635683e+01
61 6.0023350848e-01 4.9147558635e-02 4.3910735258e+00 2.3294723556e+01
62 6.0069582012e-01 5.0187722541e-02 4.2695677504e+00 2.2050156819e+01
63 6.0066635868e-01 5.0197730582e-02 4.2685228328e+00 2.2042755340e+01
64 6.0070027862e-01 5.0194816276e-02 4.2673834854e+00 2.2036293532e+01
65 6.0088425261e-01 5.0767976302e-02 4.1979060045e+00 2.1386790502e+01
66 6.0138825083e-01 5.1821345360e-02 4.1143125841e+00 2.0545957176e+01
67 6.0130142834e-01 5.1748179920e-02 4.1104248394e+00 2.0557788086e+01
68 6.0144176155e-01 5.2687345466e-02 4.1965400163e+00 2.1603620702e+01
69 6.0165123320e-01 5.3188496793e-02 4.1411855823e+00 2.1052861189e+01
70 6.0160878409e-01 5.3279335688e-02 4.1351984802e+00 2.1006135588e+01
71 6.0205007029e-01 5.4167929156e-02 4.0422031242e+00 2.0064917008e+01
72 6.0199623248e-01 5.4202042775e-02 4.0364346655e+00 2.0031510855e+01
73 6.0218844551e-01 5.4732262031e-02 3.9896839864e+00 1.9557664527e+01
74 6.0232638528e-01 5.5295199377e-02 3.9373309102e+00 1.9068062126e+01
75 6.0202171130e-01 5.4846838086e-02 3.9696204271e+00 1.9447212600e+01
76 6.0216689204e-01 5.5682426005e-02 4.0148023907e+00 1.9884398418e+01
77 6.0209358377e-01 5.5724673217e-02 4.0082643332e+00 1.9846537147e+01
78 6.0278859117e-01 5.7086361026e-02 3.8792251573e+00 1.8575955274e+01
79 6.0329315066e-01 5.7952700627e-02 3.7995287667e+00 1.7812769949e+01
80 6.0326640012e-01 5.7979725299e-02 3.7945519017e+00 1.7787867095e+01
81 6.0370018157e-01 5.8885614876e-02 3.7175528590e+00 1.7066981546e+01
82 6.0326093469e-01 5.7720476195e-02 3.6943102860e+00 1.6821847297e+01
83 6.0372753541e-01 5.8571996963e-02 3.6223739063e+00 1.6173836591e+01
84 6.0372867839e-01 5.8569990077e-02 3.6187563673e+00 1.6156028054e+01
85 6.0370088691e-01 5.8594455102e-02 3.6146792024e+00 1.6136939261e+01
86 6.0367765936e-01 5.8661919105e-02 3.6115902454e+00 1.6111943936e+01
87 6.0385498671e-01 5.9190732132e-02 3.5662887193e+00 1.5752773581e+01
88 6.0405778417e-01 5.9537843774e-02 3.5273004823e+00 1.5456179581e+01
89 6.0420962475e-01 5.9877438136e-02 3.4932406073e+00 1.5181066125e+01
90 6.0443467085e-01 6.0289225916e-02 3.4604425482e+00 1.4901129985e+01
91 6.0436836564e-01 6.0319813628e-02 3.4575445457e+00 1.4886988947e+01
92 6.0397359133e-01 5.9095866981e-02 3.4252678728e+00 1.4491849329e+01
93 6.0455707378e-01 6.0255869564e-02 3.3319804618e+00 1.3744377506e+01
94 6.0501765015e-01 6.1122080487e-02 3.2726486713e+00 1.3269392776e+01
95 6.0478342353e-01 6.0679107875e-02 3.3017918760e+00 1.3508470730e+01
96 6.0522208993e-01 6.1474421617e-02 3.2429511234e+00 1.3049472508e+01
97 6.0534667415e-01 6.2084014771e-02 3.2875138764e+00 1.3489174922e+01
98 6.0535529199e-01 6.2085015013e-02 3.2868921824e+00 1.3486509752e+01
99 6.0506437204e-01 6.1751472312e-02 3.3060077609e+00 1.3685137372e+01
100 6.0521908430e-01 6.2237732186e-02 3.2728599286e+00 1.3429617932e+01
101 6.0523601780e-01 6.2286746061e-02 3.2724180285e+00 1.3423700081e+01
102 6.0537564400e-01 6.3053841232e-02 3.3274308234e+00 1.3978323600e+01
103 6.0578514867e-01 6.3896071846e-02 3.2669194854e+00 1.3491520482e+01
104 6.0571084953e-01 6.3934703969e-02 3.2716956873e+00 1.3547001670e+01
105 6.0564899931e-01 6.3819782133e-02 3.2521475891e+00 1.3352942061e+01
106 6.0558528217e-01 6.3833016423e-02 3.2497009780e+00 1.3343892723e+01
107 6.0557424860e-01 6.3838699495e-02 3.2492236006e+00 1.3341465992e+01
108 6.0556497162e-01 6.3848838293e-02 3.2476046066e+00 1.3335612793e+01
109 6.0552462759e-01 6.3880905937e-02 3.2413326966e+00 1.3261803688e+01
110 6.0552427456e-01 6.3863485319e-02 3.2414484041e+00 1.3264907551e+01
111 6.0548731406e-01 6.3896604952e-02 3.2390520974e+00 1.3257496099e+01
112 6.0523314161e-01 6.3214745641e-02 3.1901033211e+00 1.2834933888e+01
113 6.0538319438e-01 6.3907696812e-02 3.2335154431e+00 1.3263573685e+01
114 6.0564692163e-01 6.4317396868e-02 3.2079288992e+00 1.3048264627e+01
115 6.0563335281e-01 6.4312808223e-02 3.2044315590e+00 1.3037867864e+01
116 6.0544720055e-01 6.4028046976e-02 3.2299909104e+00 1.3231239253e+01
117 6.0569100024e-01 6.4251954595e-02 3.2059536001e+00 1.3055567717e+01
118 6.0591456302e-01 6.4631102057e-02 3.1788116025e+00 1.2842340862e+01
119 6.0593351104e-01 6.4629575209e-02 3.1780048908e+00 1.2840163486e+01
120 6.0594218773e-01 6.4626880984e-02 3.1757590260e+00 1.2831641691e+01
121 6.0596179754e-01 6.4626256129e-02 3.1749512235e+00 1.2828278423e+01
122 6.0604752779e-01 6.4643020819e-02 3.1764113060e+00 1.2830404708e+01
123 6.0601641952e-01 6.4666483185e-02 3.1735903611e+00 1.2818800936e+01
124 6.0591588776e-01 6.5156023906e-02 3.2550596154e+00 1.3592142650e+01
125 6.0618499563e-01 6.5505477763e-02 3.2293325658e+00 1.3377393956e+01
126 6.0640254992e-01 6.5876497071e-02 3.2020671045e+00 1.3159688772e+01
127 6.0649609888e-01 6.6239681585e-02 3.1713405864e+00 1.2936893651e+01
128 6.0666202946e-01 6.6666146410e-02 3.1369863037e+00 1.2696818151e+01
129 6.0707930491e-01 6.7521843452e-02 3.0849246841e+00 1.2286954346e+01
130 6.0703735333e-01 6.7539703987e-02 3.0840064248e+00 1.2281828689e+01
131 6.0687046101e-01 6.6914437228e-02 3.0439672712e+00 1.1962659581e+01
132 6.0678489660e-01 6.6966392328e-02 3.0392654815e+00 1.1942446394e+01
133 6.0696508721e-01 6.7383296185e-02 3.0079095966e+00 1.1730621135e+01
134 6.0683337963e-01 6.7454676603e-02 3.0022647355e+00 1.1706249319e+01
135 6.0685218731e-01 6.7424758808e-02 3.0036785365e+00 1.1714078654e+01
136 6.0691289374e-01 6.7428309525e-02 3.0006816648e+00 1.1700847718e+01
137 6.0685795276e-01 6.7435966558e-02 2.9995920310e+00 1.1698144324e+01
138 6.0724945624e-01 6.8458189508e-02 3.0116018768e+00 1.1824994555e+01
139 6.0722428813e-01 6.8484002830e-02 3.0085388446e+00 1.1812304653e+01
140 6.0740287132e-01 6.8802293125e-02 2.9834427235e+00 1.1638391561e+01
141 6.0763119595e-01 6.9171709400e-02 2.9611926295e+00 1.1467358497e+01
142 6.0780706473e-01 6.9659332194e-02 2.9761281343e+00 1.1557957193e+01
143 6.0779395499e-01 6.9662625314e-02 2.9752709562e+00 1.1553392358e+01
144 6.0778803809e-01 6.9664259728e-02 2.9752970110e+00 1.1553326039e+01
145 6.0775749459e-01 6.9635688642e-02 2.9757628302e+00 1.1560686378e+01
146 6.0797136840e-01 6.9989029259e-02 2.9513644644e+00 1.1386642395e+01
147 6.0810791658e-01 7.0643713456e-02 2.9793125408e+00 1.1616118420e+01
148 6.0837637223e-01 7.1392020405e-02 2.9283382709e+00 1.1263200896e+01
149 6.0831746061e-01 7.1396527250e-02 2.9237997260e+00 1.1249790339e+01
150 6.0855016936e-01 7.1710182372e-02 2.9019740359e+00 1.1093923562e+01
151 6.0883267504e-01 7.1795316233e-02 2.8263298873e+00 1.0491007561e+01
152 6.0887403665e-01 7.1535821785e-02 2.7740722525e+00 1.0100987058e+01
153 6.0886150061e-01 7.1540086248e-02 2.7739910964e+00 1.0100642900e+01
154 6.0902526909e-01 7.2125517538e-02 2.7912940533e+00 1.0236956521e+01
155 6.0891195831e-01 7.2168618405e-02 2.7889613041e+00 1.0265741947e+01
156 6.0913533343e-01 7.2508979743e-02 2.7690236385e+00 1.0126958787e+01
157 6.0911641804e-01 7.2524235598e-02 2.7674213217e+00 1.0122234105e+01
158 6.0912247399e-01 7.2566315582e-02 2.7673355815e+00 1.0118365928e+01
159 6.0911301112e-01 7.2575336748e-02 2.7664895570e+00 1.0114919205e+01
160 6.0889870037e-01 7.2005287684e-02 2.7378943073e+00 9.9039211687e+00
161 6.0966027504e-01 7.3879947998e-02 2.7537510219e+00 1.0077415996e+01
162 6.0962096938e-01 7.3784620330e-02 2.7543718864e+00 1.0094416865e+01
163 6.0982455301e-01 7.4141192465e-02 2.7353852469e+00 9.9592286395e+00
164 6.0992930796e-01 7.4141616271e-02 2.7332762314e+00 9.9504498995e+00
165 6.0992827543e-01 7.4124492807e-02 2.7336439331e+00 9.9523803760e+00
166 6.1017624644e-01 7.4518446587e-02 2.7213516836e+00 9.8893084396e+00
167 6.1007878473e-01 7.4569533029e-02 2.7184940460e+00 9.8774280434e+00
168 6.1005767595e-01 7.4583432006e-02 2.7175660616e+00 9.8733064710e+00
169 6.1030240320e-01 7.4851086719e-02 2.6987419113e+00 9.7515180711e+00
170 6.1053614133e-01 7.5121541170e-02 2.6799957392e+00 9.6315511010e+00
171 6.1046599414e-01 7.5173015461e-02 2.6756361346e+00 9.6171288807e+00
172 6.1036601860e-01 7.5644576497e-02 2.7179862366e+00 9.9316660711e+00
173 6.1022484147e-01 7.5711354817e-02 2.7149798310e+00 9.9180098554e+00
174 6.1021969915e-01 7.5699876609e-02 2.7152442857e+00 9.9209024854e+00
175 6.1012439948e-01 7.5767818360e-02 2.7099060313e+00 9.9007155764e+00
176 6.1013294036e-01 7.5760850903e-02 2.6957530754e+00 9.7841526113e+00
177 6.1098625641e-01 7.7222279497e-02 2.6586764090e+00 9.5458406462e+00
178 6.1091093700e-01 7.7278173017e-02 2.6542283360e+00 9.5302692454e+00
179 6.1111387518e-01 7.7601517929e-02 2.6356409405e+00 9.4087765507e+00
180 6.1118603580e-01 7.8287987301e-02 2.6612104987e+00 9.5951014579e+00
181 6.1140067870e-01 7.7767826342e-02 2.5971498031e+00 9.2003560473e+00
182 6.1117785588e-01 7.7499417684e-02 2.6143283510e+00 9.3102369463e+00
183 6.1114589713e-01 7.7549249028e-02 2.6110469463e+00 9.2953943047e+00
184 6.1089531547e-01 7.7227203111e-02 2.6277541110e+00 9.4105557322e+00
185 6.1055740105e-01 7.6438108862e-02 2.6301894231e+00 9.4476715463e+00
186 6.1042440253e-01 7.5814806031e-02 2.6010880710e+00 9.2224886997e+00
187 6.1063518812e-01 7.5972832428e-02 2.5859193298e+00 9.1363746585e+00
188 6.1039940167e-01 7.5357314360e-02 2.5576806524e+00 8.9432190898e+00
189 6.1110702876e-01 7.6346169478e-02 2.5079342577e+00 8.6202237523e+00
190 6.1084899621e-01 7.6094251087e-02 2.5191770291e+00 8.7074586910e+00
191 6.1109105005e-01 7.7339679108e-02 2.5567283445e+00 8.9587873104e+00
192 6.1109394045e-01 7.7336881050e-02 2.5568935449e+00 8.9596656770e+00
193 6.1094778816e-01 7.6797204668e-02 2.5390820915e+00 8.8416124878e+00
194 6.1127942196e-01 7.7929777504e-02 2.5820039514e+00 9.1446172711e+00
195 6.1099343891e-01 7.7561035673e-02 2.5977379024e+00 9.2591622478e+00
196 6.1090856085e-01 7.7739449760e-02 2.6321487576e+00 9.4880992175e+00
197 6.1112263614e-01 7.7968369077e-02 2.6121669170e+00 9.3467558997e+00
198 6.1102368716e-01 7.7479192387e-02 2.5982681649e+00 9.2584088297e+00
199 6.1106116681e-01 7.7436065650e-02 2.5936975598e+00 9.2255832104e+00
200 6.1094878368e-01 7.7485843278e-02 2.5920710637e+00 9.2176582331e+00
201 6.1093149454e-01 7.7490918550e-02 2.5921839539e+00 9.2175546726e+00
202 6.1091872117e-01 7.7374483436e-02 2.5932380302e+00 9.2342443966e+00
203 6.1090494669e-01 7.7379892207e-02 2.5932252175e+00 9.2334039382e+00
204 6.1112520757e-01 7.7661444125e-02 2.5748022256e+00 9.1222440787e+00
205 6.1150091761e-01 7.8580372311e-02 2.5832614410e+00 9.2068407532e+00
206 6.1135364748e-01 7.8017074936e-02 2.5616941887e+00 9.0616876999e+00
207 6.1169916950e-01 7.8975218488e-02 2.5701469863e+00 9.1405110637e+00
208 6.1169437028e-01 7.8968283187e-02 2.5713399416e+00 9.1439881151e+00
209 6.1179537171e-01 7.9170965751e-02 2.5491395616e+00 9.0062675563e+00
210 6.1231465559e-01 7.9894034110e-02 2.5159462885e+00 8.7842682234e+00
211 6.1245096921e-01 8.0376249307e-02 2.5359996840e+00 8.9192218252e+00
212 6.1239218391e-01 8.0322331231e-02 2.5367140017e+00 8.9296541527e+00
213 6.1249707963e-01 8.0910786573e-02 2.5540183291e+00 9.0416292209e+00
214 6.1251878481e-01 8.0987280397e-02 2.5525094326e+00 9.0302552503e+00
215 6.1296739652e-01 8.1521694436e-02 2.5178570503e+00 8.8224384027e+00
216 6.1332943932e-01 8.1991861901e-02 2.4871563956e+00 8.6414823554e+00
217 6.1330236815e-01 8.2048058815e-02 2.4853029073e+00 8.6309452015e+00
218 6.1358901010e-01 8.2347144065e-02 2.4688550134e+00 8.5288763407e+00
219 6.1376860676e-01 8.2670998097e-02 2.4534471891e+00 8.4294579389e+00
220 6.1367237980e-01 8.2715693425e-02 2.4503750137e+00 8.4205142285e+00
221 6.1369345747e-01 8.2707985559e-02 2.4503228865e+00 8.4213254849e+00
222 6.1387301858e-01 8.3010434692e-02 2.4329070085e+00 8.3218019571e+00
223 6.1340766727e-01 8.2418286786e-02 2.4614555537e+00 8.4909385188e+00
224 6.1369593525e-01 8.2558328914e-02 2.4224553612e+00 8.2573925114e+00
225 6.1363935161e-01 8.2588320191e-02 2.4211779934e+00 8.2526655262e+00
226 6.1361967311e-01 8.2567662513e-02 2.4215530435e+00 8.2554120254e+00
227 6.1356729525e-01 8.2594158334e-02 2.4207106962e+00 8.2520239918e+00
228 6.1353266491e-01 8.2568141936e-02 2.4213665900e+00 8.2569381099e+00
229 6.1367787166e-01 8.2832303306e-02 2.4086929939e+00 8.1745705093e+00
230 6.1408458301e-01 8.3644783050e-02 2.4129229453e+00 8.2175526097e+00
231 6.1406558837e-01 8.3634923091e-02 2.4114641220e+00 8.2031437834e+00
232 6.1387184952e-01 8.3153533844e-02 2.3985187981e+00 8.1227200479e+00
233 6.1377914603e-01 8.3238482600e-02 2.3989465735e+00 8.1317289726e+00
234 6.1389326524e-01 8.3736384109e-02 2.4192776700e+00 8.2729361051e+00
235 6.1393508973e-01 8.4283261239e-02 2.4273054084e+00 8.3219280710e+00
236 6.1351436433e-01 8.3476664968e-02 2.4244183075e+00 8.3024343654e+00
237 6.1333632535e-01 8.2927058156e-02 2.4016777453e+00 8.1537538324e+00
238 6.1361620661e-01 8.3246634138e-02 2.3847673607e+00 8.0553170014e+00
239 6.1358744136e-01 8.3268119724e-02 2.3849949034e+00 8.0538507632e+00
240 6.1383886055e-01 8.3539868626e-02 2.3692526821e+00 7.9629627586e+00
241 6.1382478486e-01 8.3511843312e-02 2.3693017415e+00 7.9662443384e+00
242 6.1406170341e-01 8.3846689607e-02 2.3550991402e+00 7.8740791082e+00
243 6.1368124884e-01 8.2986042753e-02 2.3487767553e+00 7.8196090412e+00
244 6.1328020097e-01 8.2221089834e-02 2.3450940347e+00 7.7817215819e+00
245 6.1322019019e-01 8.2249222178e-02 2.3443592689e+00 7.7782769497e+00
246 6.1328518242e-01 8.2000435241e-02 2.3031922304e+00 7.5099763907e+00
247 6.1303597447e-01 8.1695400579e-02 2.3171809566e+00 7.5932961400e+00
248 6.1298722097e-01 8.2120167632e-02 2.3539520877e+00 7.8352070584e+00
249 6.1335714480e-01 8.2853749578e-02 2.3477910263e+00 7.7874857037e+00
250 6.1279769980e-01 8.2073246526e-02 2.3405267861e+00 7.7431460597e+00
251 6.1315894659e-01 8.2868162033e-02 2.3441085547e+00 7.7820756728e+00
252 6.1316321484e-01 8.2869127292e-02 2.3438514293e+00 7.7812407994e+00
253 6.1338103313e-01 8.3248119496e-02 2.3260814137e+00 7.6854887935e+00
254 6.1333936863e-01 8.3303126483e-02 2.3207658947e+00 7.6732855495e+00
255 6.1357280906e-01 8.3604945391e-02 2.3069136471e+00 7.5898960479e+00
256 6.1352392816e-01 8.3672985140e-02 2.3019962411e+00 7.5760528294e+00
257 6.1377970821e-01 8.4023380920e-02 2.2888871960e+00 7.4926889179e+00
258 6.1382265364e-01 8.4601088430e-02 2.3017358820e+00 7.5829242190e+00
259 6.1406056269e-01 8.4866923211e-02 2.2872409989e+00 7.5016172672e+00
260 6.1382280796e-01 8.4582744829e-02 2.3015925159e+00 7.5834212549e+00
261 6.1407643023e-01 8.4881373330e-02 2.2866333553e+00 7.4986374845e+00
262 6.1433956648e-01 8.5051886664e-02 2.2742634273e+00 7.4320626281e+00
263 6.1418083494e-01 8.4568333037e-02 2.2595118345e+00 7.3425284725e+00
264 6.1453673397e-01 8.5551806383e-02 2.2797461955e+00 7.4549368657e+00
265 6.1482127822e-01 8.5477119878e-02 2.2377623313e+00 7.2140603001e+00
266 6.1497457541e-01 8.6025066535e-02 2.2535961584e+00 7.3091748524e+00
267 6.1525417861e-01 8.6974155593e-02 2.2734782765e+00 7.4173324163e+00
268 6.1531951655e-01 8.6843297473e-02 2.2432171360e+00 7.2279802948e+00
269 6.1587706562e-01 8.7833001121e-02 2.2326284987e+00 7.1876093638e+00
270 6.1596385327e-01 8.7627134332e-02 2.2055221447e+00 7.0305587913e+00
271 6.1610066575e-01 8.8200631047e-02 2.2157225037e+00 7.0891522520e+00
272 6.1606678188e-01 8.8196020912e-02 2.2161780005e+00 7.0907624243e+00
273 6.1559761660e-01 8.7680165535e-02 2.2419106741e+00 7.2339829026e+00
274 6.1536579670e-01 8.7417557076e-02 2.2553112452e+00 7.3088900339e+00
275 6.1562148110e-01 8.7931422440e-02 2.2715233631e+00 7.4176320641e+00
276 6.1508466421e-01 8.6801061373e-02 2.2764570793e+00 7.4707756838e+00
277 6.1491023204e-01 8.6342573305e-02 2.2579795925e+00 7.3596016152e+00
278 6.1492619776e-01 8.6330185380e-02 2.2574642366e+00 7.3593375794e+00
279 6.1497782035e-01 8.6084543713e-02 2.2200248235e+00 7.1427049720e+00
280 6.1495414762e-01 8.6113127502e-02 2.2194847989e+00 7.1406165551e+00
281 6.1531002913e-01 8.6946916170e-02 2.2256241899e+00 7.2140018711e+00
282 6.1530995183e-01 8.6983701362e-02 2.2252146192e+00 7.2089881516e+00
283 6.1470561888e-01 8.5987790033e-02 2.2414167992e+00 7.3024419561e+00
284 6.1493420116e-01 8.6955943515e-02 2.2559038957e+00 7.3641765624e+00
285 6.1456737715e-01 8.6347451482e-02 2.2618548903e+00 7.4067730077e+00
286 6.1473285478e-01 8.6626280030e-02 2.2466902257e+00 7.3279586644e+00
287 6.1437561825e-01 8.6525089120e-02 2.2754805578e+00 7.4720165934e+00
288 6.1446741068e-01 8.7053863799e-02 2.2848798432e+00 7.5180854103e+00
289 6.1444014861e-01 8.7091886778e-02 2.2868337980e+00 7.5202694313e+00
290 6.1432813404e-01 8.7167970358e-02 2.2829266468e+00 7.5075302423e+00
291 6.1435197313e-01 8.7136352611e-02 2.2840019735e+00 7.5117686429e+00
292 6.1488188399e-01 8.8207329930e-02 2.2875200064e+00 7.5236370371e+00
293 6.1446103177e-01 8.7555068854e-02 2.2898847297e+00 7.5458273232e+00
294 6.1469029944e-01 8.8638255983e-02 2.3189437519e+00 7.7206614541e+00
295 6.1473033750e-01 8.8169197712e-02 2.2936301667e+00 7.5773187513e+00
296 6.1471131650e-01 8.8102747306e-02 2.2944082104e+00 7.5861107544e+00
297 6.1456780724e-01 8.7602881171e-02 2.2810716540e+00 7.5116861081e+00
298 6.1475111251e-01 8.7882572582e-02 2.2664248999e+00 7.4313782468e+00
299 6.1494380903e-01 8.8133064489e-02 2.2540741458e+00 7.3598237319e+00
300 6.1493046732e-01 8.8152164880e-02 2.2537400509e+00 7.3581526618e+00
301 6.1506285509e-01 8.8466830105e-02 2.2400105541e+00 7.2800943859e+00
302 6.1532299582e-01 8.8781596946e-02 2.2303991861e+00 7.2401078779e+00
303 6.1493307121e-01 8.8810512783e-02 2.2716087929e+00 7.4850108906e+00
304 6.1481189642e-01 8.8251455421e-02 2.2468451115e+00 7.3644720986e+00
305 6.1497020525e-01 8.8571621277e-02 2.2313620838e+00 7.2808231060e+00
306 6.1471098346e-01 8.8285053002e-02 2.2434293485e+00 7.3555490157e+00
307 6.1471525678e-01 8.8306059498e-02 2.2438828548e+00 7.3531928747e+00
308 6.1495159800e-01 8.9211303512e-02 2.2600296363e+00 7.4335800066e+00
309 6.1516414980e-01 8.9493661395e-02 2.2463995153e+00 7.3547903267e+00
310 6.1522274276e-01 8.9533757777e-02 2.2460015477e+00 7.3491735336e+00
311 6.1493843997e-01 8.8407377781e-02 2.2130225367e+00 7.1714815550e+00
312 6.1462593626e-01 8.7835215414e-02 2.2203074632e+00 7.2170323478e+00
313 6.1458130596e-01 8.7870627907e-02 2.2185991054e+00 7.2103088292e+00
314 6.1459548457e-01 8.7879382914e-02 2.2182724432e+00 7.2084040489e+00
315 6.1453610084e-01 8.8174418543e-02 2.2405907605e+00 7.3225390100e+00
316 6.1455105189e-01 8.8195345918e-02 2.2401366178e+00 7.3195996644e+00
317 6.1454798172e-01 8.8240917493e-02 2.2351416414e+00 7.3072336963e+00
318 6.1505198163e-01 8.8876449431e-02 2.2126711248e+00 7.1926689907e+00
319 6.1483386681e-01 8.8457946378e-02 2.2051177794e+00 7.1645000129e+00
320 6.1504383758e-01 8.8884234780e-02 2.1960895792e+00 7.1180436669e+00
321 6.1481509642e-01 8.8750424191e-02 2.2084069797e+00 7.1798837217e+00
322 6.1498437142e-01 8.9065667887e-02 2.1945659484e+00 7.1023549931e+00
323 6.1521184198e-01 8.9252147444e-02 2.1808254973e+00 7.0368928569e+00
324 6.1524814013e-01 8.9245580350e-02 2.1815984395e+00 7.0388383837e+00
325 6.1498586043e-01 8.9119008910e-02 2.1987598545e+00 7.1517597019e+00
326 6.1461035114e-01 8.8177290017e-02 2.1888897982e+00 7.0734734445e+00
327 6.1440067767e-01 8.7878617478e-02 2.2023111326e+00 7.1488694350e+00
328 6.1445534624e-01 8.8404109272e-02 2.2180430775e+00 7.2549297755e+00
329 6.1466887817e-01 8.8708583462e-02 2.2036430995e+00 7.1758128385e+00
330 6.1462338527e-01 8.8743791038e-02 2.2016380228e+00 7.1699868000e+00
331 6.1443895318e-01 8.8352614268e-02 2.1899898824e+00 7.1132833209e+00
332 6.1438334543e-01 8.8262732052e-02 2.1898807015e+00 7.1228006106e+00
333 6.1524774016e-01 8.9389368618e-02 2.1382384459e+00 6.8376165399e+00
334 6.1518483371e-01 8.9424135264e-02 2.1371679454e+00 6.8335737330e+00
335 6.1565173881e-01 8.9894657270e-02 2.1136798340e+00 6.7079953399e+00
336 6.1523370446e-01 8.8970542853e-02 2.1032726945e+00 6.6237455036e+00
337 6.1550608685e-01 8.9200001429e-02 2.0914062459e+00 6.5609336993e+00
338 6.1563059729e-01 8.9451571814e-02 2.0804561029e+00 6.5007580817e+00
339 6.1555371140e-01 8.9509219051e-02 2.0809628379e+00 6.4990968343e+00
340 6.1567704780e-01 8.9727264388e-02 2.0687620539e+00 6.4408285678e+00
341 6.1573768085e-01 8.9497889178e-02 2.0372752771e+00 6.2569386497e+00
342 6.1556551934e-01 8.8975914350e-02 2.0183298211e+00 6.1479089947e+00
343 6.1558872120e-01 8.9013698483e-02 2.0174331354e+00 6.1452732398e+00
344 6.1570538146e-01 8.9528692030e-02 2.0344379696e+00 6.2519851647e+00
345 6.1568311779e-01 8.9542997850e-02 2.0339254599e+00 6.2502301834e+00
346 6.1544220103e-01 8.9053098613e-02 2.0152336044e+00 6.1279833143e+00
347 6.1557566578e-01 8.9490930008e-02 2.0231315122e+00 6.1665582708e+00
348 6.1556742793e-01 8.9502177718e-02 2.0232578163e+00 6.1663490116e+00
349 6.1556281497e-01 8.9512282002e-02 2.0226165729e+00 6.1640356893e+00
350 6.1538523516e-01 8.8999307329e-02 2.0017395076e+00 6.0326813610e+00
351 6.1557493959e-01 8.9313416469e-02 1.9918085983e+00 5.9786686969e+00
352 6.1563478903e-01 8.9104488287e-02 1.9691836004e+00 5.8598644291e+00
353 6.1588191496e-01 8.9376601560e-02 1.9586133628e+00 5.8056514996e+00
354 6.1607006277e-01 8.9703173765e-02 1.9462430323e+00 5.7467214193e+00
355 6.1611741862e-01 8.9343949626e-02 1.9171817896e+00 5.5836441235e+00
356 6.1624838827e-01 8.9754419146e-02 1.9265689598e+00 5.6367828135e+00
357 6.1644474818e-01 9.0283296889e-02 1.9422364222e+00 5.7310270042e+00
358 6.1639041247e-01 9.0851006770e-02 1.9945179034e+00 6.0729751506e+00
359 6.1630186793e-01 9.0921765648e-02 1.9941180980e+00 6.0710136601e+00
360 6.1648922054e-01 9.1044011492e-02 1.9839993060e+00 6.0291756899e+00
361 6.1652482695e-01 9.0879064682e-02 1.9632114708e+00 5.9370761994e+00
362 6.1671182322e-01 9.1385378420e-02 1.9812194161e+00 6.0487707453e+00
363 6.1694200961e-01 9.2233768217e-02 1.9954304269e+00 6.1246571533e+00
364 6.1720043231e-01 9.3221414755e-02 2.0217345755e+00 6.2891624301e+00
365 6.1715596797e-01 9.3223492340e-02 2.0201467164e+00 6.2865261800e+00
