1 5.9282947138e-01 1.1102230246e-16 1.0000000000e+00 1.0000000000e+00
2 5.9277135879e-01 1.7210371270e-03 -2.2037844463e+01 6.2580924100e+02
3 5.9318652190e-01 1.0859522131e-02 1.9380337874e+01 4.2183744833e+02
4 5.9338045899e-01 1.3191368876e-02 1.6229516744e+01 2.8939951963e+02
5 5.9342650332e-01 1.3287179876e-02 1.5880996980e+01 2.8096528037e+02
6 5.9344926191e-01 1.3355639141e-02 1.5643064720e+01 2.7516583689e+02
7 5.9394144606e-01 1.6959843361e-02 1.2690371808e+01 1.7472348422e+02
8 5.9398640389e-01 1.7028564456e-02 1.2531086380e+01 1.7180017458e+02
9 5.9387075167e-01 1.7285708123e-02 1.1929223554e+01 1.6233133183e+02
10 5.9404694478e-01 1.8919221010e-02 1.0888658684e+01 1.3532940150e+02
11 5.9396108441e-01 1.9067695222e-02 1.0617842760e+01 1.3145612257e+02
12 5.9390948294e-01 1.9186438983e-02 1.0413633856e+01 1.2839556331e+02
13 5.9394865116e-01 1.9233086230e-02 1.0333333815e+01 1.2707742726e+02
14 5.9420323991e-01 2.0608494649e-02 9.7865256763e+00 1.1191889242e+02
15 5.9416426226e-01 2.0675868367e-02 9.6829521305e+00 1.1057365514e+02
16 5.9409835461e-01 2.0741593296e-02 9.5865312087e+00 1.0933340263e+02
17 5.9428609289e-01 2.2044325471e-02 9.1185335221e+00 9.7574017107e+01
18 5.9427906904e-01 2.2063642430e-02 9.0941138775e+00 9.7246124195e+01
19 5.9422033093e-01 2.2136716414e-02 8.9994358708e+00 9.6091128768e+01
20 5.9429502369e-01 2.2166606063e-02 8.9553872818e+00 9.5455548019e+01
21 5.9427517299e-01 2.2225535500e-02 8.8767633859e+00 9.4501809620e+01
22 5.9462822676e-01 2.4728958853e-02 8.2441770692e+00 7.9530666658e+01
23 5.9478050892e-01 2.5737788342e-02 7.8972288170e+00 7.2789750723e+01
24 5.9470188615e-01 2.5807962448e-02 7.8323472032e+00 7.2112630194e+01
25 5.9498120285e-01 2.6640731237e-02 7.5358927681e+00 6.6599882185e+01
26 5.9496126490e-01 2.6694296653e-02 7.4860438813e+00 6.6102137184e+01
27 5.9497156391e-01 2.6723955741e-02 7.4595197690e+00 6.5799148664e+01
28 5.9499500640e-01 2.6769545443e-02 7.4204627120e+00 6.5330127703e+01
29 5.9498263120e-01 2.6791573717e-02 7.4030390321e+00 6.5130480557e+01
30 5.9521522334e-01 2.7839204713e-02 7.1374944694e+00 6.0359069707e+01
31 5.9524190810e-01 2.7848995077e-02 7.1274747220e+00 6.0247242133e+01
32 5.9545298270e-01 2.9135981218e-02 7.4990888308e+00 6.7891591778e+01
33 5.9562680649e-01 3.0051697272e-02 7.2667780936e+00 6.3264313908e+01
34 5.9563724086e-01 3.0045582831e-02 7.2705794653e+00 6.3305334505e+01
35 5.9605133928e-01 3.1841043102e-02 6.8119887855e+00 5.5316868407e+01
36 5.9594368147e-01 3.1943139703e-02 6.7479143760e+00 5.4718132365e+01
37 5.9616487384e-01 3.2762699700e-02 6.5789535577e+00 5.1686741004e+01
38 5.9613022211e-01 3.2796452196e-02 6.5593955351e+00 5.1505070940e+01
39 5.9655317365e-01 3.4223273276e-02 6.2404578435e+00 4.6374609797e+01
40 5.9745434524e-01 3.7228824149e-02 5.7055460492e+00 3.8310452911e+01
41 5.9745804902e-01 3.7239455710e-02 5.6999748834e+00 3.8264798390e+01
42 5.9791254977e-01 3.8572996119e-02 5.4968399001e+00 3.5334263994e+01
43 5.9790061991e-01 3.8583299031e-02 5.4930378621e+00 3.5303516667e+01
44 5.9815095995e-01 3.9175819347e-02 5.3971455776e+00 3.4040367490e+01
45 5.9802588255e-01 3.9306207914e-02 5.3448225659e+00 3.3670900332e+01
46 5.9795557748e-01 3.9344250496e-02 5.3333169952e+00 3.3579991252e+01
47 5.9815408751e-01 4.0049360778e-02 5.2239333804e+00 3.2222446230e+01
48 5.9834111792e-01 4.0716688810e-02 5.1316968713e+00 3.1043039063e+01
49 5.9825567711e-01 4.0785270919e-02 5.1063197654e+00 3.0888444992e+01
50 5.9828914385e-01 4.0504821247e-02 4.8540382154e+00 2.7708509087e+01
51 5.9825874474e-01 4.0530825614e-02 4.8398158569e+00 2.7596727712e+01
52 5.9823506584e-01 4.0557704709e-02 4.8301513017e+00 2.7537762005e+01
53 5.9847039937e-01 4.1222853873e-02 4.7501811535e+00 2.6622833479e+01
54 5.9843386537e-01 4.1242912335e-02 4.7452226772e+00 2.6588407825e+01
55 5.9848182223e-01 4.1287237165e-02 4.7261503732e+00 2.6455049852e+01
56 5.9846131777e-01 4.1365563820e-02 4.7310986868e+00 2.6486407215e+01
57 5.9861965120e-01 4.2028378409e-02 4.6585476570e+00 2.5674083257e+01
58 5.9866551889e-01 4.2048998320e-02 4.6481027933e+00 2.5603962309e+01
59 5.9867320828e-01 4.2150052207e-02 4.6406733109e+00 2.5558398390e+01
60 5.9887041084e-01 4.2866421834e-02 4.5710450258e+00 2.4791001747e+01
61 5.9912420250e-01 4.3403605245e-02 4.5057505598e+00 2.4073807911e+01
62 5.9962934126e-01 4.4570319935e-02 4.3893497198e+00 2.2782384574e+01
63 5.9965075032e-01 4.4560300941e-02 4.3922289108e+00 2.2792514026e+01
64 5.9984556313e-01 4.5140203400e-02 4.3285118700e+00 2.2149186234e+01
65 5.9982572078e-01 4.5120284366e-02 4.3121519407e+00 2.2042239748e+01
66 5.9975519873e-01 4.5156190890e-02 4.3053212827e+00 2.2000105753e+01
67 5.9975726490e-01 4.5159602092e-02 4.3042769253e+00 2.1992740700e+01
68 5.9968186331e-01 4.5141780289e-02 4.2921081440e+00 2.1929153003e+01
69 5.9985438141e-01 4.5696405651e-02 4.2261028315e+00 2.1297451993e+01
70 5.9997657008e-01 4.6279266620e-02 4.1508506319e+00 2.0662644185e+01
71 6.0034027940e-01 4.7818774544e-02 4.2349792940e+00 2.1930598377e+01
72 6.0040377425e-01 4.8824211698e-02 4.3395343970e+00 2.3306948850e+01
73 6.0063640156e-01 4.9372528662e-02 4.2761216637e+00 2.2643469337e+01
74 6.0087703600e-01 4.9945498780e-02 4.2256131974e+00 2.2069510446e+01
75 6.0112457526e-01 5.0483675413e-02 4.1639061668e+00 2.1453821348e+01
76 6.0104286084e-01 5.0463356444e-02 4.1370748289e+00 2.1329000340e+01
77 6.0169681256e-01 5.1967391541e-02 3.9946492544e+00 1.9843839145e+01
78 6.0169326138e-01 5.1977374173e-02 3.9921840835e+00 1.9829961623e+01
79 6.0167519983e-01 5.1934623397e-02 3.9873864242e+00 1.9815857556e+01
80 6.0170323280e-01 5.1949507071e-02 3.9826091419e+00 1.9784253397e+01
81 6.0177574136e-01 5.1962087602e-02 3.9753233344e+00 1.9743197232e+01
82 6.0177340308e-01 5.2132112673e-02 3.9591615152e+00 1.9631752070e+01
83 6.0193452558e-01 5.2965042688e-02 4.0086642224e+00 2.0099488988e+01
84 6.0213033233e-01 5.3445123377e-02 3.9619371132e+00 1.9623720086e+01
85 6.0237496982e-01 5.4035075190e-02 3.9178749748e+00 1.9163105209e+01
86 6.0235966262e-01 5.4134379298e-02 3.9340863917e+00 1.9350791125e+01
87 6.0254481376e-01 5.4640658163e-02 3.8817656236e+00 1.8872509557e+01
88 6.0254799847e-01 5.4529834101e-02 3.8787914265e+00 1.8871992974e+01
89 6.0247651590e-01 5.4587462474e-02 3.8686584022e+00 1.8814408544e+01
90 6.0245895112e-01 5.4600447042e-02 3.8666424493e+00 1.8801644977e+01
91 6.0260961749e-01 5.5103914840e-02 3.8180586372e+00 1.8353556446e+01
92 6.0274076278e-01 5.5892118293e-02 3.8752083572e+00 1.8983757684e+01
93 6.0270842702e-01 5.5828910238e-02 3.8756835958e+00 1.9005229666e+01
94 6.0269441999e-01 5.5836906548e-02 3.8745664329e+00 1.8998362693e+01
95 6.0273735267e-01 5.5850114422e-02 3.8694155349e+00 1.8968611051e+01
96 6.0290854012e-01 5.6262409133e-02 3.8275057021e+00 1.8567820254e+01
97 6.0305443745e-01 5.6728731285e-02 3.7861688002e+00 1.8164242502e+01
98 6.0306445337e-01 5.6730993161e-02 3.7851541272e+00 1.8158697026e+01
99 6.0300727050e-01 5.6758894524e-02 3.7818703765e+00 1.8138795605e+01
100 6.0328283316e-01 5.8141768961e-02 3.7800210654e+00 1.8199376236e+01
101 6.0350541962e-01 5.8574843049e-02 3.7399988479e+00 1.7818211148e+01
102 6.0368519843e-01 5.8953301187e-02 3.6971990757e+00 1.7390384693e+01
103 6.0356383119e-01 5.9316776244e-02 3.7910825075e+00 1.8341655473e+01
104 6.0353830772e-01 5.8883723974e-02 3.6997791258e+00 1.7544560517e+01
105 6.0356565939e-01 5.8894440036e-02 3.6957800967e+00 1.7525873192e+01
106 6.0347596384e-01 5.8923828353e-02 3.6941327581e+00 1.7513823002e+01
107 6.0325010232e-01 5.8514824951e-02 3.7287710446e+00 1.7858148989e+01
108 6.0320569831e-01 5.8621365694e-02 3.7388072633e+00 1.7988272966e+01
109 6.0302556046e-01 5.7866847872e-02 3.6795924429e+00 1.7438868280e+01
110 6.0302597960e-01 5.7948309283e-02 3.6747390757e+00 1.7406911016e+01
111 6.0303683713e-01 5.7963285084e-02 3.6710101692e+00 1.7386399379e+01
112 6.0330024023e-01 5.8458265422e-02 3.6340687760e+00 1.7022598974e+01
113 6.0339350186e-01 5.9311233644e-02 3.6728285950e+00 1.7449340033e+01
114 6.0332865249e-01 5.9346994168e-02 3.6683948405e+00 1.7424358041e+01
115 6.0324155621e-01 5.9335833761e-02 3.6649178472e+00 1.7419015378e+01
116 6.0322633601e-01 5.9367584994e-02 3.6587913119e+00 1.7386695581e+01
117 6.0275262062e-01 5.8242243263e-02 3.6279717680e+00 1.7167153907e+01
118 6.0270773018e-01 5.8261981060e-02 3.6260497705e+00 1.7155506708e+01
119 6.0289370696e-01 5.8637240893e-02 3.5921298007e+00 1.6834147211e+01
120 6.0308505531e-01 5.9093531952e-02 3.5534634391e+00 1.6490939964e+01
121 6.0350845367e-01 5.9895018114e-02 3.4796376248e+00 1.5793484788e+01
122 6.0355895147e-01 5.9911286565e-02 3.4717923867e+00 1.5771291203e+01
123 6.0355882398e-01 5.9811447704e-02 3.4747758217e+00 1.5812576685e+01
124 6.0348575187e-01 5.9833815224e-02 3.4740503297e+00 1.5806126456e+01
125 6.0361136834e-01 6.0271780716e-02 3.4430750810e+00 1.5509479836e+01
126 6.0352914825e-01 6.0336290613e-02 3.4338968984e+00 1.5465053377e+01
127 6.0337500138e-01 5.9609510655e-02 3.3619214526e+00 1.4759602513e+01
128 6.0335490857e-01 5.9657486288e-02 3.3530308242e+00 1.4718789405e+01
129 6.0330758761e-01 5.9670002822e-02 3.3530257576e+00 1.4717222117e+01
130 6.0328517342e-01 5.9702507030e-02 3.3499998582e+00 1.4699649257e+01
131 6.0354268735e-01 6.0114498971e-02 3.3194903673e+00 1.4431239738e+01
132 6.0353696131e-01 6.0125693340e-02 3.3174137851e+00 1.4422333596e+01
133 6.0328876556e-01 5.9641219592e-02 3.3492195139e+00 1.4710140452e+01
134 6.0342501172e-01 6.0427457566e-02 3.4065481587e+00 1.5251731171e+01
135 6.0344563722e-01 6.0447122263e-02 3.4015769140e+00 1.5227988772e+01
136 6.0345567165e-01 6.0493418648e-02 3.4016987816e+00 1.5220532094e+01
137 6.0341702290e-01 6.0574977778e-02 3.3861594749e+00 1.5152923703e+01
138 6.0342448213e-01 6.0554892566e-02 3.3840967583e+00 1.5145453465e+01
139 6.0341007258e-01 6.0565438956e-02 3.3827775479e+00 1.5138309006e+01
140 6.0356370359e-01 6.1204633890e-02 3.3966122268e+00 1.5204396334e+01
141 6.0383919429e-01 6.1589062974e-02 3.3674936017e+00 1.4936697950e+01
142 6.0399669486e-01 6.2060229687e-02 3.3466298356e+00 1.4776717787e+01
143 6.0394393695e-01 6.1963462238e-02 3.3468489479e+00 1.4793698446e+01
144 6.0409151444e-01 6.2624747347e-02 3.3640877326e+00 1.4883917319e+01
145 6.0402675933e-01 6.2681163405e-02 3.3634464027e+00 1.4873347105e+01
146 6.0399372007e-01 6.2593516246e-02 3.3674144892e+00 1.4914033055e+01
147 6.0396334110e-01 6.2611279082e-02 3.3656191692e+00 1.4903801385e+01
148 6.0394113996e-01 6.2609284842e-02 3.3668554610e+00 1.4910402952e+01
149 6.0389980061e-01 6.2641924856e-02 3.3624072490e+00 1.4889727332e+01
150 6.0413846697e-01 6.2941456966e-02 3.3321705308e+00 1.4641381234e+01
151 6.0439069365e-01 6.3522430485e-02 3.3035626310e+00 1.4366235317e+01
152 6.0432237356e-01 6.3587309228e-02 3.3022670052e+00 1.4345917445e+01
153 6.0473591154e-01 6.4146453169e-02 3.2489509278e+00 1.3920400310e+01
154 6.0462970401e-01 6.4191210289e-02 3.2428274786e+00 1.3889887069e+01
155 6.0462424250e-01 6.4221275401e-02 3.2421059348e+00 1.3879992603e+01
156 6.0456832647e-01 6.4282839931e-02 3.2335951037e+00 1.3839855371e+01
157 6.0475174567e-01 6.4805724140e-02 3.2027312863e+00 1.3574714123e+01
158 6.0471876861e-01 6.4830988957e-02 3.1998961141e+00 1.3560604429e+01
159 6.0522542845e-01 6.5722851696e-02 3.1475770393e+00 1.3111431088e+01
160 6.0549460705e-01 6.5962641928e-02 3.1211575470e+00 1.2918799056e+01
161 6.0538482664e-01 6.6007496505e-02 3.1190187006e+00 1.2904953837e+01
162 6.0540006961e-01 6.6030383044e-02 3.1139431251e+00 1.2885624503e+01
163 6.0508182306e-01 6.5785235011e-02 3.1444899996e+00 1.3204142642e+01
164 6.0514089776e-01 6.5789287665e-02 3.1409937997e+00 1.3189904383e+01
165 6.0521895042e-01 6.5872385014e-02 3.1407399455e+00 1.3170085393e+01
166 6.0518110725e-01 6.5789455103e-02 3.1440445115e+00 1.3200151227e+01
167 6.0554159731e-01 6.6880868512e-02 3.1625569177e+00 1.3381103231e+01
168 6.0551940203e-01 6.6921007430e-02 3.1569016432e+00 1.3354357983e+01
169 6.0555794367e-01 6.6843997511e-02 3.1561939218e+00 1.3370183153e+01
170 6.0579218845e-01 6.7138496691e-02 3.1324220585e+00 1.3175910360e+01
171 6.0571690075e-01 6.7189870790e-02 3.1259475277e+00 1.3153262424e+01
172 6.0568336440e-01 6.7218502525e-02 3.1223454293e+00 1.3138419118e+01
173 6.0558000703e-01 6.7251618437e-02 3.1217495947e+00 1.3132114069e+01
174 6.0554132255e-01 6.7268727938e-02 3.1211001447e+00 1.3125588545e+01
175 6.0544293884e-01 6.7333697537e-02 3.1142996213e+00 1.3095512972e+01
176 6.0542088617e-01 6.7476445862e-02 3.1081572989e+00 1.3047258582e+01
177 6.0559811709e-01 6.7816904849e-02 3.0846052040e+00 1.2853404507e+01
178 6.0553004345e-01 6.7835232275e-02 3.0853193774e+00 1.2861186315e+01
179 6.0566896818e-01 6.8510945555e-02 3.1170718920e+00 1.3108574804e+01
180 6.0568105850e-01 6.8509876370e-02 3.1167006038e+00 1.3107179265e+01
181 6.0591370132e-01 6.8964271653e-02 3.0903833740e+00 1.2884167512e+01
182 6.0612645989e-01 6.9327533212e-02 3.0641748422e+00 1.2680132613e+01
183 6.0654147661e-01 6.9997199316e-02 3.0173137363e+00 1.2311247715e+01
184 6.0614119652e-01 6.9090390562e-02 3.0061174084e+00 1.2227967061e+01
185 6.0654886875e-01 6.9597421119e-02 2.9642200213e+00 1.1926520822e+01
186 6.0658863766e-01 6.9732996478e-02 2.9791345774e+00 1.2094433514e+01
187 6.0633797284e-01 6.9273747774e-02 2.9963681266e+00 1.2266133744e+01
188 6.0632980399e-01 6.9279998994e-02 2.9957021663e+00 1.2263168689e+01
189 6.0627256333e-01 6.9320446623e-02 2.9918060551e+00 1.2245486746e+01
190 6.0631586890e-01 6.9345816206e-02 2.9914195839e+00 1.2234154684e+01
191 6.0681870489e-01 6.9971875125e-02 2.9463345106e+00 1.1886208012e+01
192 6.0666897148e-01 7.0036990224e-02 2.9422603970e+00 1.1869894641e+01
193 6.0686214522e-01 7.0359954321e-02 2.9198266771e+00 1.1700730037e+01
194 6.0683696289e-01 7.0334179921e-02 2.9187797168e+00 1.1701685150e+01
195 6.0681060009e-01 7.0358574026e-02 2.9161927879e+00 1.1690446350e+01
196 6.0678125826e-01 7.0428377901e-02 2.9140127925e+00 1.1674515497e+01
197 6.0676772743e-01 7.0534087718e-02 2.9161236815e+00 1.1724272295e+01
198 6.0662767953e-01 7.0921311821e-02 2.9642788819e+00 1.2085647360e+01
199 6.0654486513e-01 7.0940198756e-02 2.9647534624e+00 1.2086909368e+01
200 6.0711372886e-01 7.2566381855e-02 2.9912844638e+00 1.2256239196e+01
201 6.0680960490e-01 7.2155688605e-02 2.9973703498e+00 1.2279898593e+01
202 6.0682232803e-01 7.2156695688e-02 2.9967796641e+00 1.2277050713e+01
203 6.0723392841e-01 7.2929219177e-02 2.9481778734e+00 1.1902720069e+01
204 6.0768810414e-01 7.3497273192e-02 2.9082095492e+00 1.1600578732e+01
205 6.0730502331e-01 7.2604455144e-02 2.9018023488e+00 1.1583674996e+01
206 6.0728783750e-01 7.2784156583e-02 2.9068779071e+00 1.1614697913e+01
207 6.0740319631e-01 7.3099391889e-02 2.8860578217e+00 1.1466535903e+01
208 6.0738137860e-01 7.3081045799e-02 2.8871215088e+00 1.1475293516e+01
209 6.0781122297e-01 7.4154456489e-02 2.8887024255e+00 1.1461516793e+01
210 6.0722139585e-01 7.2585707383e-02 2.8643205056e+00 1.1302705956e+01
211 6.0726537752e-01 7.2569623138e-02 2.8649886358e+00 1.1305187127e+01
212 6.0720901377e-01 7.2648886563e-02 2.8650228201e+00 1.1303462396e+01
213 6.0718164171e-01 7.2614873241e-02 2.8649835003e+00 1.1308028017e+01
214 6.0716240214e-01 7.2653026936e-02 2.8598580237e+00 1.1289317139e+01
215 6.0770999346e-01 7.4174898094e-02 2.8680269388e+00 1.1272558863e+01
216 6.0769806218e-01 7.4170783938e-02 2.8662059377e+00 1.1263471017e+01
217 6.0789036763e-01 7.4566211732e-02 2.8561421293e+00 1.1215193499e+01
218 6.0785705827e-01 7.4491539102e-02 2.8576054584e+00 1.1236121378e+01
219 6.0799349805e-01 7.5047682063e-02 2.8824318043e+00 1.1416575119e+01
220 6.0792758306e-01 7.5081875647e-02 2.8803801083e+00 1.1406470860e+01
221 6.0795621362e-01 7.5032743315e-02 2.8813128229e+00 1.1416214108e+01
222 6.0747635368e-01 7.4157292002e-02 2.8783497947e+00 1.1415730478e+01
223 6.0735206327e-01 7.4139686427e-02 2.8750038595e+00 1.1416994061e+01
224 6.0716377115e-01 7.3918502877e-02 2.8939267631e+00 1.1546890070e+01
225 6.0715924291e-01 7.3937019428e-02 2.8917992814e+00 1.1536193161e+01
226 6.0685537432e-01 7.3682238267e-02 2.9115558722e+00 1.1684680145e+01
227 6.0698115996e-01 7.3980066875e-02 2.8884028161e+00 1.1521598335e+01
228 6.0697583525e-01 7.3978837903e-02 2.8887807147e+00 1.1523183773e+01
229 6.0688099136e-01 7.4088009867e-02 2.8892896924e+00 1.1510331447e+01
230 6.0726168719e-01 7.5020689208e-02 2.8890824934e+00 1.1492645440e+01
231 6.0725053420e-01 7.5129449617e-02 2.8875295806e+00 1.1472943820e+01
232 6.0769855351e-01 7.7019506069e-02 2.9491985169e+00 1.1865832996e+01
233 6.0756220088e-01 7.6969613744e-02 2.9507709120e+00 1.1885809922e+01
234 6.0754329010e-01 7.7006997748e-02 2.9463216321e+00 1.1866618204e+01
235 6.0772614001e-01 7.7248935688e-02 2.9265692385e+00 1.1727659513e+01
236 6.0771805977e-01 7.7277234688e-02 2.9245134817e+00 1.1729140023e+01
237 6.0790117283e-01 7.7526298100e-02 2.9033348312e+00 1.1588948967e+01
238 6.0732579872e-01 7.6802570671e-02 2.9088422212e+00 1.1669284662e+01
239 6.0710814576e-01 7.6229746487e-02 2.8835881707e+00 1.1525733878e+01
240 6.0676468521e-01 7.4993836328e-02 2.8300644486e+00 1.1162299363e+01
241 6.0696021839e-01 7.5175668390e-02 2.8127144160e+00 1.1048737654e+01
242 6.0690198912e-01 7.5214006013e-02 2.8097676305e+00 1.1035813592e+01
243 6.0657508141e-01 7.4321800863e-02 2.8038988838e+00 1.1011217264e+01
244 6.0654778287e-01 7.4327570536e-02 2.8044904086e+00 1.1011739690e+01
245 6.0652893687e-01 7.4344198891e-02 2.8011189632e+00 1.1000336580e+01
246 6.0662744198e-01 7.4845954039e-02 2.8185330358e+00 1.1125915836e+01
247 6.0622414911e-01 7.3995795385e-02 2.8124943660e+00 1.1115963786e+01
248 6.0627338760e-01 7.4086542023e-02 2.8170280014e+00 1.1150962768e+01
249 6.0608025859e-01 7.3761220989e-02 2.8449740502e+00 1.1393461704e+01
250 6.0616225290e-01 7.4326539969e-02 2.8578578938e+00 1.1446839898e+01
251 6.0611810439e-01 7.4343229421e-02 2.8571766639e+00 1.1444044420e+01
252 6.0650766127e-01 7.4979734406e-02 2.8155814667e+00 1.1141420882e+01
253 6.0698895952e-01 7.5654262033e-02 2.7739754797e+00 1.0839951979e+01
254 6.0710474428e-01 7.6417143078e-02 2.7933307580e+00 1.0966939351e+01
255 6.0677073649e-01 7.5037669912e-02 2.7328697958e+00 1.0531412052e+01
256 6.0678338010e-01 7.5007371655e-02 2.7346640306e+00 1.0539926579e+01
257 6.0674368554e-01 7.5053670912e-02 2.7295182192e+00 1.0521722301e+01
258 6.0663064217e-01 7.4518156697e-02 2.7152814853e+00 1.0449610192e+01
259 6.0670021878e-01 7.4961157738e-02 2.6882023142e+00 1.0276795337e+01
260 6.0658604804e-01 7.4987042800e-02 2.6895946031e+00 1.0279140294e+01
261 6.0644754681e-01 7.5020332682e-02 2.6889970281e+00 1.0276561562e+01
262 6.0609972360e-01 7.4163678410e-02 2.6846882237e+00 1.0265964277e+01
263 6.0575104244e-01 7.3200459252e-02 2.6753165730e+00 1.0196390056e+01
264 6.0573427741e-01 7.3215608350e-02 2.6740580169e+00 1.0190613804e+01
265 6.0588524859e-01 7.3661600276e-02 2.6835798952e+00 1.0259409087e+01
266 6.0593484988e-01 7.3647680384e-02 2.6837178048e+00 1.0259286465e+01
267 6.0604119877e-01 7.4288330749e-02 2.7047805044e+00 1.0436947626e+01
268 6.0612641486e-01 7.4966172301e-02 2.7236342952e+00 1.0565986270e+01
269 6.0611683462e-01 7.4982553137e-02 2.7214990581e+00 1.0559441492e+01
270 6.0627374127e-01 7.5549441833e-02 2.6962605479e+00 1.0381039508e+01
271 6.0623190820e-01 7.5574678723e-02 2.6946353882e+00 1.0373651906e+01
272 6.0656690039e-01 7.6241909439e-02 2.6603298113e+00 1.0116324515e+01
273 6.0655301130e-01 7.6248220002e-02 2.6599157552e+00 1.0115320195e+01
274 6.0637148419e-01 7.5842985842e-02 2.6465476414e+00 1.0042930085e+01
275 6.0633401995e-01 7.5889484757e-02 2.6405238385e+00 1.0029011445e+01
276 6.0674149210e-01 7.6592876899e-02 2.6007946687e+00 9.7568509787e+00
277 6.0634613817e-01 7.5857974846e-02 2.5846100610e+00 9.6702844374e+00
278 6.0619176131e-01 7.5493886046e-02 2.5996648115e+00 9.7902811238e+00
279 6.0621441401e-01 7.5482917584e-02 2.6002110139e+00 9.7924757058e+00
280 6.0616968510e-01 7.5536835071e-02 2.5992637672e+00 9.7850130746e+00
281 6.0616493043e-01 7.5545974989e-02 2.5981200405e+00 9.7814636453e+00
282 6.0616817926e-01 7.5617699728e-02 2.5954557984e+00 9.7644655386e+00
283 6.0598450309e-01 7.5805994244e-02 2.6307294112e+00 1.0014478266e+01
284 6.0579064451e-01 7.5205415036e-02 2.6011900889e+00 9.8042012735e+00
285 6.0537764382e-01 7.4326579858e-02 2.5933562611e+00 9.7565000872e+00
286 6.0532637494e-01 7.4487298025e-02 2.5873737133e+00 9.7297690164e+00
287 6.0532629363e-01 7.4503981819e-02 2.5850451937e+00 9.7220337716e+00
288 6.0516606048e-01 7.4495037228e-02 2.5837159761e+00 9.7239517524e+00
289 6.0500303044e-01 7.4079391570e-02 2.5784158259e+00 9.6636973798e+00
290 6.0493541153e-01 7.4146803280e-02 2.5742059883e+00 9.6367543887e+00
291 6.0471869641e-01 7.4168666799e-02 2.5663552452e+00 9.6055323440e+00
292 6.0495688030e-01 7.4498376320e-02 2.5490190997e+00 9.4742808769e+00
293 6.0509138112e-01 7.4817166348e-02 2.5322310529e+00 9.3569732684e+00
294 6.0489886016e-01 7.4558088056e-02 2.5464889383e+00 9.4589254094e+00
295 6.0492739977e-01 7.4586137541e-02 2.5422717778e+00 9.4465013454e+00
296 6.0486784334e-01 7.4480889221e-02 2.5446908119e+00 9.4603842492e+00
297 6.0482823862e-01 7.4571511358e-02 2.5340718464e+00 9.4242353276e+00
298 6.0484991311e-01 7.4574658078e-02 2.5328713063e+00 9.4197238247e+00
299 6.0485060681e-01 7.4570334298e-02 2.5338931308e+00 9.4214339934e+00
300 6.0524717001e-01 7.5834160698e-02 2.6115016751e+00 1.0038689590e+01
301 6.0519632196e-01 7.5897600550e-02 2.6115869754e+00 1.0033469602e+01
302 6.0538310463e-01 7.6217793265e-02 2.5966102034e+00 9.9207592782e+00
303 6.0557246645e-01 7.6463862539e-02 2.5801797989e+00 9.8085313242e+00
304 6.0552996843e-01 7.6414152112e-02 2.5794000100e+00 9.8170984731e+00
305 6.0549830209e-01 7.6391152069e-02 2.5749842704e+00 9.7833262787e+00
306 6.0548567782e-01 7.6367495331e-02 2.5736262902e+00 9.7828953498e+00
307 6.0574539787e-01 7.6711294700e-02 2.5556256976e+00 9.6549665399e+00
308 6.0566651102e-01 7.6129766837e-02 2.5212561830e+00 9.4107133124e+00
309 6.0579297910e-01 7.6752009515e-02 2.5501248681e+00 9.6021238362e+00
310 6.0558585140e-01 7.6580297780e-02 2.5673369367e+00 9.7199781861e+00
311 6.0556402739e-01 7.6629972668e-02 2.5674481867e+00 9.7150068503e+00
312 6.0556438213e-01 7.7562488755e-02 2.6283669210e+00 1.0114641609e+01
313 6.0573743435e-01 7.7925884870e-02 2.6129887366e+00 9.9903240728e+00
314 6.0567296524e-01 7.7940881866e-02 2.6136539159e+00 9.9909106862e+00
315 6.0567424697e-01 7.8665326055e-02 2.6526885394e+00 1.0295215473e+01
316 6.0546440015e-01 7.8024097174e-02 2.6235374528e+00 1.0125839121e+01
317 6.0513782360e-01 7.7507620198e-02 2.6337421192e+00 1.0225504791e+01
318 6.0511115345e-01 7.7526715167e-02 2.6323916630e+00 1.0219415852e+01
319 6.0513003168e-01 7.7496018025e-02 2.6331942460e+00 1.0226578660e+01
320 6.0509274761e-01 7.7544261209e-02 2.6326299021e+00 1.0217880337e+01
321 6.0510875805e-01 7.7581411083e-02 2.6313992590e+00 1.0207018496e+01
322 6.0528909567e-01 7.7843233924e-02 2.6128815755e+00 1.0086663182e+01
323 6.0548357741e-01 7.8300356355e-02 2.5936162878e+00 9.9436877649e+00
324 6.0540538619e-01 7.8323457895e-02 2.5936221044e+00 9.9427712817e+00
325 6.0523862166e-01 7.8413249604e-02 2.5884438374e+00 9.9224306922e+00
326 6.0527636498e-01 7.8446981089e-02 2.5915410741e+00 9.9482425292e+00
327 6.0550098438e-01 7.9069525143e-02 2.6147103664e+00 1.0115277782e+01
328 6.0548109006e-01 7.9106024559e-02 2.6131335134e+00 1.0104752577e+01
329 6.0575475661e-01 7.9094358824e-02 2.5503842757e+00 9.6788304736e+00
330 6.0568417638e-01 7.9124748920e-02 2.5495958702e+00 9.6738084569e+00
331 6.0616214134e-01 7.9793163351e-02 2.5159192730e+00 9.4337052201e+00
332 6.0626214982e-01 8.0421515267e-02 2.5470266439e+00 9.6616206828e+00
333 6.0666856953e-01 8.1135683165e-02 2.5156517962e+00 9.4268149121e+00
334 6.0693529280e-01 8.1451356684e-02 2.4957604395e+00 9.3018706924e+00
335 6.0692350839e-01 8.1412132487e-02 2.4965817579e+00 9.3102316475e+00
336 6.0723105030e-01 8.2206824196e-02 2.5000529007e+00 9.3160545548e+00
337 6.0741514568e-01 8.2529368490e-02 2.4845083451e+00 9.2056055170e+00
338 6.0756445971e-01 8.3032789655e-02 2.4926280377e+00 9.2464943954e+00
339 6.0739965371e-01 8.2627622208e-02 2.4856351779e+00 9.2336755700e+00
340 6.0711194283e-01 8.2450744529e-02 2.4944397499e+00 9.3117656239e+00
341 6.0708096181e-01 8.2396529772e-02 2.4951481009e+00 9.3271768079e+00
342 6.0697099904e-01 8.2430645926e-02 2.4954565168e+00 9.3254890145e+00
343 6.0665467416e-01 8.2066708016e-02 2.5050687312e+00 9.3766130103e+00
344 6.0628076455e-01 8.1223462712e-02 2.4994574047e+00 9.3647020740e+00
345 6.0617446804e-01 8.0704429499e-02 2.4844191413e+00 9.2909164867e+00
346 6.0621414128e-01 8.0675985738e-02 2.4832847019e+00 9.2935470556e+00
347 6.0654509567e-01 8.1097166143e-02 2.4638070722e+00 9.1602059408e+00
348 6.0670850194e-01 8.1581041415e-02 2.4733024608e+00 9.1832655939e+00
349 6.0662102795e-01 8.1835822130e-02 2.5127367695e+00 9.4488510722e+00
350 6.0664394116e-01 8.1834063713e-02 2.5121365204e+00 9.4467715656e+00
351 6.0676611694e-01 8.2426862798e-02 2.5358952582e+00 9.5915128757e+00
352 6.0667682976e-01 8.2469879425e-02 2.5344591241e+00 9.5830028843e+00
353 6.0689101528e-01 8.3057108818e-02 2.5586577659e+00 9.7423110747e+00
354 6.0730704894e-01 8.3738352009e-02 2.5212489020e+00 9.4911213468e+00
355 6.0729037695e-01 8.3751224738e-02 2.5203732542e+00 9.4876155507e+00
356 6.0723670696e-01 8.3783589181e-02 2.5188009993e+00 9.4800166912e+00
357 6.0725732329e-01 8.3774869067e-02 2.5175951805e+00 9.4768845860e+00
358 6.0705390799e-01 8.3847616358e-02 2.5098749174e+00 9.4519210209e+00
359 6.0662873814e-01 8.2954096281e-02 2.4953006814e+00 9.3800540652e+00
360 6.0660455990e-01 8.2929893321e-02 2.4832974596e+00 9.3080173812e+00
361 6.0660997762e-01 8.2733290473e-02 2.4526990767e+00 9.1440979793e+00
362 6.0658104232e-01 8.2760443684e-02 2.4509800796e+00 9.1359533544e+00
363 6.0656669520e-01 8.2772186231e-02 2.4501978330e+00 9.1327459694e+00
364 6.0685302077e-01 8.3991758329e-02 2.5039305259e+00 9.5030884837e+00
365 6.0708077645e-01 8.4487000756e-02 2.4852115500e+00 9.3696072197e+00
