1 5.9282947138e-01 1.1102230246e-16 1.0000000000e+00 1.0000000000e+00
2 5.9289633599e-01 7.8287527391e-03 2.5746983698e+01 7.8558478113e+02
3 5.9286203731e-01 7.9381375745e-03 2.4658257556e+01 7.4377615678e+02
4 5.9302617858e-01 1.1066671373e-02 1.8210754405e+01 3.9278535991e+02
5 5.9300466198e-01 1.1103700160e-02 1.8023861895e+01 3.8773502545e+02
6 5.9300891001e-01 1.1273733044e-02 1.7268572760e+01 3.6508169750e+02
7 5.9324242640e-01 1.3623445927e-02 1.5037694869e+01 2.6220629168e+02
8 5.9322691300e-01 1.3776054930e-02 1.4411511318e+01 2.5176987338e+02
9 5.9342238669e-01 1.5759951498e-02 1.2772207482e+01 1.9383280188e+02
10 5.9330641884e-01 1.5939541205e-02 1.2305723016e+01 1.8578472410e+02
11 5.9320263273e-01 1.6027247264e-02 1.2109750000e+01 1.8208631598e+02
12 5.9313871074e-01 1.6086948224e-02 1.1977091015e+01 1.7960405766e+02
13 5.9333659657e-01 1.7730598961e-02 1.1164816973e+01 1.5082920807e+02
14 5.9322295261e-01 1.7932256674e-02 1.0771435417e+01 1.4455223857e+02
15 5.9323731808e-01 1.7964655718e-02 1.0708896289e+01 1.4348196243e+02
16 5.9315775140e-01 1.8215505811e-02 1.0230890321e+01 1.3608298435e+02
17 5.9360198416e-01 2.1050274720e-02 9.2525250110e+00 1.0535076221e+02
18 5.9358678485e-01 2.1078363303e-02 9.2153741034e+00 1.0481961500e+02
19 5.9424016845e-01 2.4689555217e-02 8.1436799452e+00 7.8286538922e+01
20 5.9443402885e-01 2.5853632994e-02 7.7805368913e+00 7.1319080111e+01
21 5.9462130391e-01 2.6776884969e-02 7.5232834754e+00 6.6215539076e+01
22 5.9484422543e-01 2.7791188477e-02 7.2811424495e+00 6.1616815461e+01
23 5.9507749715e-01 2.8743045842e-02 7.0750648813e+00 5.7785172044e+01
24 5.9527932266e-01 2.9416624608e-02 6.8305815565e+00 5.4018137946e+01
25 5.9528305957e-01 2.9465834944e-02 6.7940485404e+00 5.3658680868e+01
26 5.9520933095e-01 2.9539132852e-02 6.7441034139e+00 5.3206190493e+01
27 5.9543700545e-01 3.0435956053e-02 6.5772138798e+00 5.0300178271e+01
28 5.9551319500e-01 3.0497893547e-02 6.5309069780e+00 4.9831186530e+01
29 5.9572338903e-01 3.1368825689e-02 6.3764375393e+00 4.7253826611e+01
30 5.9567619985e-01 3.1389303072e-02 6.3676381103e+00 4.7169578325e+01
31 5.9607569705e-01 3.2997871853e-02 6.0647225119e+00 4.2581047180e+01
32 5.9607946904e-01 3.3122322212e-02 6.0539778786e+00 4.2503707723e+01
33 5.9607911258e-01 3.3123077678e-02 6.0535821203e+00 4.2500094548e+01
34 5.9596039193e-01 3.3226380298e-02 6.0030725292e+00 4.2068298267e+01
35 5.9589374113e-01 3.3245253748e-02 5.9974957447e+00 4.2021651891e+01
36 5.9620325650e-01 3.5421367594e-02 6.1905205089e+00 4.6023255856e+01
37 5.9665611840e-01 3.6971218091e-02 5.8982157896e+00 4.1583121040e+01
38 5.9655365606e-01 3.5690580775e-02 5.6041641915e+00 3.6525776960e+01
39 5.9649426490e-01 3.5741907276e-02 5.5814915955e+00 3.6358402734e+01
40 5.9649381461e-01 3.5745568713e-02 5.5797761239e+00 3.6343805573e+01
41 5.9670380192e-01 3.6572606689e-02 5.4093107409e+00 3.4509052677e+01
42 5.9673755629e-01 3.6576023797e-02 5.4058109842e+00 3.4475155560e+01
43 5.9677250130e-01 3.6600833576e-02 5.3920333408e+00 3.4362572331e+01
44 5.9667789522e-01 3.6711032619e-02 5.3446256168e+00 3.4016000563e+01
45 5.9666088260e-01 3.6721052192e-02 5.3413704051e+00 3.3989016548e+01
46 5.9688763506e-01 3.7453805238e-02 5.2443348478e+00 3.2678845403e+01
47 5.9677156460e-01 3.7366264795e-02 5.2226037679e+00 3.2586470014e+01
48 5.9689779950e-01 3.8135225364e-02 5.1139495841e+00 3.1276536302e+01
49 5.9713839197e-01 3.8961157051e-02 5.0262153131e+00 3.0177678112e+01
50 5.9716989199e-01 3.9061738359e-02 5.0256271115e+00 3.0206969144e+01
51 5.9714622738e-01 3.9098951695e-02 5.0120003621e+00 3.0106738102e+01
52 5.9730179298e-01 3.9813713661e-02 4.9215401208e+00 2.9015276982e+01
53 5.9748810187e-01 4.0551453608e-02 4.8425293498e+00 2.8058599663e+01
54 5.9768361602e-01 4.1264537030e-02 4.7591530779e+00 2.7091897140e+01
55 5.9786831491e-01 4.1917147172e-02 4.6862831302e+00 2.6240116234e+01
56 5.9786326768e-01 4.1938226772e-02 4.6793792699e+00 2.6189972031e+01
57 5.9800696701e-01 4.2690218397e-02 4.6008622815e+00 2.5340631022e+01
58 5.9792005350e-01 4.2713939647e-02 4.5985731211e+00 2.5322241078e+01
59 5.9813868545e-01 4.3327444548e-02 4.5359197786e+00 2.4590950693e+01
60 5.9803366169e-01 4.3427681010e-02 4.5077107396e+00 2.4413193526e+01
61 5.9820620118e-01 4.4062371803e-02 4.4414094137e+00 2.3682220491e+01
62 5.9822000922e-01 4.4095769016e-02 4.4293829402e+00 2.3606216631e+01
63 5.9825518626e-01 4.4107754836e-02 4.4231237401e+00 2.3566913036e+01
64 5.9831603060e-01 4.4783578372e-02 4.3505960611e+00 2.2845269174e+01
65 5.9836510315e-01 4.4783962126e-02 4.3460233966e+00 2.2814219895e+01
66 5.9828076612e-01 4.4861927834e-02 4.3253800229e+00 2.2693546933e+01
67 5.9851870674e-01 4.5501750895e-02 4.2778296407e+00 2.2139504825e+01
68 5.9853529255e-01 4.5509222141e-02 4.2744138099e+00 2.2118932800e+01
69 5.9856921194e-01 4.5531419704e-02 4.2703168361e+00 2.2105644979e+01
70 5.9853491594e-01 4.5564852297e-02 4.2595262864e+00 2.2059829298e+01
71 5.9852183246e-01 4.5573947096e-02 4.2576374285e+00 2.2047219249e+01
72 5.9828038551e-01 4.5053492859e-02 4.3025751280e+00 2.2587797216e+01
73 5.9868093479e-01 4.6129180345e-02 4.2030767786e+00 2.1467870286e+01
74 5.9880922692e-01 4.7208865686e-02 4.3586000288e+00 2.3667076940e+01
75 5.9879873560e-01 4.7209526300e-02 4.3591890817e+00 2.3669486767e+01
76 5.9878164377e-01 4.7229032055e-02 4.3546792743e+00 2.3637139077e+01
77 5.9863860833e-01 4.7389825879e-02 4.3346068141e+00 2.3504885260e+01
78 5.9860956399e-01 4.7398972022e-02 4.3337089802e+00 2.3497519550e+01
79 5.9899290846e-01 4.8712066998e-02 4.3538123908e+00 2.3672875875e+01
80 5.9893713959e-01 4.8828065165e-02 4.3428628812e+00 2.3584859917e+01
81 5.9901280062e-01 4.8825744885e-02 4.3401354875e+00 2.3561791882e+01
82 5.9915004800e-01 4.9425168820e-02 4.2755477262e+00 2.2875244669e+01
83 5.9901885696e-01 4.9348490094e-02 4.2661413261e+00 2.2848115169e+01
84 5.9877373041e-01 4.8706490292e-02 4.3172434288e+00 2.3480520223e+01
85 5.9869836222e-01 4.8755443303e-02 4.3069455806e+00 2.3414901459e+01
86 5.9867034139e-01 4.8795472024e-02 4.2965884453e+00 2.3349957032e+01
87 5.9886309215e-01 4.9474006748e-02 4.2423402061e+00 2.2709371772e+01
88 5.9894038510e-01 5.0465317495e-02 4.3245817899e+00 2.3752766438e+01
89 5.9914000288e-01 5.1020149802e-02 4.2539913294e+00 2.3048475314e+01
90 5.9911255665e-01 5.1068030784e-02 4.2347201479e+00 2.2957856965e+01
91 5.9926766664e-01 5.1900194192e-02 4.2807682932e+00 2.3461717647e+01
92 5.9934341853e-01 5.1936279983e-02 4.2690231205e+00 2.3373268169e+01
93 5.9950680912e-01 5.2605256829e-02 4.2151143835e+00 2.2743708926e+01
94 5.9949484090e-01 5.2633901251e-02 4.2078583598e+00 2.2699252463e+01
95 5.9937627485e-01 5.2784343336e-02 4.1963446356e+00 2.2624545787e+01
96 5.9939631974e-01 5.2790843124e-02 4.1931793230e+00 2.2607626796e+01
97 5.9935864534e-01 5.3180406924e-02 4.3124921465e+00 2.3893430931e+01
98 5.9921944840e-01 5.3539450491e-02 4.4183725518e+00 2.5075563871e+01
99 5.9909850683e-01 5.3670098233e-02 4.4121270646e+00 2.5006783310e+01
100 5.9899316926e-01 5.3719226097e-02 4.4043463281e+00 2.4951414604e+01
101 5.9968220083e-01 5.4828904797e-02 4.2594122076e+00 2.3368020554e+01
102 5.9950057535e-01 5.4928568246e-02 4.2442761867e+00 2.3277536223e+01
103 5.9931506491e-01 5.5085930904e-02 4.2252164756e+00 2.3132296069e+01
104 5.9933227370e-01 5.5076338172e-02 4.2267747217e+00 2.3142919046e+01
105 5.9953314845e-01 5.5538331775e-02 4.1790436918e+00 2.2597815077e+01
106 5.9942580899e-01 5.4924639814e-02 4.1383358047e+00 2.2306089045e+01
107 5.9896775170e-01 5.3662908685e-02 4.1076615761e+00 2.2129350960e+01
108 5.9913617962e-01 5.4160782018e-02 4.0552704127e+00 2.1568185716e+01
109 5.9905769556e-01 5.4237409417e-02 4.0377540082e+00 2.1476944033e+01
110 5.9948220385e-01 5.5358285923e-02 3.9707609745e+00 2.0719778870e+01
111 5.9941674912e-01 5.5369223138e-02 3.9564201611e+00 2.0668771036e+01
112 5.9942833735e-01 5.5374173960e-02 3.9542542156e+00 2.0658920767e+01
113 5.9933820659e-01 5.5409730639e-02 3.9505028081e+00 2.0632516590e+01
114 5.9926756432e-01 5.5497169483e-02 3.9324915803e+00 2.0528058067e+01
115 5.9914230846e-01 5.5574890605e-02 3.9191071307e+00 2.0453847411e+01
116 5.9903227142e-01 5.5657395630e-02 3.9042133895e+00 2.0367513972e+01
117 5.9866672572e-01 5.5090614854e-02 3.9438234238e+00 2.0851723445e+01
118 5.9842660749e-01 5.4526666647e-02 3.9822427985e+00 2.1341940375e+01
119 5.9834638514e-01 5.4624010480e-02 3.9763567274e+00 2.1287355400e+01
120 5.9845887951e-01 5.5039869055e-02 3.9284768565e+00 2.0803080236e+01
121 5.9841786222e-01 5.5003930664e-02 3.9261526202e+00 2.0803519348e+01
122 5.9843183606e-01 5.5022323324e-02 3.9216521968e+00 2.0772027611e+01
123 5.9837306493e-01 5.5050960285e-02 3.9179709783e+00 2.0746139181e+01
124 5.9837059136e-01 5.5002137829e-02 3.9185091936e+00 2.0768288711e+01
125 5.9837733485e-01 5.5003188627e-02 3.9178510300e+00 2.0764911504e+01
126 5.9830347930e-01 5.5046999987e-02 3.9113188393e+00 2.0720848652e+01
127 5.9814584607e-01 5.4583803798e-02 3.9500184366e+00 2.1177186380e+01
128 5.9789590675e-01 5.4148761914e-02 3.9892576877e+00 2.1653418801e+01
129 5.9798668100e-01 5.4659409322e-02 3.9257374579e+00 2.1050768176e+01
130 5.9803653822e-01 5.5430621470e-02 3.9468105566e+00 2.1147812487e+01
131 5.9761678046e-01 5.4139648674e-02 3.9102399458e+00 2.0919493905e+01
132 5.9753612078e-01 5.4187271486e-02 3.9004950832e+00 2.0875327962e+01
133 5.9752167900e-01 5.4189853310e-02 3.9006063090e+00 2.0875433150e+01
134 5.9771102716e-01 5.4755997461e-02 3.8539914884e+00 2.0347125936e+01
135 5.9768039291e-01 5.4782769219e-02 3.8500138315e+00 2.0315929315e+01
136 5.9789612025e-01 5.5273894453e-02 3.8168589924e+00 1.9894551044e+01
137 5.9828162762e-01 5.6483665918e-02 3.7396380357e+00 1.8986116355e+01
138 5.9850331168e-01 5.6988041023e-02 3.7048117599e+00 1.8580588576e+01
139 5.9852983646e-01 5.6989621067e-02 3.7031898920e+00 1.8571598947e+01
140 5.9876428488e-01 5.8762402651e-02 3.8097304458e+00 1.9445651297e+01
141 5.9868414193e-01 5.8801735214e-02 3.8048448242e+00 1.9415692154e+01
142 5.9837199671e-01 5.8573479431e-02 3.8252502025e+00 1.9691457627e+01
143 5.9875616485e-01 5.9586388477e-02 3.8010699356e+00 1.9333577614e+01
144 5.9888532280e-01 6.0292272229e-02 3.8247221689e+00 1.9482100456e+01
145 5.9915309524e-01 6.0728889983e-02 3.7818850777e+00 1.9055409522e+01
146 5.9935660775e-01 6.1006472802e-02 3.7426501765e+00 1.8730916138e+01
147 5.9900633728e-01 6.0678048774e-02 3.7656356831e+00 1.9037872636e+01
148 5.9899650550e-01 6.0687518132e-02 3.7648171999e+00 1.9028383649e+01
149 5.9860502437e-01 5.9657605044e-02 3.7683878909e+00 1.9200381025e+01
150 5.9841553025e-01 5.8938002944e-02 3.7119415258e+00 1.8747507315e+01
151 5.9844352159e-01 5.8892224596e-02 3.7090449221e+00 1.8745656869e+01
152 5.9838134422e-01 5.8923388220e-02 3.7050611377e+00 1.8723094297e+01
153 5.9840900427e-01 5.9778356026e-02 3.7737511014e+00 1.9342014805e+01
154 5.9817666817e-01 5.9363564754e-02 3.8089629648e+00 1.9733035854e+01
155 5.9819805766e-01 5.9232396917e-02 3.7650471258e+00 1.9229690982e+01
156 5.9816964041e-01 5.9285554922e-02 3.7541190444e+00 1.9170915916e+01
157 5.9833587527e-01 6.0058739937e-02 3.8026141811e+00 1.9564105517e+01
158 5.9858695727e-01 6.0537430608e-02 3.7629340504e+00 1.9136660660e+01
159 5.9928981671e-01 6.2877179708e-02 3.7437225399e+00 1.8690189267e+01
160 5.9939564411e-01 6.2780428268e-02 3.6781008898e+00 1.8124609723e+01
161 5.9942044176e-01 6.2748260265e-02 3.6742564624e+00 1.8103789685e+01
162 5.9960398970e-01 6.3148899912e-02 3.6390610041e+00 1.7758091271e+01
163 5.9986154898e-01 6.3674441865e-02 3.6063826365e+00 1.7414027084e+01
164 5.9967791014e-01 6.2895266904e-02 3.5545430676e+00 1.6994669086e+01
165 5.9983618771e-01 6.3390338115e-02 3.5097255857e+00 1.6612838599e+01
166 6.0012511121e-01 6.4371053081e-02 3.4775782178e+00 1.6227312505e+01
167 6.0004651373e-01 6.4405018951e-02 3.4745478826e+00 1.6211317703e+01
168 6.0009145837e-01 6.4421172321e-02 3.4634372327e+00 1.6111394165e+01
169 6.0002377791e-01 6.4473084579e-02 3.4563360563e+00 1.6076273106e+01
170 5.9980986249e-01 6.4062690243e-02 3.4867451153e+00 1.6372121013e+01
171 5.9955599518e-01 6.3675911967e-02 3.5178396768e+00 1.6671096620e+01
172 5.9957844623e-01 6.3677544900e-02 3.5165742173e+00 1.6664465867e+01
173 5.9989479918e-01 6.4909248535e-02 3.5133846198e+00 1.6581466573e+01
174 5.9985335314e-01 6.4917863374e-02 3.5137472633e+00 1.6581713349e+01
175 5.9981630316e-01 6.4956978485e-02 3.5076224602e+00 1.6552092221e+01
176 5.9980516425e-01 6.4866127249e-02 3.4989432729e+00 1.6464757134e+01
177 6.0006669056e-01 6.5416006188e-02 3.4686082909e+00 1.6139349621e+01
178 6.0009284644e-01 6.5521718842e-02 3.4759793287e+00 1.6232125707e+01
179 5.9999944473e-01 6.5562800369e-02 3.4725838902e+00 1.6212294759e+01
180 6.0000892715e-01 6.5540212846e-02 3.4701963368e+00 1.6207623685e+01
181 6.0008995182e-01 6.5234098646e-02 3.4155732182e+00 1.5779423055e+01
182 6.0017532313e-01 6.5922676920e-02 3.4250827894e+00 1.5817856718e+01
183 5.9985586041e-01 6.5392686045e-02 3.4087072191e+00 1.5772994172e+01
184 5.9974743170e-01 6.5422345981e-02 3.4083233358e+00 1.5767531127e+01
185 5.9919711349e-01 6.3776620309e-02 3.3752765290e+00 1.5588252569e+01
186 5.9912286830e-01 6.3811855289e-02 3.3723959929e+00 1.5570602141e+01
187 5.9932168385e-01 6.4284782635e-02 3.3378438497e+00 1.5271257917e+01
188 5.9949637444e-01 6.5049987068e-02 3.3797643391e+00 1.5593093971e+01
189 5.9987701570e-01 6.6126355389e-02 3.3858323555e+00 1.5610386619e+01
190 6.0007831056e-01 6.6740237643e-02 3.3787522216e+00 1.5546198700e+01
191 6.0008830839e-01 6.6755169426e-02 3.3707764245e+00 1.5518891541e+01
192 5.9988432867e-01 6.6472565180e-02 3.3896734003e+00 1.5722290862e+01
193 6.0004192422e-01 6.6910649534e-02 3.3638630946e+00 1.5519474491e+01
194 5.9995212645e-01 6.6977268546e-02 3.3515519711e+00 1.5460356005e+01
195 6.0035623417e-01 6.7626800502e-02 3.2895539997e+00 1.4974617805e+01
196 6.0038026221e-01 6.7636534667e-02 3.2838825029e+00 1.4952619926e+01
197 6.0017995075e-01 6.6988170224e-02 3.2509682310e+00 1.4720446564e+01
198 5.9972889534e-01 6.5864067865e-02 3.2248306996e+00 1.4553470448e+01
199 5.9973501231e-01 6.5914625336e-02 3.2246349231e+00 1.4539786355e+01
200 5.9998760533e-01 6.6235357367e-02 3.1977672546e+00 1.4309541150e+01
201 5.9984574543e-01 6.6729287251e-02 3.3058035208e+00 1.5354648939e+01
202 5.9980240128e-01 6.6742081419e-02 3.3051035628e+00 1.5351925408e+01
203 5.9975133082e-01 6.6827844753e-02 3.3008601526e+00 1.5324110539e+01
204 5.9999052872e-01 6.7162477934e-02 3.2739403323e+00 1.5081116443e+01
205 5.9995790627e-01 6.7180514303e-02 3.2723857372e+00 1.5071533114e+01
206 6.0011429562e-01 6.8066563422e-02 3.3401528147e+00 1.5693721763e+01
207 6.0016158913e-01 6.8043596029e-02 3.3421696379e+00 1.5705010199e+01
208 6.0003259624e-01 6.8063509447e-02 3.3446949586e+00 1.5711848273e+01
209 6.0024109224e-01 6.8446435120e-02 3.3153589533e+00 1.5441134137e+01
210 6.0095636430e-01 7.0327498376e-02 3.2645877881e+00 1.4872053627e+01
211 6.0090125414e-01 7.0356933032e-02 3.2643877672e+00 1.4864678114e+01
212 6.0105330947e-01 7.0932748369e-02 3.2759811370e+00 1.4882952911e+01
213 6.0095887874e-01 7.1047524811e-02 3.2719181166e+00 1.4860306392e+01
214 6.0086975477e-01 7.1092280195e-02 3.2681387015e+00 1.4840727382e+01
215 6.0046066692e-01 7.0458857842e-02 3.2913117928e+00 1.5121345866e+01
216 6.0041287242e-01 7.0328159972e-02 3.2922842705e+00 1.5156243724e+01
217 6.0008789879e-01 6.9005819694e-02 3.2355616097e+00 1.4809482250e+01
218 6.0009577769e-01 6.9017456204e-02 3.2332120628e+00 1.4798363451e+01
219 6.0012082990e-01 6.9104639454e-02 3.2407188674e+00 1.4885906306e+01
220 6.0034851558e-01 6.9575261002e-02 3.2096291971e+00 1.4616461568e+01
221 6.0033586872e-01 6.9594908171e-02 3.2066155636e+00 1.4603450180e+01
222 5.9999660608e-01 6.8712398809e-02 3.2146000011e+00 1.4761535196e+01
223 5.9972085099e-01 6.8870005192e-02 3.2013681907e+00 1.4690562758e+01
224 5.9965648520e-01 6.8847163860e-02 3.1982393430e+00 1.4681109998e+01
225 5.9960256401e-01 6.8762931824e-02 3.1982000151e+00 1.4706483440e+01
226 5.9976268415e-01 6.9150373541e-02 3.1685162351e+00 1.4457261954e+01
227 5.9963139276e-01 6.9079027281e-02 3.1561461826e+00 1.4378963680e+01
228 5.9956149191e-01 6.9121406163e-02 3.1521878018e+00 1.4357900388e+01
229 5.9952236455e-01 6.9097253580e-02 3.1514086659e+00 1.4363274176e+01
230 5.9943903374e-01 6.9086768689e-02 3.1496880150e+00 1.4360134646e+01
231 5.9945131001e-01 6.9079505981e-02 3.1447207805e+00 1.4340865376e+01
232 5.9914325764e-01 6.7720783308e-02 3.0662519027e+00 1.3779326118e+01
233 5.9932025466e-01 6.7909701915e-02 3.0396387944e+00 1.3601203794e+01
234 5.9956148830e-01 6.8291561833e-02 3.0154632549e+00 1.3380738274e+01
235 6.0033239466e-01 7.0272500519e-02 3.0376104775e+00 1.3467377798e+01
236 6.0026765740e-01 7.0306032957e-02 3.0351218847e+00 1.3453899596e+01
237 6.0001608043e-01 6.9889283472e-02 3.0271768076e+00 1.3487710489e+01
238 5.9971339347e-01 6.9473310475e-02 3.0508697750e+00 1.3715460165e+01
239 5.9978259104e-01 7.0125160888e-02 3.0742320342e+00 1.3838077885e+01
240 5.9976192556e-01 7.0134473351e-02 3.0736611152e+00 1.3834640257e+01
241 5.9968328938e-01 7.0081502199e-02 3.0729570273e+00 1.3850435403e+01
242 5.9953061998e-01 7.0450992702e-02 3.1259520753e+00 1.4240080847e+01
243 5.9954116859e-01 7.0173944376e-02 3.0674275136e+00 1.3852633047e+01
244 5.9961168554e-01 7.0904722150e-02 3.0994215683e+00 1.4110137440e+01
245 6.0014262313e-01 7.2417674827e-02 3.1061004048e+00 1.3997067678e+01
246 6.0015955286e-01 7.2297080640e-02 3.0609738071e+00 1.3675717820e+01
247 6.0060813137e-01 7.3043548264e-02 3.0289659558e+00 1.3418014449e+01
248 6.0056513084e-01 7.3091833801e-02 3.0298243132e+00 1.3411540716e+01
249 6.0058109096e-01 7.3094684366e-02 3.0276111945e+00 1.3402286237e+01
250 6.0080629549e-01 7.3427766127e-02 3.0029887387e+00 1.3200517409e+01
251 6.0083180342e-01 7.3409133078e-02 3.0050136644e+00 1.3208699407e+01
252 6.0076341893e-01 7.3551415553e-02 3.0009656508e+00 1.3177585743e+01
253 6.0084147611e-01 7.3643354077e-02 2.9846230110e+00 1.3075231330e+01
254 6.0084936299e-01 7.3697166056e-02 2.9826387625e+00 1.3057051425e+01
255 6.0098221679e-01 7.4302421876e-02 2.9970219243e+00 1.3112048863e+01
256 6.0095129097e-01 7.4364225954e-02 2.9884001143e+00 1.3077276252e+01
257 6.0110692422e-01 7.5014796337e-02 3.0127988490e+00 1.3219167635e+01
258 6.0129515874e-01 7.5289252692e-02 2.9913971684e+00 1.3048810451e+01
259 6.0136056842e-01 7.5408497621e-02 2.9976287865e+00 1.3094813638e+01
260 6.0160227669e-01 7.5575098917e-02 2.9799089002e+00 1.2964853949e+01
261 6.0131569479e-01 7.5221559413e-02 2.9934062484e+00 1.3106150742e+01
262 6.0109191895e-01 7.4830649100e-02 2.9942926792e+00 1.3116901107e+01
263 6.0101653061e-01 7.4755841540e-02 2.9968824295e+00 1.3148495631e+01
264 6.0076756429e-01 7.4398720094e-02 3.0196441721e+00 1.3347045219e+01
265 6.0063979286e-01 7.4450902103e-02 3.0155603025e+00 1.3326915287e+01
266 6.0061475478e-01 7.4485426945e-02 3.0119837757e+00 1.3307167116e+01
267 6.0053041128e-01 7.4502404479e-02 3.0113190085e+00 1.3304734860e+01
268 6.0052862027e-01 7.4593991040e-02 3.0066357028e+00 1.3277342221e+01
269 6.0078931010e-01 7.5947071690e-02 3.0640059208e+00 1.3674963012e+01
270 6.0073548675e-01 7.5990003480e-02 3.0595395082e+00 1.3654411290e+01
271 6.0017099649e-01 7.4986559253e-02 3.0618871370e+00 1.3660546649e+01
272 6.0032866255e-01 7.5293616852e-02 3.0346321636e+00 1.3464355852e+01
273 6.0043993949e-01 7.5529432623e-02 3.0107996853e+00 1.3298862317e+01
274 6.0067647340e-01 7.5928127966e-02 2.9846808716e+00 1.3083371702e+01
275 6.0069050668e-01 7.5901478137e-02 2.9881156949e+00 1.3098750075e+01
276 6.0064441012e-01 7.5933738145e-02 2.9852574538e+00 1.3084659991e+01
277 6.0046681507e-01 7.5305570763e-02 2.9586773086e+00 1.2926525019e+01
278 6.0065525765e-01 7.5625855036e-02 2.9372840573e+00 1.2755910340e+01
279 6.0075684820e-01 7.5711086251e-02 2.9361629897e+00 1.2738284641e+01
280 6.0069902199e-01 7.5776887152e-02 2.9373160539e+00 1.2734836158e+01
281 6.0103095315e-01 7.6638054121e-02 2.8994524276e+00 1.2415153630e+01
282 6.0097520554e-01 7.6656734062e-02 2.8989093107e+00 1.2410422440e+01
283 6.0115600507e-01 7.6376888762e-02 2.8628556871e+00 1.2207825717e+01
284 6.0079003673e-01 7.6191080964e-02 2.8863035657e+00 1.2422124432e+01
285 6.0073548928e-01 7.6247068167e-02 2.8831772786e+00 1.2405572308e+01
286 6.0050832021e-01 7.5984780626e-02 2.9055435147e+00 1.2590207234e+01
287 6.0040016089e-01 7.6099615026e-02 2.9027816146e+00 1.2572378584e+01
288 6.0063808523e-01 7.6394151549e-02 2.8816715068e+00 1.2404405217e+01
289 6.0090765557e-01 7.7408945983e-02 2.8928876084e+00 1.2452661044e+01
290 6.0105805873e-01 7.8029876927e-02 2.8972587923e+00 1.2434071625e+01
291 6.0089733676e-01 7.7988166098e-02 2.8983137760e+00 1.2441002797e+01
292 6.0084510838e-01 7.8005230207e-02 2.8981757594e+00 1.2437925701e+01
293 6.0088623052e-01 7.7704190689e-02 2.8313578690e+00 1.1892618703e+01
294 6.0102701959e-01 7.7830891861e-02 2.8210955286e+00 1.1806992111e+01
295 6.0094093079e-01 7.7851549461e-02 2.8218261031e+00 1.1807046686e+01
296 6.0088651091e-01 7.7819468150e-02 2.8244751199e+00 1.1825096979e+01
297 6.0090359968e-01 7.7814241845e-02 2.8245480279e+00 1.1825630858e+01
298 6.0088393838e-01 7.7834666444e-02 2.8231243651e+00 1.1816281714e+01
299 6.0080813514e-01 7.7853991268e-02 2.8230562038e+00 1.1816342408e+01
300 6.0057260930e-01 7.7327881277e-02 2.7959805761e+00 1.1680091015e+01
301 6.0033867254e-01 7.6750319929e-02 2.7895079076e+00 1.1608517613e+01
302 6.0060074363e-01 7.7054965312e-02 2.7708731280e+00 1.1463918425e+01
303 6.0079793009e-01 7.7606955645e-02 2.7908500423e+00 1.1695196470e+01
304 6.0091741795e-01 7.8325100949e-02 2.8359890441e+00 1.2062229624e+01
305 6.0088316093e-01 7.7978850017e-02 2.7903423915e+00 1.1759012494e+01
306 6.0082321455e-01 7.8009117857e-02 2.7887316215e+00 1.1749900913e+01
307 6.0100000096e-01 7.8684706693e-02 2.8278025322e+00 1.2023627403e+01
308 6.0107405302e-01 7.8709553439e-02 2.8270790083e+00 1.2011354772e+01
309 6.0108415062e-01 7.8713003246e-02 2.8264338232e+00 1.2007727095e+01
310 6.0085379675e-01 7.8034202147e-02 2.7630815359e+00 1.1533061529e+01
311 6.0123047339e-01 7.8836017261e-02 2.7477331278e+00 1.1363015977e+01
312 6.0117042422e-01 7.8858456153e-02 2.7470368929e+00 1.1358861706e+01
313 6.0131740208e-01 7.9061288464e-02 2.7312338843e+00 1.1242255228e+01
314 6.0174743276e-01 8.0166192379e-02 2.7619546495e+00 1.1484998420e+01
315 6.0110623593e-01 7.8377163995e-02 2.7089523957e+00 1.1156306371e+01
316 6.0129924463e-01 7.8703990037e-02 2.6912004145e+00 1.1012025496e+01
317 6.0138692712e-01 7.8957903241e-02 2.6891640625e+00 1.0982158324e+01
318 6.0163261818e-01 7.9238784602e-02 2.6706018097e+00 1.0845172765e+01
319 6.0140983732e-01 7.8641287366e-02 2.6406005293e+00 1.0636196321e+01
320 6.0146052100e-01 7.8704720011e-02 2.6395020699e+00 1.0620057388e+01
321 6.0166994417e-01 7.9073787834e-02 2.6224643499e+00 1.0477537708e+01
322 6.0150798684e-01 7.9151797344e-02 2.6190446651e+00 1.0459400065e+01
323 6.0151380788e-01 7.9202102622e-02 2.6156646665e+00 1.0440186141e+01
324 6.0144101767e-01 7.9270026482e-02 2.6096958893e+00 1.0416566528e+01
325 6.0125325522e-01 7.9344200555e-02 2.6053862243e+00 1.0403490992e+01
326 6.0123309295e-01 7.9295407905e-02 2.6015332875e+00 1.0402205173e+01
327 6.0138820301e-01 7.9493617039e-02 2.5856471222e+00 1.0302970860e+01
328 6.0172431163e-01 8.0291814373e-02 2.5866743657e+00 1.0259208927e+01
329 6.0165859519e-01 8.0314617612e-02 2.5865521143e+00 1.0256292926e+01
330 6.0173529768e-01 8.0377024245e-02 2.5854128101e+00 1.0234826618e+01
331 6.0174380682e-01 8.0370175563e-02 2.5862374772e+00 1.0236738542e+01
332 6.0179263035e-01 8.0384704973e-02 2.5845993786e+00 1.0227880323e+01
333 6.0224228700e-01 8.1153633103e-02 2.5486252514e+00 9.9510485530e+00
334 6.0240079638e-01 8.1498104877e-02 2.5306193259e+00 9.8339507028e+00
335 6.0236749637e-01 8.1565063485e-02 2.5258965442e+00 9.8107075746e+00
336 6.0263287568e-01 8.1950776151e-02 2.5088122062e+00 9.6811867199e+00
337 6.0251905199e-01 8.1945329829e-02 2.5094234961e+00 9.6869521099e+00
338 6.0274948123e-01 8.2007850644e-02 2.4922075679e+00 9.5560848365e+00
339 6.0320272044e-01 8.2712541350e-02 2.4617400595e+00 9.3234834382e+00
340 6.0345214260e-01 8.2790249976e-02 2.4510252898e+00 9.2647763157e+00
341 6.0341420969e-01 8.2834623220e-02 2.4478712296e+00 9.2500588939e+00
342 6.0309463424e-01 8.2114214741e-02 2.4541067840e+00 9.3283365470e+00
343 6.0270201117e-01 8.1072955279e-02 2.4262970649e+00 9.1401557486e+00
344 6.0268568862e-01 8.0883954706e-02 2.3932243512e+00 8.8555386036e+00
345 6.0264976427e-01 8.0886526149e-02 2.3942607252e+00 8.8586536193e+00
346 6.0285975414e-01 8.1048695291e-02 2.3813330986e+00 8.7818072744e+00
347 6.0289146899e-01 8.1052151866e-02 2.3797840851e+00 8.7766361833e+00
348 6.0291184205e-01 8.1109160992e-02 2.3774686475e+00 8.7626488209e+00
349 6.0290933851e-01 8.1098374571e-02 2.3781277522e+00 8.7663752209e+00
350 6.0330415338e-01 8.1818025329e-02 2.3713337635e+00 8.6796706502e+00
351 6.0353887847e-01 8.2186632697e-02 2.3526776745e+00 8.5628676919e+00
352 6.0338215365e-01 8.2281706230e-02 2.3520533691e+00 8.5534668973e+00
353 6.0314426936e-01 8.1828498061e-02 2.3628446854e+00 8.6457720126e+00
354 6.0374153343e-01 8.2952305218e-02 2.3566719220e+00 8.5835890707e+00
355 6.0358767141e-01 8.2471699633e-02 2.3385955326e+00 8.4938218557e+00
356 6.0394212822e-01 8.3252392452e-02 2.3379935682e+00 8.4753848927e+00
357 6.0394972080e-01 8.3270827180e-02 2.3361142882e+00 8.4673696905e+00
358 6.0353954993e-01 8.2670676502e-02 2.3435957070e+00 8.5458510316e+00
359 6.0290432619e-01 8.1821395154e-02 2.3628976800e+00 8.6949742047e+00
360 6.0293824038e-01 8.2435908192e-02 2.3855754660e+00 8.8307918466e+00
361 6.0283400652e-01 8.2368211997e-02 2.3855755113e+00 8.8408279411e+00
362 6.0261232556e-01 8.2142945058e-02 2.3975847015e+00 8.9226896724e+00
363 6.0262414043e-01 8.2165554162e-02 2.3946929951e+00 8.9118846900e+00
364 6.0263102923e-01 8.2176122994e-02 2.3932760339e+00 8.9069448291e+00
365 6.0264235813e-01 8.2230826677e-02 2.3940410505e+00 8.9017980960e+00
