1 5.9282947138e-01 1.1102230246e-16 1.0000000000e+00 1.0000000000e+00
2 5.9319958154e-01 1.0620601829e-02 2.0860181100e+01 4.6010809911e+02
3 5.9320586085e-01 1.0787961341e-02 1.9896132657e+01 4.3230088065e+02
4 5.9395640171e-01 1.6708625698e-02 1.3304112898e+01 1.8525047741e+02
5 5.9433188643e-01 1.9759069572e-02 1.1196018383e+01 1.3177887933e+02
6 5.9455626909e-01 2.1077210884e-02 1.0515225880e+01 1.1585865432e+02
7 5.9447993647e-01 2.1171026504e-02 1.0370219386e+01 1.1400361960e+02
8 5.9443148313e-01 2.1252197821e-02 1.0245563236e+01 1.1239431807e+02
9 5.9435827757e-01 2.1329076741e-02 1.0130886880e+01 1.1095363063e+02
10 5.9442940992e-01 2.2799724387e-02 9.2772588448e+00 9.5618126171e+01
11 5.9440718590e-01 2.2897457597e-02 9.1527005273e+00 9.4055708085e+01
12 5.9455372034e-01 2.4121816029e-02 8.6838320332e+00 8.4622981109e+01
13 5.9445927997e-01 2.4244042621e-02 8.5461747599e+00 8.3099957900e+01
14 5.9492275908e-01 2.6487678916e-02 7.9487949195e+00 7.0786282991e+01
15 5.9508408337e-01 2.7537021883e-02 7.6391368117e+00 6.5364939044e+01
16 5.9499438467e-01 2.7612749564e-02 7.5783517952e+00 6.4762105689e+01
17 5.9514671148e-01 2.8646490748e-02 7.2917157818e+00 5.9967330659e+01
18 5.9516529892e-01 2.8728787339e-02 7.2220555520e+00 5.9275541370e+01
19 5.9513251262e-01 2.8772579177e-02 7.1897869610e+00 5.8951012284e+01
20 5.9508234635e-01 2.8850254656e-02 7.1306912627e+00 5.8379449012e+01
21 5.9502541540e-01 2.8987928785e-02 7.0342702395e+00 5.7356087657e+01
22 5.9490094709e-01 2.9054534661e-02 6.9951991167e+00 5.6954913450e+01
23 5.9519694193e-01 2.9972554968e-02 6.7994909599e+00 5.3540252314e+01
24 5.9524682081e-01 2.9987287477e-02 6.7852321370e+00 5.3390613608e+01
25 5.9564500664e-01 3.1757004494e-02 6.4350885585e+00 4.7680319305e+01
26 5.9586224782e-01 3.2515156731e-02 6.2742933987e+00 4.5217496010e+01
27 5.9613399311e-01 3.4767477624e-02 6.4380944834e+00 4.9081243227e+01
28 5.9597719426e-01 3.4818645541e-02 6.3691541302e+00 4.8554593009e+01
29 5.9613721679e-01 3.5596910414e-02 6.2146170377e+00 4.6070148371e+01
30 5.9684805999e-01 3.7691523069e-02 5.8215441280e+00 4.0061422178e+01
31 5.9687922528e-01 3.7703090434e-02 5.8137822801e+00 3.9993180453e+01
32 5.9681351167e-01 3.7806598367e-02 5.7632770300e+00 3.9609674306e+01
33 5.9657134364e-01 3.7116781634e-02 5.8751161707e+00 4.1343969785e+01
34 5.9677846012e-01 3.7921464354e-02 5.7519220585e+00 3.9477105435e+01
35 5.9678891852e-01 3.7928750964e-02 5.7476064579e+00 3.9440485486e+01
36 5.9663782983e-01 3.7981877552e-02 5.6917262816e+00 3.9055647664e+01
37 5.9654507071e-01 3.8034089670e-02 5.6736881316e+00 3.8898320331e+01
38 5.9655763468e-01 3.8138342939e-02 5.6628034040e+00 3.8776825566e+01
39 5.9658960094e-01 3.8143889165e-02 5.6586504459e+00 3.8734261034e+01
40 5.9629158107e-01 3.7570094238e-02 5.7624308248e+00 4.0353038954e+01
41 5.9620588444e-01 3.7606228322e-02 5.7513680834e+00 4.0251466743e+01
42 5.9611607217e-01 3.7665225138e-02 5.7281834807e+00 4.0058572201e+01
43 5.9604062349e-01 3.7703837439e-02 5.7148580920e+00 3.9942120585e+01
44 5.9620814369e-01 3.8133322716e-02 5.6144962197e+00 3.8542068316e+01
45 5.9618449851e-01 3.8165638353e-02 5.5998540712e+00 3.8428734002e+01
46 5.9617736692e-01 3.8298506487e-02 5.5711787386e+00 3.8154872398e+01
47 5.9618528636e-01 3.8320933837e-02 5.5607402383e+00 3.8060628558e+01
48 5.9640777350e-01 3.9016640623e-02 5.4550824294e+00 3.6491136719e+01
49 5.9639192679e-01 3.9033000001e-02 5.4482465161e+00 3.6440680327e+01
50 5.9636837374e-01 3.9097559606e-02 5.4161696041e+00 3.6228014144e+01
51 5.9620651107e-01 3.9221574845e-02 5.3649575298e+00 3.5890406283e+01
52 5.9640106449e-01 3.9950359343e-02 5.2608369276e+00 3.4419760167e+01
53 5.9639773320e-01 3.9991810105e-02 5.2422863919e+00 3.4282076367e+01
54 5.9645617382e-01 4.0008899480e-02 5.2311255593e+00 3.4193263817e+01
55 5.9643019265e-01 4.0025467914e-02 5.2261228496e+00 3.4150467984e+01
56 5.9633799430e-01 4.0092380664e-02 5.2021584133e+00 3.3977848679e+01
57 5.9653610407e-01 4.0779744189e-02 5.1060746418e+00 3.2646868383e+01
58 5.9672882171e-01 4.1452988446e-02 5.0047052523e+00 3.1358050700e+01
59 5.9664083222e-01 4.1478549109e-02 5.0018231200e+00 3.1322376534e+01
60 5.9679962281e-01 4.2259634085e-02 4.9026830900e+00 3.0074668339e+01
61 5.9672133929e-01 4.2324663001e-02 4.8812864834e+00 2.9934467708e+01
62 5.9675592970e-01 4.2330447137e-02 4.8780453317e+00 2.9901315600e+01
63 5.9676708321e-01 4.2335031277e-02 4.8754364907e+00 2.9883422960e+01
64 5.9670459513e-01 4.2478090190e-02 4.8520083587e+00 2.9689234702e+01
65 5.9665629756e-01 4.2500988912e-02 4.8466233580e+00 2.9648108864e+01
66 5.9662935453e-01 4.2600277897e-02 4.8393963219e+00 2.9579507098e+01
67 5.9658580923e-01 4.2649652130e-02 4.8204523935e+00 2.9474040231e+01
68 5.9676722269e-01 4.3190396898e-02 4.7350603569e+00 2.8453944650e+01
69 5.9691285704e-01 4.3807795000e-02 4.6698829075e+00 2.7567612893e+01
70 5.9680720841e-01 4.3848773805e-02 4.6516363723e+00 2.7454656547e+01
71 5.9677156301e-01 4.3882812188e-02 4.6415885400e+00 2.7386674454e+01
72 5.9705451200e-01 4.4696201631e-02 4.5947127486e+00 2.6660997566e+01
73 5.9693310291e-01 4.4728956964e-02 4.5914177372e+00 2.6633720094e+01
74 5.9690844819e-01 4.4743617727e-02 4.5882367799e+00 2.6609142021e+01
75 5.9684001575e-01 4.4788000504e-02 4.5771545718e+00 2.6534121777e+01
76 5.9706085662e-01 4.4902649150e-02 4.2876435725e+00 2.2848210980e+01
77 5.9692702222e-01 4.4978667612e-02 4.2715311472e+00 2.2748748890e+01
78 5.9715698048e-01 4.5623901334e-02 4.2262296040e+00 2.2190023973e+01
79 5.9709599434e-01 4.5803133183e-02 4.1937102908e+00 2.2073461014e+01
80 5.9707187531e-01 4.5812641659e-02 4.1924506934e+00 2.2064110455e+01
81 5.9758994859e-01 4.6807965605e-02 4.0969420357e+00 2.0992890313e+01
82 5.9741949383e-01 4.6901734195e-02 4.0791130356e+00 2.0889274624e+01
83 5.9784330332e-01 4.8098928620e-02 3.9896011948e+00 1.9904157728e+01
84 5.9783003297e-01 4.8058612839e-02 3.9830785961e+00 1.9872358910e+01
85 5.9781151682e-01 4.8066805384e-02 3.9818986103e+00 1.9865161672e+01
86 5.9822715283e-01 4.9144946320e-02 3.9000050588e+00 1.8970613527e+01
87 5.9846143288e-01 4.9715885786e-02 3.8473855872e+00 1.8477167017e+01
88 5.9861879919e-01 5.0248048578e-02 3.8090951804e+00 1.8077721982e+01
89 5.9891438550e-01 5.0764546263e-02 3.7661576227e+00 1.7665898770e+01
90 5.9937549298e-01 5.1786012695e-02 3.6888931096e+00 1.6917134554e+01
91 5.9933311850e-01 5.1833850356e-02 3.6794920284e+00 1.6868433517e+01
92 5.9931383361e-01 5.1843490597e-02 3.6783450436e+00 1.6861483605e+01
93 5.9931554913e-01 5.1859538976e-02 3.6748970313e+00 1.6839853514e+01
94 5.9956743961e-01 5.2231009543e-02 3.6339995302e+00 1.6479138241e+01
95 5.9948671299e-01 5.2525789513e-02 3.7685848646e+00 1.8017876304e+01
96 5.9952516218e-01 5.2571886990e-02 3.7693192371e+00 1.8014358032e+01
97 5.9974353806e-01 5.3197554367e-02 3.7303088333e+00 1.7612293497e+01
98 5.9992358528e-01 5.3704929137e-02 3.6887286014e+00 1.7224191673e+01
99 6.0012552395e-01 5.4203617033e-02 3.6478865907e+00 1.6846866766e+01
100 6.0050651001e-01 5.5560482238e-02 3.7079079194e+00 1.7613629681e+01
101 6.0117049291e-01 5.7109228701e-02 3.6981022831e+00 1.7581735781e+01
102 6.0093859286e-01 5.6224454722e-02 3.6345863145e+00 1.6955450741e+01
103 6.0116031600e-01 5.6813736370e-02 3.5902589960e+00 1.6580249572e+01
104 6.0123698414e-01 5.7473828551e-02 3.5524055806e+00 1.6223664866e+01
105 6.0115004781e-01 5.7515252821e-02 3.5480264782e+00 1.6199570319e+01
106 6.0111328104e-01 5.7537632030e-02 3.5451780990e+00 1.6183934588e+01
107 6.0136052940e-01 5.9206635105e-02 3.6756254382e+00 1.7540687670e+01
108 6.0094311380e-01 5.7972734910e-02 3.6344113228e+00 1.7181521363e+01
109 6.0091466942e-01 5.8078872158e-02 3.6237511166e+00 1.7118674278e+01
110 6.0092711275e-01 5.8087995476e-02 3.6214413583e+00 1.7104557139e+01
111 6.0102629435e-01 5.8597022667e-02 3.5827994329e+00 1.6744174217e+01
112 6.0122128279e-01 5.9126849574e-02 3.5399092050e+00 1.6368823017e+01
113 6.0134500793e-01 5.9934473641e-02 3.5932232881e+00 1.6867078550e+01
114 6.0160012363e-01 6.0397037817e-02 3.5554322555e+00 1.6511204547e+01
115 6.0149237618e-01 6.0426297232e-02 3.5510273286e+00 1.6487339145e+01
116 6.0171430247e-01 6.0870738457e-02 3.5120228679e+00 1.6145009166e+01
117 6.0168086356e-01 6.0903590630e-02 3.5062921437e+00 1.6121852348e+01
118 6.0172053287e-01 6.0952518689e-02 3.5041467404e+00 1.6098756754e+01
119 6.0170424939e-01 6.0990950861e-02 3.4975851156e+00 1.6062676387e+01
120 6.0182824107e-01 6.1232294357e-02 3.4653474083e+00 1.5807506805e+01
121 6.0207912314e-01 6.1654066482e-02 3.4340080969e+00 1.5516505125e+01
122 6.0195692804e-01 6.1780403729e-02 3.4248997648e+00 1.5462641800e+01
123 6.0216592974e-01 6.2138993216e-02 3.3939318972e+00 1.5189740854e+01
124 6.0255533977e-01 6.2848109013e-02 3.3300412543e+00 1.4658402894e+01
125 6.0255363496e-01 6.2974856034e-02 3.3260288218e+00 1.4619699253e+01
126 6.0253611553e-01 6.2878490768e-02 3.3265919662e+00 1.4639768662e+01
127 6.0272064751e-01 6.3352802092e-02 3.2936552085e+00 1.4361562677e+01
128 6.0238705257e-01 6.3072115524e-02 3.3172087238e+00 1.4577936594e+01
129 6.0223213931e-01 6.3142931373e-02 3.3116650204e+00 1.4546483821e+01
130 6.0232614748e-01 6.3894343162e-02 3.3525949464e+00 1.4909343379e+01
131 6.0252998567e-01 6.4319575745e-02 3.3178639149e+00 1.4623605858e+01
132 6.0253581614e-01 6.4399395156e-02 3.3115614411e+00 1.4588032342e+01
133 6.0250895518e-01 6.4461498621e-02 3.3102894091e+00 1.4572602944e+01
134 6.0267582152e-01 6.5356153788e-02 3.3899984804e+00 1.5424797318e+01
135 6.0261421785e-01 6.5385143487e-02 3.3875290905e+00 1.5410914768e+01
136 6.0287366220e-01 6.5813854698e-02 3.3558257467e+00 1.5124558082e+01
137 6.0275738397e-01 6.5838690842e-02 3.3481772752e+00 1.5098832512e+01
138 6.0279135432e-01 6.5803064148e-02 3.3397117508e+00 1.5031708227e+01
139 6.0298673054e-01 6.5323166189e-02 3.2009688794e+00 1.3759475812e+01
140 6.0253202918e-01 6.4300894315e-02 3.1739105261e+00 1.3588491207e+01
141 6.0253652462e-01 6.4359941344e-02 3.1713291177e+00 1.3568650763e+01
142 6.0245028154e-01 6.4372221772e-02 3.1702550334e+00 1.3563960234e+01
143 6.0248770093e-01 6.5455875436e-02 3.2986216167e+00 1.4715794907e+01
144 6.0262508319e-01 6.5789033537e-02 3.2659690282e+00 1.4465371369e+01
145 6.0261006986e-01 6.5746863524e-02 3.2666744502e+00 1.4477782144e+01
146 6.0260742054e-01 6.5802792296e-02 3.2561179315e+00 1.4432700510e+01
147 6.0285919642e-01 6.6229414220e-02 3.2223591174e+00 1.4155500652e+01
148 6.0284899737e-01 6.6237412486e-02 3.2218287077e+00 1.4150593280e+01
149 6.0289543791e-01 6.5951927966e-02 3.1417924463e+00 1.3469030345e+01
150 6.0308706937e-01 6.6413318183e-02 3.1110289166e+00 1.3223498488e+01
151 6.0313769796e-01 6.6498488872e-02 3.1114785879e+00 1.3215283618e+01
152 6.0347183626e-01 6.7143760656e-02 3.0600390537e+00 1.2822018010e+01
153 6.0364471417e-01 6.7450602320e-02 3.0364645003e+00 1.2642959252e+01
154 6.0369617361e-01 6.7063917752e-02 2.9603835897e+00 1.2013377957e+01
155 6.0372488502e-01 6.7066366235e-02 2.9585769091e+00 1.2006704542e+01
156 6.0448312150e-01 6.9260961962e-02 3.0154875836e+00 1.2541203753e+01
157 6.0465419448e-01 7.0013521111e-02 3.0482847356e+00 1.2820304040e+01
158 6.0502836243e-01 7.1003149989e-02 3.0454164737e+00 1.2745877505e+01
159 6.0518616376e-01 7.1502838687e-02 3.0231372191e+00 1.2614441003e+01
160 6.0533220900e-01 7.1728191299e-02 2.9867646370e+00 1.2303224397e+01
161 6.0557413797e-01 7.2012744310e-02 2.9602931215e+00 1.2096439639e+01
162 6.0539609088e-01 7.1981303832e-02 2.9515637133e+00 1.2089530920e+01
163 6.0556037596e-01 7.2404115336e-02 2.9253301120e+00 1.1891737806e+01
164 6.0533168034e-01 7.1979007614e-02 2.9013793351e+00 1.1737685476e+01
165 6.0531409871e-01 7.1941036867e-02 2.9021206162e+00 1.1746580843e+01
166 6.0537372439e-01 7.2067443441e-02 2.8955037350e+00 1.1706444805e+01
167 6.0537826881e-01 7.2578350314e-02 2.9275733118e+00 1.1967757840e+01
168 6.0531515630e-01 7.2594339342e-02 2.9280558235e+00 1.1967475666e+01
169 6.0527218809e-01 7.2592197339e-02 2.9277793942e+00 1.1967663646e+01
170 6.0487810376e-01 7.1748594103e-02 2.9305155859e+00 1.2026803068e+01
171 6.0465596552e-01 7.1417528608e-02 2.9558281720e+00 1.2208209434e+01
172 6.0434726091e-01 7.0910561306e-02 2.9536768317e+00 1.2152192200e+01
173 6.0435734287e-01 7.0913556628e-02 2.9504470352e+00 1.2141859192e+01
174 6.0448256516e-01 7.1184376804e-02 2.9274205813e+00 1.1984864729e+01
175 6.0464115918e-01 7.1470033108e-02 2.9051625290e+00 1.1822979382e+01
176 6.0461706445e-01 7.1470073806e-02 2.9063204430e+00 1.1826619985e+01
177 6.0434724982e-01 7.1360182445e-02 2.9188662027e+00 1.1922485875e+01
178 6.0451256430e-01 7.1774498522e-02 2.8996031661e+00 1.1749267385e+01
179 6.0469859610e-01 7.3265079882e-02 2.9910963124e+00 1.2394250828e+01
180 6.0460347702e-01 7.3323846055e-02 2.9859203849e+00 1.2372336647e+01
181 6.0453344009e-01 7.3354263684e-02 2.9814990497e+00 1.2359192477e+01
182 6.0495786190e-01 7.4117289442e-02 2.9361425702e+00 1.1994506686e+01
183 6.0518140503e-01 7.4469065062e-02 2.9149345138e+00 1.1823423695e+01
184 6.0514768679e-01 7.4438511949e-02 2.9162965197e+00 1.1835348667e+01
185 6.0500868947e-01 7.4436268620e-02 2.9157951851e+00 1.1844755985e+01
186 6.0488435290e-01 7.4497887998e-02 2.9125909714e+00 1.1825830191e+01
187 6.0482242651e-01 7.4523631663e-02 2.9095601903e+00 1.1816558333e+01
188 6.0501312520e-01 7.4730651047e-02 2.8740207482e+00 1.1520136933e+01
189 6.0485519001e-01 7.4861818502e-02 2.8641061255e+00 1.1480341359e+01
190 6.0525289197e-01 7.5749367642e-02 2.8751792863e+00 1.1559721609e+01
191 6.0510375911e-01 7.5203050472e-02 2.8615366694e+00 1.1495537816e+01
192 6.0547188132e-01 7.6068933333e-02 2.8463250474e+00 1.1330640702e+01
193 6.0592320793e-01 7.7025809135e-02 2.8300267819e+00 1.1172940826e+01
194 6.0564672033e-01 7.6741142225e-02 2.8483952784e+00 1.1313738260e+01
195 6.0576653636e-01 7.7362783729e-02 2.8807753023e+00 1.1562772887e+01
196 6.0611873045e-01 7.8430682201e-02 2.8785192589e+00 1.1523113706e+01
197 6.0578505673e-01 7.8125985365e-02 2.8979839449e+00 1.1676379157e+01
198 6.0518281184e-01 7.6771978237e-02 2.8766780937e+00 1.1547344891e+01
199 6.0515462894e-01 7.6984961709e-02 2.8840033347e+00 1.1626324485e+01
200 6.0503093288e-01 7.6359549854e-02 2.8635354035e+00 1.1496314497e+01
201 6.0501681167e-01 7.6351243868e-02 2.8612396333e+00 1.1499381067e+01
202 6.0490999527e-01 7.6322280028e-02 2.8592252411e+00 1.1505923231e+01
203 6.0512645204e-01 7.6635278091e-02 2.8383328370e+00 1.1349944652e+01
204 6.0467560899e-01 7.5595558495e-02 2.8326416799e+00 1.1337690815e+01
205 6.0466402617e-01 7.5599003297e-02 2.8326359195e+00 1.1337425658e+01
206 6.0445275528e-01 7.6009568701e-02 2.8611478307e+00 1.1539609995e+01
207 6.0461621826e-01 7.6528457038e-02 2.8745838999e+00 1.1600216935e+01
208 6.0505251000e-01 7.8028367057e-02 2.8911455106e+00 1.1662714301e+01
209 6.0496155290e-01 7.8036197798e-02 2.8862456676e+00 1.1650212282e+01
210 6.0511809696e-01 7.8453606139e-02 2.8663275712e+00 1.1486282255e+01
211 6.0534003918e-01 7.9652695893e-02 2.9107938608e+00 1.1822414944e+01
212 6.0524559915e-01 7.9523290939e-02 2.9056752781e+00 1.1796633698e+01
213 6.0502027810e-01 7.9104405775e-02 2.9195681055e+00 1.1890690027e+01
214 6.0485280424e-01 7.8484056904e-02 2.8968646750e+00 1.1748693663e+01
215 6.0441464693e-01 7.7630930365e-02 2.9187390230e+00 1.1948040114e+01
216 6.0412486978e-01 7.7401204332e-02 2.9321199100e+00 1.2075429865e+01
217 6.0381727978e-01 7.7074726258e-02 2.9549944933e+00 1.2249036953e+01
218 6.0381873100e-01 7.7030218974e-02 2.9572757293e+00 1.2266138356e+01
219 6.0425134168e-01 7.7638465143e-02 2.9138096914e+00 1.1939410689e+01
220 6.0453252737e-01 7.7994371801e-02 2.8924185965e+00 1.1771657174e+01
221 6.0447205221e-01 7.7994252058e-02 2.8947335470e+00 1.1780655606e+01
222 6.0360730302e-01 7.6048847053e-02 2.8775342319e+00 1.1724670805e+01
223 6.0378343361e-01 7.6464701007e-02 2.8548837461e+00 1.1544520893e+01
224 6.0376479628e-01 7.6486083551e-02 2.8618058086e+00 1.1626520979e+01
225 6.0337780982e-01 7.5580359062e-02 2.8525687135e+00 1.1574441377e+01
226 6.0334642596e-01 7.5595804332e-02 2.8484009061e+00 1.1562444034e+01
227 6.0329742848e-01 7.5616964085e-02 2.8474522895e+00 1.1556918654e+01
228 6.0375420516e-01 7.6139285979e-02 2.8077772716e+00 1.1271578084e+01
229 6.0307668382e-01 7.4721650210e-02 2.7845281676e+00 1.1187900378e+01
230 6.0302993897e-01 7.4727834408e-02 2.7810234277e+00 1.1158905657e+01
231 6.0346774501e-01 7.5479668627e-02 2.7396508033e+00 1.0839992985e+01
232 6.0316904498e-01 7.5193539241e-02 2.7646245285e+00 1.1036879355e+01
233 6.0316448440e-01 7.5199108772e-02 2.7640780268e+00 1.1034355544e+01
234 6.0345727144e-01 7.5986983347e-02 2.7670837131e+00 1.1038839964e+01
235 6.0343648305e-01 7.6086269894e-02 2.7682262766e+00 1.1066043762e+01
236 6.0382785457e-01 7.7062203320e-02 2.7638713533e+00 1.0997947705e+01
237 6.0381620755e-01 7.7021123861e-02 2.7632720555e+00 1.0997987270e+01
238 6.0415269979e-01 7.7076347704e-02 2.7032043838e+00 1.0579073042e+01
239 6.0412264229e-01 7.7098021641e-02 2.7017741825e+00 1.0571748455e+01
240 6.0408350690e-01 7.7033246550e-02 2.7011465944e+00 1.0578201030e+01
241 6.0372056550e-01 7.6244208353e-02 2.7064715829e+00 1.0653267157e+01
242 6.0375602016e-01 7.6295647399e-02 2.7062364278e+00 1.0652722363e+01
243 6.0395512340e-01 7.6408013801e-02 2.6718462803e+00 1.0387535721e+01
244 6.0378574358e-01 7.6194588974e-02 2.6523060313e+00 1.0211259768e+01
245 6.0376640968e-01 7.6201157767e-02 2.6523122492e+00 1.0210455525e+01
246 6.0392005793e-01 7.6744987237e-02 2.6770608435e+00 1.0370753244e+01
247 6.0384828549e-01 7.7061901975e-02 2.7013627528e+00 1.0495659130e+01
248 6.0411364007e-01 7.7305585551e-02 2.6825124241e+00 1.0368262506e+01
249 6.0406475807e-01 7.7222543016e-02 2.6728297858e+00 1.0339002311e+01
250 6.0414827913e-01 7.7091184142e-02 2.6441504459e+00 1.0172293813e+01
251 6.0408140466e-01 7.7084657195e-02 2.6407826041e+00 1.0162359390e+01
252 6.0400063348e-01 7.7135707894e-02 2.6368891563e+00 1.0149144003e+01
253 6.0400570607e-01 7.7113400257e-02 2.6362623053e+00 1.0150347064e+01
254 6.0360570331e-01 7.6092060721e-02 2.6233041006e+00 1.0071546862e+01
255 6.0394660008e-01 7.6991664335e-02 2.6264800838e+00 1.0076524944e+01
256 6.0390307454e-01 7.7005079517e-02 2.6262384169e+00 1.0075897332e+01
257 6.0412202865e-01 7.7366550917e-02 2.6050215379e+00 9.9397855851e+00
258 6.0459879471e-01 7.7987162539e-02 2.5752006609e+00 9.7017576126e+00
259 6.0445413308e-01 7.7954320747e-02 2.5677022880e+00 9.6364733283e+00
260 6.0461922922e-01 7.8476363775e-02 2.5879327712e+00 9.7645457407e+00
261 6.0476485682e-01 7.9013438029e-02 2.5952780951e+00 9.7835510973e+00
262 6.0491756744e-01 7.9608545082e-02 2.6246965594e+00 9.9742109487e+00
263 6.0461344410e-01 7.9290430213e-02 2.6420506713e+00 1.0100252337e+01
264 6.0448770986e-01 7.8874103204e-02 2.6296404591e+00 1.0055596662e+01
265 6.0479235386e-01 7.9598446869e-02 2.6204077343e+00 9.9471661612e+00
266 6.0462610891e-01 7.9038632614e-02 2.5990595880e+00 9.8351706173e+00
267 6.0446453041e-01 7.9058314338e-02 2.5946012854e+00 9.8314192061e+00
268 6.0465912448e-01 7.9446945566e-02 2.5754483029e+00 9.6925953395e+00
269 6.0454508403e-01 7.9484577454e-02 2.5714757293e+00 9.6807699822e+00
270 6.0437301745e-01 7.9803386895e-02 2.6238948349e+00 1.0089153688e+01
271 6.0402464067e-01 7.9369637581e-02 2.6157385889e+00 1.0029305881e+01
272 6.0391843123e-01 7.9406530744e-02 2.6152376937e+00 1.0025405986e+01
273 6.0384268269e-01 7.9395434125e-02 2.6178646604e+00 1.0050879411e+01
274 6.0363191982e-01 7.8757613502e-02 2.5929273828e+00 9.8848511389e+00
275 6.0346578837e-01 7.8261384471e-02 2.5855681938e+00 9.8444652289e+00
276 6.0368469618e-01 7.8517409766e-02 2.5716469663e+00 9.7448170374e+00
277 6.0361932893e-01 7.8482999917e-02 2.5682191783e+00 9.7428577608e+00
278 6.0374960660e-01 7.9050549984e-02 2.5768052344e+00 9.7557388489e+00
279 6.0371888891e-01 7.8630631396e-02 2.5302959535e+00 9.4501474858e+00
280 6.0395565846e-01 7.8912748601e-02 2.5149737799e+00 9.3401961165e+00
281 6.0426326220e-01 7.9252452827e-02 2.4980386327e+00 9.2224274370e+00
282 6.0419944971e-01 7.9329492457e-02 2.4948988495e+00 9.2071721128e+00
283 6.0435079490e-01 7.9592773618e-02 2.4736704111e+00 9.0941174628e+00
284 6.0430988838e-01 7.9596707877e-02 2.4732997504e+00 9.0925404900e+00
285 6.0426768834e-01 7.9598466022e-02 2.4699151080e+00 9.0849345760e+00
286 6.0454015261e-01 8.0675893863e-02 2.5060560673e+00 9.2896988650e+00
287 6.0468210378e-01 8.1359949848e-02 2.5341540520e+00 9.4714258461e+00
288 6.0465020192e-01 8.1458547075e-02 2.5375648847e+00 9.4905260542e+00
289 6.0461968939e-01 8.1422303775e-02 2.5363697212e+00 9.4862956775e+00
290 6.0453698177e-01 8.1491986461e-02 2.5321962896e+00 9.4728572681e+00
291 6.0432206016e-01 8.1234886980e-02 2.5471992044e+00 9.5802908483e+00
292 6.0449668573e-01 8.1702583415e-02 2.5468759907e+00 9.5433217095e+00
293 6.0469924681e-01 8.2027314702e-02 2.5293518668e+00 9.4215904048e+00
294 6.0465005726e-01 8.1989583918e-02 2.5315848094e+00 9.4338086124e+00
295 6.0457298273e-01 8.1988712221e-02 2.5340343950e+00 9.4433536193e+00
296 6.0453412987e-01 8.2029822917e-02 2.5351622214e+00 9.4437763194e+00
297 6.0467616565e-01 8.2527433552e-02 2.5381484844e+00 9.4578070379e+00
298 6.0448098537e-01 8.1973060870e-02 2.5230043217e+00 9.3675619101e+00
299 6.0465524080e-01 8.2654899685e-02 2.5472644984e+00 9.5437997998e+00
300 6.0429585632e-01 8.1454261169e-02 2.4909770592e+00 9.1619224018e+00
301 6.0453982814e-01 8.1719414574e-02 2.4754864884e+00 9.0577070857e+00
302 6.0405003620e-01 8.0833441353e-02 2.4746694882e+00 9.0631902711e+00
303 6.0406328678e-01 8.0831598918e-02 2.4742660620e+00 9.0625490238e+00
304 6.0412041300e-01 8.1319021085e-02 2.4913997865e+00 9.1553035463e+00
305 6.0414923647e-01 8.1273023827e-02 2.4604780158e+00 8.9709292999e+00
306 6.0404169669e-01 8.1293437783e-02 2.4622636234e+00 8.9752199283e+00
307 6.0379239064e-01 8.1143140118e-02 2.4742931928e+00 9.0838705057e+00
308 6.0347817789e-01 8.0141914227e-02 2.4464969679e+00 8.9438768320e+00
309 6.0332405536e-01 8.0182689042e-02 2.4461958063e+00 8.9409689254e+00
310 6.0340754681e-01 7.9907631348e-02 2.4069833450e+00 8.6942210342e+00
311 6.0302740656e-01 7.9146842227e-02 2.3998537830e+00 8.6368914420e+00
312 6.0294130072e-01 7.9159162158e-02 2.3965550215e+00 8.6331111517e+00
313 6.0327665217e-01 7.9897695601e-02 2.3695326504e+00 8.4379205824e+00
314 6.0328710044e-01 7.9906435125e-02 2.3696469642e+00 8.4379322217e+00
315 6.0298241370e-01 7.8795251699e-02 2.3206668099e+00 8.1207749459e+00
316 6.0305389342e-01 7.9477267298e-02 2.3499009980e+00 8.3541302658e+00
317 6.0309515779e-01 7.9539389906e-02 2.3535128956e+00 8.3813645485e+00
318 6.0335626084e-01 7.9788084716e-02 2.3385719771e+00 8.2866033167e+00
319 6.0339255651e-01 7.9828369398e-02 2.3379027783e+00 8.2821889348e+00
320 6.0347376111e-01 8.0384403931e-02 2.3596557372e+00 8.4173820296e+00
321 6.0321929885e-01 8.0108710768e-02 2.3742149800e+00 8.5072322481e+00
322 6.0383299010e-01 8.0933108885e-02 2.3302674814e+00 8.2314950859e+00
323 6.0381487222e-01 8.1114127632e-02 2.3332384946e+00 8.2492991463e+00
324 6.0418230829e-01 8.1882300529e-02 2.3463145502e+00 8.3474312602e+00
325 6.0380679677e-01 8.1859461470e-02 2.3905894139e+00 8.6406220765e+00
326 6.0355876461e-01 8.1690922574e-02 2.4182074373e+00 8.8698106621e+00
327 6.0344527412e-01 8.1858812452e-02 2.4315975787e+00 8.9880902275e+00
328 6.0345970071e-01 8.1885296892e-02 2.4328260241e+00 8.9858146292e+00
329 6.0329183500e-01 8.1319998611e-02 2.3992516622e+00 8.7676656506e+00
330 6.0313788290e-01 8.0759678497e-02 2.3801589585e+00 8.6709541430e+00
331 6.0311450349e-01 8.0858743096e-02 2.3764925043e+00 8.6617489932e+00
332 6.0291818839e-01 8.0954339328e-02 2.3719039518e+00 8.6471266739e+00
333 6.0307664776e-01 8.1804206205e-02 2.4139753961e+00 8.9654781861e+00
334 6.0340652099e-01 8.2525431085e-02 2.4128952984e+00 8.9416640571e+00
335 6.0371470634e-01 8.3415108037e-02 2.4052437618e+00 8.8544247569e+00
336 6.0396072808e-01 8.3802060845e-02 2.3883802523e+00 8.7400996240e+00
337 6.0372485545e-01 8.3539778900e-02 2.4031325159e+00 8.8365361915e+00
338 6.0358671846e-01 8.3575027873e-02 2.4008231661e+00 8.8313186211e+00
339 6.0380057583e-01 8.3761570146e-02 2.3880419070e+00 8.7499192376e+00
340 6.0377564096e-01 8.3777034197e-02 2.3871625927e+00 8.7467663814e+00
341 6.0389241273e-01 8.4021722117e-02 2.3635360604e+00 8.5693166019e+00
342 6.0352813259e-01 8.3178119901e-02 2.3544190955e+00 8.5317363380e+00
343 6.0363078309e-01 8.3653152177e-02 2.3645954526e+00 8.5642884419e+00
344 6.0358537945e-01 8.3682666231e-02 2.3631314763e+00 8.5578677891e+00
345 6.0317407198e-01 8.2960100183e-02 2.3708687537e+00 8.6399295078e+00
346 6.0334524747e-01 8.3114842153e-02 2.3566663952e+00 8.5649144740e+00
347 6.0321363705e-01 8.3148728587e-02 2.3579933397e+00 8.5660706441e+00
348 6.0321450595e-01 8.3093777890e-02 2.3588616747e+00 8.5758509059e+00
349 6.0328726539e-01 8.3476654942e-02 2.3634714131e+00 8.5735467284e+00
350 6.0325519133e-01 8.3473248068e-02 2.3649266232e+00 8.5785356770e+00
351 6.0307641650e-01 8.2907876020e-02 2.3419553536e+00 8.4371556336e+00
352 6.0369123703e-01 8.4002875059e-02 2.3328582252e+00 8.3451065907e+00
353 6.0378242072e-01 8.3905103303e-02 2.3196983411e+00 8.2935860674e+00
354 6.0397313682e-01 8.4122193055e-02 2.3000858785e+00 8.1799718532e+00
355 6.0445980476e-01 8.5343445916e-02 2.3057207111e+00 8.1587167385e+00
356 6.0430294070e-01 8.5071739864e-02 2.3089689693e+00 8.2200647872e+00
357 6.0426556329e-01 8.4390967316e-02 2.2686197471e+00 8.0048293412e+00
358 6.0456917420e-01 8.5253605794e-02 2.2789255674e+00 8.0660941049e+00
359 6.0495811450e-01 8.5882020788e-02 2.2783386438e+00 8.0467242290e+00
360 6.0454469913e-01 8.5087946811e-02 2.2797441332e+00 8.0804254246e+00
361 6.0446514747e-01 8.5117302940e-02 2.2795486732e+00 8.0785134268e+00
362 6.0498856913e-01 8.5609714308e-02 2.2389622268e+00 7.8406473301e+00
363 6.0499003247e-01 8.5748108453e-02 2.2390280239e+00 7.8349062292e+00
364 6.0540827547e-01 8.5738464102e-02 2.1807195866e+00 7.4149665283e+00
365 6.0575159294e-01 8.5981057044e-02 2.1691738319e+00 7.3593319459e+00
