1 5.9282947138e-01 1.1102230246e-16 1.0000000000e+00 1.0000000000e+00
2 5.9276766777e-01 1.2816903564e-03 -1.2993243365e+01 2.5246049850e+02
3 5.9339787250e-01 1.2927502590e-02 1.7339557637e+01 3.1322107437e+02
4 5.9344906888e-01 1.3010275377e-02 1.7005675839e+01 3.0509421237e+02
5 5.9366840720e-01 1.4951474021e-02 1.4909720894e+01 2.3230083034e+02
6 5.9369771140e-01 1.4981024497e-02 1.4819491046e+01 2.3036427316e+02
7 5.9386387029e-01 1.6757315790e-02 1.3204366275e+01 1.8340291939e+02
8 5.9378481076e-01 1.6821157028e-02 1.2880723202e+01 1.7811410730e+02
9 5.9402795752e-01 1.8350037978e-02 1.1901768866e+01 1.5066460078e+02
10 5.9402110248e-01 1.8474463240e-02 1.1646280419e+01 1.4672414778e+02
11 5.9441716869e-01 2.1315233395e-02 1.0071234772e+01 1.1003653676e+02
12 5.9435669633e-01 2.1056839889e-02 1.0033610675e+01 1.0986347696e+02
13 5.9428110835e-01 2.1160497202e-02 9.8808448128e+00 1.0790290461e+02
14 5.9419985528e-01 2.1299907055e-02 9.6748263378e+00 1.0531430705e+02
15 5.9415035043e-01 2.1403932971e-02 9.5320571598e+00 1.0340716784e+02
16 5.9437265279e-01 2.2655682134e-02 9.0757660584e+00 9.2941987232e+01
17 5.9439273190e-01 2.2661977893e-02 9.0655729178e+00 9.2806687230e+01
18 5.9452511244e-01 2.4627509156e-02 9.8165195801e+00 1.1333026582e+02
19 5.9450541821e-01 2.4647204388e-02 9.7934318722e+00 1.1300207328e+02
20 5.9467620019e-01 2.5759897263e-02 9.2742853625e+00 1.0096654620e+02
21 5.9469061852e-01 2.5776552083e-02 9.2551929935e+00 1.0068583050e+02
22 5.9483724755e-01 2.6869775059e-02 8.7827535084e+00 9.0561501312e+01
23 5.9500628374e-01 2.7862829769e-02 8.4266255817e+00 8.2836599219e+01
24 5.9514779146e-01 2.8751808296e-02 8.0856998482e+00 7.6234300354e+01
25 5.9572985458e-01 3.0556533811e-02 7.5406700091e+00 6.5667659279e+01
26 5.9570364409e-01 3.0626927786e-02 7.4849849606e+00 6.5101798840e+01
27 5.9598885071e-01 3.1583423863e-02 7.2513028613e+00 6.0780958565e+01
28 5.9590465640e-01 3.1670404207e-02 7.1916171056e+00 6.0205571029e+01
29 5.9591312920e-01 3.1688638437e-02 7.1773480911e+00 6.0060597800e+01
30 5.9609154085e-01 3.2553802001e-02 6.9542007238e+00 5.6258894199e+01
31 5.9606444716e-01 3.2582758772e-02 6.9374367076e+00 5.6083228233e+01
32 5.9585802206e-01 3.1774804161e-02 7.1222789654e+00 5.9464393090e+01
33 5.9573262697e-01 3.1916893283e-02 7.0171863912e+00 5.8579957784e+01
34 5.9625428115e-01 3.3691001623e-02 6.6156706562e+00 5.1645760384e+01
35 5.9649881979e-01 3.4493534882e-02 6.4377614922e+00 4.8781510976e+01
36 5.9644378692e-01 3.4629242048e-02 6.3785152867e+00 4.8228679838e+01
37 5.9665008400e-01 3.5506978178e-02 6.2818874896e+00 4.7118715776e+01
38 5.9705419942e-01 3.6985086592e-02 5.9991940988e+00 4.2708334614e+01
39 5.9730903054e-01 3.7731670488e-02 5.8473800643e+00 4.0630154661e+01
40 5.9748386971e-01 3.8961574218e-02 6.0329749394e+00 4.3620628084e+01
41 5.9769288419e-01 3.9721948729e-02 5.8999193304e+00 4.1607904872e+01
42 5.9763294997e-01 3.9749939273e-02 5.8910434309e+00 4.1526999494e+01
43 5.9754455288e-01 3.9852269220e-02 5.8468683306e+00 4.1161423904e+01
44 5.9749707467e-01 3.9927793255e-02 5.8125902782e+00 4.0884820463e+01
45 5.9732893645e-01 3.8749894850e-02 5.6251263781e+00 3.8031872471e+01
46 5.9720140429e-01 3.8649166348e-02 5.6121798234e+00 3.8007084387e+01
47 5.9765193578e-01 4.0137720075e-02 5.4016122629e+00 3.5005884860e+01
48 5.9785947416e-01 4.0831363050e-02 5.2890120784e+00 3.3554407201e+01
49 5.9837847177e-01 4.2078176256e-02 5.1144342567e+00 3.1216575438e+01
50 5.9854458180e-01 4.3296463837e-02 5.3312928169e+00 3.4620018637e+01
51 5.9894240201e-01 4.4448228771e-02 5.1545058845e+00 3.2280281733e+01
52 5.9912312035e-01 4.4997502208e-02 5.0619058853e+00 3.1165858767e+01
53 5.9983828599e-01 4.6760980388e-02 4.8326443549e+00 2.8258555933e+01
54 5.9953009377e-01 4.6243141266e-02 4.8992603788e+00 2.9107508330e+01
55 5.9991076429e-01 4.7799216938e-02 4.9117690381e+00 2.9319175887e+01
56 5.9978701924e-01 4.7878324517e-02 4.8917006011e+00 2.9180256712e+01
57 5.9937498735e-01 4.6357923731e-02 4.8698743138e+00 2.8914826483e+01
58 5.9936709981e-01 4.6377747522e-02 4.8638988778e+00 2.8869221473e+01
59 5.9936303069e-01 4.6383477086e-02 4.8620669034e+00 2.8856816253e+01
60 5.9936195319e-01 4.6459127182e-02 4.8588634525e+00 2.8808738491e+01
61 5.9953298741e-01 4.7053867918e-02 4.7751444502e+00 2.7848199376e+01
62 5.9981345215e-01 4.7545035303e-02 4.7018869972e+00 2.7010855609e+01
63 5.9982537810e-01 4.7499598114e-02 4.6952103167e+00 2.6987892186e+01
64 5.9983471630e-01 4.7557007558e-02 4.6827297591e+00 2.6897155788e+01
65 6.0039498497e-01 4.9615422891e-02 4.6149164969e+00 2.6071829208e+01
66 6.0057961843e-01 5.0006008081e-02 4.5587950713e+00 2.5443376299e+01
67 6.0057783205e-01 5.0022702606e-02 4.5536177740e+00 2.5410733930e+01
68 6.0044013282e-01 4.9050295267e-02 4.4156762389e+00 2.3565019489e+01
69 6.0055489196e-01 4.9783726572e-02 4.3370569640e+00 2.2801531251e+01
70 6.0034573783e-01 4.8949107588e-02 4.2515603826e+00 2.1788442142e+01
71 6.0025038687e-01 4.8990517387e-02 4.2453036528e+00 2.1748935621e+01
72 6.0083178894e-01 5.1213587550e-02 4.2667387428e+00 2.2194221471e+01
73 6.0126696326e-01 5.2342987847e-02 4.1574405295e+00 2.1053549685e+01
74 6.0175246507e-01 5.3208224979e-02 4.0650381133e+00 2.0120972192e+01
75 6.0218882373e-01 5.4093512128e-02 3.9697640089e+00 1.9194266962e+01
76 6.0263729560e-01 5.5020219927e-02 3.8818997625e+00 1.8351665744e+01
77 6.0285695851e-01 5.5481089644e-02 3.8372870133e+00 1.7937633148e+01
78 6.0294134861e-01 5.5467839866e-02 3.8358282562e+00 1.7931153394e+01
79 6.0270153102e-01 5.5040910868e-02 3.8714658764e+00 1.8294177208e+01
80 6.0273004894e-01 5.5086387917e-02 3.8574978757e+00 1.8230345906e+01
81 6.0290653744e-01 5.5629823743e-02 3.8120435412e+00 1.7814830400e+01
82 6.0288491493e-01 5.5714581017e-02 3.8077723928e+00 1.7788543042e+01
83 6.0334850112e-01 5.6630692748e-02 3.7263672356e+00 1.7042844660e+01
84 6.0311821845e-01 5.6312042457e-02 3.7603680262e+00 1.7350377488e+01
85 6.0334666124e-01 5.6642337052e-02 3.7249986664e+00 1.7036676242e+01
86 6.0352641012e-01 5.7117601347e-02 3.6818013302e+00 1.6660870223e+01
87 6.0371901574e-01 5.7943061082e-02 3.7471919821e+00 1.7366414710e+01
88 6.0360191823e-01 5.8080859087e-02 3.7316135732e+00 1.7282451037e+01
89 6.0423557257e-01 5.9484195552e-02 3.6154803009e+00 1.6236124293e+01
90 6.0441172435e-01 6.0023751834e-02 3.5748412522e+00 1.5897524099e+01
91 6.0433644291e-01 6.0060107322e-02 3.5710131608e+00 1.5877997756e+01
92 6.0427806345e-01 6.0070537750e-02 3.5729078770e+00 1.5878273499e+01
93 6.0427953000e-01 6.0072752937e-02 3.5723485369e+00 1.5875663105e+01
94 6.0433182106e-01 6.0142353054e-02 3.5632627764e+00 1.5819138619e+01
95 6.0476828289e-01 6.1431657668e-02 3.5964136719e+00 1.6244562596e+01
96 6.0468509903e-01 6.1305573922e-02 3.5985308561e+00 1.6285482582e+01
97 6.0464480753e-01 6.1233803526e-02 3.6012599785e+00 1.6327131457e+01
98 6.0448785819e-01 6.1215479950e-02 3.5989975958e+00 1.6340129519e+01
99 6.0405444096e-01 5.9954837618e-02 3.5555798692e+00 1.5855849833e+01
100 6.0404610870e-01 6.0026269988e-02 3.5528938879e+00 1.5837748041e+01
101 6.0394251702e-01 6.0062473569e-02 3.5505515646e+00 1.5825050822e+01
102 6.0387590812e-01 6.0124667936e-02 3.5401205879e+00 1.5778972010e+01
103 6.0384542163e-01 6.0047961172e-02 3.5281131990e+00 1.5631095797e+01
104 6.0349546219e-01 5.9634668500e-02 3.5573184678e+00 1.5913431531e+01
105 6.0346185551e-01 5.9664564908e-02 3.5524515522e+00 1.5891041962e+01
106 6.0344324790e-01 5.9685497658e-02 3.5488883626e+00 1.5873976264e+01
107 6.0352766271e-01 6.0450972178e-02 3.5874839091e+00 1.6226609142e+01
108 6.0371587761e-01 6.0929299101e-02 3.5532763114e+00 1.5916406877e+01
109 6.0374042605e-01 6.0932427591e-02 3.5515564254e+00 1.5907425630e+01
110 6.0345379464e-01 6.0455270165e-02 3.5816211684e+00 1.6201857226e+01
111 6.0297441646e-01 5.9242492093e-02 3.5500554027e+00 1.5889659629e+01
112 6.0340857879e-01 6.0011321022e-02 3.4790348381e+00 1.5291758362e+01
113 6.0344662866e-01 6.0046153048e-02 3.4804347742e+00 1.5289542796e+01
114 6.0380122902e-01 6.0962863823e-02 3.4019654944e+00 1.4669439592e+01
115 6.0367445523e-01 6.1067094550e-02 3.3865777456e+00 1.4603070800e+01
116 6.0360458429e-01 6.1014326867e-02 3.3836180774e+00 1.4612182425e+01
117 6.0353718652e-01 6.1031741892e-02 3.3746152737e+00 1.4576412793e+01
118 6.0355522548e-01 6.1053568238e-02 3.3701494355e+00 1.4551865576e+01
119 6.0371853311e-01 6.1710070228e-02 3.3960074750e+00 1.4748671883e+01
120 6.0375136044e-01 6.1823775705e-02 3.3974016540e+00 1.4812278432e+01
121 6.0389481218e-01 6.2214412364e-02 3.3555524630e+00 1.4461201253e+01
122 6.0435383439e-01 6.3158839119e-02 3.2983491103e+00 1.3954636786e+01
123 6.0458717285e-01 6.3509479529e-02 3.2693616406e+00 1.3724994494e+01
124 6.0462242150e-01 6.3515775061e-02 3.2669998825e+00 1.3712557534e+01
125 6.0468744936e-01 6.3511865920e-02 3.2653406391e+00 1.3707722839e+01
126 6.0479955957e-01 6.4270362731e-02 3.3096142267e+00 1.4120294373e+01
127 6.0444907769e-01 6.3558035347e-02 3.3267766900e+00 1.4369487095e+01
128 6.0434292379e-01 6.3747196957e-02 3.3209209922e+00 1.4314812622e+01
129 6.0437037600e-01 6.3699069041e-02 3.3194877113e+00 1.4315563077e+01
130 6.0453167330e-01 6.4154748749e-02 3.2920566487e+00 1.4070779900e+01
131 6.0425700279e-01 6.3826448611e-02 3.3211683059e+00 1.4310696768e+01
132 6.0419661499e-01 6.3872313707e-02 3.3107812977e+00 1.4268019876e+01
133 6.0413534934e-01 6.3848984104e-02 3.3033899485e+00 1.4198102404e+01
134 6.0410636645e-01 6.3878495401e-02 3.2995721007e+00 1.4178288662e+01
135 6.0407475079e-01 6.3827238388e-02 3.2978842594e+00 1.4190995932e+01
136 6.0420982033e-01 6.4291726482e-02 3.2648037491e+00 1.3922363742e+01
137 6.0468134014e-01 6.5002117753e-02 3.2114891934e+00 1.3492645097e+01
138 6.0417486531e-01 6.3901937255e-02 3.2019321129e+00 1.3415006105e+01
139 6.0414899221e-01 6.3868613952e-02 3.2012204394e+00 1.3417893593e+01
140 6.0454852084e-01 6.4936452296e-02 3.2224652309e+00 1.3640714189e+01
141 6.0453641098e-01 6.4943831958e-02 3.2217701758e+00 1.3637013616e+01
142 6.0465141008e-01 6.5326947305e-02 3.1906737679e+00 1.3398889863e+01
143 6.0478320825e-01 6.5981350383e-02 3.2397084919e+00 1.3856538337e+01
144 6.0524728492e-01 6.6867850723e-02 3.1792667435e+00 1.3362938685e+01
145 6.0526828510e-01 6.6887129830e-02 3.1750459495e+00 1.3344221843e+01
146 6.0588110088e-01 6.8152896365e-02 3.1473785616e+00 1.3112993941e+01
147 6.0556334760e-01 6.7938641533e-02 3.1657578079e+00 1.3267837948e+01
148 6.0579785057e-01 6.9271274929e-02 3.2226985475e+00 1.3726602311e+01
149 6.0571876024e-01 6.9231559761e-02 3.2233118133e+00 1.3709942922e+01
150 6.0605291492e-01 7.0222769845e-02 3.2121863583e+00 1.3588159079e+01
151 6.0628924007e-01 7.0500912592e-02 3.1864848259e+00 1.3393530241e+01
152 6.0572670793e-01 6.9056892760e-02 3.1780213110e+00 1.3437614719e+01
153 6.0549655248e-01 6.8203392787e-02 3.1442238702e+00 1.3165212171e+01
154 6.0574623348e-01 6.8607417153e-02 3.1140930174e+00 1.2934729937e+01
155 6.0574550633e-01 6.8712493484e-02 3.1160665967e+00 1.2932912777e+01
156 6.0580457984e-01 6.8700407568e-02 3.1153504852e+00 1.2931137295e+01
157 6.0574022003e-01 6.8732210398e-02 3.1129709923e+00 1.2919652778e+01
158 6.0598709370e-01 6.9209562722e-02 3.0831280831e+00 1.2690003923e+01
159 6.0597765000e-01 6.9123987986e-02 3.0749235056e+00 1.2610331158e+01
160 6.0575392620e-01 6.8583575679e-02 3.0489410898e+00 1.2426803003e+01
161 6.0577201282e-01 6.8638377642e-02 3.0466375765e+00 1.2411101039e+01
162 6.0567531117e-01 6.8698618859e-02 3.0400188954e+00 1.2388602793e+01
163 6.0570317652e-01 6.8741124442e-02 3.0404600810e+00 1.2388322428e+01
164 6.0583384698e-01 6.9476743558e-02 3.0633787656e+00 1.2541605387e+01
165 6.0579094184e-01 6.9485994870e-02 3.0639722835e+00 1.2542402514e+01
166 6.0590623140e-01 7.0042713547e-02 3.0776792214e+00 1.2613983300e+01
167 6.0589187396e-01 7.0346485940e-02 3.1409775334e+00 1.3184302855e+01
168 6.0587622359e-01 7.0374542051e-02 3.1368608140e+00 1.3167265061e+01
169 6.0620783422e-01 7.1327536634e-02 3.1206474602e+00 1.3015972867e+01
170 6.0570068424e-01 7.0700061411e-02 3.1602083669e+00 1.3335472599e+01
171 6.0573139879e-01 7.0913111411e-02 3.1617857637e+00 1.3311103226e+01
172 6.0571053831e-01 7.0881139819e-02 3.1608169455e+00 1.3314328776e+01
173 6.0627062494e-01 7.1887452033e-02 3.1383450366e+00 1.3158609730e+01
174 6.0621139789e-01 7.1947022929e-02 3.1364588721e+00 1.3144317758e+01
175 6.0617358051e-01 7.1865797875e-02 3.1359199622e+00 1.3156490417e+01
176 6.0643382945e-01 7.2201235499e-02 3.1097198500e+00 1.2954285501e+01
177 6.0639247841e-01 7.2228034625e-02 3.1049336189e+00 1.2938459347e+01
178 6.0605936088e-01 7.1080912307e-02 3.0617180608e+00 1.2629576521e+01
179 6.0619014551e-01 7.1807379930e-02 3.0861684336e+00 1.2839457341e+01
180 6.0645603912e-01 7.2016355522e-02 3.0547356929e+00 1.2589522607e+01
181 6.0646398765e-01 7.1985696043e-02 3.0555893840e+00 1.2600179469e+01
182 6.0633020961e-01 7.2045129941e-02 3.0522095876e+00 1.2582479434e+01
183 6.0653386372e-01 7.2405889562e-02 3.0257178397e+00 1.2384500064e+01
184 6.0644500107e-01 7.2467102580e-02 3.0201297424e+00 1.2359331918e+01
185 6.0663525769e-01 7.3132663664e-02 3.0440460966e+00 1.2530855972e+01
186 6.0679966178e-01 7.3461958085e-02 3.0203295525e+00 1.2351719168e+01
187 6.0713924406e-01 7.3846836426e-02 2.9963643204e+00 1.2161117424e+01
188 6.0704548725e-01 7.3877075123e-02 2.9921795359e+00 1.2147098065e+01
189 6.0714695827e-01 7.3641798527e-02 2.9454263165e+00 1.1794391857e+01
190 6.0673639952e-01 7.2895249603e-02 2.9426532670e+00 1.1841085496e+01
191 6.0671555725e-01 7.3360856361e-02 2.9899971470e+00 1.2192494632e+01
192 6.0627344450e-01 7.2399022313e-02 2.9883818990e+00 1.2211554991e+01
193 6.0653418954e-01 7.2733777192e-02 2.9645266840e+00 1.2030819833e+01
194 6.0655480106e-01 7.2729568651e-02 2.9642643037e+00 1.2030210125e+01
195 6.0658113151e-01 7.2689621981e-02 2.9688831288e+00 1.2051583097e+01
196 6.0670218964e-01 7.3138835024e-02 2.9387882760e+00 1.1842309714e+01
197 6.0644708227e-01 7.2549031032e-02 2.9031399471e+00 1.1584470950e+01
198 6.0644910879e-01 7.3123838976e-02 2.9087011372e+00 1.1589766127e+01
199 6.0666676828e-01 7.3404195216e-02 2.8849770511e+00 1.1424566423e+01
200 6.0672127114e-01 7.4047323406e-02 2.9066462625e+00 1.1627754524e+01
201 6.0667586800e-01 7.3978088554e-02 2.9001847660e+00 1.1570721842e+01
202 6.0664774542e-01 7.4007760457e-02 2.8969287086e+00 1.1557573701e+01
203 6.0659982579e-01 7.3957263597e-02 2.8953634392e+00 1.1565484161e+01
204 6.0647961852e-01 7.3416520511e-02 2.8864417178e+00 1.1553853369e+01
205 6.0654333289e-01 7.4011596030e-02 2.8955365716e+00 1.1591299496e+01
206 6.0662047035e-01 7.4427105478e-02 2.8650985161e+00 1.1394516876e+01
207 6.0658086097e-01 7.4401683205e-02 2.8661328164e+00 1.1404677997e+01
208 6.0621357888e-01 7.4101129919e-02 2.8834657139e+00 1.1555468873e+01
209 6.0610322030e-01 7.4171839210e-02 2.8771100797e+00 1.1532282127e+01
210 6.0581036011e-01 7.2947575105e-02 2.8154071987e+00 1.1074459610e+01
211 6.0638665801e-01 7.4434792069e-02 2.7998317725e+00 1.0961892409e+01
212 6.0658861267e-01 7.4716953931e-02 2.7736173322e+00 1.0782620726e+01
213 6.0659100438e-01 7.4736775871e-02 2.7715952750e+00 1.0770501905e+01
214 6.0706274985e-01 7.5627074861e-02 2.7759651179e+00 1.0787182067e+01
215 6.0700543126e-01 7.5713649273e-02 2.7727853578e+00 1.0773755055e+01
216 6.0729039205e-01 7.6120536375e-02 2.7481614711e+00 1.0601079964e+01
217 6.0699282951e-01 7.5987708715e-02 2.7860141893e+00 1.0899551545e+01
218 6.0702298183e-01 7.5983070098e-02 2.7855618971e+00 1.0897590611e+01
219 6.0742995874e-01 7.6509902650e-02 2.7486673971e+00 1.0639091457e+01
220 6.0758787331e-01 7.7183724292e-02 2.7745250490e+00 1.0819814708e+01
221 6.0783657874e-01 7.7570390770e-02 2.7584135831e+00 1.0721239707e+01
222 6.0762039919e-01 7.6907966469e-02 2.7223653877e+00 1.0458542771e+01
223 6.0760401016e-01 7.6917852358e-02 2.7218952703e+00 1.0455568715e+01
224 6.0737246333e-01 7.6518979665e-02 2.7406349234e+00 1.0600594025e+01
225 6.0745929317e-01 7.6568434959e-02 2.7388876420e+00 1.0588893561e+01
226 6.0790227562e-01 7.7128462556e-02 2.7021499255e+00 1.0332838307e+01
227 6.0805473554e-01 7.7702414355e-02 2.7188709798e+00 1.0434948887e+01
228 6.0802203405e-01 7.7713431470e-02 2.7188389622e+00 1.0433668655e+01
229 6.0794894376e-01 7.7578953190e-02 2.7204345891e+00 1.0453255676e+01
230 6.0816162345e-01 7.7883233915e-02 2.7025966084e+00 1.0321952610e+01
231 6.0812447505e-01 7.7883880779e-02 2.7040294054e+00 1.0326681783e+01
232 6.0831734485e-01 7.8166572371e-02 2.6858823058e+00 1.0201357783e+01
233 6.0878074355e-01 7.9539775156e-02 2.6962946496e+00 1.0242797916e+01
234 6.0870612885e-01 7.9597903814e-02 2.6914875872e+00 1.0225038931e+01
235 6.0867729680e-01 7.9637496351e-02 2.6867798245e+00 1.0211420378e+01
236 6.0871860107e-01 7.9446822306e-02 2.6444885114e+00 9.9429349334e+00
237 6.0852624912e-01 7.8817975978e-02 2.6270033759e+00 9.8424013060e+00
238 6.0870672360e-01 7.9489283898e-02 2.6607958207e+00 1.0113625248e+01
239 6.0827021168e-01 7.8574892085e-02 2.6568028093e+00 1.0145432527e+01
240 6.0845195655e-01 7.9562602234e-02 2.6575200743e+00 1.0151479459e+01
241 6.0831272963e-01 7.9020303508e-02 2.6269981200e+00 9.9300085836e+00
242 6.0815378423e-01 7.8585017007e-02 2.6210648781e+00 9.9271271465e+00
243 6.0810427771e-01 7.8607086074e-02 2.6204256910e+00 9.9227303387e+00
244 6.0812367796e-01 7.8273726264e-02 2.5761143915e+00 9.6174663805e+00
245 6.0730502949e-01 7.6234865593e-02 2.5353751728e+00 9.2744387156e+00
246 6.0741121440e-01 7.6955331755e-02 2.5694010751e+00 9.5311735667e+00
247 6.0788247483e-01 7.7646485012e-02 2.5322535961e+00 9.2833049091e+00
248 6.0740004615e-01 7.5924325125e-02 2.4718084471e+00 8.8058282497e+00
249 6.0735184028e-01 7.5861538456e-02 2.4718271644e+00 8.8117244424e+00
250 6.0725418831e-01 7.5901396271e-02 2.4708366359e+00 8.8068546403e+00
251 6.0726852109e-01 7.5850638608e-02 2.4707651438e+00 8.8114320105e+00
252 6.0751292693e-01 7.6220138264e-02 2.4560239093e+00 8.7046997972e+00
253 6.0769777309e-01 7.6618250026e-02 2.4421461006e+00 8.6007460937e+00
254 6.0798511832e-01 7.7602543288e-02 2.4561346301e+00 8.6918884864e+00
255 6.0804432201e-01 7.7624432105e-02 2.4584314432e+00 8.7146774090e+00
256 6.0815980055e-01 7.7940974200e-02 2.4414515766e+00 8.6080029536e+00
257 6.0794818339e-01 7.8245112803e-02 2.4740656732e+00 8.8648411312e+00
258 6.0803621802e-01 7.8536675095e-02 2.4571248968e+00 8.7647977755e+00
259 6.0755903395e-01 7.7765447887e-02 2.4434908570e+00 8.6856241050e+00
260 6.0755273894e-01 7.7833389571e-02 2.4395712828e+00 8.6707032211e+00
261 6.0755649127e-01 7.7854481094e-02 2.4405759756e+00 8.6697012893e+00
262 6.0761429526e-01 7.7922466388e-02 2.4466579989e+00 8.7274760993e+00
263 6.0757206921e-01 7.8042298076e-02 2.4415003286e+00 8.7064455223e+00
264 6.0757382925e-01 7.8079141950e-02 2.4360873704e+00 8.6932798601e+00
265 6.0762878375e-01 7.8256363628e-02 2.4337986976e+00 8.6739192722e+00
266 6.0759064548e-01 7.8293609687e-02 2.4309349447e+00 8.6631122080e+00
267 6.0766544364e-01 7.9105727186e-02 2.4557554252e+00 8.8366448224e+00
268 6.0782339204e-01 7.9341479726e-02 2.4417483681e+00 8.7460169060e+00
269 6.0781565397e-01 7.9184169317e-02 2.4368608836e+00 8.7252510891e+00
270 6.0769384913e-01 7.9233746840e-02 2.4374762635e+00 8.7225693054e+00
271 6.0779876854e-01 7.9932282728e-02 2.4667631485e+00 8.9229719355e+00
272 6.0762352469e-01 7.9481047019e-02 2.4401676866e+00 8.7559429337e+00
273 6.0780567911e-01 7.9732207506e-02 2.4248985552e+00 8.6560854449e+00
274 6.0780169585e-01 7.9734796831e-02 2.4247812279e+00 8.6554576329e+00
275 6.0785258780e-01 7.9731500935e-02 2.4253601723e+00 8.6568075304e+00
276 6.0828044266e-01 8.0551509074e-02 2.4283117330e+00 8.6536805878e+00
277 6.0912431854e-01 8.2107299438e-02 2.4158607656e+00 8.5854847099e+00
278 6.0904345677e-01 8.2166218800e-02 2.4115887467e+00 8.5732690922e+00
279 6.0923815331e-01 8.2457010342e-02 2.3971418049e+00 8.4780510101e+00
280 6.0921641909e-01 8.2466699191e-02 2.3928906436e+00 8.4661440221e+00
281 6.0885636876e-01 8.1850566823e-02 2.3968275494e+00 8.5094571099e+00
282 6.0906892963e-01 8.2171398232e-02 2.3805754209e+00 8.3976851612e+00
283 6.0871101426e-01 8.1434760720e-02 2.3767115703e+00 8.3964722163e+00
284 6.0868408258e-01 8.1490871800e-02 2.3750705602e+00 8.3850077132e+00
285 6.0869076608e-01 8.1521719184e-02 2.3743055847e+00 8.3785240892e+00
286 6.0901096102e-01 8.2506094872e-02 2.3889712750e+00 8.5191421116e+00
287 6.0857152315e-01 8.1627439320e-02 2.3757050720e+00 8.4373641652e+00
288 6.0844534171e-01 8.1094968985e-02 2.3572875445e+00 8.3221606093e+00
289 6.0917743334e-01 8.1875206121e-02 2.3134664973e+00 8.0557024624e+00
290 6.0909225098e-01 8.1882649446e-02 2.3046721477e+00 7.9787111443e+00
291 6.0915090234e-01 8.1869099019e-02 2.3030433370e+00 7.9746892744e+00
292 6.0887605052e-01 8.1622733763e-02 2.3159052998e+00 8.0575608673e+00
293 6.0874529107e-01 8.0998031401e-02 2.2822103600e+00 7.8123314431e+00
294 6.0873103634e-01 8.0997567201e-02 2.2831128553e+00 7.8133593800e+00
295 6.0853944642e-01 8.0775710479e-02 2.2949589973e+00 7.8969691964e+00
296 6.0866301250e-01 8.1044759134e-02 2.2812918829e+00 7.8176920644e+00
297 6.0865394267e-01 8.1050244644e-02 2.2793740743e+00 7.8139202821e+00
298 6.0864261809e-01 8.1066716656e-02 2.2781749547e+00 7.8090406202e+00
299 6.0898513643e-01 8.1870007452e-02 2.2804640247e+00 7.8230117919e+00
300 6.0880533733e-01 8.2281273267e-02 2.3140167037e+00 8.0277883547e+00
301 6.0904655382e-01 8.2608546467e-02 2.3104632897e+00 8.0350904219e+00
302 6.0922688056e-01 8.2937352111e-02 2.2947074307e+00 7.9377647744e+00
303 6.0962542850e-01 8.3527580389e-02 2.2654652791e+00 7.7666088924e+00
304 6.0921583235e-01 8.3178566467e-02 2.2849368048e+00 7.8699128752e+00
305 6.0893227372e-01 8.3101287369e-02 2.3345617399e+00 8.1772628039e+00
306 6.0892590045e-01 8.3044578867e-02 2.3334249497e+00 8.1798272479e+00
307 6.0919976154e-01 8.3324028199e-02 2.3183122317e+00 8.0879705609e+00
308 6.0916996586e-01 8.3228095420e-02 2.3193162508e+00 8.1014086979e+00
309 6.0975177195e-01 8.4342287844e-02 2.3168755439e+00 8.0830970444e+00
310 6.1000635649e-01 8.4716588689e-02 2.3011016227e+00 7.9819863895e+00
311 6.0936026362e-01 8.3566933708e-02 2.3057243703e+00 8.0079097344e+00
312 6.0936535416e-01 8.3947539880e-02 2.3303503852e+00 8.1395846293e+00
313 6.0935644093e-01 8.3951653305e-02 2.3302643423e+00 8.1389846508e+00
314 6.0908831771e-01 8.3500348086e-02 2.3199977245e+00 8.0732865934e+00
315 6.0904469150e-01 8.3448836639e-02 2.3195397907e+00 8.0769739166e+00
316 6.0907107150e-01 8.3199293197e-02 2.2766346476e+00 7.7960796621e+00
317 6.0886202338e-01 8.2852810425e-02 2.2837683571e+00 7.8477560426e+00
318 6.0835517187e-01 8.1992581162e-02 2.2640586623e+00 7.7304796272e+00
319 6.0851401327e-01 8.2563406546e-02 2.2902127221e+00 7.9060872956e+00
320 6.0843770904e-01 8.2642026311e-02 2.2848423735e+00 7.8885683945e+00
321 6.0844967481e-01 8.2656161971e-02 2.2829815972e+00 7.8824650529e+00
322 6.0816855288e-01 8.2347134760e-02 2.2959996657e+00 7.9685548422e+00
323 6.0849527372e-01 8.2702770918e-02 2.2804179087e+00 7.8726244979e+00
324 6.0838691959e-01 8.2680552756e-02 2.2821524167e+00 7.8784575822e+00
325 6.0854048717e-01 8.2730655128e-02 2.2666304144e+00 7.7923048506e+00
326 6.0835823287e-01 8.2179707744e-02 2.2392069858e+00 7.6330144412e+00
327 6.0829184237e-01 8.2233693300e-02 2.2362430404e+00 7.6213438447e+00
328 6.0826512648e-01 8.2330479659e-02 2.2413191495e+00 7.6646336026e+00
329 6.0860495888e-01 8.3213950902e-02 2.2409653078e+00 7.6728510256e+00
330 6.0845722508e-01 8.3434941035e-02 2.2743538392e+00 7.8868913200e+00
331 6.0826263586e-01 8.2961537411e-02 2.2516238181e+00 7.7452289039e+00
332 6.0841651161e-01 8.3291655747e-02 2.2401106445e+00 7.6648876652e+00
333 6.0853149786e-01 8.2943297559e-02 2.2048567237e+00 7.4482072208e+00
334 6.0839984531e-01 8.2360134171e-02 2.1747069944e+00 7.2515804635e+00
335 6.0849995430e-01 8.2911965520e-02 2.2011001384e+00 7.4329500888e+00
336 6.0854364485e-01 8.2908730829e-02 2.1998310782e+00 7.4294413335e+00
337 6.0844673791e-01 8.3388008817e-02 2.2391626032e+00 7.7035895697e+00
338 6.0859868830e-01 8.3753850696e-02 2.2243191642e+00 7.6120267025e+00
339 6.0862188097e-01 8.3764427936e-02 2.2295607933e+00 7.6712128340e+00
340 6.0899859207e-01 8.4472030229e-02 2.2274058518e+00 7.6369595230e+00
341 6.0914375143e-01 8.5028281426e-02 2.2448543244e+00 7.7505570450e+00
342 6.0908990017e-01 8.5019499530e-02 2.2432277675e+00 7.7461665118e+00
343 6.0929046369e-01 8.5141648726e-02 2.2314058527e+00 7.6851870579e+00
344 6.0932486324e-01 8.5101182580e-02 2.2327467847e+00 7.6896993060e+00
345 6.0952109089e-01 8.5319425176e-02 2.2194565451e+00 7.6148413338e+00
346 6.0948947273e-01 8.5420988251e-02 2.2121484898e+00 7.5918098330e+00
347 6.0942633186e-01 8.5435093474e-02 2.2130452385e+00 7.5934993794e+00
348 6.0930610756e-01 8.5817163476e-02 2.2373858463e+00 7.7164535778e+00
349 6.0917058359e-01 8.5888368011e-02 2.2391984551e+00 7.7175528884e+00
350 6.0890112886e-01 8.5431033657e-02 2.2417254503e+00 7.7198747416e+00
351 6.0899270590e-01 8.5546023590e-02 2.2309064142e+00 7.6741644415e+00
352 6.0967831645e-01 8.7465100146e-02 2.2676035395e+00 7.8593744911e+00
353 6.0929047948e-01 8.6610206441e-02 2.2620539123e+00 7.8327162984e+00
354 6.0946258891e-01 8.6965017261e-02 2.2454698084e+00 7.7377239308e+00
355 6.0962651412e-01 8.7528064112e-02 2.2531139659e+00 7.7893635085e+00
356 6.0939027863e-01 8.6810942345e-02 2.2232177102e+00 7.5946567784e+00
357 6.0936774159e-01 8.6819434901e-02 2.2215962642e+00 7.5902264700e+00
358 6.0925967267e-01 8.6929410693e-02 2.2387570199e+00 7.6865544994e+00
359 6.0967372125e-01 8.7563199527e-02 2.2165149931e+00 7.5325892437e+00
360 6.0979719863e-01 8.7803397675e-02 2.2021572257e+00 7.4583825398e+00
361 6.0976929551e-01 8.7822200189e-02 2.2026326258e+00 7.4578744096e+00
362 6.0999929069e-01 8.7981387915e-02 2.1865851556e+00 7.3704030283e+00
363 6.1013688996e-01 8.8597707444e-02 2.2029025913e+00 7.4606064075e+00
364 6.1018146796e-01 8.8471749329e-02 2.1869243953e+00 7.3626033178e+00
365 6.1009608773e-01 8.8407060432e-02 2.1870431061e+00 7.3720774643e+00
