1 5.9282947138e-01 1.1102230246e-16 1.0000000000e+00 1.0000000000e+00
2 5.9273094763e-01 2.3778972156e-03 -1.7424642697e+01 3.4899264879e+02
3 5.9260484975e-01 3.4572510765e-03 -1.1524710333e+01 1.5686006219e+02
4 5.9310704817e-01 1.0993014925e-02 1.8580870555e+01 4.0264092416e+02
5 5.9337772956e-01 1.3240386973e-02 1.5997744150e+01 2.8530423408e+02
6 5.9335506712e-01 1.3356952442e-02 1.5539335354e+01 2.7576135807e+02
7 5.9338573146e-01 1.3411219871e-02 1.5344867068e+01 2.7120614598e+02
8 5.9353469204e-01 1.6645768000e-02 1.7647747661e+01 3.6257183687e+02
9 5.9425199178e-01 2.0948807765e-02 1.2836140008e+01 1.8805030714e+02
10 5.9446006026e-01 2.1977308901e-02 1.1879605815e+01 1.6223048712e+02
11 5.9443930874e-01 2.2012668338e-02 1.1822333734e+01 1.6123887244e+02
12 5.9459406804e-01 2.3293125004e-02 1.0921839331e+01 1.3806446037e+02
13 5.9504405136e-01 2.5559975779e-02 9.6893916378e+00 1.0792642214e+02
14 5.9535578721e-01 2.6586370334e-02 9.2290488980e+00 9.7433754883e+01
15 5.9534114567e-01 2.6618047837e-02 9.1957334783e+00 9.6993017302e+01
16 5.9522130537e-01 2.6715643629e-02 9.0974647325e+00 9.5765496278e+01
17 5.9532601330e-01 2.6753302094e-02 9.0500807685e+00 9.5088779381e+01
18 5.9564426317e-01 2.9432104126e-02 8.9669937633e+00 9.3295167647e+01
19 5.9558848341e-01 2.9379935929e-02 8.8755749660e+00 9.1552709887e+01
20 5.9557677458e-01 2.9400064020e-02 8.8578692855e+00 9.1317108860e+01
21 5.9580152020e-01 3.0307390494e-02 8.5012971980e+00 8.3936179512e+01
22 5.9538583296e-01 2.7803087810e-02 8.4458352516e+00 8.3084073732e+01
23 5.9564477458e-01 2.8740101805e-02 8.1343304385e+00 7.6600057825e+01
24 5.9566030634e-01 2.8755573483e-02 8.1189393092e+00 7.6418577538e+01
25 5.9561146190e-01 2.8859909501e-02 8.0254535623e+00 7.5393879963e+01
26 5.9547813151e-01 2.8937113205e-02 7.9671567738e+00 7.4751312120e+01
27 5.9590991805e-01 3.0665236176e-02 7.4283227735e+00 6.4573062889e+01
28 5.9642653458e-01 3.2336490728e-02 7.0051941496e+00 5.6877180309e+01
29 5.9645504248e-01 3.2354842539e-02 6.9914830590e+00 5.6721334118e+01
30 5.9660464409e-01 3.3260662625e-02 6.7375372295e+00 5.2953007222e+01
31 5.9657265616e-01 3.3302498005e-02 6.7111469871e+00 5.2719232472e+01
32 5.9658859507e-01 3.3331174619e-02 6.6899418809e+00 5.2529739842e+01
33 5.9651343480e-01 3.3417151720e-02 6.6372788499e+00 5.2063317593e+01
34 5.9651992048e-01 3.3327167374e-02 6.5964047188e+00 5.1229681316e+01
35 5.9653887179e-01 3.3419985910e-02 6.5970239480e+00 5.1185416303e+01
36 5.9648701353e-01 3.3474644467e-02 6.5651236148e+00 5.0898603861e+01
37 5.9644381976e-01 3.3501288272e-02 6.5521482966e+00 5.0771612795e+01
38 5.9641384478e-01 3.3559412485e-02 6.5134965083e+00 5.0461711680e+01
39 5.9634629896e-01 3.3503490869e-02 6.5018823496e+00 5.0416297121e+01
40 5.9640225573e-01 3.3503912551e-02 6.4967509259e+00 5.0370348409e+01
41 5.9630496934e-01 3.3559044639e-02 6.4707260007e+00 5.0117500168e+01
42 5.9632683204e-01 3.3438966717e-02 6.4477688880e+00 5.0090782771e+01
43 5.9653490083e-01 3.4244959453e-02 6.2829536311e+00 4.7405672223e+01
44 5.9642719323e-01 3.4345916874e-02 6.2296890014e+00 4.6939937043e+01
45 5.9663459625e-01 3.5087988230e-02 6.0868251077e+00 4.4627941303e+01
46 5.9661410144e-01 3.5161323559e-02 6.0468721982e+00 4.4277895865e+01
47 5.9655302123e-01 3.5219690978e-02 6.0175740375e+00 4.4033062097e+01
48 5.9644671814e-01 3.5302929138e-02 5.9770921597e+00 4.3702423407e+01
49 5.9646407641e-01 3.5300730774e-02 5.9769459981e+00 4.3701353223e+01
50 5.9639702538e-01 3.5269165693e-02 5.9549481954e+00 4.3550588299e+01
51 5.9635323144e-01 3.5309225148e-02 5.9351964225e+00 4.3387404262e+01
52 5.9625317863e-01 3.5361349385e-02 5.9159026801e+00 4.3202027924e+01
53 5.9627401933e-01 3.5506841553e-02 5.8885383397e+00 4.2911125038e+01
54 5.9628723829e-01 3.5536862475e-02 5.8714680562e+00 4.2762535450e+01
55 5.9669913569e-01 3.7092462479e-02 5.6262396680e+00 3.8928603808e+01
56 5.9748283167e-01 4.0366999987e-02 5.5203866575e+00 3.7449067047e+01
57 5.9743129690e-01 4.0402192416e-02 5.5076657193e+00 3.7349498839e+01
58 5.9770031603e-01 4.1040265403e-02 5.4084696781e+00 3.5894805088e+01
59 5.9760349793e-01 4.1136225431e-02 5.3723926862e+00 3.5618300102e+01
60 5.9762198194e-01 4.1162973110e-02 5.3580047599e+00 3.5520718612e+01
61 5.9777829864e-01 4.2212005830e-02 5.4713858389e+00 3.6958530868e+01
62 5.9820099981e-01 4.4050426671e-02 5.5170321260e+00 3.7543477655e+01
63 5.9755399569e-01 4.1163606349e-02 5.2911026524e+00 3.4603757030e+01
64 5.9748841332e-01 4.1144208689e-02 5.2793754798e+00 3.4542191282e+01
65 5.9782152031e-01 4.2776112087e-02 5.3297003803e+00 3.5158956417e+01
66 5.9800940440e-01 4.3353878718e-02 5.2427821512e+00 3.3933354921e+01
67 5.9803403328e-01 4.3439242587e-02 5.2392827775e+00 3.3877740343e+01
68 5.9793441832e-01 4.3228432724e-02 5.1897453552e+00 3.3158268075e+01
69 5.9798273841e-01 4.3247746441e-02 5.1804051208e+00 3.3076882613e+01
70 5.9806370020e-01 4.2929000466e-02 5.0369876919e+00 3.1389565273e+01
71 5.9861691031e-01 4.5682957017e-02 5.2301138148e+00 3.3952716336e+01
72 5.9889502920e-01 4.6236236906e-02 5.1454776589e+00 3.2814204278e+01
73 5.9929280027e-01 4.7771972754e-02 5.1421077201e+00 3.2613304144e+01
74 5.9963552238e-01 4.7859268642e-02 4.9145134749e+00 2.9842713273e+01
75 5.9969960859e-01 4.7865842808e-02 4.9087520992e+00 2.9800145709e+01
76 5.9986270745e-01 4.8427105609e-02 4.8306970234e+00 2.8852561814e+01
77 5.9985208020e-01 4.8417276930e-02 4.8353275030e+00 2.8878625054e+01
78 5.9984922716e-01 4.9317544886e-02 4.8338217283e+00 2.8798686557e+01
79 6.0010820472e-01 4.9982595428e-02 4.7543048241e+00 2.7841022968e+01
80 6.0030536643e-01 5.0613868844e-02 4.6677205688e+00 2.6903286147e+01
81 6.0021854311e-01 5.0679983640e-02 4.6520408019e+00 2.6797798884e+01
82 6.0044046375e-01 5.1158270624e-02 4.5902143747e+00 2.6076808490e+01
83 5.9998046156e-01 4.9661798687e-02 4.5657656702e+00 2.5945544862e+01
84 6.0013773833e-01 5.0616516401e-02 4.6594144044e+00 2.7057538059e+01
85 6.0025672540e-01 5.1493898756e-02 4.7044583494e+00 2.7459639221e+01
86 6.0034155195e-01 5.2459571522e-02 4.7653996440e+00 2.8141509279e+01
87 6.0037154000e-01 5.2416266046e-02 4.7788154014e+00 2.8218366485e+01
88 6.0024752038e-01 5.1571052496e-02 4.7400213264e+00 2.7935885697e+01
89 6.0022403801e-01 5.1655674549e-02 4.7300318769e+00 2.7838160311e+01
90 6.0020648426e-01 5.1665711099e-02 4.7281511859e+00 2.7823049377e+01
91 6.0065406834e-01 5.2703564626e-02 4.5993917210e+00 2.6289562272e+01
92 6.0062793736e-01 5.2660451979e-02 4.5813298665e+00 2.6050201093e+01
93 6.0062519585e-01 5.2671311317e-02 4.5784192159e+00 2.6029816503e+01
94 6.0102054539e-01 5.3721664693e-02 4.4687887678e+00 2.4824038826e+01
95 6.0110660929e-01 5.4284180832e-02 4.3925664657e+00 2.4084062432e+01
96 6.0108065849e-01 5.4316990692e-02 4.3849251848e+00 2.4035487708e+01
97 6.0098753171e-01 5.4372775973e-02 4.3735605492e+00 2.3972196112e+01
98 6.0113587041e-01 5.5315056236e-02 4.4191120925e+00 2.4420646455e+01
99 6.0114525791e-01 5.5293575912e-02 4.4198979464e+00 2.4433165821e+01
100 6.0122839439e-01 5.6143504416e-02 4.4569273565e+00 2.4748063129e+01
101 6.0104496396e-01 5.5615668802e-02 4.4718515718e+00 2.4867031950e+01
102 6.0104252081e-01 5.5616427763e-02 4.4717944746e+00 2.4866461472e+01
103 6.0127188245e-01 5.6089502505e-02 4.4152088306e+00 2.4241223491e+01
104 6.0151151979e-01 5.6488764980e-02 4.3619938680e+00 2.3686382908e+01
105 6.0150541055e-01 5.6487023131e-02 4.3627155556e+00 2.3691174536e+01
106 6.0110514510e-01 5.5830882437e-02 4.4200609552e+00 2.4564410198e+01
107 6.0114982553e-01 5.5842182245e-02 4.4143333380e+00 2.4531449687e+01
108 6.0140877416e-01 5.6316128303e-02 4.3572503275e+00 2.3909628184e+01
109 6.0137731044e-01 5.6340285962e-02 4.3527412043e+00 2.3878976110e+01
110 6.0163022404e-01 5.6861493660e-02 4.2969490619e+00 2.3261548098e+01
111 6.0160727398e-01 5.6873122023e-02 4.2952296293e+00 2.3249638001e+01
112 6.0151262486e-01 5.6924736138e-02 4.2895945288e+00 2.3214389277e+01
113 6.0211416596e-01 5.8554432482e-02 4.2023185170e+00 2.2127519843e+01
114 6.0169906503e-01 5.7042353831e-02 4.1671759142e+00 2.1743123854e+01
115 6.0160596573e-01 5.7309936763e-02 4.2492377197e+00 2.2549960735e+01
116 6.0154167091e-01 5.7357011611e-02 4.2321035542e+00 2.2479222909e+01
117 6.0181679853e-01 5.7883100843e-02 4.1898937750e+00 2.2021221954e+01
118 6.0170831087e-01 5.7931040338e-02 4.1837716989e+00 2.1980933419e+01
119 6.0164313660e-01 5.7968067954e-02 4.1781922295e+00 2.1944318663e+01
120 6.0162743979e-01 5.7973868702e-02 4.1731857463e+00 2.1922913752e+01
121 6.0148001891e-01 5.8036277854e-02 4.1656576558e+00 2.1872482706e+01
122 6.0132186190e-01 5.7258407948e-02 4.1193912312e+00 2.1485846006e+01
123 6.0140595152e-01 5.8135814264e-02 4.1479165023e+00 2.1768343195e+01
124 6.0136827125e-01 5.8147466590e-02 4.1471611018e+00 2.1761756831e+01
125 6.0137096563e-01 5.8198524265e-02 4.1467369717e+00 2.1739249485e+01
126 6.0067466170e-01 5.5684856591e-02 4.0909642227e+00 2.1414061938e+01
127 6.0063978774e-01 5.5712122272e-02 4.0863959959e+00 2.1382715925e+01
128 6.0044473219e-01 5.4853128269e-02 4.0009604762e+00 2.0504391995e+01
129 6.0041715966e-01 5.4887248074e-02 3.9938624187e+00 2.0462527426e+01
130 6.0038152322e-01 5.4900555118e-02 3.9924925240e+00 2.0453399495e+01
131 6.0031789577e-01 5.4970314308e-02 3.9828833257e+00 2.0392407174e+01
132 6.0029174459e-01 5.4994570780e-02 3.9785306876e+00 2.0364674180e+01
133 6.0052835972e-01 5.5529228325e-02 3.9306633843e+00 1.9863656934e+01
134 6.0033090605e-01 5.5133518792e-02 3.9712979337e+00 2.0286224894e+01
135 6.0031725676e-01 5.5139735886e-02 3.9705846617e+00 2.0281063424e+01
136 6.0025914105e-01 5.5159025015e-02 3.9689456896e+00 2.0269967121e+01
137 6.0026481268e-01 5.5183892572e-02 3.9682201758e+00 2.0262385424e+01
138 6.0045544797e-01 5.5669222641e-02 3.9204183755e+00 1.9781279681e+01
139 6.0058924103e-01 5.6106773018e-02 3.8709252378e+00 1.9320840799e+01
140 6.0077672151e-01 5.6637077459e-02 3.8262467315e+00 1.8867208621e+01
141 6.0078338991e-01 5.6686637679e-02 3.8255332358e+00 1.8849152541e+01
142 6.0055224683e-01 5.5987020154e-02 3.7710402559e+00 1.8366779624e+01
143 6.0047034893e-01 5.5916765345e-02 3.7679256270e+00 1.8384838554e+01
144 6.0051763369e-01 5.6830637179e-02 3.8412628320e+00 1.9222909894e+01
145 6.0074248473e-01 5.7331330394e-02 3.7963828389e+00 1.8775746188e+01
146 6.0037727429e-01 5.6102424073e-02 3.7719130412e+00 1.8551884637e+01
147 6.0060957387e-01 5.6572523896e-02 3.7290897033e+00 1.8131967988e+01
148 6.0057673070e-01 5.6581559849e-02 3.7237167365e+00 1.8106318171e+01
149 6.0081061304e-01 5.7080013425e-02 3.6867946759e+00 1.7722113209e+01
150 6.0083504579e-01 5.7243663919e-02 3.6881253323e+00 1.7707792992e+01
151 6.0050096578e-01 5.5965633340e-02 3.6563210388e+00 1.7431854922e+01
152 6.0056472787e-01 5.6476429059e-02 3.6035738243e+00 1.7014762337e+01
153 6.0058000807e-01 5.6537346691e-02 3.5923534761e+00 1.6940992727e+01
154 6.0059978243e-01 5.6582802713e-02 3.5910439160e+00 1.6927290008e+01
155 6.0061358050e-01 5.6702956944e-02 3.6125473110e+00 1.7206538115e+01
156 6.0060768292e-01 5.6642805377e-02 3.6142651810e+00 1.7226036725e+01
157 6.0069756125e-01 5.7519939344e-02 3.6710708710e+00 1.7775729075e+01
158 6.0053769701e-01 5.7655882919e-02 3.6458316744e+00 1.7661638988e+01
159 6.0035924173e-01 5.6890770532e-02 3.5788860538e+00 1.7029361540e+01
160 6.0055065182e-01 5.7397392091e-02 3.5464892736e+00 1.6684673468e+01
161 6.0057176751e-01 5.7390801372e-02 3.5470671944e+00 1.6686385556e+01
162 6.0078199202e-01 5.7877077891e-02 3.5004528214e+00 1.6300976236e+01
163 6.0077703967e-01 5.7890177368e-02 3.4977157681e+00 1.6288278394e+01
164 6.0052373664e-01 5.7383195989e-02 3.5257457422e+00 1.6598139238e+01
165 6.0080667673e-01 5.7906042136e-02 3.4971306361e+00 1.6279802577e+01
166 6.0092968566e-01 5.8667278828e-02 3.5527671091e+00 1.6792928940e+01
167 6.0097026452e-01 5.8618963956e-02 3.5494205265e+00 1.6784805390e+01
168 6.0107182504e-01 5.9481318551e-02 3.6002811149e+00 1.7228344651e+01
169 6.0132316157e-01 6.0034888671e-02 3.5629824322e+00 1.6850339081e+01
170 6.0134328653e-01 6.0039790393e-02 3.5617298395e+00 1.6844205811e+01
171 6.0194074802e-01 6.1283665933e-02 3.4635107190e+00 1.5911561583e+01
172 6.0213352762e-01 6.1747778265e-02 3.4325041158e+00 1.5610103576e+01
173 6.0247419013e-01 6.2987246193e-02 3.4504429804e+00 1.5836590979e+01
174 6.0253832339e-01 6.3449869470e-02 3.4045285119e+00 1.5493060661e+01
175 6.0246720347e-01 6.3569553849e-02 3.4096171271e+00 1.5562299611e+01
176 6.0315431961e-01 6.4483829234e-02 3.3237894275e+00 1.4834368740e+01
177 6.0311962561e-01 6.4449097290e-02 3.3215264788e+00 1.4829426224e+01
178 6.0309047682e-01 6.4479756445e-02 3.3207436296e+00 1.4821046066e+01
179 6.0332947148e-01 6.4865863400e-02 3.2912276945e+00 1.4561502805e+01
180 6.0321135012e-01 6.4993109520e-02 3.2704813616e+00 1.4482916288e+01
181 6.0316339662e-01 6.5097115766e-02 3.2629281778e+00 1.4446646788e+01
182 6.0357637925e-01 6.5972700692e-02 3.2070883682e+00 1.3944871240e+01
183 6.0355026140e-01 6.5991998829e-02 3.2052827787e+00 1.3934016389e+01
184 6.0353692741e-01 6.6005805821e-02 3.2032641252e+00 1.3925804316e+01
185 6.0376590077e-01 6.6424997552e-02 3.1766958117e+00 1.3689577540e+01
186 6.0373448900e-01 6.6509258781e-02 3.1715029833e+00 1.3655280929e+01
187 6.0351124434e-01 6.6326439333e-02 3.1919474657e+00 1.3818002289e+01
188 6.0359125320e-01 6.6965940268e-02 3.2252185052e+00 1.4056818303e+01
189 6.0384641010e-01 6.7333885865e-02 3.1976794853e+00 1.3820992155e+01
190 6.0399705588e-01 6.7751129255e-02 3.1681840961e+00 1.3584983711e+01
191 6.0391547456e-01 6.7636123680e-02 3.1686132732e+00 1.3609195206e+01
192 6.0390164410e-01 6.7632107190e-02 3.1669231305e+00 1.3603763639e+01
193 6.0387033629e-01 6.7657709443e-02 3.1640944780e+00 1.3589575029e+01
194 6.0387736475e-01 6.7618000000e-02 3.1627105139e+00 1.3593483226e+01
195 6.0388547427e-01 6.7617674453e-02 3.1623986486e+00 1.3592218681e+01
196 6.0386592995e-01 6.7624629143e-02 3.1621587634e+00 1.3590365493e+01
197 6.0395985526e-01 6.7325057216e-02 3.1051310356e+00 1.3139565187e+01
198 6.0418500135e-01 6.7595379802e-02 3.0748523943e+00 1.2884704601e+01
199 6.0417612299e-01 6.7701868223e-02 3.0750287486e+00 1.2875469574e+01
200 6.0421749771e-01 6.7730806251e-02 3.0770253776e+00 1.2879926100e+01
201 6.0416292397e-01 6.7676083061e-02 3.0638434007e+00 1.2742913314e+01
202 6.0440515192e-01 6.8161136052e-02 3.0403478822e+00 1.2535802803e+01
203 6.0461309476e-01 6.8477325225e-02 3.0165448712e+00 1.2351343910e+01
204 6.0479477838e-01 6.8668578581e-02 2.9940324069e+00 1.2199057286e+01
205 6.0472744180e-01 6.8681355285e-02 2.9951421946e+00 1.2201842653e+01
206 6.0473306365e-01 6.8718327267e-02 2.9904446058e+00 1.2181972878e+01
207 6.0437448954e-01 6.7670985749e-02 2.9700039177e+00 1.2000302712e+01
208 6.0387528722e-01 6.6663597835e-02 2.9417994015e+00 1.1779120174e+01
209 6.0352888943e-01 6.6352331302e-02 2.9599781393e+00 1.1939877687e+01
210 6.0355800266e-01 6.6608909074e-02 2.9893118548e+00 1.2256246701e+01
211 6.0375236986e-01 6.6858916552e-02 2.9674061804e+00 1.2091279575e+01
212 6.0366469960e-01 6.6908999300e-02 2.9629329737e+00 1.2072698635e+01
213 6.0363009211e-01 6.6869514499e-02 2.9626395677e+00 1.2073719275e+01
214 6.0413136506e-01 6.7477225181e-02 2.9180504392e+00 1.1732072933e+01
215 6.0426877658e-01 6.8167108125e-02 2.9593161966e+00 1.2067063249e+01
216 6.0464728167e-01 6.8816968501e-02 2.9167576363e+00 1.1726791142e+01
217 6.0493880553e-01 6.9275449071e-02 2.8921296001e+00 1.1533307450e+01
218 6.0505685084e-01 6.8964302580e-02 2.8236127422e+00 1.0966625075e+01
219 6.0499153278e-01 6.9029407521e-02 2.8122795097e+00 1.0932320942e+01
220 6.0517838102e-01 6.9720187099e-02 2.8547070035e+00 1.1287508102e+01
221 6.0517337316e-01 6.9708342718e-02 2.8569465147e+00 1.1295166592e+01
222 6.0543686138e-01 7.0107550642e-02 2.8357100591e+00 1.1126732784e+01
223 6.0566602486e-01 7.0355376740e-02 2.8170595051e+00 1.0989893492e+01
224 6.0573313042e-01 7.0471482527e-02 2.8156113521e+00 1.0968083039e+01
225 6.0573368414e-01 7.0488665366e-02 2.8159506558e+00 1.0975131663e+01
226 6.0601977216e-01 7.0735150619e-02 2.7948516927e+00 1.0832352590e+01
227 6.0605906411e-01 7.0744859423e-02 2.7927870009e+00 1.0819840338e+01
228 6.0599806020e-01 7.0802054089e-02 2.7870910518e+00 1.0795979929e+01
229 6.0599849589e-01 7.0751282675e-02 2.7887145095e+00 1.0807250949e+01
230 6.0576132533e-01 7.0266144945e-02 2.8082313169e+00 1.0974829703e+01
231 6.0599428825e-01 7.0651186867e-02 2.7877173484e+00 1.0818069865e+01
232 6.0602408945e-01 7.0681348334e-02 2.7880797742e+00 1.0814688090e+01
233 6.0583614308e-01 6.9967223961e-02 2.7334399255e+00 1.0323527886e+01
234 6.0569610314e-01 6.9922826709e-02 2.7286112307e+00 1.0306510832e+01
235 6.0586030048e-01 7.0472418458e-02 2.7487812626e+00 1.0445633734e+01
236 6.0595695507e-01 7.0426579579e-02 2.7514648919e+00 1.0455992813e+01
237 6.0631695066e-01 7.1421641232e-02 2.7643690137e+00 1.0575506212e+01
238 6.0646193546e-01 7.2014250891e-02 2.7960421800e+00 1.0818577200e+01
239 6.0649290801e-01 7.1997384574e-02 2.7972630219e+00 1.0823326211e+01
240 6.0655818388e-01 7.2503656772e-02 2.8131655255e+00 1.0941948119e+01
241 6.0663790243e-01 7.3132272573e-02 2.8346864898e+00 1.1095707194e+01
242 6.0642126174e-01 7.2580682147e-02 2.8496191738e+00 1.1251882143e+01
243 6.0659931731e-01 7.2923768184e-02 2.8270124027e+00 1.1089773604e+01
244 6.0657028513e-01 7.2990439748e-02 2.8254525278e+00 1.1078505259e+01
245 6.0659160918e-01 7.3012606583e-02 2.8219859831e+00 1.1062097674e+01
246 6.0616973433e-01 7.2146834100e-02 2.8094924046e+00 1.0992297550e+01
247 6.0611989302e-01 7.2158073697e-02 2.8078235685e+00 1.0986707285e+01
248 6.0622362118e-01 7.2903665602e-02 2.8507904354e+00 1.1351941267e+01
249 6.0609697433e-01 7.2858177267e-02 2.8515148252e+00 1.1366555097e+01
250 6.0631917648e-01 7.3251639425e-02 2.8321943005e+00 1.1205517713e+01
251 6.0633531057e-01 7.3002938436e-02 2.7867350097e+00 1.0887797016e+01
252 6.0646846496e-01 7.3521867441e-02 2.7937848483e+00 1.0914940541e+01
253 6.0645189461e-01 7.3693463624e-02 2.7934164210e+00 1.0889825779e+01
254 6.0636206938e-01 7.3688380997e-02 2.7940899184e+00 1.0898228322e+01
255 6.0683617500e-01 7.4264740328e-02 2.7513138922e+00 1.0592646521e+01
256 6.0699467793e-01 7.4630693982e-02 2.7304880567e+00 1.0448820075e+01
257 6.0737872441e-01 7.5432404032e-02 2.7368989747e+00 1.0502750710e+01
258 6.0737240587e-01 7.5664037000e-02 2.7717259005e+00 1.0738399048e+01
259 6.0733503600e-01 7.5743536267e-02 2.7745343987e+00 1.0782001360e+01
260 6.0756060998e-01 7.6093284518e-02 2.7535039767e+00 1.0631480958e+01
261 6.0736744504e-01 7.5517773241e-02 2.7295135418e+00 1.0474744897e+01
262 6.0740126596e-01 7.5547882932e-02 2.7294784847e+00 1.0467336653e+01
263 6.0767996290e-01 7.5889432161e-02 2.7079563750e+00 1.0321428198e+01
264 6.0826739844e-01 7.7242233260e-02 2.7025935385e+00 1.0305911571e+01
265 6.0845398162e-01 7.7428178071e-02 2.6859900202e+00 1.0203315260e+01
266 6.0824720726e-01 7.6648228243e-02 2.6466032084e+00 9.9134829908e+00
267 6.0803816192e-01 7.6048425779e-02 2.6246079679e+00 9.7839644290e+00
268 6.0806247208e-01 7.6124190064e-02 2.6313344851e+00 9.8533173415e+00
269 6.0831044801e-01 7.6464087496e-02 2.6081421623e+00 9.7136864427e+00
270 6.0828666818e-01 7.6490184605e-02 2.6080415047e+00 9.7116490411e+00
271 6.0816569102e-01 7.5981997281e-02 2.6001678537e+00 9.6819826055e+00
272 6.0838290297e-01 7.6276684244e-02 2.5814180037e+00 9.5595357342e+00
273 6.0868523679e-01 7.7372412749e-02 2.6217441821e+00 9.8218569827e+00
274 6.0832742569e-01 7.6809388232e-02 2.6137656637e+00 9.7030763127e+00
275 6.0833533444e-01 7.6859390042e-02 2.6124856321e+00 9.6916370593e+00
276 6.0825134072e-01 7.6411433037e-02 2.5898474947e+00 9.5398843077e+00
277 6.0786616142e-01 7.5633787758e-02 2.5922306717e+00 9.5752306725e+00
278 6.0788679377e-01 7.5606957187e-02 2.5928607335e+00 9.5808980180e+00
279 6.0819636221e-01 7.6455296825e-02 2.6040288322e+00 9.6764705325e+00
280 6.0835522380e-01 7.6961153982e-02 2.6170030522e+00 9.7380573352e+00
281 6.0813271596e-01 7.6772566842e-02 2.6323768954e+00 9.8361402604e+00
282 6.0784619652e-01 7.6305836453e-02 2.6480245954e+00 9.9670733104e+00
283 6.0777235688e-01 7.6366280979e-02 2.6424467619e+00 9.9487932437e+00
284 6.0754468262e-01 7.6028561811e-02 2.6582223656e+00 1.0058041743e+01
285 6.0786224829e-01 7.6768843035e-02 2.6432012536e+00 9.9398379701e+00
286 6.0805493753e-01 7.7132837285e-02 2.6248365525e+00 9.8075466032e+00
287 6.0797204230e-01 7.7482123514e-02 2.6695497322e+00 1.0127948734e+01
288 6.0751811926e-01 7.6623625150e-02 2.6698548120e+00 1.0162665749e+01
289 6.0734744271e-01 7.6159347341e-02 2.6579289863e+00 1.0116094389e+01
290 6.0703749248e-01 7.5241659773e-02 2.6453023047e+00 1.0025560509e+01
291 6.0729739452e-01 7.6029477428e-02 2.6390143068e+00 9.9620095485e+00
292 6.0708697653e-01 7.5722973655e-02 2.6552936134e+00 1.0085413556e+01
293 6.0692599581e-01 7.5124515079e-02 2.6245113455e+00 9.8686097978e+00
294 6.0730713776e-01 7.5968344213e-02 2.6284436041e+00 9.8742917806e+00
295 6.0698934566e-01 7.4877536823e-02 2.5931545050e+00 9.7006747679e+00
296 6.0715558862e-01 7.5159473053e-02 2.5752105942e+00 9.5808770447e+00
297 6.0679395277e-01 7.4253553356e-02 2.5656966078e+00 9.5252048735e+00
298 6.0677236926e-01 7.4253101003e-02 2.5652654766e+00 9.5268787218e+00
299 6.0664957392e-01 7.4278707675e-02 2.5690483654e+00 9.5604864781e+00
300 6.0658167936e-01 7.4251646156e-02 2.5648133082e+00 9.5536862885e+00
301 6.0649736497e-01 7.4291606742e-02 2.5630594560e+00 9.5457753723e+00
302 6.0674287650e-01 7.4805964018e-02 2.5473277423e+00 9.4207910502e+00
303 6.0670232444e-01 7.4815731817e-02 2.5484672359e+00 9.4241968078e+00
304 6.0651036300e-01 7.4828152181e-02 2.5459263110e+00 9.4146540692e+00
305 6.0651961790e-01 7.4795466628e-02 2.5446528993e+00 9.4156762608e+00
306 6.0639911387e-01 7.4835258904e-02 2.5434384942e+00 9.4137101840e+00
307 6.0631773823e-01 7.4896242063e-02 2.5384180848e+00 9.3963617396e+00
308 6.0613209187e-01 7.4460234298e-02 2.5519461605e+00 9.5107688707e+00
309 6.0633228661e-01 7.4845512459e-02 2.5368622574e+00 9.3946464811e+00
310 6.0631475188e-01 7.4856754864e-02 2.5362344071e+00 9.3915172918e+00
311 6.0642204372e-01 7.5481182234e-02 2.5747893916e+00 9.6881126134e+00
312 6.0623446216e-01 7.4858539522e-02 2.5327509858e+00 9.3824271080e+00
313 6.0644150910e-01 7.5104835010e-02 2.5145598494e+00 9.2718891075e+00
314 6.0603894719e-01 7.4304779279e-02 2.5012856154e+00 9.2044525125e+00
315 6.0589770308e-01 7.4338748563e-02 2.4945228593e+00 9.1839299430e+00
316 6.0561317810e-01 7.3991145427e-02 2.5101791700e+00 9.2991852786e+00
317 6.0574053478e-01 7.4652444315e-02 2.5417839924e+00 9.5714717502e+00
318 6.0576863447e-01 7.4721311377e-02 2.5426412444e+00 9.5724856884e+00
319 6.0627928501e-01 7.5401466883e-02 2.5084168037e+00 9.3261589429e+00
320 6.0683729257e-01 7.6678073851e-02 2.5151524237e+00 9.3084336038e+00
321 6.0676709385e-01 7.6672534256e-02 2.5121083999e+00 9.3012650128e+00
322 6.0648648395e-01 7.6367433314e-02 2.5270424747e+00 9.4139618648e+00
323 6.0641906029e-01 7.6396421045e-02 2.5262584805e+00 9.4090068938e+00
324 6.0657759113e-01 7.6473262931e-02 2.4993317625e+00 9.2209126154e+00
325 6.0644137813e-01 7.6090747122e-02 2.4816096943e+00 9.1149942875e+00
326 6.0619107867e-01 7.5777982565e-02 2.4981163942e+00 9.2292351472e+00
327 6.0622696318e-01 7.5837170920e-02 2.4956322670e+00 9.2174229068e+00
328 6.0659759003e-01 7.6782632178e-02 2.5064408723e+00 9.2877050968e+00
329 6.0681047158e-01 7.7085987569e-02 2.4930483530e+00 9.2061120978e+00
330 6.0713003924e-01 7.7243610858e-02 2.4516165132e+00 8.9386509628e+00
331 6.0710565654e-01 7.7267249628e-02 2.4495016451e+00 8.9322719695e+00
332 6.0696834325e-01 7.6714847423e-02 2.4138583182e+00 8.6672571180e+00
333 6.0720744046e-01 7.7011043716e-02 2.3970710386e+00 8.5605618171e+00
334 6.0718257351e-01 7.7054131825e-02 2.3971163454e+00 8.5560132016e+00
335 6.0704665426e-01 7.7304912911e-02 2.3964918869e+00 8.5333762844e+00
336 6.0648052748e-01 7.6110091468e-02 2.3808716431e+00 8.4645420019e+00
337 6.0665108699e-01 7.6740607051e-02 2.4110791989e+00 8.6830309806e+00
338 6.0701871271e-01 7.7705278797e-02 2.4175087239e+00 8.6964357921e+00
339 6.0755334719e-01 7.8465612015e-02 2.3878591936e+00 8.4869383611e+00
340 6.0745486805e-01 7.8514296199e-02 2.3855217663e+00 8.4800170323e+00
341 6.0788604570e-01 7.9245559393e-02 2.3574431420e+00 8.2817050666e+00
342 6.0783545259e-01 7.9250519793e-02 2.3601479173e+00 8.2853761353e+00
343 6.0778188427e-01 7.9049727518e-02 2.3629572030e+00 8.3166433208e+00
344 6.0794748370e-01 7.9617601025e-02 2.3813576224e+00 8.4249808618e+00
345 6.0777652958e-01 7.8954101385e-02 2.3583089249e+00 8.2801842302e+00
346 6.0765159215e-01 7.9025024358e-02 2.3546038476e+00 8.2679238148e+00
347 6.0749496256e-01 7.8351014741e-02 2.3226609531e+00 8.0499146960e+00
348 6.0725317308e-01 7.7936555419e-02 2.3043179323e+00 7.9557536775e+00
349 6.0744652078e-01 7.8125815334e-02 2.2926898706e+00 7.8830471933e+00
350 6.0740971912e-01 7.8055486592e-02 2.2856546548e+00 7.8212115710e+00
351 6.0721010856e-01 7.7879235548e-02 2.3004268973e+00 7.9088611743e+00
352 6.0726105581e-01 7.7925445407e-02 2.3019610074e+00 7.9161773194e+00
353 6.0726681578e-01 7.7917793585e-02 2.3010959797e+00 7.9143880876e+00
354 6.0721112609e-01 7.7963877770e-02 2.2986136800e+00 7.9048992854e+00
355 6.0780119914e-01 7.9154752823e-02 2.3199801895e+00 8.1170181243e+00
356 6.0812728875e-01 8.0146111373e-02 2.3566145605e+00 8.4347354971e+00
357 6.0814253108e-01 8.0182020685e-02 2.3546950264e+00 8.4253051985e+00
358 6.0827893197e-01 8.0455435545e-02 2.3389274886e+00 8.3318149823e+00
359 6.0827679796e-01 8.0466110767e-02 2.3380163663e+00 8.3276749043e+00
360 6.0824950701e-01 8.0398126914e-02 2.3351853367e+00 8.2987628314e+00
361 6.0897932730e-01 8.2103629561e-02 2.3510422649e+00 8.3844920567e+00
362 6.0905320906e-01 8.1802264811e-02 2.3152860214e+00 8.1617708511e+00
363 6.0886674533e-01 8.1081882653e-02 2.2837717212e+00 7.9796594529e+00
364 6.0890856885e-01 8.1110331076e-02 2.2840703387e+00 7.9793887367e+00
365 6.0904981504e-01 8.1690440221e-02 2.3105430597e+00 8.1588414964e+00
