1 5.9282947138e-01 1.1102230246e-16 1.0000000000e+00 1.0000000000e+00
2 5.9301902872e-01 7.6216156838e-03 2.8210987276e+01 8.7099087038e+02
3 5.9322290740e-01 1.0715926574e-02 2.0243193613e+01 4.4417770130e+02
4 5.9317109791e-01 1.0986511654e-02 1.8615341136e+01 4.0315816294e+02
5 5.9332723128e-01 1.3412507635e-02 1.5313653669e+01 2.7151930235e+02
6 5.9334840426e-01 1.3446457609e-02 1.5198074365e+01 2.6870257388e+02
7 5.9331027935e-01 1.3578998340e-02 1.4684256965e+01 2.5888356163e+02
8 5.9356731017e-01 1.5470281384e-02 1.3268412758e+01 2.0373710953e+02
9 5.9352055025e-01 1.5562196318e-02 1.3011957146e+01 1.9922179048e+02
10 5.9372562588e-01 1.6920465384e-02 1.1835543910e+01 1.6345117581e+02
11 5.9372481435e-01 1.6942521219e-02 1.1786424733e+01 1.6260855368e+02
12 5.9372511604e-01 1.6993125235e-02 1.1681120515e+01 1.6068804100e+02
13 5.9369597055e-01 1.7081082307e-02 1.1483640205e+01 1.5755190935e+02
14 5.9399074625e-01 1.8468970261e-02 1.0716052570e+01 1.3448419826e+02
15 5.9390318935e-01 1.8606471220e-02 1.0456500395e+01 1.3084952459e+02
16 5.9410214761e-01 2.0068512378e-02 9.8303860427e+00 1.1414098904e+02
17 5.9412111883e-01 2.0076900729e-02 9.8155842260e+00 1.1391359543e+02
18 5.9433619100e-01 2.1435954545e-02 9.2837411923e+00 1.0094256508e+02
19 5.9455282216e-01 2.2649791080e-02 8.9071632516e+00 9.1534115276e+01
20 5.9481768252e-01 2.3804795367e-02 8.5551444999e+00 8.3534187603e+01
21 5.9469684340e-01 2.4056303600e-02 8.4405201916e+00 8.2349825565e+01
22 5.9491307608e-01 2.5203997135e-02 8.0764385915e+00 7.5143241558e+01
23 5.9493195493e-01 2.5228816181e-02 8.0498489171e+00 7.4825832800e+01
24 5.9510981901e-01 2.6314316230e-02 7.7414675253e+00 6.8944283358e+01
25 5.9513968252e-01 2.6315428978e-02 7.7397207713e+00 6.8925401984e+01
26 5.9509108460e-01 2.6365825865e-02 7.6938404205e+00 6.8470219445e+01
27 5.9509354896e-01 2.6379701732e-02 7.6812557130e+00 6.8323729409e+01
28 5.9511781594e-01 2.6379943188e-02 7.6782931180e+00 6.8292970125e+01
29 5.9576838200e-01 2.9162750122e-02 7.0217887333e+00 5.6035736278e+01
30 5.9594630367e-01 3.0126552301e-02 6.8198335269e+00 5.2712279078e+01
31 5.9584203188e-01 3.0257563345e-02 6.7273180814e+00 5.1922901441e+01
32 5.9578323749e-01 3.0286581747e-02 6.7123521296e+00 5.1777557007e+01
33 5.9580674293e-01 3.0290073177e-02 6.7076509537e+00 5.1732905836e+01
34 5.9581805970e-01 3.0293808382e-02 6.7041191741e+00 5.1697420482e+01
35 5.9581993943e-01 3.0288089529e-02 6.7074167976e+00 5.1734570984e+01
36 5.9578946248e-01 3.0337475734e-02 6.6738256058e+00 5.1432941228e+01
37 5.9579323486e-01 3.0373826970e-02 6.6754043886e+00 5.1447804019e+01
38 5.9582275017e-01 3.0378723575e-02 6.6694024604e+00 5.1388802728e+01
39 5.9629792037e-01 3.2139521297e-02 6.3623810146e+00 4.6304820011e+01
40 5.9650005055e-01 3.2951311664e-02 6.1991535844e+00 4.3923528627e+01
41 5.9667680923e-01 3.3786606281e-02 6.0430385947e+00 4.1737338704e+01
42 5.9671833026e-01 3.3788026179e-02 6.0381938028e+00 4.1701641782e+01
43 5.9670987450e-01 3.3825969204e-02 6.0151722706e+00 4.1526475383e+01
44 5.9671301680e-01 3.3828719788e-02 6.0133601729e+00 4.1510775279e+01
45 5.9672783991e-01 3.3897356304e-02 5.9696242505e+00 4.1176695986e+01
46 5.9675818456e-01 3.4779486349e-02 5.7801098165e+00 3.8882882103e+01
47 5.9700105368e-01 3.5542745939e-02 5.6624429592e+00 3.7216974533e+01
48 5.9696596001e-01 3.5590018459e-02 5.6395177932e+00 3.7046721658e+01
49 5.9723373974e-01 3.6422536098e-02 5.5295719337e+00 3.5551049707e+01
50 5.9768823656e-01 3.7858562860e-02 5.3253882375e+00 3.2856846125e+01
51 5.9789562927e-01 3.8576494452e-02 5.2213311748e+00 3.1590711932e+01
52 5.9808785611e-01 3.9208457798e-02 5.1208457598e+00 3.0412217890e+01
53 5.9796840013e-01 3.9338210773e-02 5.0693689547e+00 3.0092648461e+01
54 5.9828669454e-01 4.0714968916e-02 4.8946529784e+00 2.8034326798e+01
55 5.9892791077e-01 4.2611983037e-02 4.6795799743e+00 2.5518619433e+01
56 5.9912009043e-01 4.3178514192e-02 4.6043858824e+00 2.4730538365e+01
57 5.9928053779e-01 4.3806073069e-02 4.5347648985e+00 2.3995610935e+01
58 5.9954197752e-01 4.4367841681e-02 4.4718710891e+00 2.3321499366e+01
59 5.9948324451e-01 4.4406102989e-02 4.4617254705e+00 2.3269337521e+01
60 5.9963962628e-01 4.5097801365e-02 4.3956701174e+00 2.2605345472e+01
61 5.9970978477e-01 4.6319468229e-02 4.5505795501e+00 2.4990615489e+01
62 5.9988106477e-01 4.7244521177e-02 4.6665145972e+00 2.6527060451e+01
63 5.9971762158e-01 4.6295979191e-02 4.5358359516e+00 2.4925362442e+01
64 5.9968499714e-01 4.6312477493e-02 4.5325022721e+00 2.4903125438e+01
65 5.9959288029e-01 4.6270217430e-02 4.5138391064e+00 2.4816861516e+01
66 6.0034738329e-01 4.7940059391e-02 4.3379786756e+00 2.2821742105e+01
67 6.0042451273e-01 4.8957222459e-02 4.4363183115e+00 2.4108305775e+01
68 6.0057110626e-01 4.9529138056e-02 4.3670803030e+00 2.3393334927e+01
69 6.0062728300e-01 5.0545586126e-02 4.4303050977e+00 2.4290281165e+01
70 6.0068866734e-01 5.0548546055e-02 4.4259829888e+00 2.4263083486e+01
71 6.0070843370e-01 5.0755753567e-02 4.4234416090e+00 2.4191769048e+01
72 6.0074037319e-01 5.0820010263e-02 4.4203750368e+00 2.4153916407e+01
73 6.0074679171e-01 5.0835274053e-02 4.4156900226e+00 2.4122936909e+01
74 6.0070742634e-01 5.0732949456e-02 4.4162300220e+00 2.4166918056e+01
75 6.0114733812e-01 5.1650572521e-02 4.3069933060e+00 2.2968764042e+01
76 6.0115286253e-01 5.1658968406e-02 4.3044924739e+00 2.2952052748e+01
77 6.0142461522e-01 5.2159750003e-02 4.2508251006e+00 2.2366417799e+01
78 6.0158412405e-01 5.2710931379e-02 4.1830732282e+00 2.1728345331e+01
79 6.0155272334e-01 5.2718765597e-02 4.1770945492e+00 2.1699975052e+01
80 6.0167279272e-01 5.3544055167e-02 4.2317969807e+00 2.2288313234e+01
81 6.0213768164e-01 5.4470881815e-02 4.1330252582e+00 2.1240672845e+01
82 6.0191749371e-01 5.3662328680e-02 4.0606241254e+00 2.0497307217e+01
83 6.0189759796e-01 5.3697726355e-02 4.0525706779e+00 2.0450821978e+01
84 6.0175891022e-01 5.2848965045e-02 3.9564563781e+00 1.9304563350e+01
85 6.0147854870e-01 5.2288904211e-02 3.9955120390e+00 1.9758670909e+01
86 6.0152846947e-01 5.2286610872e-02 3.9933001568e+00 1.9746818837e+01
87 6.0181712529e-01 5.2766777064e-02 3.9458102265e+00 1.9277223804e+01
88 6.0182789775e-01 5.2836105461e-02 3.9427496956e+00 1.9251543194e+01
89 6.0185714471e-01 5.2895821104e-02 3.9394137431e+00 1.9220708201e+01
90 6.0202768222e-01 5.3396164129e-02 3.8930189470e+00 1.8770049498e+01
91 6.0203659592e-01 5.3401582259e-02 3.8912499529e+00 1.8759876163e+01
92 6.0206496970e-01 5.3399178494e-02 3.8902120563e+00 1.8754977114e+01
93 6.0205848667e-01 5.3387720402e-02 3.8883081181e+00 1.8748021214e+01
94 6.0220624652e-01 5.3122683589e-02 3.7695723899e+00 1.7489912823e+01
95 6.0249228500e-01 5.3641411231e-02 3.7304491772e+00 1.7118185419e+01
96 6.0275189523e-01 5.4162491700e-02 3.6955282978e+00 1.6770080726e+01
97 6.0300960036e-01 5.4646478849e-02 3.6597706355e+00 1.6434587821e+01
98 6.0289133933e-01 5.4762352271e-02 3.6529985212e+00 1.6398390493e+01
99 6.0288937041e-01 5.5684228797e-02 3.7141188880e+00 1.7159444424e+01
100 6.0277893591e-01 5.5897258619e-02 3.7137409680e+00 1.7307601035e+01
101 6.0279045192e-01 5.5895289266e-02 3.7135639192e+00 1.7306937741e+01
102 6.0266915988e-01 5.5078220878e-02 3.6362977664e+00 1.6490348799e+01
103 6.0248845371e-01 5.4664923218e-02 3.6703149566e+00 1.6817002256e+01
104 6.0242300292e-01 5.4718690164e-02 3.6612556029e+00 1.6770351662e+01
105 6.0293081693e-01 5.5683553936e-02 3.5900507273e+00 1.6101114423e+01
106 6.0348997396e-01 5.7061823022e-02 3.4761273676e+00 1.5135378351e+01
107 6.0344102564e-01 5.6998840543e-02 3.4701535648e+00 1.5119866826e+01
108 6.0388298859e-01 5.7839801202e-02 3.4036535106e+00 1.4556733921e+01
109 6.0388796668e-01 5.7878540081e-02 3.3953790427e+00 1.4518073595e+01
110 6.0401875182e-01 5.8640883012e-02 3.4407581562e+00 1.4989329636e+01
111 6.0424186568e-01 5.8921340831e-02 3.4107775963e+00 1.4745063401e+01
112 6.0429785300e-01 5.8919720420e-02 3.4082885744e+00 1.4733646869e+01
113 6.0430244956e-01 5.8918702393e-02 3.4082404622e+00 1.4733599498e+01
114 6.0464683792e-01 6.0139730368e-02 3.4367050895e+00 1.5090740398e+01
115 6.0463836342e-01 6.0211351628e-02 3.4363465361e+00 1.5089001595e+01
116 6.0462982249e-01 5.9952796266e-02 3.3531861192e+00 1.4391433172e+01
117 6.0462998858e-01 5.9931319410e-02 3.3504976386e+00 1.4384220163e+01
118 6.0457583313e-01 5.9947011866e-02 3.3469812570e+00 1.4366020094e+01
119 6.0477116599e-01 6.0396243316e-02 3.3109676864e+00 1.4081502541e+01
120 6.0499909268e-01 6.0752392897e-02 3.2821066880e+00 1.3842983955e+01
121 6.0492867836e-01 6.0789121927e-02 3.2748078328e+00 1.3811998951e+01
122 6.0503694535e-01 6.1553748369e-02 3.3151420526e+00 1.4170927993e+01
123 6.0517803444e-01 6.2286938596e-02 3.3743536837e+00 1.4754056602e+01
124 6.0569819884e-01 6.3117788291e-02 3.3139643558e+00 1.4231432550e+01
125 6.0623013843e-01 6.3808197601e-02 3.2606895398e+00 1.3774359316e+01
126 6.0617212317e-01 6.3843803648e-02 3.2584464945e+00 1.3765168450e+01
127 6.0617154605e-01 6.3520587265e-02 3.1734035213e+00 1.3012527856e+01
128 6.0594075959e-01 6.3158386276e-02 3.2001661718e+00 1.3228540273e+01
129 6.0557659357e-01 6.1936725472e-02 3.1641699602e+00 1.2825133053e+01
130 6.0555877867e-01 6.1900411907e-02 3.1615721875e+00 1.2816502763e+01
131 6.0558691843e-01 6.1926482050e-02 3.1595937035e+00 1.2802156667e+01
132 6.0584528731e-01 6.2630298458e-02 3.2104620830e+00 1.3288132630e+01
133 6.0616531552e-01 6.3990703744e-02 3.2858868830e+00 1.3948198173e+01
134 6.0620911610e-01 6.4001973808e-02 3.2819948721e+00 1.3929473986e+01
135 6.0624364149e-01 6.3982890604e-02 3.2840365896e+00 1.3938172136e+01
136 6.0623810949e-01 6.3968706783e-02 3.2839333067e+00 1.3940152131e+01
137 6.0634872521e-01 6.4729484510e-02 3.3289964923e+00 1.4367185712e+01
138 6.0665313794e-01 6.5067003769e-02 3.2981019458e+00 1.4119394213e+01
139 6.0687851634e-01 6.5423326271e-02 3.2693275801e+00 1.3884456546e+01
140 6.0717010308e-01 6.5481437425e-02 3.1772319224e+00 1.3119931759e+01
141 6.0739768744e-01 6.5850770364e-02 3.1502109136e+00 1.2905801205e+01
142 6.0732302310e-01 6.5829819122e-02 3.1504993229e+00 1.2912111825e+01
143 6.0755298227e-01 6.6165269819e-02 3.1247059283e+00 1.2711869032e+01
144 6.0728940556e-01 6.5791126446e-02 3.1448564832e+00 1.2896596941e+01
145 6.0743223073e-01 6.6079166654e-02 3.1200452030e+00 1.2716839815e+01
146 6.0741908155e-01 6.6068431809e-02 3.1198770474e+00 1.2717900611e+01
147 6.0762281667e-01 6.6340864338e-02 3.0945390697e+00 1.2535421991e+01
148 6.0797957996e-01 6.7386687135e-02 3.0824677752e+00 1.2445012882e+01
149 6.0801475559e-01 6.7472180627e-02 3.0879003278e+00 1.2496285300e+01
150 6.0749919092e-01 6.6656864166e-02 3.0789258801e+00 1.2463370607e+01
151 6.0773536916e-01 6.8273291152e-02 3.1934237076e+00 1.3361565415e+01
152 6.0792587415e-01 6.8574359764e-02 3.1638402801e+00 1.3154452246e+01
153 6.0817699613e-01 6.8933775440e-02 3.1369176882e+00 1.2943372797e+01
154 6.0821801895e-01 6.8588651352e-02 3.0814501633e+00 1.2522186209e+01
155 6.0817767180e-01 6.8617407235e-02 3.0784120785e+00 1.2509451288e+01
156 6.0818585587e-01 6.8612792015e-02 3.0786979216e+00 1.2511339339e+01
157 6.0857810301e-01 6.9214523603e-02 3.0297030020e+00 1.2155268872e+01
158 6.0857219179e-01 6.9181184438e-02 3.0300374751e+00 1.2163824722e+01
159 6.0861816912e-01 6.9175704921e-02 3.0288376466e+00 1.2159589265e+01
160 6.0885783686e-01 6.9528185010e-02 3.0050403586e+00 1.1976566993e+01
161 6.0889529964e-01 6.9523991179e-02 3.0040013237e+00 1.1972978129e+01
162 6.0890659296e-01 6.9515146671e-02 3.0049794856e+00 1.1976760078e+01
163 6.0897540011e-01 6.9293759938e-02 2.9580961615e+00 1.1631055380e+01
164 6.0921662174e-01 6.9656826675e-02 2.9378182214e+00 1.1466158425e+01
165 6.0911907754e-01 6.9727974679e-02 2.9337147436e+00 1.1445175967e+01
166 6.0909921168e-01 6.9671738317e-02 2.9326892586e+00 1.1454124589e+01
167 6.0949956512e-01 7.0679399398e-02 2.9452643192e+00 1.1584803613e+01
168 6.0947902227e-01 7.0757456188e-02 2.9407927118e+00 1.1562292950e+01
169 6.0952491085e-01 7.0762953785e-02 2.9382098067e+00 1.1551204557e+01
170 6.0917393303e-01 6.9866409941e-02 2.9354403819e+00 1.1539887060e+01
171 6.0917171149e-01 6.9839965408e-02 2.9330205238e+00 1.1535895817e+01
172 6.0920978664e-01 6.9469247489e-02 2.8715524095e+00 1.1035070135e+01
173 6.0919248656e-01 6.9478935471e-02 2.8708742678e+00 1.1031906869e+01
174 6.0906253418e-01 6.9526898059e-02 2.8689103880e+00 1.1024880868e+01
175 6.0955310006e-01 7.0271919861e-02 2.8298176807e+00 1.0721265300e+01
176 6.0958346801e-01 7.0316207530e-02 2.8281491519e+00 1.0712437070e+01
177 6.0941639115e-01 6.9691275156e-02 2.7810790338e+00 1.0342095788e+01
178 6.0980672865e-01 7.0665352777e-02 2.8029789584e+00 1.0563504942e+01
179 6.0996408469e-01 7.1310240594e-02 2.8312990870e+00 1.0793006984e+01
180 6.1017239740e-01 7.1735683639e-02 2.8103363143e+00 1.0635196347e+01
181 6.0975520753e-01 7.0888963167e-02 2.8039781296e+00 1.0594352346e+01
182 6.0967991307e-01 7.0920812358e-02 2.8023504288e+00 1.0588248517e+01
183 6.0972553279e-01 7.0916616966e-02 2.8009628432e+00 1.0583531328e+01
184 6.1021816580e-01 7.1574699560e-02 2.7606514001e+00 1.0296702631e+01
185 6.1024367908e-01 7.1225041806e-02 2.7042549648e+00 9.8689519587e+00
186 6.1014819889e-01 7.1293451327e-02 2.6982203970e+00 9.8482507919e+00
187 6.1010824465e-01 7.1379868223e-02 2.6926456121e+00 9.8228119096e+00
188 6.1080580136e-01 7.3251603588e-02 2.7231586317e+00 1.0102880928e+01
189 6.1113891351e-01 7.4071952876e-02 2.7259092422e+00 1.0140131748e+01
190 6.1147321480e-01 7.5144214781e-02 2.7268175590e+00 1.0150090721e+01
191 6.1128080615e-01 7.4877901326e-02 2.7437731207e+00 1.0270870943e+01
192 6.1153311671e-01 7.5292972819e-02 2.7251166735e+00 1.0131971633e+01
193 6.1138193941e-01 7.4715381709e-02 2.6937531090e+00 9.8915984594e+00
194 6.1143937693e-01 7.4687558960e-02 2.6907835531e+00 9.8860118684e+00
195 6.1142034242e-01 7.4689604190e-02 2.6914097891e+00 9.8875353201e+00
196 6.1152752020e-01 7.5022537669e-02 2.6670516635e+00 9.7475311382e+00
197 6.1169440438e-01 7.5666488876e-02 2.6879913498e+00 9.8830608788e+00
198 6.1180629574e-01 7.5955608347e-02 2.6696704592e+00 9.7630707153e+00
199 6.1196377817e-01 7.6647274169e-02 2.6973902742e+00 9.9915520638e+00
200 6.1193937316e-01 7.6289601303e-02 2.6478025346e+00 9.6252977311e+00
201 6.1188822310e-01 7.6316854035e-02 2.6461440754e+00 9.6194415363e+00
202 6.1236807237e-01 7.7004681608e-02 2.6133429654e+00 9.3912249532e+00
203 6.1229890387e-01 7.7040166574e-02 2.6116188525e+00 9.3839912788e+00
204 6.1273632785e-01 7.7701141377e-02 2.5812676771e+00 9.1730166714e+00
205 6.1272070090e-01 7.7815626341e-02 2.5851323372e+00 9.1899403378e+00
206 6.1287987863e-01 7.8081287269e-02 2.5694123338e+00 9.0879600332e+00
207 6.1273335950e-01 7.8258728504e-02 2.6017436851e+00 9.2990164377e+00
208 6.1291550614e-01 7.8490090619e-02 2.5849013298e+00 9.1890825272e+00
209 6.1313964590e-01 7.8763862233e-02 2.5679578859e+00 9.0814359055e+00
210 6.1326443199e-01 7.9302466230e-02 2.5859838141e+00 9.2073037083e+00
211 6.1326380581e-01 7.9298553996e-02 2.5864458427e+00 9.2091794562e+00
212 6.1342222274e-01 7.9633334817e-02 2.5656029887e+00 9.0869149637e+00
213 6.1360212187e-01 7.9698687683e-02 2.5538166816e+00 9.0238089377e+00
214 6.1374690048e-01 8.0071362233e-02 2.5336643760e+00 8.9023050154e+00
215 6.1359445131e-01 7.9384717958e-02 2.5059305894e+00 8.7101958154e+00
216 6.1448955619e-01 8.0637168628e-02 2.4408338826e+00 8.3081067179e+00
217 6.1467041751e-01 8.0861794352e-02 2.4241012532e+00 8.2168830822e+00
218 6.1457702774e-01 8.0927260638e-02 2.4198903804e+00 8.2046634245e+00
219 6.1452109444e-01 8.0965687020e-02 2.4177137473e+00 8.1964442693e+00
220 6.1483727946e-01 8.1784117250e-02 2.4144403888e+00 8.1777001329e+00
221 6.1494122368e-01 8.2180155565e-02 2.4109320226e+00 8.1412523269e+00
222 6.1488155167e-01 8.2180318138e-02 2.4096345969e+00 8.1399160242e+00
223 6.1454600546e-01 8.1687249686e-02 2.4250826447e+00 8.2441067906e+00
224 6.1461917336e-01 8.1735599518e-02 2.4266904751e+00 8.2578163752e+00
225 6.1455006212e-01 8.1753642377e-02 2.4274768838e+00 8.2586839534e+00
226 6.1484634449e-01 8.2422071834e-02 2.4291189483e+00 8.2780807627e+00
227 6.1477595607e-01 8.2339358112e-02 2.4262442814e+00 8.2620387195e+00
228 6.1505659024e-01 8.2600548649e-02 2.4100342859e+00 8.1675746114e+00
229 6.1540501186e-01 8.3414801402e-02 2.4099714246e+00 8.1740855365e+00
230 6.1543594005e-01 8.3441334104e-02 2.4110573869e+00 8.1757730221e+00
231 6.1600122242e-01 8.4488415246e-02 2.3917265371e+00 8.0678488698e+00
232 6.1607784715e-01 8.4368497058e-02 2.3694041607e+00 7.9449482601e+00
233 6.1563462369e-01 8.3986671829e-02 2.4109344932e+00 8.2196718465e+00
234 6.1539795602e-01 8.3799912676e-02 2.4191643071e+00 8.2628299218e+00
235 6.1536941620e-01 8.3855581891e-02 2.4165450960e+00 8.2504697810e+00
236 6.1551851991e-01 8.4344457459e-02 2.4234617621e+00 8.2730573158e+00
237 6.1548600354e-01 8.4279008672e-02 2.4182256390e+00 8.2286683434e+00
238 6.1557178933e-01 8.4789341778e-02 2.4317447395e+00 8.3111904581e+00
239 6.1543346138e-01 8.4330754049e-02 2.4158131591e+00 8.2181136467e+00
240 6.1566136849e-01 8.4798505902e-02 2.4056016825e+00 8.1545971380e+00
241 6.1567109143e-01 8.4553468908e-02 2.3752082191e+00 7.9805694324e+00
242 6.1605350872e-01 8.4556859653e-02 2.3273062260e+00 7.6963161059e+00
243 6.1610605760e-01 8.5191470903e-02 2.3402493427e+00 7.7872393997e+00
244 6.1513988840e-01 8.3518654549e-02 2.3632200469e+00 7.9330364369e+00
245 6.1492260380e-01 8.2952548357e-02 2.3388796635e+00 7.7797895631e+00
246 6.1442993812e-01 8.2322345986e-02 2.3662653312e+00 7.9498696122e+00
247 6.1438707408e-01 8.2345138164e-02 2.3654140183e+00 7.9463226938e+00
248 6.1458077298e-01 8.2656117371e-02 2.3504309940e+00 7.8568601647e+00
249 6.1461552438e-01 8.2662379735e-02 2.3528504601e+00 7.8605590517e+00
250 6.1444576587e-01 8.2664338157e-02 2.3667959354e+00 7.9254380142e+00
251 6.1437503892e-01 8.2656976753e-02 2.3649635972e+00 7.9202317551e+00
252 6.1437877002e-01 8.2651202580e-02 2.3653951808e+00 7.9219838151e+00
253 6.1419110502e-01 8.2182968352e-02 2.3461588216e+00 7.8198898864e+00
254 6.1380389901e-01 8.1513283222e-02 2.3479327639e+00 7.8378176827e+00
255 6.1341486819e-01 8.1102649779e-02 2.3568354404e+00 7.9091639879e+00
256 6.1333803834e-01 8.1055798186e-02 2.3573847252e+00 7.9164839316e+00
257 6.1296748231e-01 8.0152222342e-02 2.3443107364e+00 7.8101886600e+00
258 6.1293058643e-01 8.0126100083e-02 2.3448386464e+00 7.8137564359e+00
259 6.1250419801e-01 7.9338527546e-02 2.3313002199e+00 7.7309793579e+00
260 6.1269512562e-01 7.9913582561e-02 2.3597897206e+00 7.9430550610e+00
261 6.1275383715e-01 7.9932570848e-02 2.3587221200e+00 7.9370577763e+00
262 6.1318701248e-01 8.0374976879e-02 2.3311149430e+00 7.7770886738e+00
263 6.1306379765e-01 8.0336064543e-02 2.3303360641e+00 7.7815973163e+00
264 6.1356263864e-01 8.0910221955e-02 2.2993712355e+00 7.6036772010e+00
265 6.1376751476e-01 8.1141958493e-02 2.2854143185e+00 7.5241484095e+00
266 6.1396661786e-01 8.1395938381e-02 2.2707425969e+00 7.4424410984e+00
267 6.1418019147e-01 8.1724495908e-02 2.2618071263e+00 7.4057117298e+00
268 6.1442014434e-01 8.1888301162e-02 2.2485781887e+00 7.3361628881e+00
269 6.1434745606e-01 8.1913209875e-02 2.2487959146e+00 7.3354703602e+00
270 6.1435605830e-01 8.1838191728e-02 2.2424921618e+00 7.2874679923e+00
271 6.1462836165e-01 8.2142181735e-02 2.2290514846e+00 7.2079640737e+00
272 6.1486426915e-01 8.2445725092e-02 2.2158972868e+00 7.1317732238e+00
273 6.1486675200e-01 8.2420411502e-02 2.2154138180e+00 7.1320882381e+00
274 6.1479174133e-01 8.2717663725e-02 2.2535167724e+00 7.3838454752e+00
275 6.1447341979e-01 8.2361140958e-02 2.2636970789e+00 7.4588504895e+00
276 6.1425084626e-01 8.2160597639e-02 2.2768347501e+00 7.5308706474e+00
277 6.1420008887e-01 8.2158824439e-02 2.2778759626e+00 7.5338504181e+00
278 6.1403016745e-01 8.2012553532e-02 2.2878707642e+00 7.5887105131e+00
279 6.1429017300e-01 8.2319045333e-02 2.2738357250e+00 7.5052170782e+00
280 6.1474567671e-01 8.2882377581e-02 2.2470169208e+00 7.3504459076e+00
281 6.1456052357e-01 8.2652087538e-02 2.2583291547e+00 7.4179304260e+00
282 6.1461431522e-01 8.3244814233e-02 2.2737715115e+00 7.5119304735e+00
283 6.1460733645e-01 8.3265191834e-02 2.2714196003e+00 7.5067944062e+00
284 6.1460455398e-01 8.3295326363e-02 2.2693038415e+00 7.5007326301e+00
285 6.1459200871e-01 8.3309863797e-02 2.2681644950e+00 7.4972587616e+00
286 6.1508394897e-01 8.3921359225e-02 2.2415923600e+00 7.3381087253e+00
287 6.1524287933e-01 8.3962516704e-02 2.2300020797e+00 7.2853940243e+00
288 6.1526101827e-01 8.3975210380e-02 2.2291636481e+00 7.2821027813e+00
289 6.1519777275e-01 8.3939430883e-02 2.2222759848e+00 7.2374393927e+00
290 6.1530797821e-01 8.4459704211e-02 2.2355178558e+00 7.3154319981e+00
291 6.1522314403e-01 8.4490348726e-02 2.2342170349e+00 7.3126034470e+00
292 6.1514002905e-01 8.4415808462e-02 2.2353380704e+00 7.3255090015e+00
293 6.1550047844e-01 8.5500484690e-02 2.2464736500e+00 7.4009817204e+00
294 6.1505381843e-01 8.4773260583e-02 2.2421295149e+00 7.3748784606e+00
295 6.1596407756e-01 8.5917075298e-02 2.1881051872e+00 7.0681959034e+00
296 6.1597645456e-01 8.5951926088e-02 2.1878113917e+00 7.0649754793e+00
297 6.1586905061e-01 8.6291726984e-02 2.2294322410e+00 7.3359657771e+00
298 6.1592965348e-01 8.6944019738e-02 2.2552486065e+00 7.4592341305e+00
299 6.1587808183e-01 8.6999449090e-02 2.2534066782e+00 7.4494902986e+00
300 6.1568379657e-01 8.6550138019e-02 2.2405167892e+00 7.3868856520e+00
301 6.1545044089e-01 8.6053041680e-02 2.2186353757e+00 7.2526692659e+00
302 6.1571204900e-01 8.6916973076e-02 2.2163162218e+00 7.2368387924e+00
303 6.1556223239e-01 8.6448180130e-02 2.2008970523e+00 7.1439658504e+00
304 6.1532604369e-01 8.5694459988e-02 2.1859768931e+00 7.0825421746e+00
305 6.1557817762e-01 8.5947986639e-02 2.1725714831e+00 7.0097206753e+00
306 6.1629774593e-01 8.7540773439e-02 2.1821791955e+00 7.0863328210e+00
307 6.1630263809e-01 8.7541107932e-02 2.1817908853e+00 7.0850348276e+00
308 6.1646815244e-01 8.8110808785e-02 2.2031723141e+00 7.2176956293e+00
309 6.1660892103e-01 8.8593384566e-02 2.2166583782e+00 7.3055267817e+00
310 6.1680162695e-01 8.8848116113e-02 2.2029926618e+00 7.2315729838e+00
311 6.1706419127e-01 8.9135434603e-02 2.1881799114e+00 7.1514542876e+00
312 6.1610972035e-01 8.7339956225e-02 2.2000956343e+00 7.2146420002e+00
313 6.1611578039e-01 8.7432876905e-02 2.2031025996e+00 7.2337089657e+00
314 6.1622379560e-01 8.8005719200e-02 2.2177049344e+00 7.3197896408e+00
315 6.1658281286e-01 8.8937915535e-02 2.2426170588e+00 7.4481599360e+00
316 6.1682146508e-01 8.9192426525e-02 2.2293009201e+00 7.3729316591e+00
317 6.1681043764e-01 8.9241088428e-02 2.2282265189e+00 7.3662397001e+00
318 6.1683476978e-01 8.9219806012e-02 2.2283639227e+00 7.3686296494e+00
319 6.1697448290e-01 8.9547662914e-02 2.2132018173e+00 7.2894224974e+00
320 6.1693402260e-01 8.9676209200e-02 2.2100588790e+00 7.2693056464e+00
321 6.1709663953e-01 8.9865576232e-02 2.1971131329e+00 7.2011107071e+00
322 6.1798936494e-01 9.2095070873e-02 2.2289779892e+00 7.3614957771e+00
323 6.1775369181e-01 9.1807010559e-02 2.2425898317e+00 7.4358488275e+00
324 6.1775248339e-01 9.1822276661e-02 2.2416616095e+00 7.4362123841e+00
325 6.1773278081e-01 9.1793791456e-02 2.2414068091e+00 7.4372456736e+00
326 6.1784473329e-01 9.2273843510e-02 2.2489603003e+00 7.4690456637e+00
327 6.1762780578e-01 9.1806921592e-02 2.2361897928e+00 7.4115207891e+00
328 6.1758266945e-01 9.1837666840e-02 2.2335216436e+00 7.4050197473e+00
329 6.1773992344e-01 9.2124516642e-02 2.2177448950e+00 7.3294078471e+00
330 6.1761546002e-01 9.1760271528e-02 2.2144312566e+00 7.3270440368e+00
331 6.1743339476e-01 9.1291511070e-02 2.2068614097e+00 7.2913410742e+00
332 6.1740250591e-01 9.1313973896e-02 2.2066031924e+00 7.2887349764e+00
333 6.1746930233e-01 9.1275826348e-02 2.2075183621e+00 7.2941554288e+00
334 6.1743434238e-01 9.1277329750e-02 2.2085488875e+00 7.2970592124e+00
335 6.1715319304e-01 9.1062734312e-02 2.2262018091e+00 7.4187030625e+00
336 6.1697573016e-01 9.1141246671e-02 2.2212033929e+00 7.4038206625e+00
337 6.1682374797e-01 9.0992419230e-02 2.2321633952e+00 7.4563643122e+00
338 6.1663659846e-01 9.0455382771e-02 2.2105753047e+00 7.3197894703e+00
339 6.1642765487e-01 9.0228684291e-02 2.2232082998e+00 7.3916639294e+00
340 6.1663103875e-01 9.0423074261e-02 2.2083621385e+00 7.3224400616e+00
341 6.1663445115e-01 9.1201944043e-02 2.2484383114e+00 7.5411626637e+00
342 6.1644761583e-01 9.0773348344e-02 2.2450213424e+00 7.5070819402e+00
343 6.1631427455e-01 9.0386350251e-02 2.2437131752e+00 7.5228314497e+00
344 6.1630718313e-01 9.0353570525e-02 2.2430583169e+00 7.5272573503e+00
345 6.1610099713e-01 9.0129460548e-02 2.2580796313e+00 7.6164792391e+00
346 6.1610039050e-01 9.0135682110e-02 2.2576328311e+00 7.6143377053e+00
347 6.1642911194e-01 9.0908254505e-02 2.2526459773e+00 7.5813302854e+00
348 6.1662719117e-01 9.1450477157e-02 2.2698261467e+00 7.6864018874e+00
349 6.1684498348e-01 9.1690152480e-02 2.2560656140e+00 7.6108998324e+00
350 6.1683236094e-01 9.1614706347e-02 2.2536390888e+00 7.5976464210e+00
351 6.1687540746e-01 9.1677740259e-02 2.2515050040e+00 7.5875447338e+00
352 6.1721187409e-01 9.2594923717e-02 2.2697734054e+00 7.6612743077e+00
353 6.1733678348e-01 9.2987268331e-02 2.2788120968e+00 7.6995105611e+00
354 6.1736759191e-01 9.2987355211e-02 2.2777904072e+00 7.6964889416e+00
355 6.1758915170e-01 9.3350397051e-02 2.2625229852e+00 7.6030887911e+00
356 6.1766514933e-01 9.3109603765e-02 2.2407883367e+00 7.4925870863e+00
357 6.1769268940e-01 9.2845438524e-02 2.2156866038e+00 7.3718600018e+00
358 6.1729672447e-01 9.2023932069e-02 2.2120597909e+00 7.3528432729e+00
359 6.1784977170e-01 9.3259330429e-02 2.2172683595e+00 7.3623251573e+00
360 6.1783021505e-01 9.3198649568e-02 2.2167075385e+00 7.3705842178e+00
361 6.1797055852e-01 9.3609691548e-02 2.2202943176e+00 7.3715327439e+00
362 6.1797764055e-01 9.3598298889e-02 2.2203655044e+00 7.3716480490e+00
363 6.1761054847e-01 9.2873566871e-02 2.2184733201e+00 7.3742802828e+00
364 6.1781971679e-01 9.3130625107e-02 2.2060074598e+00 7.3021168971e+00
365 6.1748642606e-01 9.2436272525e-02 2.2070142883e+00 7.3232105450e+00
