1 5.9282947138e-01 1.1102230246e-16 1.0000000000e+00 1.0000000000e+00
2 5.9271445185e-01 2.1859652927e-03 -1.4501095637e+01 2.8105066329e+02
3 5.9269173505e-01 2.5265467924e-03 -1.0713952793e+01 1.7586226438e+02
4 5.9291313827e-01 7.8990895922e-03 2.5194204783e+01 7.5674209086e+02
5 5.9331423139e-01 1.3156049488e-02 1.6426925871e+01 2.9252633458e+02
6 5.9352586876e-01 1.5166577536e-02 1.4246040346e+01 2.2008082760e+02
7 5.9364477423e-01 1.6960873309e-02 1.2700930049e+01 1.7556854221e+02
8 5.9356296706e-01 1.7173527721e-02 1.2221985156e+01 1.6737015681e+02
9 5.9348225556e-01 1.7292725315e-02 1.1960388224e+01 1.6309854783e+02
10 5.9374637218e-01 1.8790892220e-02 1.1167822407e+01 1.3968790930e+02
11 5.9361141494e-01 1.8963401355e-02 1.0847420732e+01 1.3507943293e+02
12 5.9376665249e-01 2.0388463540e-02 1.0205202799e+01 1.1822795409e+02
13 5.9375324645e-01 2.0483775642e-02 1.0034699926e+01 1.1618967081e+02
14 5.9365526962e-01 2.0226496338e-02 9.8910870208e+00 1.1416973959e+02
15 5.9359291963e-01 2.0313846623e-02 9.7575963876e+00 1.1238323253e+02
16 5.9376627140e-01 2.2448674231e-02 1.0819100635e+01 1.4089978797e+02
17 5.9370060237e-01 2.2480867205e-02 1.0698740756e+01 1.3939971954e+02
18 5.9353947573e-01 2.0428531469e-02 9.4950729285e+00 1.0878992063e+02
19 5.9340090549e-01 2.0618410207e-02 9.2173090389e+00 1.0518874067e+02
20 5.9326703675e-01 2.0705186681e-02 9.1015463242e+00 1.0371132140e+02
21 5.9317980968e-01 2.0697831706e-02 8.9119265539e+00 1.0152389058e+02
22 5.9340321320e-01 2.2003725350e-02 8.5651376543e+00 9.1615740974e+01
23 5.9334420408e-01 2.2119833287e-02 8.4062899394e+00 8.9904935315e+01
24 5.9359988851e-01 2.3449919738e-02 8.0460707672e+00 8.1259115983e+01
25 5.9356638167e-01 2.3496633911e-02 7.9949786339e+00 8.0677743373e+01
26 5.9360105852e-01 2.3517829221e-02 7.9693397452e+00 8.0342211185e+01
27 5.9375031716e-01 2.4733506420e-02 7.5966110366e+00 7.2673737197e+01
28 5.9369962144e-01 2.4793125570e-02 7.5402171170e+00 7.2054564356e+01
29 5.9414632005e-01 2.6997835525e-02 7.1705527902e+00 6.2991044755e+01
30 5.9443247404e-01 2.9673947503e-02 7.5415484891e+00 7.1051381634e+01
31 5.9443182591e-01 2.9749023495e-02 7.4810076695e+00 7.0349401982e+01
32 5.9428283085e-01 2.9840306756e-02 7.4199874433e+00 6.9651428105e+01
33 5.9427381992e-01 2.9910613715e-02 7.3641295402e+00 6.9016333369e+01
34 5.9421306440e-01 2.9881631488e-02 7.3332794535e+00 6.8872451716e+01
35 5.9456890562e-01 3.1736913806e-02 6.8537956153e+00 5.9496758641e+01
36 5.9478938007e-01 3.2577517050e-02 6.6732618513e+00 5.5944267668e+01
37 5.9461898694e-01 3.2667997488e-02 6.6251740790e+00 5.5483031365e+01
38 5.9486624926e-01 3.3482694789e-02 6.4598709376e+00 5.2355767857e+01
39 5.9514572410e-01 3.4374842953e-02 6.2642786950e+00 4.9128190199e+01
40 5.9531047714e-01 3.5220837647e-02 6.0873129834e+00 4.6304251795e+01
41 5.9505389192e-01 3.4482163975e-02 6.2101614763e+00 4.8592647667e+01
42 5.9498827848e-01 3.4533205979e-02 6.1847238520e+00 4.8357913121e+01
43 5.9521495441e-01 3.5307987002e-02 6.0458365385e+00 4.5919839278e+01
44 5.9514011672e-01 3.5391241277e-02 6.0046872578e+00 4.5546576616e+01
45 5.9528593463e-01 3.6093838530e-02 5.8695530536e+00 4.3357262018e+01
46 5.9554790648e-01 3.6747418496e-02 5.7336271391e+00 4.1281539941e+01
47 5.9552282761e-01 3.6804625354e-02 5.7075103033e+00 4.1042446477e+01
48 5.9555043592e-01 3.8104889840e-02 5.9545941450e+00 4.5108255924e+01
49 5.9577496603e-01 3.8815798273e-02 5.8247647831e+00 4.2995127076e+01
50 5.9576806474e-01 3.8863826593e-02 5.8023898003e+00 4.2790203802e+01
51 5.9622914545e-01 4.0195409002e-02 5.5853731363e+00 3.9285615158e+01
52 5.9648394358e-01 4.0812876872e-02 5.4777864232e+00 3.7702798232e+01
53 5.9648223380e-01 4.0821447418e-02 5.4743017892e+00 3.7672105366e+01
54 5.9644187600e-01 4.0831595986e-02 5.4729528211e+00 3.7656412073e+01
55 5.9667918443e-01 4.1451499806e-02 5.3847668717e+00 3.6264308262e+01
56 5.9698330042e-01 4.3270702663e-02 5.4218253341e+00 3.6617738136e+01
57 5.9688662300e-01 4.3327559809e-02 5.4049753352e+00 3.6476205168e+01
58 5.9707154473e-01 4.3922163115e-02 5.2931664500e+00 3.5040756783e+01
59 5.9729430705e-01 4.4565670427e-02 5.1859401380e+00 3.3651527205e+01
60 5.9730060573e-01 4.4712729171e-02 5.1731728742e+00 3.3465602506e+01
61 5.9721335334e-01 4.4750976793e-02 5.1640480674e+00 3.3393453635e+01
62 5.9719608636e-01 4.4691883667e-02 5.1448833555e+00 3.3121499991e+01
63 5.9742025715e-01 4.5290257613e-02 5.0572917945e+00 3.1953900063e+01
64 5.9743245539e-01 4.5328988032e-02 5.0411779727e+00 3.1843162319e+01
65 5.9758663757e-01 4.5847081446e-02 4.9535153631e+00 3.0818253001e+01
66 5.9735983992e-01 4.4870626052e-02 4.8159420852e+00 2.9158936598e+01
67 5.9766420563e-01 4.5428667917e-02 4.7412341801e+00 2.8211786869e+01
68 5.9770435845e-01 4.5421222921e-02 4.7410661958e+00 2.8213393891e+01
69 5.9792469488e-01 4.6090694959e-02 4.6637954257e+00 2.7263710265e+01
70 5.9797730200e-01 4.6284152725e-02 4.6674138931e+00 2.7221162267e+01
71 5.9777026636e-01 4.5364448910e-02 4.5448867866e+00 2.5686590359e+01
72 5.9765456941e-01 4.5415118381e-02 4.5259028851e+00 2.5574384668e+01
73 5.9766499350e-01 4.5427646946e-02 4.5213846205e+00 2.5542149575e+01
74 5.9758923777e-01 4.5495317652e-02 4.5020157257e+00 2.5426747425e+01
75 5.9742163038e-01 4.5728693126e-02 4.4524997311e+00 2.5145179194e+01
76 5.9738571720e-01 4.5735519328e-02 4.4525708007e+00 2.5144284654e+01
77 5.9747991153e-01 4.6692537701e-02 4.5581866980e+00 2.6403833385e+01
78 5.9751212583e-01 4.6718717185e-02 4.5487487010e+00 2.6332876002e+01
79 5.9741821150e-01 4.6718909997e-02 4.5373987128e+00 2.6270715443e+01
80 5.9736764152e-01 4.6755290281e-02 4.5282193859e+00 2.6210992084e+01
81 5.9773811117e-01 4.8253421505e-02 4.5478444908e+00 2.6377133694e+01
82 5.9722847954e-01 4.6829526168e-02 4.5153460040e+00 2.6127792403e+01
83 5.9715843019e-01 4.6983145695e-02 4.4897884735e+00 2.5955810024e+01
84 5.9693047761e-01 4.6056772310e-02 4.3848026951e+00 2.4703544552e+01
85 5.9695237143e-01 4.5974067531e-02 4.3874739977e+00 2.4730576993e+01
86 5.9715166594e-01 4.6611361660e-02 4.3130156557e+00 2.3915749462e+01
87 5.9708449445e-01 4.6613109606e-02 4.3174822490e+00 2.3935479000e+01
88 5.9696087331e-01 4.6669969302e-02 4.3004075004e+00 2.3830913276e+01
89 5.9690526901e-01 4.6599332011e-02 4.2826094710e+00 2.3747936222e+01
90 5.9688567171e-01 4.6558734404e-02 4.2728966601e+00 2.3697458389e+01
91 5.9682795149e-01 4.6608046731e-02 4.2616367826e+00 2.3620095460e+01
92 5.9746562521e-01 4.8245151336e-02 4.0962007788e+00 2.1570148279e+01
93 5.9751490443e-01 4.9280535700e-02 4.2281224457e+00 2.3289030535e+01
94 5.9754188040e-01 4.9319551576e-02 4.2161336650e+00 2.3207073492e+01
95 5.9773452875e-01 4.9781837849e-02 4.1544524278e+00 2.2572954335e+01
96 5.9766786545e-01 4.9757601808e-02 4.1481105582e+00 2.2550253650e+01
97 5.9773616808e-01 4.9783310743e-02 4.1369691483e+00 2.2481830877e+01
98 5.9789254882e-01 5.0377254682e-02 4.0714321137e+00 2.1815402117e+01
99 5.9806570568e-01 5.1269139357e-02 4.1677890353e+00 2.2890142884e+01
100 5.9821224345e-01 5.1817594691e-02 4.1097727746e+00 2.2266980576e+01
101 5.9847153545e-01 5.2198547038e-02 4.0581262601e+00 2.1740521446e+01
102 5.9834507458e-01 5.2258883450e-02 4.0492717606e+00 2.1681315001e+01
103 5.9854812392e-01 5.2897756965e-02 3.9999592389e+00 2.1116872361e+01
104 5.9850315177e-01 5.3086243013e-02 3.9892765435e+00 2.1039090887e+01
105 5.9877318430e-01 5.3552227291e-02 3.9493387297e+00 2.0680176605e+01
106 5.9885768706e-01 5.4010554854e-02 3.8965268441e+00 2.0074122214e+01
107 5.9885017083e-01 5.4235145966e-02 3.9003353752e+00 2.0043892210e+01
108 5.9876163679e-01 5.4292598915e-02 3.8886140968e+00 1.9994077831e+01
109 5.9848892862e-01 5.3857206326e-02 3.9233422232e+00 2.0413092992e+01
110 5.9844977910e-01 5.3872816852e-02 3.9217410243e+00 2.0401047994e+01
111 5.9827032717e-01 5.3831543241e-02 3.9150925911e+00 2.0400480928e+01
112 5.9860663192e-01 5.5114716776e-02 3.9210568953e+00 2.0370956258e+01
113 5.9855380919e-01 5.5166315376e-02 3.9110564556e+00 2.0311896157e+01
114 5.9868404021e-01 5.5636339228e-02 3.8743266029e+00 1.9874599491e+01
115 5.9869961491e-01 5.5718152017e-02 3.8719662711e+00 1.9870756470e+01
116 5.9877322275e-01 5.5726035587e-02 3.8664520940e+00 1.9839131005e+01
117 5.9879925784e-01 5.5801243298e-02 3.8619514932e+00 1.9796291234e+01
118 5.9869619594e-01 5.5744061341e-02 3.8623086850e+00 1.9834968885e+01
119 5.9859793169e-01 5.5795980799e-02 3.8561951490e+00 1.9789165406e+01
120 5.9867418906e-01 5.6250659848e-02 3.8148034222e+00 1.9347117879e+01
121 5.9907934776e-01 5.7194416857e-02 3.7304914352e+00 1.8494855492e+01
122 5.9920161437e-01 5.7745923994e-02 3.6831624254e+00 1.8047175023e+01
123 5.9941787628e-01 5.8265433635e-02 3.6413097462e+00 1.7632683725e+01
124 5.9985429283e-01 5.8952632176e-02 3.5724077287e+00 1.6991378600e+01
125 5.9984505538e-01 5.8961618156e-02 3.5711481928e+00 1.6983233304e+01
126 5.9997813743e-01 5.9506339058e-02 3.5286046646e+00 1.6599044159e+01
127 5.9983083962e-01 5.8762618324e-02 3.4830974018e+00 1.6233758769e+01
128 5.9934740863e-01 5.8079178791e-02 3.5357719415e+00 1.6779253883e+01
129 5.9928701552e-01 5.8103177890e-02 3.5337846366e+00 1.6767353867e+01
130 5.9879280963e-01 5.6865435597e-02 3.4937429120e+00 1.6393938443e+01
131 5.9870317551e-01 5.6860804401e-02 3.4886953794e+00 1.6375148232e+01
132 5.9858761646e-01 5.6956150927e-02 3.4874716433e+00 1.6356987191e+01
133 5.9856673574e-01 5.6819036636e-02 3.5039400985e+00 1.6612154645e+01
134 5.9835801820e-01 5.5921941778e-02 3.3944334169e+00 1.5378224417e+01
135 5.9855794475e-01 5.6195907793e-02 3.3626651878e+00 1.5115500653e+01
136 5.9882986547e-01 5.6651027996e-02 3.3323949865e+00 1.4830038321e+01
137 5.9952169739e-01 5.7964432761e-02 3.2522713097e+00 1.4065161981e+01
138 6.0007614999e-01 5.9849379157e-02 3.3183958306e+00 1.4872094946e+01
139 6.0016472719e-01 5.9877977775e-02 3.3141653688e+00 1.4851110508e+01
140 6.0011060248e-01 5.9920269269e-02 3.3085603528e+00 1.4822315491e+01
141 6.0005822082e-01 5.9933070713e-02 3.3086389367e+00 1.4821477764e+01
142 6.0045222301e-01 6.1124336952e-02 3.3518710656e+00 1.5266665978e+01
143 6.0083204918e-01 6.2258941306e-02 3.3673432440e+00 1.5383033377e+01
144 6.0067796476e-01 6.1430840396e-02 3.2828519255e+00 1.4622377730e+01
145 6.0069064824e-01 6.1428812827e-02 3.2827383025e+00 1.4621339313e+01
146 6.0104821662e-01 6.2527670383e-02 3.2826381616e+00 1.4582296447e+01
147 6.0097713085e-01 6.2540277133e-02 3.2796534049e+00 1.4572800508e+01
148 6.0096311135e-01 6.2546104050e-02 3.2792824787e+00 1.4570401528e+01
149 6.0085104168e-01 6.1621089946e-02 3.1864046081e+00 1.3602897229e+01
150 6.0103411612e-01 6.2144212845e-02 3.1607829394e+00 1.3419200530e+01
151 6.0103650903e-01 6.2203264417e-02 3.1566578531e+00 1.3394768063e+01
152 6.0105952544e-01 6.2221216350e-02 3.1519233955e+00 1.3376044934e+01
153 6.0096246070e-01 6.2333750611e-02 3.1498922518e+00 1.3470196855e+01
154 6.0139144520e-01 6.3093037344e-02 3.0925450021e+00 1.3005858811e+01
155 6.0146785846e-01 6.3966523939e-02 3.1388324185e+00 1.3433443747e+01
156 6.0132742864e-01 6.4045780373e-02 3.1306984273e+00 1.3399072073e+01
157 6.0151336123e-01 6.4469802866e-02 3.0988885862e+00 1.3153105916e+01
158 6.0171385806e-01 6.4897931271e-02 3.0637540069e+00 1.2898395741e+01
159 6.0177259337e-01 6.5118477521e-02 3.0280575143e+00 1.2596651424e+01
160 6.0171858616e-01 6.5219366745e-02 3.0215146862e+00 1.2559434741e+01
161 6.0209171202e-01 6.5999215487e-02 2.9737720910e+00 1.2164005328e+01
162 6.0208708967e-01 6.6066957511e-02 2.9724618260e+00 1.2156349942e+01
163 6.0251325484e-01 6.7224811528e-02 2.9953467971e+00 1.2372569626e+01
164 6.0191842602e-01 6.5393617756e-02 2.9260064169e+00 1.1796515749e+01
165 6.0207660202e-01 6.5956795950e-02 2.9094345109e+00 1.1638657117e+01
166 6.0207442239e-01 6.5968061573e-02 2.9079657709e+00 1.1631161016e+01
167 6.0239992878e-01 6.6427109485e-02 2.8663234623e+00 1.1341019075e+01
168 6.0231462052e-01 6.6536428505e-02 2.8642399179e+00 1.1335669198e+01
169 6.0221178488e-01 6.6564161795e-02 2.8644423142e+00 1.1335002132e+01
170 6.0277050432e-01 6.7929741624e-02 2.8696316254e+00 1.1391432972e+01
171 6.0304944350e-01 6.8307430472e-02 2.8472207175e+00 1.1220739548e+01
172 6.0305965726e-01 6.8306592349e-02 2.8468618849e+00 1.1219600404e+01
173 6.0301973502e-01 6.8325806483e-02 2.8462136330e+00 1.1213814370e+01
174 6.0316793040e-01 6.8704263768e-02 2.8200489135e+00 1.1033510156e+01
175 6.0328095618e-01 6.9346318370e-02 2.8523404531e+00 1.1273597879e+01
176 6.0342590092e-01 6.9767928734e-02 2.8341065038e+00 1.1144285920e+01
177 6.0339188170e-01 6.9782890942e-02 2.8334550174e+00 1.1140507388e+01
178 6.0339153610e-01 6.9815459714e-02 2.8289046983e+00 1.1120421315e+01
179 6.0354968250e-01 7.0466143283e-02 2.8640716728e+00 1.1394331989e+01
180 6.0369005267e-01 7.0879551908e-02 2.8374607268e+00 1.1206661450e+01
181 6.0344902072e-01 7.0535060488e-02 2.8579157282e+00 1.1352126095e+01
182 6.0362351706e-01 7.0898954373e-02 2.8371053847e+00 1.1188967635e+01
183 6.0305579698e-01 6.9205285143e-02 2.7763531355e+00 1.0701712303e+01
184 6.0302345169e-01 6.9221048141e-02 2.7754895058e+00 1.0697491474e+01
185 6.0320853747e-01 6.9572523675e-02 2.7506946802e+00 1.0535636988e+01
186 6.0392907577e-01 7.1591756288e-02 2.7852801051e+00 1.0821343221e+01
187 6.0393365377e-01 7.1619021146e-02 2.7862091610e+00 1.0818773881e+01
188 6.0378458794e-01 7.0993379785e-02 2.7417453886e+00 1.0455152932e+01
189 6.0373537828e-01 7.1087995858e-02 2.7407994084e+00 1.0448055140e+01
190 6.0365198349e-01 7.0998346690e-02 2.7380872038e+00 1.0457875026e+01
191 6.0382209081e-01 7.1335511359e-02 2.7181317809e+00 1.0315405153e+01
192 6.0390236031e-01 7.1956673398e-02 2.7463941781e+00 1.0535337742e+01
193 6.0367467275e-01 7.1658820440e-02 2.7659999993e+00 1.0677324152e+01
194 6.0388682416e-01 7.1979111397e-02 2.7457151849e+00 1.0532151573e+01
195 6.0399968848e-01 7.2600256936e-02 2.7669110476e+00 1.0688904400e+01
196 6.0400102725e-01 7.2670931528e-02 2.7623043991e+00 1.0667623016e+01
197 6.0430221550e-01 7.3764744888e-02 2.8004415904e+00 1.1047435066e+01
198 6.0456557786e-01 7.5094226954e-02 2.8444771269e+00 1.1372598527e+01
199 6.0437646332e-01 7.4810942940e-02 2.8692084891e+00 1.1540413063e+01
200 6.0437349832e-01 7.4846914141e-02 2.8691527655e+00 1.1534018574e+01
201 6.0435547044e-01 7.4883521847e-02 2.8640596783e+00 1.1516454265e+01
202 6.0420240496e-01 7.4325621145e-02 2.8448992753e+00 1.1411382524e+01
203 6.0440536960e-01 7.4508774455e-02 2.8282459139e+00 1.1296235010e+01
204 6.0437336419e-01 7.4453647205e-02 2.8293488378e+00 1.1314962391e+01
205 6.0363721562e-01 7.2230280658e-02 2.7923760160e+00 1.1107914904e+01
206 6.0378209951e-01 7.2795223575e-02 2.8065715612e+00 1.1187809859e+01
207 6.0426066208e-01 7.3382197755e-02 2.7669276530e+00 1.0894408814e+01
208 6.0431883285e-01 7.3367634308e-02 2.7666897231e+00 1.0893752003e+01
209 6.0469013848e-01 7.4216988745e-02 2.7670186463e+00 1.0880515387e+01
210 6.0514009464e-01 7.5017747025e-02 2.7268621042e+00 1.0571875386e+01
211 6.0503164579e-01 7.5087268394e-02 2.7210504623e+00 1.0551830257e+01
212 6.0527663546e-01 7.5348879919e-02 2.7038000262e+00 1.0425843555e+01
213 6.0524722017e-01 7.5332999356e-02 2.7028274072e+00 1.0427144129e+01
214 6.0519987463e-01 7.5344903312e-02 2.7031088733e+00 1.0427601595e+01
215 6.0482237161e-01 7.4605054798e-02 2.7028219545e+00 1.0465048695e+01
216 6.0485171628e-01 7.4653812091e-02 2.7079642033e+00 1.0511336265e+01
217 6.0481371049e-01 7.4663850669e-02 2.7063744902e+00 1.0504387332e+01
218 6.0476528672e-01 7.4653015525e-02 2.7053537681e+00 1.0504390039e+01
219 6.0545708982e-01 7.5611293100e-02 2.6469478240e+00 1.0094455381e+01
220 6.0544326349e-01 7.5695492538e-02 2.6477309393e+00 1.0061986300e+01
221 6.0604075010e-01 7.6972886140e-02 2.6431213832e+00 1.0037109665e+01
222 6.0601546640e-01 7.7040109185e-02 2.6404264991e+00 1.0023033409e+01
223 6.0622227576e-01 7.7318748545e-02 2.6231799179e+00 9.9025588189e+00
224 6.0673300180e-01 7.7902914766e-02 2.5881172120e+00 9.6628112962e+00
225 6.0689206957e-01 7.8461875963e-02 2.6057719240e+00 9.7739704402e+00
226 6.0687757881e-01 7.8548715751e-02 2.6008128352e+00 9.7489979890e+00
227 6.0676951312e-01 7.8548888843e-02 2.5927024089e+00 9.7147148821e+00
228 6.0647719785e-01 7.8339011991e-02 2.6065393828e+00 9.8163819238e+00
229 6.0619017000e-01 7.7652218534e-02 2.5860471450e+00 9.7004448505e+00
230 6.0616009768e-01 7.7614150841e-02 2.5871707457e+00 9.7066522892e+00
231 6.0649018302e-01 7.8414762879e-02 2.5869680320e+00 9.6956321960e+00
232 6.0633573915e-01 7.7820662920e-02 2.5613822574e+00 9.5416490790e+00
233 6.0651268692e-01 7.8079349418e-02 2.5455059583e+00 9.4338922877e+00
234 6.0694666622e-01 7.8634795699e-02 2.5097237198e+00 9.2018087908e+00
235 6.0702276455e-01 7.9059577900e-02 2.5126291614e+00 9.1983838573e+00
236 6.0721028336e-01 7.9657696530e-02 2.5347011815e+00 9.3428979736e+00
237 6.0729537840e-01 8.0036309053e-02 2.5149418866e+00 9.2159263142e+00
238 6.0749353401e-01 8.1324711596e-02 2.5753312381e+00 9.5683300745e+00
239 6.0760241906e-01 8.1600167152e-02 2.5551884908e+00 9.4585688299e+00
240 6.0790246590e-01 8.1880442614e-02 2.5382505218e+00 9.3444827468e+00
241 6.0821368920e-01 8.2145360202e-02 2.5215941724e+00 9.2351122112e+00
242 6.0817945919e-01 8.1982485089e-02 2.5146950498e+00 9.1815370864e+00
243 6.0812156849e-01 8.2012384177e-02 2.5135126531e+00 9.1756687315e+00
244 6.0806598716e-01 8.2014544897e-02 2.5115883627e+00 9.1740545415e+00
245 6.0808242742e-01 8.2011019839e-02 2.5113034790e+00 9.1736513665e+00
246 6.0812740696e-01 8.2496297639e-02 2.5300372255e+00 9.2910473399e+00
247 6.0803770751e-01 8.2523366336e-02 2.5303088064e+00 9.2901343037e+00
248 6.0803979120e-01 8.2556475223e-02 2.5265698771e+00 9.2756118058e+00
249 6.0798785747e-01 8.2611953168e-02 2.5261081021e+00 9.2686721504e+00
250 6.0845015932e-01 8.3118095844e-02 2.4937217265e+00 9.0675746020e+00
251 6.0807861545e-01 8.2407045421e-02 2.4922433009e+00 9.0709698662e+00
252 6.0764224015e-01 8.1325840626e-02 2.4637469497e+00 8.8552102643e+00
253 6.0763888629e-01 8.1328780245e-02 2.4635071296e+00 8.8544131467e+00
254 6.0765782278e-01 8.1367473041e-02 2.4697927174e+00 8.9038911349e+00
255 6.0754310136e-01 8.1448978639e-02 2.4668653804e+00 8.8898643522e+00
256 6.0753664239e-01 8.1417914219e-02 2.4681389134e+00 8.8984853987e+00
257 6.0711176105e-01 8.0657980483e-02 2.4677098892e+00 8.9111033325e+00
258 6.0712049412e-01 8.0440846452e-02 2.4335731556e+00 8.7113923115e+00
259 6.0670821009e-01 7.9701671807e-02 2.4265258769e+00 8.6969232858e+00
260 6.0668971565e-01 7.9657216870e-02 2.4253186480e+00 8.7030140771e+00
261 6.0662440946e-01 7.9692808976e-02 2.4237196680e+00 8.6961156278e+00
262 6.0665832984e-01 7.9658931808e-02 2.4213721392e+00 8.6909094694e+00
263 6.0689435306e-01 7.9987632031e-02 2.4062562383e+00 8.5868103767e+00
264 6.0686717504e-01 7.9693817465e-02 2.3551745120e+00 8.2536783002e+00
265 6.0636456632e-01 7.9000142361e-02 2.3490283672e+00 8.2187061666e+00
266 6.0636981449e-01 7.9012665851e-02 2.3473051654e+00 8.2133690700e+00
267 6.0634318643e-01 7.9033868062e-02 2.3452533644e+00 8.2100616351e+00
268 6.0667298498e-01 7.9658241057e-02 2.3343262891e+00 8.1368840187e+00
269 6.0663561073e-01 7.9665001500e-02 2.3343484553e+00 8.1342752958e+00
270 6.0621636412e-01 7.9093256251e-02 2.3546577884e+00 8.3299612575e+00
271 6.0619173160e-01 7.9089054314e-02 2.3560124706e+00 8.3346791764e+00
272 6.0622389127e-01 7.9087559148e-02 2.3549638343e+00 8.3314729247e+00
273 6.0611144187e-01 7.8998447079e-02 2.3549762654e+00 8.3412970424e+00
274 6.0607093625e-01 7.8947345525e-02 2.3570873334e+00 8.3504071235e+00
275 6.0623223806e-01 7.9166930302e-02 2.3412780847e+00 8.2616996310e+00
276 6.0672644090e-01 7.9770054702e-02 2.3082557708e+00 8.0641068579e+00
277 6.0673252705e-01 7.9759314920e-02 2.3092777260e+00 8.0669931282e+00
278 6.0680219758e-01 7.9770374972e-02 2.3096601200e+00 8.0659947714e+00
279 6.0674797066e-01 7.9774009564e-02 2.3079364240e+00 8.0625452778e+00
280 6.0658482143e-01 7.9811415441e-02 2.3065095582e+00 8.0571058771e+00
281 6.0661266781e-01 7.9774467968e-02 2.2943610112e+00 7.9820044070e+00
282 6.0687634582e-01 8.0093733502e-02 2.2798615598e+00 7.8916458087e+00
283 6.0689089810e-01 8.0075022694e-02 2.2797604555e+00 7.9026876005e+00
284 6.0702337278e-01 8.0449101547e-02 2.2848236593e+00 7.9120363968e+00
285 6.0693327950e-01 8.0574575165e-02 2.2786622629e+00 7.8916120897e+00
286 6.0704282861e-01 8.1222544123e-02 2.3124544117e+00 8.1189005208e+00
287 6.0717169941e-01 8.1853430083e-02 2.3465816534e+00 8.3332849111e+00
288 6.0695580584e-01 8.1725203641e-02 2.3596909069e+00 8.4040433735e+00
289 6.0653394799e-01 8.0919188890e-02 2.3419778355e+00 8.2883546579e+00
290 6.0654851590e-01 8.0925280567e-02 2.3407702181e+00 8.2842761412e+00
291 6.0650748397e-01 8.0953434201e-02 2.3391808648e+00 8.2781266123e+00
292 6.0585688610e-01 7.9567629752e-02 2.3009070519e+00 8.0423542677e+00
293 6.0614338782e-01 7.9932160310e-02 2.2870479814e+00 7.9469394569e+00
294 6.0598611617e-01 7.9955801308e-02 2.2903595574e+00 7.9552606414e+00
295 6.0617904265e-01 8.0453958647e-02 2.2739780840e+00 7.8542980128e+00
296 6.0634957015e-01 8.1122740582e-02 2.3159315573e+00 8.1702202169e+00
297 6.0664977485e-01 8.2215636432e-02 2.3527675999e+00 8.3900203924e+00
298 6.0664479027e-01 8.2225499926e-02 2.3519353231e+00 8.3866951244e+00
299 6.0653304142e-01 8.2293432214e-02 2.3485030445e+00 8.3734102214e+00
300 6.0617063490e-01 8.1891005980e-02 2.3401477854e+00 8.3144067212e+00
301 6.0580879695e-01 8.1018274066e-02 2.3307370890e+00 8.2507669452e+00
302 6.0578422271e-01 8.1015009937e-02 2.3277343482e+00 8.2458182160e+00
303 6.0600789514e-01 8.1308309889e-02 2.3142568078e+00 8.1554625170e+00
304 6.0576913859e-01 8.0955354110e-02 2.3272730873e+00 8.2497059089e+00
305 6.0568361594e-01 8.1061752669e-02 2.3185802239e+00 8.2206534355e+00
306 6.0564914973e-01 8.1015997632e-02 2.3013051649e+00 8.0898777816e+00
307 6.0556258470e-01 8.1005009257e-02 2.2945539140e+00 8.0585687581e+00
308 6.0572838517e-01 8.1280195650e-02 2.2821677113e+00 7.9774381278e+00
309 6.0596298503e-01 8.1378513365e-02 2.2715855840e+00 7.9210287478e+00
310 6.0641853198e-01 8.2842625153e-02 2.2993759784e+00 8.1022746316e+00
311 6.0644530077e-01 8.2864403672e-02 2.2979549721e+00 8.0966323750e+00
312 6.0617063144e-01 8.2398916447e-02 2.2809143965e+00 8.0104520803e+00
313 6.0610256410e-01 8.2324295592e-02 2.2809112494e+00 8.0184423512e+00
314 6.0582608596e-01 8.1831917672e-02 2.2724900350e+00 7.9958244925e+00
315 6.0598022555e-01 8.1992202505e-02 2.2568461843e+00 7.9151401562e+00
316 6.0515800947e-01 8.0584910149e-02 2.2551276731e+00 7.9394445878e+00
317 6.0539799828e-01 8.0874767039e-02 2.2381707382e+00 7.8422070848e+00
318 6.0558237660e-01 8.1228847057e-02 2.2235573521e+00 7.7504348178e+00
319 6.0570284181e-01 8.1173881098e-02 2.2222495689e+00 7.7294815348e+00
320 6.0572774189e-01 8.1113211652e-02 2.2191759312e+00 7.7246761684e+00
321 6.0553294660e-01 8.0808317975e-02 2.2315263240e+00 7.8084094505e+00
322 6.0584142508e-01 8.1619657933e-02 2.2476383785e+00 7.9169203549e+00
323 6.0585011741e-01 8.1665998298e-02 2.2453634875e+00 7.9050533762e+00
324 6.0603983117e-01 8.1923355782e-02 2.2281616314e+00 7.8086873813e+00
325 6.0627460951e-01 8.1967013000e-02 2.1953281106e+00 7.5925086907e+00
326 6.0619153338e-01 8.1933107234e-02 2.1880499858e+00 7.5325714847e+00
327 6.0654434737e-01 8.3100061253e-02 2.2417267200e+00 7.8684663864e+00
328 6.0696060073e-01 8.3810397841e-02 2.2184135907e+00 7.7024363562e+00
329 6.0702488870e-01 8.3864291275e-02 2.2193028563e+00 7.7170831889e+00
330 6.0711118453e-01 8.4195606808e-02 2.2041004264e+00 7.6280651307e+00
331 6.0714239747e-01 8.4110701315e-02 2.2051201082e+00 7.6387125488e+00
332 6.0723290392e-01 8.4359393491e-02 2.1911504507e+00 7.5622734237e+00
333 6.0755724662e-01 8.5059918549e-02 2.1749667296e+00 7.4398950802e+00
334 6.0747636869e-01 8.5229389862e-02 2.1738813026e+00 7.4287083407e+00
335 6.0775726041e-01 8.5994274021e-02 2.1794948037e+00 7.4289898319e+00
336 6.0790621093e-01 8.6587980912e-02 2.1962942136e+00 7.5284509826e+00
337 6.0763353406e-01 8.6359957593e-02 2.2084537701e+00 7.6005677793e+00
338 6.0719537261e-01 8.5509033507e-02 2.2018796305e+00 7.5680599072e+00
339 6.0677353871e-01 8.4994606606e-02 2.2099764893e+00 7.6347990928e+00
340 6.0686806384e-01 8.5433878622e-02 2.2202808622e+00 7.6760853521e+00
341 6.0704533489e-01 8.5735253007e-02 2.2083768805e+00 7.6015292758e+00
342 6.0723221868e-01 8.6283899114e-02 2.2282174318e+00 7.7221393702e+00
343 6.0675350420e-01 8.5401787852e-02 2.2136063241e+00 7.6349126326e+00
344 6.0691611181e-01 8.5878604892e-02 2.2252982411e+00 7.6870677319e+00
345 6.0687042401e-01 8.5952320955e-02 2.2242647971e+00 7.6642876871e+00
346 6.0728507178e-01 8.6393649651e-02 2.2006646450e+00 7.5226468727e+00
347 6.0719071983e-01 8.6354590863e-02 2.2029688077e+00 7.5361732480e+00
348 6.0721970217e-01 8.6888580467e-02 2.2161966303e+00 7.5974133097e+00
349 6.0730405044e-01 8.7326946386e-02 2.2338812749e+00 7.6930050354e+00
350 6.0689560474e-01 8.6672448934e-02 2.2393031102e+00 7.7426904199e+00
351 6.0712166742e-01 8.6954284164e-02 2.2269647428e+00 7.6628315222e+00
352 6.0704918458e-01 8.6780056022e-02 2.2250240867e+00 7.6766037198e+00
353 6.0675368286e-01 8.6553522963e-02 2.2351515341e+00 7.7451573261e+00
354 6.0688497011e-01 8.6948048317e-02 2.2163575476e+00 7.6476751628e+00
355 6.0688709795e-01 8.7029694918e-02 2.2259714226e+00 7.7223672058e+00
356 6.0666557967e-01 8.6477761740e-02 2.2113883586e+00 7.6570023212e+00
357 6.0701159747e-01 8.7305728959e-02 2.1971352636e+00 7.5322828140e+00
358 6.0677058318e-01 8.6932555447e-02 2.1844019085e+00 7.4735678062e+00
359 6.0729273094e-01 8.7507121538e-02 2.1622957769e+00 7.3376302110e+00
360 6.0727620895e-01 8.7540856514e-02 2.1607042657e+00 7.3312082922e+00
361 6.0708902217e-01 8.6987583194e-02 2.1463564476e+00 7.2603646184e+00
362 6.0705861286e-01 8.7024783351e-02 2.1435578633e+00 7.2523601027e+00
363 6.0705066179e-01 8.7678393811e-02 2.1510851272e+00 7.2950598746e+00
364 6.0703961662e-01 8.7662367907e-02 2.1500500303e+00 7.2959749378e+00
365 6.0690718191e-01 8.7573823591e-02 2.1520281194e+00 7.3037104129e+00
