1 5.9282947138e-01 1.1102230246e-16 1.0000000000e+00 1.0000000000e+00
2 5.9283224726e-01 1.7302668644e-03 -2.0545849587e+01 6.1584214881e+02
3 5.9276020111e-01 2.1930325319e-03 -1.2852718231e+01 2.6803373280e+02
4 5.9290759906e-01 7.1014892630e-03 2.3598194304e+01 7.0141065086e+02
5 5.9341007783e-01 1.2667688526e-02 1.6479674892e+01 2.9494026546e+02
6 5.9337181500e-01 1.2629736762e-02 1.6615265850e+01 2.9863907958e+02
7 5.9339034116e-01 1.2665615857e-02 1.6464418276e+01 2.9518807059e+02
8 5.9341823264e-01 1.2677820308e-02 1.6411616834e+01 2.9390979435e+02
9 5.9352674373e-01 1.4822180108e-02 1.4044967968e+01 2.1738991720e+02
10 5.9371524442e-01 1.6622906816e-02 1.2627549685e+01 1.7499158130e+02
11 5.9374521988e-01 1.6657438602e-02 1.2543302014e+01 1.7345660579e+02
12 5.9398335429e-01 1.8240544014e-02 1.1569905851e+01 1.4619924095e+02
13 5.9396764658e-01 1.8261950537e-02 1.1530541246e+01 1.4555683513e+02
14 5.9389617192e-01 1.8339871674e-02 1.1375590798e+01 1.4332936208e+02
15 5.9411194321e-01 1.9776245520e-02 1.0647604587e+01 1.2443559506e+02
16 5.9408095123e-01 1.9824991876e-02 1.0568019271e+01 1.2329223029e+02
17 5.9401477117e-01 1.9908536930e-02 1.0428098172e+01 1.2141526433e+02
18 5.9394369093e-01 1.9949750371e-02 1.0370379286e+01 1.2056646774e+02
19 5.9390692604e-01 1.9898944538e-02 1.0207788494e+01 1.1827058038e+02
20 5.9384811075e-01 1.9977698364e-02 1.0078909815e+01 1.1657309531e+02
21 5.9374877690e-01 2.0077075291e-02 9.9238123873e+00 1.1452438024e+02
22 5.9422307315e-01 2.2596144932e-02 9.0622782534e+00 9.2832750087e+01
23 5.9466591732e-01 2.4997270994e-02 8.3633954411e+00 7.7824406037e+01
24 5.9486611786e-01 2.5917703226e-02 8.0509786404e+00 7.1870178722e+01
25 5.9482929605e-01 2.5938501209e-02 8.0346015544e+00 7.1686700204e+01
26 5.9504997908e-01 2.6970511539e-02 7.7493519619e+00 6.6447660964e+01
27 5.9505666840e-01 2.6978777307e-02 7.7414061155e+00 6.6358692060e+01
28 5.9502561468e-01 2.7018889173e-02 7.7070719599e+00 6.6005384270e+01
29 5.9543229618e-01 2.8966291188e-02 7.2177612974e+00 5.7617237071e+01
30 5.9554181522e-01 3.0569731779e-02 7.6701082221e+00 6.7799765002e+01
31 5.9580800106e-01 3.1483903753e-02 7.4098571487e+00 6.3095783823e+01
32 5.9572684579e-01 3.1542972431e-02 7.3712585629e+00 6.2707523160e+01
33 5.9594998294e-01 3.2397140171e-02 7.1398338852e+00 5.8695488521e+01
34 5.9593479906e-01 3.2413381201e-02 7.1298421306e+00 5.8591827432e+01
35 5.9611897968e-01 3.3316997228e-02 6.8761681106e+00 5.4612338387e+01
36 5.9610822896e-01 3.3333484715e-02 6.8663968186e+00 5.4513615474e+01
37 5.9608437213e-01 3.3346011045e-02 6.8602635580e+00 5.4451823703e+01
38 5.9608658595e-01 3.3380428966e-02 6.8587581182e+00 5.4405380766e+01
39 5.9612915369e-01 3.3403635542e-02 6.8414458874e+00 5.4220556760e+01
40 5.9615782339e-01 3.4873645475e-02 7.1135528185e+00 5.9711384009e+01
41 5.9615119063e-01 3.4891095773e-02 7.1032789197e+00 5.9597779799e+01
42 5.9636240333e-01 3.5589847012e-02 6.9015970355e+00 5.6277708353e+01
43 5.9634944561e-01 3.5642258493e-02 6.8690964725e+00 5.5962062313e+01
44 5.9659472792e-01 3.6464472601e-02 6.6860289369e+00 5.2838886237e+01
45 5.9659467841e-01 3.6485025667e-02 6.6746367333e+00 5.2720418000e+01
46 5.9667025895e-01 3.7270686950e-02 6.4845079174e+00 4.9792091174e+01
47 5.9669180320e-01 3.7276739993e-02 6.4795763572e+00 4.9744800148e+01
48 5.9662560200e-01 3.7306693829e-02 6.4678701154e+00 4.9632474387e+01
49 5.9650487700e-01 3.7454273822e-02 6.3817171509e+00 4.8986361146e+01
50 5.9635945346e-01 3.7557637701e-02 6.3344548729e+00 4.8555487202e+01
51 5.9653185376e-01 3.8278492714e-02 6.1839909033e+00 4.6178348228e+01
52 5.9650155433e-01 3.8386935879e-02 6.1617513332e+00 4.5890514485e+01
53 5.9667494530e-01 3.9303335824e-02 5.9924990633e+00 4.3429682468e+01
54 5.9662217216e-01 3.9323166438e-02 5.9870774378e+00 4.3374635515e+01
55 5.9694043719e-01 4.1720961016e-02 6.2223711461e+00 4.6496190746e+01
56 5.9693121419e-01 4.1762638148e-02 6.2012072955e+00 4.6321533544e+01
57 5.9739467929e-01 4.2785728761e-02 5.9748907644e+00 4.2986197373e+01
58 5.9762371893e-01 4.3414308829e-02 5.8580957430e+00 4.1252416545e+01
59 5.9737371175e-01 4.2261826471e-02 5.7578617337e+00 4.0145012932e+01
60 5.9728608389e-01 4.2404377978e-02 5.7288282932e+00 3.9860874217e+01
61 5.9749383497e-01 4.3027158181e-02 5.6173335780e+00 3.8283957442e+01
62 5.9765976107e-01 4.3733003501e-02 5.5045794521e+00 3.6711692827e+01
63 5.9762626068e-01 4.3828041126e-02 5.4951244054e+00 3.6591172701e+01
64 5.9752942067e-01 4.3907383950e-02 5.4679905404e+00 3.6380249233e+01
65 5.9759058068e-01 4.4938025918e-02 5.5423094637e+00 3.7239350555e+01
66 5.9768590018e-01 4.5972860854e-02 5.6032650182e+00 3.7925401397e+01
67 5.9776146468e-01 4.6668114550e-02 5.4864683458e+00 3.6391849894e+01
68 5.9774602826e-01 4.6682431771e-02 5.4818473456e+00 3.6355051148e+01
69 5.9786378753e-01 4.7288695962e-02 5.3762475401e+00 3.5014599708e+01
70 5.9765221592e-01 4.6061076380e-02 5.2881226181e+00 3.4007444292e+01
71 5.9775500112e-01 4.6490842544e-02 5.2013452733e+00 3.2992594901e+01
72 5.9795684767e-01 4.7142316528e-02 5.1070564961e+00 3.1797378339e+01
73 5.9788965015e-01 4.7194454669e-02 5.0919817550e+00 3.1688922710e+01
74 5.9780661660e-01 4.7254314899e-02 5.0738819432e+00 3.1570891029e+01
75 5.9780326522e-01 4.7310783896e-02 5.0539587321e+00 3.1424874888e+01
76 5.9775052503e-01 4.7351350308e-02 5.0414359710e+00 3.1344458688e+01
77 5.9737274032e-01 4.6852277146e-02 5.1114435385e+00 3.2306845477e+01
78 5.9741358734e-01 4.7490695465e-02 5.0053473788e+00 3.1083418173e+01
79 5.9746312002e-01 4.7498356119e-02 5.0003502569e+00 3.1042160994e+01
80 5.9742387718e-01 4.7554791110e-02 4.9839025170e+00 3.0913429175e+01
81 5.9735829935e-01 4.7580309072e-02 4.9792215510e+00 3.0875238051e+01
82 5.9762613163e-01 4.8252097433e-02 4.9030076844e+00 2.9848740120e+01
83 5.9758141622e-01 4.8289133910e-02 4.8357246907e+00 2.9006264521e+01
84 5.9773371935e-01 4.8969618633e-02 4.7406328973e+00 2.7960827020e+01
85 5.9788397377e-01 4.9520655632e-02 4.6653484677e+00 2.7094718864e+01
86 5.9789291379e-01 4.9529287441e-02 4.6624323207e+00 2.7072257573e+01
87 5.9783231876e-01 4.9636715215e-02 4.6506225691e+00 2.6965548424e+01
88 5.9802797626e-01 5.0127834433e-02 4.5877852318e+00 2.6221526737e+01
89 5.9789539619e-01 5.0265384980e-02 4.5708951752e+00 2.6088086198e+01
90 5.9847448022e-01 5.2324973221e-02 4.5076669667e+00 2.5289532576e+01
91 5.9827893710e-01 5.1577994903e-02 4.4239562011e+00 2.4463705187e+01
92 5.9819698989e-01 5.1640300211e-02 4.4103434930e+00 2.4376253767e+01
93 5.9812707971e-01 5.1601568082e-02 4.4089849840e+00 2.4382588187e+01
94 5.9812802863e-01 5.2501226465e-02 4.4249165811e+00 2.4543048730e+01
95 5.9822973114e-01 5.2113780134e-02 4.2959322144e+00 2.3134101031e+01
96 5.9815293393e-01 5.2168089385e-02 4.2908960226e+00 2.3093416548e+01
97 5.9812097584e-01 5.2240330133e-02 4.2892786065e+00 2.3064962000e+01
98 5.9827335044e-01 5.2830096720e-02 4.2452317180e+00 2.2647494985e+01
99 5.9818970459e-01 5.2816988663e-02 4.2371695200e+00 2.2614075180e+01
100 5.9827808312e-01 5.3762693356e-02 4.2860251348e+00 2.3231780085e+01
101 5.9838994150e-01 5.3740634047e-02 4.2008817210e+00 2.2390441615e+01
102 5.9836929102e-01 5.3757703521e-02 4.1976827150e+00 2.2368580349e+01
103 5.9824205617e-01 5.3725197233e-02 4.1817855715e+00 2.2214517357e+01
104 5.9857126617e-01 5.5139420448e-02 4.1951925461e+00 2.2371810516e+01
105 5.9815785022e-01 5.3847369920e-02 4.1753281857e+00 2.2246375547e+01
106 5.9777970384e-01 5.3446089965e-02 4.2108436530e+00 2.2715758512e+01
107 5.9828672799e-01 5.4182297243e-02 4.1219175365e+00 2.1769247685e+01
108 5.9791289164e-01 5.3138554376e-02 4.1328520481e+00 2.2009730747e+01
109 5.9810414212e-01 5.3504029903e-02 4.0857882999e+00 2.1519151642e+01
110 5.9834254596e-01 5.4010573588e-02 4.0332260892e+00 2.0967632591e+01
111 5.9852421778e-01 5.4485901104e-02 3.9772576943e+00 2.0438975184e+01
112 5.9818724859e-01 5.4161807197e-02 4.0167650019e+00 2.0849357405e+01
113 5.9816619856e-01 5.4191114488e-02 4.0143119555e+00 2.0831899205e+01
114 5.9833102682e-01 5.4704460486e-02 3.9631144197e+00 2.0312846834e+01
115 5.9884172858e-01 5.6397776563e-02 3.9349026557e+00 1.9998001513e+01
116 5.9883762701e-01 5.6400587947e-02 3.9345144850e+00 1.9995167274e+01
117 5.9904845056e-01 5.6702970856e-02 3.8968467739e+00 1.9632337263e+01
118 5.9905164045e-01 5.6704813988e-02 3.8961265875e+00 1.9629072973e+01
119 5.9946500181e-01 5.7601144085e-02 3.8063381194e+00 1.8763771984e+01
120 5.9940391235e-01 5.7620637452e-02 3.8053948216e+00 1.8754673001e+01
121 5.9925955321e-01 5.7586534247e-02 3.7976597249e+00 1.8743138899e+01
122 5.9888397387e-01 5.6262361718e-02 3.7650717494e+00 1.8413623855e+01
123 5.9907040521e-01 5.6761733980e-02 3.7230256263e+00 1.8000481249e+01
124 5.9922497108e-01 5.7015935035e-02 3.6871812817e+00 1.7689837010e+01
125 5.9956332485e-01 5.7736701705e-02 3.6148856966e+00 1.7030291791e+01
126 5.9953065552e-01 5.7707497548e-02 3.6158212745e+00 1.7048105072e+01
127 5.9939536628e-01 5.7881464659e-02 3.6877422362e+00 1.7711302100e+01
128 5.9964974309e-01 5.8363861117e-02 3.6530752104e+00 1.7350737320e+01
129 5.9959529849e-01 5.8432545853e-02 3.6501711160e+00 1.7319104962e+01
130 5.9979957415e-01 5.8813768153e-02 3.6142236469e+00 1.6984231670e+01
131 6.0004043016e-01 5.9306328831e-02 3.5742832706e+00 1.6607701277e+01
132 5.9999541800e-01 5.9329872611e-02 3.5718408155e+00 1.6592548185e+01
133 6.0020125238e-01 5.9660839128e-02 3.5388309217e+00 1.6292703651e+01
134 6.0005419567e-01 5.8936303123e-02 3.4681266807e+00 1.5661463513e+01
135 6.0032565874e-01 5.9411883679e-02 3.4365249709e+00 1.5362651021e+01
136 6.0027929183e-01 5.9442221725e-02 3.4320567938e+00 1.5344307243e+01
137 6.0027006771e-01 5.9458920379e-02 3.4293289219e+00 1.5329374164e+01
138 6.0045746720e-01 5.9947499123e-02 3.3989917533e+00 1.5041619950e+01
139 6.0088942041e-01 6.0940401359e-02 3.3420539135e+00 1.4503984306e+01
140 6.0067140612e-01 6.0631342967e-02 3.3695713534e+00 1.4738326577e+01
141 6.0083936407e-01 6.0967983394e-02 3.3384838686e+00 1.4483684575e+01
142 6.0072151275e-01 6.0910628011e-02 3.3362304138e+00 1.4488880777e+01
143 6.0095473792e-01 6.1324698005e-02 3.3068534503e+00 1.4232806045e+01
144 6.0124747077e-01 6.2190728266e-02 3.2475876894e+00 1.3732447848e+01
145 6.0096440090e-01 6.1751591074e-02 3.2738019768e+00 1.3969703243e+01
146 6.0100308328e-01 6.1782460580e-02 3.2773382889e+00 1.3983504362e+01
147 6.0124891152e-01 6.2237943780e-02 3.2489137273e+00 1.3734564689e+01
148 6.0123281677e-01 6.2269554082e-02 3.2467066367e+00 1.3721842327e+01
149 6.0161416263e-01 6.3421266777e-02 3.2679697304e+00 1.3935827800e+01
150 6.0159707046e-01 6.3432754599e-02 3.2666745416e+00 1.3929577454e+01
151 6.0139965085e-01 6.3410579844e-02 3.2621824252e+00 1.3923303557e+01
152 6.0138107792e-01 6.3421647397e-02 3.2610528900e+00 1.3917705409e+01
153 6.0151111936e-01 6.3840657238e-02 3.2247262690e+00 1.3654374289e+01
154 6.0170611690e-01 6.4245139557e-02 3.1968812665e+00 1.3424239992e+01
155 6.0169524419e-01 6.4251809002e-02 3.1962558615e+00 1.3420920443e+01
156 6.0201728996e-01 6.4632859121e-02 3.1670844191e+00 1.3188128368e+01
157 6.0184383281e-01 6.4331700082e-02 3.1924092698e+00 1.3393523764e+01
158 6.0182713197e-01 6.4297374018e-02 3.1925331414e+00 1.3401858977e+01
159 6.0190931868e-01 6.4284623886e-02 3.1917690779e+00 1.3401714073e+01
160 6.0193554620e-01 6.4393057514e-02 3.1874127850e+00 1.3372693607e+01
161 6.0169480537e-01 6.4065585467e-02 3.2113049901e+00 1.3578304605e+01
162 6.0184492389e-01 6.4854694769e-02 3.2608357613e+00 1.4072429070e+01
163 6.0171413535e-01 6.4838050181e-02 3.2571746635e+00 1.4077982757e+01
164 6.0166427841e-01 6.4801033493e-02 3.2594095457e+00 1.4095896305e+01
165 6.0199092980e-01 6.6163280929e-02 3.3203975873e+00 1.4574772626e+01
166 6.0215719163e-01 6.6460619549e-02 3.2846837178e+00 1.4276385238e+01
167 6.0237503972e-01 6.6790027179e-02 3.2587507372e+00 1.4059690791e+01
168 6.0296248666e-01 6.8120651802e-02 3.2369403404e+00 1.3875451556e+01
169 6.0334511825e-01 6.9000957323e-02 3.2408591255e+00 1.3905149632e+01
170 6.0353348938e-01 6.9348515639e-02 3.2121459392e+00 1.3683562108e+01
171 6.0353749614e-01 6.9334348692e-02 3.2114907015e+00 1.3678621518e+01
172 6.0312011158e-01 6.8244524840e-02 3.2020053747e+00 1.3604652560e+01
173 6.0308469997e-01 6.8257499476e-02 3.2014919828e+00 1.3601112207e+01
174 6.0297392936e-01 6.7579216212e-02 3.1643794089e+00 1.3311604990e+01
175 6.0343754223e-01 6.8398948669e-02 3.1131168966e+00 1.2880793206e+01
176 6.0324366527e-01 6.7815569440e-02 3.0964691814e+00 1.2785149606e+01
177 6.0335883519e-01 6.8536830861e-02 3.1362921918e+00 1.3128581589e+01
178 6.0329369320e-01 6.8570059280e-02 3.1339473327e+00 1.3115282305e+01
179 6.0303330742e-01 6.8224428876e-02 3.1582303207e+00 1.3319642816e+01
180 6.0280710437e-01 6.7399691131e-02 3.1183391739e+00 1.3020313574e+01
181 6.0276586526e-01 6.7469842579e-02 3.1255277413e+00 1.3101355979e+01
182 6.0293025804e-01 6.7924545596e-02 3.0934643479e+00 1.2857712343e+01
183 6.0291386892e-01 6.7938964732e-02 3.0918326583e+00 1.2850131064e+01
184 6.0307541809e-01 6.8327657300e-02 3.0599672123e+00 1.2632128066e+01
185 6.0312715951e-01 6.8635518886e-02 3.0250645133e+00 1.2426501487e+01
186 6.0331653880e-01 6.8906317140e-02 2.9970175921e+00 1.2206409758e+01
187 6.0292429280e-01 6.7960564990e-02 2.9895057260e+00 1.2161666480e+01
188 6.0310304210e-01 6.8354958604e-02 2.9641325055e+00 1.1965831929e+01
189 6.0336289054e-01 6.8769144393e-02 2.9413895101e+00 1.1781048540e+01
190 6.0314067868e-01 6.8183361306e-02 2.8968448290e+00 1.1455660852e+01
191 6.0311316044e-01 6.8112391643e-02 2.8989982947e+00 1.1479653946e+01
192 6.0305987096e-01 6.8128370250e-02 2.8990666128e+00 1.1478067393e+01
193 6.0318735292e-01 6.8850528963e-02 2.9426870195e+00 1.1862267228e+01
194 6.0311366246e-01 6.8879723956e-02 2.9415714226e+00 1.1855166052e+01
195 6.0335433784e-01 6.9380459171e-02 2.9220412830e+00 1.1682105375e+01
196 6.0302959746e-01 6.8965259825e-02 2.9422782168e+00 1.1854749138e+01
197 6.0331418162e-01 7.0015565130e-02 2.9455176214e+00 1.1920343891e+01
198 6.0356862277e-01 7.0270600233e-02 2.9234066785e+00 1.1757701878e+01
199 6.0331442274e-01 6.9650211949e-02 2.8832638795e+00 1.1408346691e+01
200 6.0273690952e-01 6.7979291007e-02 2.8108575049e+00 1.0818170884e+01
201 6.0267971746e-01 6.8019693081e-02 2.8101505056e+00 1.0813609403e+01
202 6.0264885653e-01 6.8040371270e-02 2.8097850925e+00 1.0813146259e+01
203 6.0265443057e-01 6.8002584237e-02 2.8084024587e+00 1.0812219614e+01
204 6.0269404883e-01 6.8738294179e-02 2.8579902462e+00 1.1239071075e+01
205 6.0266406580e-01 6.8473623767e-02 2.7883795937e+00 1.0653000405e+01
206 6.0264717326e-01 6.8502137616e-02 2.7843948692e+00 1.0639825215e+01
207 6.0241363935e-01 6.8148898378e-02 2.8031616210e+00 1.0786543539e+01
208 6.0238504938e-01 6.8102050979e-02 2.8040890545e+00 1.0797111440e+01
209 6.0258687096e-01 6.8777212559e-02 2.8432492321e+00 1.1130093995e+01
210 6.0281451349e-01 6.9090106716e-02 2.8195334617e+00 1.0969710182e+01
211 6.0247905970e-01 6.8698945061e-02 2.8393281753e+00 1.1128081660e+01
212 6.0243101688e-01 6.8733490998e-02 2.8365522635e+00 1.1114189752e+01
213 6.0261181702e-01 6.9137867207e-02 2.8108762775e+00 1.0938599805e+01
214 6.0241121601e-01 6.8486986323e-02 2.7570546363e+00 1.0491314877e+01
215 6.0236060463e-01 6.8501489971e-02 2.7571871427e+00 1.0490837101e+01
216 6.0243659002e-01 6.9178234832e-02 2.8033263623e+00 1.0886496426e+01
217 6.0243598397e-01 6.9194623722e-02 2.8009586229e+00 1.0876677981e+01
218 6.0261534558e-01 6.9529627797e-02 2.7804228441e+00 1.0724194183e+01
219 6.0269886455e-01 6.9860195509e-02 2.7571567297e+00 1.0579071645e+01
220 6.0290660496e-01 7.0241096958e-02 2.7344717884e+00 1.0421309836e+01
221 6.0299382217e-01 7.0922762393e-02 2.7741010297e+00 1.0771739722e+01
222 6.0311052410e-01 7.2228410376e-02 2.8327396539e+00 1.1246251891e+01
223 6.0314516420e-01 7.2900076428e-02 2.8526486121e+00 1.1396593155e+01
224 6.0335959161e-01 7.3246573537e-02 2.8291646922e+00 1.1229030999e+01
225 6.0373459487e-01 7.4213082189e-02 2.8403963358e+00 1.1317158629e+01
226 6.0395583565e-01 7.4627687379e-02 2.8165185807e+00 1.1137337903e+01
227 6.0370190865e-01 7.4173105558e-02 2.7887402505e+00 1.0943255021e+01
228 6.0365938513e-01 7.4201163190e-02 2.7884523828e+00 1.0943266615e+01
229 6.0360881178e-01 7.4261484815e-02 2.7866981930e+00 1.0929839777e+01
230 6.0348939184e-01 7.4268677051e-02 2.7719904597e+00 1.0844271469e+01
231 6.0354618158e-01 7.4225593850e-02 2.7692009225e+00 1.0837186642e+01
232 6.0318645988e-01 7.3425821195e-02 2.7569988679e+00 1.0752514318e+01
233 6.0322664717e-01 7.4246181011e-02 2.8344744090e+00 1.1329727434e+01
234 6.0280845367e-01 7.3384329468e-02 2.8205774295e+00 1.1209750555e+01
235 6.0275124058e-01 7.3463706538e-02 2.8188618211e+00 1.1195863551e+01
236 6.0270979017e-01 7.3496010070e-02 2.8160060228e+00 1.1183620715e+01
237 6.0264413308e-01 7.3525384172e-02 2.8152459570e+00 1.1179093825e+01
238 6.0288197756e-01 7.4790364768e-02 2.8654039499e+00 1.1524487092e+01
239 6.0274854906e-01 7.4992396702e-02 2.8796555747e+00 1.1653735140e+01
240 6.0243203980e-01 7.4543536149e-02 2.8521856296e+00 1.1505709275e+01
241 6.0208009734e-01 7.3867197019e-02 2.8098143488e+00 1.1212230073e+01
242 6.0206103773e-01 7.3879481435e-02 2.8088801485e+00 1.1208021266e+01
243 6.0213073360e-01 7.3858358794e-02 2.8091157431e+00 1.1209538549e+01
244 6.0211929696e-01 7.3824227290e-02 2.8089592931e+00 1.1214565343e+01
245 6.0208868484e-01 7.3793344990e-02 2.8086790322e+00 1.1217370296e+01
246 6.0162993425e-01 7.2861372600e-02 2.8009217527e+00 1.1175731158e+01
247 6.0159357601e-01 7.2881606966e-02 2.7993010712e+00 1.1170099130e+01
248 6.0162697821e-01 7.2949046468e-02 2.7967115518e+00 1.1146700535e+01
249 6.0178703249e-01 7.3283166308e-02 2.7769123224e+00 1.1004536256e+01
250 6.0189786666e-01 7.3926518193e-02 2.8083306700e+00 1.1220317313e+01
251 6.0162592528e-01 7.3531957825e-02 2.8214555351e+00 1.1314187248e+01
252 6.0159020851e-01 7.3516421149e-02 2.8218270811e+00 1.1320776083e+01
253 6.0153132989e-01 7.3549808364e-02 2.8195589462e+00 1.1309975696e+01
254 6.0192751806e-01 7.4551498394e-02 2.8206845976e+00 1.1290085853e+01
255 6.0183675602e-01 7.3947978291e-02 2.7880558870e+00 1.1048096900e+01
256 6.0174176003e-01 7.3920136374e-02 2.7903933994e+00 1.1061637486e+01
257 6.0155453678e-01 7.3256483405e-02 2.7571167655e+00 1.0821272447e+01
258 6.0155720468e-01 7.3317884517e-02 2.7573088747e+00 1.0816725541e+01
259 6.0154498998e-01 7.3320646402e-02 2.7574954473e+00 1.0816915674e+01
260 6.0202853942e-01 7.3908264861e-02 2.7194697661e+00 1.0539581742e+01
261 6.0188768176e-01 7.3292353994e-02 2.6838222127e+00 1.0288342615e+01
262 6.0180232017e-01 7.2819274213e-02 2.6535405555e+00 1.0059962077e+01
263 6.0205059667e-01 7.4099465581e-02 2.7117825603e+00 1.0482698936e+01
264 6.0259782904e-01 7.4802570835e-02 2.6759604544e+00 1.0210263411e+01
265 6.0253348989e-01 7.4862266663e-02 2.6719206158e+00 1.0198699833e+01
266 6.0289477288e-01 7.5622890986e-02 2.6393162334e+00 9.9365567076e+00
267 6.0303701231e-01 7.6304232635e-02 2.6767406935e+00 1.0226593592e+01
268 6.0318458615e-01 7.6482460815e-02 2.6482384245e+00 1.0008832709e+01
269 6.0333915412e-01 7.6816651661e-02 2.6324344867e+00 9.8879622330e+00
270 6.0292335426e-01 7.5825618266e-02 2.6192260827e+00 9.7836786282e+00
271 6.0290079724e-01 7.5835467102e-02 2.6188218162e+00 9.7821081244e+00
272 6.0294169186e-01 7.5876826446e-02 2.6173961692e+00 9.7740586202e+00
273 6.0282698905e-01 7.5993550259e-02 2.6060923081e+00 9.7344575426e+00
274 6.0299125061e-01 7.6178902441e-02 2.5881792058e+00 9.6371765516e+00
275 6.0313274016e-01 7.6486673382e-02 2.5714133710e+00 9.5246714397e+00
276 6.0368677013e-01 7.7398887789e-02 2.5470651417e+00 9.3377083605e+00
277 6.0349600545e-01 7.6908985914e-02 2.5265157987e+00 9.2219064156e+00
278 6.0305513048e-01 7.6014266304e-02 2.5130617715e+00 9.1300756116e+00
279 6.0306498478e-01 7.5926594438e-02 2.5068506386e+00 9.0822510130e+00
280 6.0300920414e-01 7.5942132179e-02 2.5072789829e+00 9.0823257898e+00
281 6.0260059008e-01 7.5173856706e-02 2.5028637151e+00 9.0662874275e+00
282 6.0256949319e-01 7.5242928417e-02 2.5018705642e+00 9.0600254299e+00
283 6.0250031830e-01 7.5697826862e-02 2.5639056927e+00 9.5420338212e+00
284 6.0246643755e-01 7.5662520352e-02 2.5644198547e+00 9.5488159417e+00
285 6.0248049472e-01 7.5766270603e-02 2.5615918094e+00 9.5333506057e+00
286 6.0286156408e-01 7.6171998641e-02 2.5021303037e+00 9.0658675134e+00
287 6.0282338301e-01 7.6180977914e-02 2.5009172443e+00 9.0622155256e+00
288 6.0257844542e-01 7.6259842174e-02 2.5495052818e+00 9.4568656762e+00
289 6.0255588040e-01 7.6263506257e-02 2.5499999479e+00 9.4580721038e+00
290 6.0281994560e-01 7.6714171506e-02 2.5343807316e+00 9.3390698494e+00
291 6.0271325938e-01 7.6757646158e-02 2.5350027445e+00 9.3371501255e+00
292 6.0326694296e-01 7.7755475417e-02 2.5116142101e+00 9.1563140444e+00
293 6.0339705115e-01 7.8366320506e-02 2.5345437350e+00 9.3194637609e+00
294 6.0311581350e-01 7.8043797391e-02 2.5508283483e+00 9.4353927225e+00
295 6.0323685972e-01 7.8161902437e-02 2.5358853588e+00 9.3539684350e+00
296 6.0282861963e-01 7.7495356853e-02 2.5384729550e+00 9.3837456103e+00
297 6.0273715952e-01 7.7531364775e-02 2.5377735797e+00 9.3788601433e+00
298 6.0231256066e-01 7.6714449428e-02 2.5300950050e+00 9.3313070189e+00
299 6.0260064821e-01 7.7852259931e-02 2.5711017146e+00 9.5909480315e+00
300 6.0257916822e-01 7.7785004579e-02 2.5685574230e+00 9.5729831255e+00
301 6.0265982107e-01 7.7861429614e-02 2.5674964611e+00 9.5605418408e+00
302 6.0287253566e-01 7.8039548366e-02 2.5543299608e+00 9.4749664134e+00
303 6.0311673949e-01 7.9224819596e-02 2.6036449993e+00 9.8058966779e+00
304 6.0274753896e-01 7.8213926196e-02 2.5850565976e+00 9.6716402233e+00
305 6.0268735651e-01 7.8087485346e-02 2.5789897395e+00 9.6348711872e+00
306 6.0242952250e-01 7.7696962581e-02 2.5951245342e+00 9.7598766998e+00
307 6.0245284276e-01 7.8615625022e-02 2.6512795034e+00 1.0125154431e+01
308 6.0263287861e-01 7.9039821994e-02 2.6277816245e+00 9.9667964256e+00
309 6.0261917702e-01 7.9042255334e-02 2.6279560381e+00 9.9675533103e+00
310 6.0225453953e-01 7.8255828945e-02 2.6221642994e+00 9.9300240410e+00
311 6.0239808923e-01 7.8519790333e-02 2.6041808605e+00 9.8124988096e+00
312 6.0250597468e-01 7.9100975379e-02 2.6398887903e+00 1.0082556775e+01
313 6.0235858091e-01 7.9421547232e-02 2.6726168112e+00 1.0276647422e+01
314 6.0231909083e-01 7.9440453493e-02 2.6596600363e+00 1.0165164577e+01
315 6.0272264161e-01 8.0153300639e-02 2.6585006654e+00 1.0140508909e+01
316 6.0254230108e-01 7.9667729902e-02 2.6289951423e+00 9.9745710240e+00
317 6.0249550335e-01 7.9692954881e-02 2.6349345854e+00 1.0038306094e+01
318 6.0202584086e-01 7.8975164291e-02 2.6680128549e+00 1.0304530137e+01
319 6.0254289129e-01 8.0448003093e-02 2.6690325858e+00 1.0326165183e+01
320 6.0265339105e-01 8.0709722280e-02 2.6547746203e+00 1.0223851345e+01
321 6.0187174773e-01 7.8910764988e-02 2.6485026562e+00 1.0220465965e+01
322 6.0164432634e-01 7.8453985135e-02 2.6314016031e+00 1.0148083056e+01
323 6.0189027757e-01 7.8719029285e-02 2.6144004859e+00 1.0028901401e+01
324 6.0185059693e-01 7.8734238389e-02 2.6155440994e+00 1.0035142731e+01
325 6.0206163926e-01 7.9079738945e-02 2.5993008304e+00 9.9095577232e+00
326 6.0166191719e-01 7.8237574098e-02 2.5994004708e+00 9.9347052101e+00
327 6.0154878679e-01 7.7529231389e-02 2.5523598870e+00 9.5633405960e+00
328 6.0164243991e-01 7.7555429832e-02 2.5523580200e+00 9.5650256599e+00
329 6.0150406248e-01 7.7038069817e-02 2.5389930790e+00 9.5110183374e+00
330 6.0163991868e-01 7.7368770216e-02 2.5207595401e+00 9.3891170526e+00
331 6.0170341227e-01 7.7937079399e-02 2.5563892940e+00 9.6520985342e+00
332 6.0150134220e-01 7.7356853083e-02 2.5142479183e+00 9.3342497937e+00
333 6.0163711352e-01 7.7837082921e-02 2.5020310998e+00 9.2242215953e+00
334 6.0188283770e-01 7.8221428494e-02 2.4864440543e+00 9.1102770773e+00
335 6.0174316796e-01 7.7608493492e-02 2.4585458544e+00 8.9368679788e+00
336 6.0129864873e-01 7.6523435547e-02 2.4317988757e+00 8.7475221544e+00
337 6.0143704825e-01 7.7116433052e-02 2.4615228329e+00 8.9582900904e+00
338 6.0182357617e-01 7.7897075373e-02 2.4721728339e+00 9.0394575991e+00
339 6.0172540638e-01 7.7950252731e-02 2.4691813039e+00 9.0292977179e+00
340 6.0186610252e-01 7.8557847851e-02 2.4946154385e+00 9.2247877412e+00
341 6.0195883583e-01 7.8581915230e-02 2.4937291567e+00 9.2199645511e+00
342 6.0191190453e-01 7.8536926708e-02 2.4927735308e+00 9.2212811574e+00
343 6.0188594534e-01 7.8357081338e-02 2.4815106798e+00 9.1281288885e+00
344 6.0188234911e-01 7.8415861871e-02 2.4558185849e+00 8.9690206854e+00
345 6.0182733498e-01 7.8416758611e-02 2.4551462633e+00 8.9705421860e+00
346 6.0195430102e-01 7.8800087419e-02 2.4413073689e+00 8.8723446372e+00
347 6.0191565164e-01 7.8826524755e-02 2.4393922772e+00 8.8667346877e+00
348 6.0226999375e-01 7.9594997212e-02 2.4270748407e+00 8.7514022423e+00
349 6.0224956833e-01 7.9716088162e-02 2.4219149413e+00 8.7309395949e+00
350 6.0213264501e-01 7.9859640267e-02 2.4442091302e+00 8.8512462105e+00
351 6.0231713037e-01 8.0209859097e-02 2.4261059061e+00 8.7371093916e+00
352 6.0209935790e-01 7.9422141757e-02 2.4089144224e+00 8.6203601813e+00
353 6.0233177570e-01 7.9524235867e-02 2.3901800246e+00 8.5080388787e+00
354 6.0231007604e-01 7.9511589497e-02 2.3885600596e+00 8.5057105265e+00
355 6.0265787454e-01 8.0575192278e-02 2.4113277746e+00 8.7088473892e+00
356 6.0280044980e-01 8.0881222564e-02 2.3959905796e+00 8.6080686916e+00
357 6.0278734559e-01 8.0893419115e-02 2.3952165205e+00 8.6045877722e+00
358 6.0291269915e-01 8.1464261284e-02 2.4182389216e+00 8.7478443384e+00
359 6.0280031560e-01 8.1527588120e-02 2.4155099388e+00 8.7350586876e+00
360 6.0260081805e-01 8.1175722362e-02 2.4301640708e+00 8.8400163808e+00
361 6.0283586645e-01 8.1489207301e-02 2.4134680364e+00 8.7352040208e+00
362 6.0244320272e-01 8.0675489133e-02 2.4103093582e+00 8.7389413432e+00
363 6.0243669893e-01 8.0622257154e-02 2.4104804810e+00 8.7491280664e+00
364 6.0225739727e-01 8.0027676446e-02 2.3849784744e+00 8.5918185265e+00
365 6.0244271185e-01 8.0543759979e-02 2.3979478579e+00 8.6601355922e+00
