1 5.9282947138e-01 1.1102230246e-16 1.0000000000e+00 1.0000000000e+00
2 5.9316681295e-01 1.0653374256e-02 2.0665596554e+01 4.5475578119e+02
3 5.9319536448e-01 1.0753207602e-02 2.0098182203e+01 4.3796680257e+02
4 5.9339919635e-01 1.3119071393e-02 1.6539110130e+01 2.9555606786e+02
5 5.9325351502e-01 1.3304663362e-02 1.5815007455e+01 2.8032608218e+02
6 5.9373605716e-01 1.7089755111e-02 1.2837871232e+01 1.7798961584e+02
7 5.9386347655e-01 1.9678944111e-02 1.4228217640e+01 2.2784699435e+02
8 5.9383328774e-01 1.9721828255e-02 1.4136376112e+01 2.2596349152e+02
9 5.9379683186e-01 1.9785013386e-02 1.4003903672e+01 2.2320162777e+02
10 5.9418118522e-01 2.2411586734e-02 1.1615586860e+01 1.5598080951e+02
11 5.9437508825e-01 2.3609208357e-02 1.0852631456e+01 1.3555731342e+02
12 5.9429864218e-01 2.3692466242e-02 1.0739929917e+01 1.3382511078e+02
13 5.9452635260e-01 2.4822178836e-02 1.0121928683e+01 1.1826247544e+02
14 5.9446419084e-01 2.4894111190e-02 1.0039541696e+01 1.1700696281e+02
15 5.9439947123e-01 2.4965701912e-02 9.9525917430e+00 1.1579175753e+02
16 5.9454441539e-01 2.6815067371e-02 1.0313845998e+01 1.2338713858e+02
17 5.9453150592e-01 2.6834437001e-02 1.0292020113e+01 1.2305198152e+02
18 5.9477690698e-01 2.7876409961e-02 9.7187063558e+00 1.1006186712e+02
19 5.9469632294e-01 2.7951005247e-02 9.6424832235e+00 1.0901476598e+02
20 5.9526089042e-01 3.1406762549e-02 8.9620925781e+00 9.3004348703e+01
21 5.9564035173e-01 3.3142714396e-02 8.2570863054e+00 7.9306962245e+01
22 5.9603874780e-01 3.5316007237e-02 8.0631470316e+00 7.4983207531e+01
23 5.9591115908e-01 3.5409127419e-02 8.0034697901e+00 7.4322763597e+01
24 5.9593564713e-01 3.5409948394e-02 8.0011320044e+00 7.4293202332e+01
25 5.9588813951e-01 3.5443416901e-02 7.9808097020e+00 7.4057445444e+01
26 5.9584818948e-01 3.5480812833e-02 7.9568624364e+00 7.3783924276e+01
27 5.9586416157e-01 3.5483049324e-02 7.9540020463e+00 7.3751009471e+01
28 5.9591970427e-01 3.5537929087e-02 7.9170999809e+00 7.3254485536e+01
29 5.9530706586e-01 3.2034576848e-02 7.8212699325e+00 7.3472508348e+01
30 5.9610792995e-01 3.5835345271e-02 7.2674304700e+00 6.2790411757e+01
31 5.9645227993e-01 3.7327849213e-02 6.8644829310e+00 5.5948396296e+01
32 5.9665314263e-01 3.8055033824e-02 6.6806312405e+00 5.2970187125e+01
33 5.9687954661e-01 3.8585916385e-02 6.5335381788e+00 5.0705353843e+01
34 5.9703219420e-01 3.9225222220e-02 6.3693604070e+00 4.8267812690e+01
35 5.9728390763e-01 3.9991077124e-02 6.2112775788e+00 4.5849239044e+01
36 5.9737704705e-01 4.0749004792e-02 6.0345638704e+00 4.3471538616e+01
37 5.9708513937e-01 4.0203613316e-02 6.1092407056e+00 4.5047684206e+01
38 5.9726229018e-01 4.0893884467e-02 5.9644137606e+00 4.2959077892e+01
39 5.9715687221e-01 4.0944678808e-02 5.9473801400e+00 4.2810529776e+01
40 5.9700832771e-01 4.1032369661e-02 5.9154785190e+00 4.2536864592e+01
41 5.9785370077e-01 4.4049671445e-02 5.6590066616e+00 3.8773059856e+01
42 5.9785370077e-01 4.4049671445e-02 5.6590066616e+00 3.8773059856e+01
43 5.9825277714e-01 4.5118313527e-02 5.4543215663e+00 3.6076428379e+01
44 5.9842317003e-01 4.5705966581e-02 5.3583494263e+00 3.4790331682e+01
45 5.9869714553e-01 4.6240068665e-02 5.2686553738e+00 3.3622492824e+01
46 5.9917488797e-01 4.7341800631e-02 5.0997935027e+00 3.1451454758e+01
47 5.9890683072e-01 4.6617348238e-02 4.9766147530e+00 3.0078325490e+01
48 5.9862327765e-01 4.6106472332e-02 5.0414866967e+00 3.0973864531e+01
49 5.9861196319e-01 4.6110435781e-02 5.0408545424e+00 3.0968188086e+01
50 5.9862383468e-01 4.5964962529e-02 5.0440379672e+00 3.1065718960e+01
51 5.9853141011e-01 4.6063191944e-02 5.0117482484e+00 3.0851239855e+01
52 5.9841600481e-01 4.6160089996e-02 4.9815270870e+00 3.0652325777e+01
53 5.9831174263e-01 4.6075004238e-02 4.9867521704e+00 3.0769626549e+01
54 5.9824762845e-01 4.6103718353e-02 4.9808600662e+00 3.0721246648e+01
55 5.9838267267e-01 4.7035991697e-02 5.0182615024e+00 3.1067837499e+01
56 5.9832186912e-01 4.7075701438e-02 5.0080905480e+00 3.0990150232e+01
57 5.9849021614e-01 4.7654498143e-02 4.9244161895e+00 2.9962332308e+01
58 5.9854031267e-01 4.7650762715e-02 4.9233958914e+00 2.9949452941e+01
59 5.9895813348e-01 4.8672880310e-02 4.7809702579e+00 2.8199316560e+01
60 5.9850383456e-01 4.7228600297e-02 4.7400720156e+00 2.7819429926e+01
61 5.9848910196e-01 4.7244046365e-02 4.7366164820e+00 2.7788254750e+01
62 5.9834247629e-01 4.7250263697e-02 4.7207365081e+00 2.7704673247e+01
63 5.9858018691e-01 4.7819622166e-02 4.6461059475e+00 2.6828045215e+01
64 5.9859055980e-01 4.7819788184e-02 4.6453935132e+00 2.6823645712e+01
65 5.9853470265e-01 4.7775297565e-02 4.6451549101e+00 2.6846956672e+01
66 5.9864385536e-01 4.8753179393e-02 4.7367186120e+00 2.7936413547e+01
67 5.9874897972e-01 4.9743348886e-02 4.7791718269e+00 2.8374430683e+01
68 5.9868261617e-01 4.9584946819e-02 4.7282018777e+00 2.7816619916e+01
69 5.9861368117e-01 4.9554948522e-02 4.6989844458e+00 2.7523712235e+01
70 5.9854281925e-01 4.9587873223e-02 4.6842191895e+00 2.7448522278e+01
71 5.9850888558e-01 4.9627281739e-02 4.6734918324e+00 2.7375879548e+01
72 5.9899124236e-01 5.0733290593e-02 4.5225700160e+00 2.5703294603e+01
73 5.9912933957e-01 5.1272705956e-02 4.4589389533e+00 2.4973430817e+01
74 5.9916683829e-01 5.1440081322e-02 4.4729904701e+00 2.5141511150e+01
75 5.9944492310e-01 5.1922387296e-02 4.3992403771e+00 2.4384430227e+01
76 5.9934525869e-01 5.1985705177e-02 4.3874882674e+00 2.4300960998e+01
77 5.9954554705e-01 5.2561271996e-02 4.3261392484e+00 2.3615699131e+01
78 5.9958819248e-01 5.2273514821e-02 4.1883139456e+00 2.2148979149e+01
79 5.9958621953e-01 5.2285723907e-02 4.1850549788e+00 2.2129418424e+01
80 5.9956184852e-01 5.2294247436e-02 4.1843087430e+00 2.2122813261e+01
81 5.9949992325e-01 5.2291774251e-02 4.1744331952e+00 2.2077712692e+01
82 5.9942470660e-01 5.2329047044e-02 4.1686465256e+00 2.2040031726e+01
83 5.9968906567e-01 5.2945939606e-02 4.1206510686e+00 2.1482503294e+01
84 5.9982019725e-01 5.3840579970e-02 4.1852720035e+00 2.2192020244e+01
85 5.9978493565e-01 5.3868319538e-02 4.1797250791e+00 2.2158333628e+01
86 5.9981712454e-01 5.3880179562e-02 4.1750297588e+00 2.2128974112e+01
87 5.9986203714e-01 5.3882414629e-02 4.1714539118e+00 2.2112422573e+01
88 6.0031526509e-01 5.4785723095e-02 4.0719641532e+00 2.1073760872e+01
89 6.0095915061e-01 5.6211112489e-02 3.9405715135e+00 1.9672194288e+01
90 6.0095054616e-01 5.6249352379e-02 3.9320418233e+00 1.9622331884e+01
91 6.0093859632e-01 5.6275905513e-02 3.9261317030e+00 1.9589934198e+01
92 6.0112487701e-01 5.6725603912e-02 3.8739922797e+00 1.9122541239e+01
93 6.0110525858e-01 5.6761666858e-02 3.8673117716e+00 1.9079601162e+01
94 6.0091085188e-01 5.6357512096e-02 3.9177622235e+00 1.9645919641e+01
95 6.0092028532e-01 5.6377638948e-02 3.9125689035e+00 1.9615903220e+01
96 6.0089877266e-01 5.6393501717e-02 3.9099248082e+00 1.9600208793e+01
97 6.0087636048e-01 5.6457434917e-02 3.9076465702e+00 1.9580831747e+01
98 6.0069191863e-01 5.6610569402e-02 3.8937093499e+00 1.9486533073e+01
99 6.0093492907e-01 5.7036180028e-02 3.8451409183e+00 1.9038803242e+01
100 6.0099723734e-01 5.7100309534e-02 3.8393516289e+00 1.8997169832e+01
101 6.0082927903e-01 5.7219999496e-02 3.8191575027e+00 1.8889475231e+01
102 6.0091779719e-01 5.7221689074e-02 3.8117575086e+00 1.8847645086e+01
103 6.0089552472e-01 5.7239424650e-02 3.8086219581e+00 1.8831194794e+01
104 6.0073804363e-01 5.7033670689e-02 3.6879545466e+00 1.7733263246e+01
105 6.0019014008e-01 5.5853110553e-02 3.6438920444e+00 1.7331291050e+01
106 6.0021865256e-01 5.5795695629e-02 3.6343182156e+00 1.7306558409e+01
107 6.0014883665e-01 5.5832083124e-02 3.6297683348e+00 1.7280734393e+01
108 6.0044900636e-01 5.7563875561e-02 3.7929564666e+00 1.9010069833e+01
109 6.0066087354e-01 5.8118872449e-02 3.7413135466e+00 1.8523531575e+01
110 6.0100683545e-01 5.9433192581e-02 3.7417681341e+00 1.8518322838e+01
111 6.0116307090e-01 5.9863052278e-02 3.6988173789e+00 1.8121781197e+01
112 6.0118722013e-01 5.9864306304e-02 3.6972420369e+00 1.8114259647e+01
113 6.0129489600e-01 6.0240594872e-02 3.6558681239e+00 1.7756500393e+01
114 6.0104353928e-01 5.9661901234e-02 3.6204880289e+00 1.7524020905e+01
115 6.0096634474e-01 5.9706081548e-02 3.6147824797e+00 1.7492586618e+01
116 6.0052881510e-01 5.8249471237e-02 3.5438052579e+00 1.6778802969e+01
117 6.0056252704e-01 5.8262004318e-02 3.5399651698e+00 1.6756366822e+01
118 6.0077213833e-01 5.8691135252e-02 3.5049960436e+00 1.6420584564e+01
119 6.0090336602e-01 5.9185694190e-02 3.4634361690e+00 1.6059943538e+01
120 6.0087423415e-01 5.9217795665e-02 3.4578807693e+00 1.6034311500e+01
121 6.0101082289e-01 5.9616398709e-02 3.4196143709e+00 1.5721748787e+01
122 6.0102138425e-01 5.9703042520e-02 3.4193002703e+00 1.5759672393e+01
123 6.0067480743e-01 5.8711288132e-02 3.4083275450e+00 1.5711969536e+01
124 6.0064034123e-01 5.8765801167e-02 3.4101972693e+00 1.5713687440e+01
125 6.0083860878e-01 5.9234727975e-02 3.3777461069e+00 1.5404055453e+01
126 6.0103494473e-01 5.9668473657e-02 3.3484177385e+00 1.5118819458e+01
127 6.0100847342e-01 5.9685417630e-02 3.3462074469e+00 1.5108443468e+01
128 6.0077772636e-01 5.8976806728e-02 3.2742942196e+00 1.4444559152e+01
129 6.0098995985e-01 5.9333045993e-02 3.2426057062e+00 1.4184363873e+01
130 6.0133317545e-01 6.0600112304e-02 3.2904817663e+00 1.4670276572e+01
131 6.0177503272e-01 6.1686230568e-02 3.2323359688e+00 1.4139825021e+01
132 6.0179809668e-01 6.1688213980e-02 3.2304545635e+00 1.4133857790e+01
133 6.0175249061e-01 6.1631876931e-02 3.2337282722e+00 1.4158852262e+01
134 6.0195120895e-01 6.2046368147e-02 3.2066697304e+00 1.3912945538e+01
135 6.0157805161e-01 6.0806858116e-02 3.1594538903e+00 1.3456075291e+01
136 6.0182341110e-01 6.1229693414e-02 3.1315008384e+00 1.3217594243e+01
137 6.0153434451e-01 6.0744263699e-02 3.1521043383e+00 1.3440392212e+01
138 6.0145288195e-01 6.0781180643e-02 3.1494170313e+00 1.3425592733e+01
139 6.0138371803e-01 6.0842365673e-02 3.1410359826e+00 1.3388878730e+01
140 6.0179112813e-01 6.1865943785e-02 3.0944208575e+00 1.2966248321e+01
141 6.0170458566e-01 6.1903783578e-02 3.0935726982e+00 1.2968014933e+01
142 6.0168863595e-01 6.1838702100e-02 3.0975301130e+00 1.2993936981e+01
143 6.0186767239e-01 6.2554473613e-02 3.1391611863e+00 1.3414908739e+01
144 6.0187199660e-01 6.2551678480e-02 3.1393512523e+00 1.3416428301e+01
145 6.0191170821e-01 6.2581952484e-02 3.1432531014e+00 1.3426350307e+01
146 6.0184515675e-01 6.2623613739e-02 3.1388902298e+00 1.3405342349e+01
147 6.0185472960e-01 6.2578901302e-02 3.1377867024e+00 1.3407675796e+01
148 6.0188351917e-01 6.2636029474e-02 3.1362634308e+00 1.3395650396e+01
149 6.0207391415e-01 6.3022871885e-02 3.1105069161e+00 1.3175301219e+01
150 6.0198142399e-01 6.3007805365e-02 3.1087503447e+00 1.3174906366e+01
151 6.0157593299e-01 6.1925525307e-02 3.0840892126e+00 1.2952112325e+01
152 6.0117203192e-01 6.0768048707e-02 3.0448196148e+00 1.2566384797e+01
153 6.0139685228e-01 6.1121239068e-02 3.0139507896e+00 1.2334890997e+01
154 6.0130314188e-01 6.1151951999e-02 3.0131138137e+00 1.2329317412e+01
155 6.0144981170e-01 6.1820581935e-02 3.0726575983e+00 1.2919271431e+01
156 6.0126770223e-01 6.1900019538e-02 3.0703232213e+00 1.2910780855e+01
157 6.0128746827e-01 6.1900730201e-02 3.0694006033e+00 1.2906229320e+01
158 6.0171018197e-01 6.2677509294e-02 3.0164777139e+00 1.2481746489e+01
159 6.0188811509e-01 6.3187776499e-02 2.9954865062e+00 1.2285684398e+01
160 6.0188387755e-01 6.3187664380e-02 2.9956508666e+00 1.2286541749e+01
161 6.0191292291e-01 6.3236231116e-02 2.9857075459e+00 1.2246226262e+01
162 6.0224592082e-01 6.4386907978e-02 3.0020072097e+00 1.2363262997e+01
163 6.0272175093e-01 6.5204231185e-02 2.9587073368e+00 1.1997207204e+01
164 6.0255765731e-01 6.4847618851e-02 2.9724677848e+00 1.2146231642e+01
165 6.0255139299e-01 6.4924152181e-02 2.9697425188e+00 1.2126085072e+01
166 6.0324663932e-01 6.5998227958e-02 2.9043312858e+00 1.1597301634e+01
167 6.0317248051e-01 6.5945546608e-02 2.9040695980e+00 1.1608054781e+01
168 6.0336357237e-01 6.6340910534e-02 2.8807844224e+00 1.1428265302e+01
169 6.0331157783e-01 6.6281105309e-02 2.8791648784e+00 1.1430703876e+01
170 6.0329687130e-01 6.6290867040e-02 2.8784154028e+00 1.1426608031e+01
171 6.0363696345e-01 6.7357599417e-02 2.8831148233e+00 1.1460367288e+01
172 6.0379950401e-01 6.8051244792e-02 2.9333228318e+00 1.1888682635e+01
173 6.0373579569e-01 6.8089018648e-02 2.9302786660e+00 1.1874121286e+01
174 6.0383225922e-01 6.8514242903e-02 2.9037434036e+00 1.1686456001e+01
175 6.0399047443e-01 6.8958125023e-02 2.8795407739e+00 1.1501033907e+01
176 6.0394866639e-01 6.8999992910e-02 2.8745984986e+00 1.1482000902e+01
177 6.0420709274e-01 6.9345402615e-02 2.8536496486e+00 1.1316670699e+01
178 6.0440588435e-01 7.0058077304e-02 2.9002367883e+00 1.1718297170e+01
179 6.0443442808e-01 7.0021060118e-02 2.8999718328e+00 1.1724728166e+01
180 6.0369509302e-01 6.8210061121e-02 2.8776834040e+00 1.1608592221e+01
181 6.0367528847e-01 6.8131638526e-02 2.8754271322e+00 1.1605896499e+01
182 6.0364866060e-01 6.8180865510e-02 2.8745667481e+00 1.1594505550e+01
183 6.0401421882e-01 6.9187641168e-02 2.8676691706e+00 1.1532531353e+01
184 6.0407478784e-01 6.9862435520e-02 2.8930830910e+00 1.1718104144e+01
185 6.0395050765e-01 6.9948856815e-02 2.8860457068e+00 1.1682423639e+01
186 6.0412548517e-01 7.0343711204e-02 2.8600519380e+00 1.1494904836e+01
187 6.0427783220e-01 7.1129511993e-02 2.8908098085e+00 1.1709624757e+01
188 6.0420689363e-01 7.1192189635e-02 2.8879624407e+00 1.1692949289e+01
189 6.0420571972e-01 7.1165923915e-02 2.8869753934e+00 1.1694603268e+01
190 6.0446241038e-01 7.2199479845e-02 2.8930789833e+00 1.1728378855e+01
191 6.0462701124e-01 7.2807927154e-02 2.9092404591e+00 1.1834944695e+01
192 6.0426458568e-01 7.2411465653e-02 2.9269012530e+00 1.2002295969e+01
193 6.0425480548e-01 7.2496596600e-02 2.9205070246e+00 1.1971043185e+01
194 6.0416992423e-01 7.2518948418e-02 2.9194041075e+00 1.1963521441e+01
195 6.0425271480e-01 7.3222210189e-02 2.9570343562e+00 1.2277405478e+01
196 6.0316336218e-01 7.0702243306e-02 2.9445680046e+00 1.2226708058e+01
197 6.0316959665e-01 7.0433609891e-02 2.8814891432e+00 1.1789351821e+01
198 6.0342640527e-01 7.0753021192e-02 2.8600204280e+00 1.1622245371e+01
199 6.0356918498e-01 7.1301775412e-02 2.8754631688e+00 1.1696424080e+01
200 6.0349675435e-01 7.1324044096e-02 2.8755117664e+00 1.1693654253e+01
201 6.0347101736e-01 7.1333193109e-02 2.8752484028e+00 1.1691949473e+01
202 6.0339357604e-01 7.1316674336e-02 2.8728201187e+00 1.1681987851e+01
203 6.0343683139e-01 7.1046586967e-02 2.8172958675e+00 1.1268313696e+01
204 6.0337354233e-01 7.1189574564e-02 2.8292876469e+00 1.1428477087e+01
205 6.0356006717e-01 7.1581819740e-02 2.8037354495e+00 1.1245484151e+01
206 6.0379294623e-01 7.1894976354e-02 2.7782455899e+00 1.1039228025e+01
207 6.0386999356e-01 7.3037800205e-02 2.8698442847e+00 1.1716938613e+01
208 6.0385267674e-01 7.3092523448e-02 2.8672005608e+00 1.1711179322e+01
209 6.0357722036e-01 7.2662438924e-02 2.8701326525e+00 1.1712067808e+01
210 6.0383293344e-01 7.3075387836e-02 2.8487944306e+00 1.1533416165e+01
211 6.0408750644e-01 7.3429458014e-02 2.8246019592e+00 1.1357578151e+01
212 6.0449218145e-01 7.4248931024e-02 2.8171753395e+00 1.1256938105e+01
213 6.0461343430e-01 7.4943346763e-02 2.8444082855e+00 1.1461263634e+01
214 6.0445513225e-01 7.4426124523e-02 2.8112501090e+00 1.1223633465e+01
215 6.0468238477e-01 7.4885920903e-02 2.7919402109e+00 1.1061526305e+01
216 6.0423736142e-01 7.3745784422e-02 2.7782195618e+00 1.0966186266e+01
217 6.0461844878e-01 7.4474709137e-02 2.7332769719e+00 1.0644834393e+01
218 6.0456954067e-01 7.4518700350e-02 2.7285271197e+00 1.0629279839e+01
219 6.0472977407e-01 7.4881124081e-02 2.7123289821e+00 1.0521069116e+01
220 6.0433802798e-01 7.4020983005e-02 2.6953942077e+00 1.0435713386e+01
221 6.0433823121e-01 7.4039248321e-02 2.6932748627e+00 1.0425543809e+01
222 6.0436033764e-01 7.4027908724e-02 2.6939753679e+00 1.0428309021e+01
223 6.0438517216e-01 7.4069059258e-02 2.6929748515e+00 1.0418693665e+01
224 6.0405758923e-01 7.3602337771e-02 2.6620479020e+00 1.0239172140e+01
225 6.0398992456e-01 7.3470579058e-02 2.6451562271e+00 1.0092862054e+01
226 6.0423897105e-01 7.4841411213e-02 2.7307247197e+00 1.0789026649e+01
227 6.0420457860e-01 7.4858228774e-02 2.7308414380e+00 1.0788614199e+01
228 6.0443020852e-01 7.5271487134e-02 2.7057316631e+00 1.0617945197e+01
229 6.0453064381e-01 7.5068356998e-02 2.6631156913e+00 1.0323483936e+01
230 6.0448053524e-01 7.5116942366e-02 2.6589932184e+00 1.0304703023e+01
231 6.0429277368e-01 7.4526184506e-02 2.6474394376e+00 1.0240392217e+01
232 6.0438176013e-01 7.5013131569e-02 2.6187742559e+00 1.0066905656e+01
233 6.0433005581e-01 7.5047372787e-02 2.6192695335e+00 1.0064838364e+01
234 6.0453023558e-01 7.5411346910e-02 2.5997353227e+00 9.9255062241e+00
235 6.0458275453e-01 7.5460073001e-02 2.5767954837e+00 9.7990613387e+00
236 6.0456139212e-01 7.5524198765e-02 2.5757876415e+00 9.7913095794e+00
237 6.0477945430e-01 7.5888617243e-02 2.5530864644e+00 9.6499882888e+00
238 6.0482965595e-01 7.5810914011e-02 2.5521649732e+00 9.6583317407e+00
239 6.0473422924e-01 7.5867162566e-02 2.5487514617e+00 9.6441056782e+00
240 6.0474244167e-01 7.5909270899e-02 2.5493199228e+00 9.6431379670e+00
241 6.0522737027e-01 7.6673736590e-02 2.5175956356e+00 9.3990587625e+00
242 6.0537986085e-01 7.7874797873e-02 2.5650764824e+00 9.7063805985e+00
243 6.0580491413e-01 7.8826375604e-02 2.5808407684e+00 9.8470019080e+00
244 6.0580787830e-01 7.8782687051e-02 2.5809075587e+00 9.8535710216e+00
245 6.0578315856e-01 7.8789245197e-02 2.5804434564e+00 9.8499913771e+00
246 6.0597439375e-01 7.8976294443e-02 2.5602203992e+00 9.7175957177e+00
247 6.0554185075e-01 7.8299262388e-02 2.5699002882e+00 9.8113046571e+00
248 6.0552427013e-01 7.8239565211e-02 2.5699994730e+00 9.8179299320e+00
249 6.0575732830e-01 7.8641997463e-02 2.5518503837e+00 9.6838867824e+00
250 6.0559170549e-01 7.7862844857e-02 2.4982433081e+00 9.2610849200e+00
251 6.0559849120e-01 7.7821592402e-02 2.4974506621e+00 9.2608150989e+00
252 6.0621295538e-01 7.9038718007e-02 2.4836161738e+00 9.1324770349e+00
253 6.0664111182e-01 7.9633450338e-02 2.4499906766e+00 8.9144821682e+00
254 6.0625234532e-01 7.8947110151e-02 2.4441991966e+00 8.9061903705e+00
255 6.0627786250e-01 7.9117362769e-02 2.4398073366e+00 8.8910714677e+00
256 6.0607245483e-01 7.9178161289e-02 2.4768045954e+00 9.1670609812e+00
257 6.0617113658e-01 7.9382459338e-02 2.4611750308e+00 9.0739408978e+00
258 6.0635230636e-01 7.9578176368e-02 2.4447460010e+00 8.9804025497e+00
259 6.0632126441e-01 7.9592844031e-02 2.4443479093e+00 8.9778174541e+00
260 6.0616153341e-01 7.8952614422e-02 2.4087335863e+00 8.7126074200e+00
261 6.0617602066e-01 7.9618588557e-02 2.4339407625e+00 8.8854107953e+00
262 6.0630466664e-01 8.0150383842e-02 2.4448915221e+00 8.9386921016e+00
263 6.0645953450e-01 8.0726828942e-02 2.4648784132e+00 9.0651168566e+00
264 6.0646611354e-01 8.0774747566e-02 2.4595956853e+00 9.0438182425e+00
265 6.0665360985e-01 8.1080294583e-02 2.4404667366e+00 8.9285099549e+00
266 6.0711070863e-01 8.2221714436e-02 2.4599034850e+00 9.0649086756e+00
267 6.0731123902e-01 8.2394870539e-02 2.4459872530e+00 8.9839264084e+00
268 6.0762050816e-01 8.3656555929e-02 2.5031745950e+00 9.3867356508e+00
269 6.0753138437e-01 8.3850521534e-02 2.5267874975e+00 9.5143957968e+00
270 6.0775571081e-01 8.4077217263e-02 2.5095332930e+00 9.4125206217e+00
271 6.0791798314e-01 8.4598249318e-02 2.5300193911e+00 9.5471945775e+00
272 6.0757925175e-01 8.3946061241e-02 2.5322263043e+00 9.6123088244e+00
273 6.0781620742e-01 8.4104310796e-02 2.5168657591e+00 9.5281183746e+00
274 6.0776772082e-01 8.4114377383e-02 2.5173652059e+00 9.5297496813e+00
275 6.0770833791e-01 8.4192482963e-02 2.5168741082e+00 9.5236110112e+00
276 6.0737999227e-01 8.3981004751e-02 2.5275284237e+00 9.6181296998e+00
277 6.0692264259e-01 8.2952518389e-02 2.5019056438e+00 9.4299477908e+00
278 6.0690821309e-01 8.2989400549e-02 2.5019614613e+00 9.4245173764e+00
279 6.0733390860e-01 8.3383399408e-02 2.4734732999e+00 9.2502710013e+00
280 6.0756381208e-01 8.3700694879e-02 2.4585262546e+00 9.1423375218e+00
281 6.0753238106e-01 8.3646617503e-02 2.4597288772e+00 9.1550798278e+00
282 6.0765740526e-01 8.4355561548e-02 2.4857918026e+00 9.3147914925e+00
283 6.0767427941e-01 8.4361499317e-02 2.4848806833e+00 9.3102924049e+00
284 6.0765520079e-01 8.4402490930e-02 2.4815459689e+00 9.2950314078e+00
285 6.0760102463e-01 8.4420336404e-02 2.4794652951e+00 9.2907070562e+00
286 6.0751689923e-01 8.4475431705e-02 2.4763764916e+00 9.2775854267e+00
287 6.0750316738e-01 8.4258175555e-02 2.4778261337e+00 9.3084870974e+00
288 6.0755151014e-01 8.4287750947e-02 2.4781335200e+00 9.3054776400e+00
289 6.0770646786e-01 8.4874222379e-02 2.4860163460e+00 9.3137757774e+00
290 6.0762063128e-01 8.5143580230e-02 2.5139468561e+00 9.4814460492e+00
291 6.0694165370e-01 8.3869851346e-02 2.5179705052e+00 9.5222998694e+00
292 6.0698546810e-01 8.3701535900e-02 2.4859755876e+00 9.3531573844e+00
293 6.0647200103e-01 8.2388871305e-02 2.4752904247e+00 9.3406090520e+00
294 6.0631539896e-01 8.1873139390e-02 2.4560946545e+00 9.2306764831e+00
295 6.0626877043e-01 8.1961224875e-02 2.4515237712e+00 9.2138875972e+00
296 6.0623566077e-01 8.1766134362e-02 2.4487624037e+00 9.2280314994e+00
297 6.0667755842e-01 8.2223156447e-02 2.4206624741e+00 9.0577101289e+00
298 6.0624022946e-01 8.1249860664e-02 2.4072678191e+00 8.9855474161e+00
299 6.0651244816e-01 8.2187290499e-02 2.4045586739e+00 8.9378991184e+00
300 6.0602562153e-01 8.0634235315e-02 2.3624990661e+00 8.6759020579e+00
301 6.0557350134e-01 8.0002844238e-02 2.3567095780e+00 8.6712544646e+00
302 6.0550067335e-01 8.0041125311e-02 2.3552725488e+00 8.6638326984e+00
303 6.0543051187e-01 8.0041968178e-02 2.3572101274e+00 8.6715972034e+00
304 6.0542158064e-01 8.0036500135e-02 2.3585971692e+00 8.6740511382e+00
305 6.0567689075e-01 8.0456094751e-02 2.3466900663e+00 8.5758841485e+00
306 6.0519991030e-01 7.9412151951e-02 2.3174870230e+00 8.3871908423e+00
307 6.0519334657e-01 7.9432185087e-02 2.3154044016e+00 8.3800851754e+00
308 6.0538004443e-01 8.0015131359e-02 2.3347705741e+00 8.4910176733e+00
309 6.0543607530e-01 7.9990346616e-02 2.3352895146e+00 8.4947620019e+00
310 6.0545593935e-01 7.9991921726e-02 2.3342474273e+00 8.4919563803e+00
311 6.0505623568e-01 7.9057521372e-02 2.3297121466e+00 8.4881838310e+00
312 6.0546357410e-01 7.9792834609e-02 2.3027449208e+00 8.2907441566e+00
313 6.0590180931e-01 8.0372047976e-02 2.2740376906e+00 8.1059602686e+00
314 6.0675307819e-01 8.1840799905e-02 2.2535363523e+00 7.9363548485e+00
315 6.0673593193e-01 8.1796863345e-02 2.2530785390e+00 7.9408771179e+00
316 6.0670827773e-01 8.1825862686e-02 2.2525504810e+00 7.9388085081e+00
317 6.0642416924e-01 8.1592595858e-02 2.2668569423e+00 8.0237197046e+00
318 6.0646694937e-01 8.1647180321e-02 2.2661810841e+00 8.0127726076e+00
319 6.0646868484e-01 8.1672423959e-02 2.2649270012e+00 8.0070634643e+00
320 6.0630051194e-01 8.1122619871e-02 2.2435569552e+00 7.8937321344e+00
321 6.0647422673e-01 8.1452588067e-02 2.2295976626e+00 7.8027369692e+00
322 6.0633134949e-01 8.1372227643e-02 2.2274974018e+00 7.8021921534e+00
323 6.0636992069e-01 8.1777947022e-02 2.2143126586e+00 7.7161001626e+00
324 6.0638867576e-01 8.2306225537e-02 2.1968541926e+00 7.6138111612e+00
325 6.0661913355e-01 8.2593182993e-02 2.1778024952e+00 7.5214911523e+00
326 6.0660249739e-01 8.2563219362e-02 2.1788912724e+00 7.5276482146e+00
327 6.0669486331e-01 8.3066640968e-02 2.1989554925e+00 7.6474102479e+00
328 6.0675600500e-01 8.3057260920e-02 2.1885197709e+00 7.5744360365e+00
329 6.0670770351e-01 8.3083646559e-02 2.1870418223e+00 7.5716364470e+00
330 6.0657851712e-01 8.2583056458e-02 2.1726659093e+00 7.5029867724e+00
331 6.0614581396e-01 8.2023260057e-02 2.1743968258e+00 7.5329616582e+00
332 6.0614176003e-01 8.2465572129e-02 2.1892286305e+00 7.6028176278e+00
333 6.0629806610e-01 8.2885665124e-02 2.1749478655e+00 7.5116197809e+00
334 6.0692630088e-01 8.3842317499e-02 2.1704409999e+00 7.4676622874e+00
335 6.0681090874e-01 8.3858068905e-02 2.1709121316e+00 7.4694178948e+00
336 6.0678322432e-01 8.3738760326e-02 2.1628440001e+00 7.4130480320e+00
337 6.0579694979e-01 8.2009156754e-02 2.1699855404e+00 7.4918741885e+00
338 6.0606786352e-01 8.3073315629e-02 2.2205178364e+00 7.8271185407e+00
339 6.0628193432e-01 8.3354779940e-02 2.2085596570e+00 7.7458531413e+00
340 6.0622659586e-01 8.3462805774e-02 2.2031852648e+00 7.7264273632e+00
341 6.0667344620e-01 8.4120799423e-02 2.1802834403e+00 7.5637494273e+00
342 6.0666424403e-01 8.4155917098e-02 2.1758056675e+00 7.5566783854e+00
343 6.0664638843e-01 8.4158181010e-02 2.1762056277e+00 7.5577193881e+00
344 6.0680456054e-01 8.4798697870e-02 2.2014135616e+00 7.7380550605e+00
345 6.0660055635e-01 8.4923046271e-02 2.1984139161e+00 7.7205899786e+00
346 6.0670502059e-01 8.5385098670e-02 2.2165423076e+00 7.8238258015e+00
347 6.0669598819e-01 8.5384804932e-02 2.2168733619e+00 7.8248724396e+00
348 6.0697760266e-01 8.6182491651e-02 2.2156399371e+00 7.7681455343e+00
349 6.0702204119e-01 8.6191721650e-02 2.2165978665e+00 7.7694341430e+00
350 6.0676754660e-01 8.5950409630e-02 2.2311582303e+00 7.8609282665e+00
351 6.0750374355e-01 8.6618370145e-02 2.1870157442e+00 7.5916748910e+00
352 6.0734560544e-01 8.6395154995e-02 2.1926001904e+00 7.6222987088e+00
353 6.0730945048e-01 8.6429142320e-02 2.1905411061e+00 7.6146089793e+00
354 6.0729377718e-01 8.6606445649e-02 2.1951780397e+00 7.6432922427e+00
355 6.0749530985e-01 8.6781804076e-02 2.1812138312e+00 7.5762321187e+00
356 6.0754408876e-01 8.6774507926e-02 2.1801642343e+00 7.5739123537e+00
357 6.0747342874e-01 8.6787612402e-02 2.1814640323e+00 7.5765189337e+00
358 6.0749878412e-01 8.6855266564e-02 2.1944254947e+00 7.6869671992e+00
359 6.0715401913e-01 8.6169014802e-02 2.1916725984e+00 7.6908691754e+00
360 6.0713675219e-01 8.6083144833e-02 2.1950997988e+00 7.7110403104e+00
361 6.0683138143e-01 8.5909772851e-02 2.2136744743e+00 7.8565433585e+00
362 6.0682860382e-01 8.6017226173e-02 2.2125132664e+00 7.8399971891e+00
363 6.0661493992e-01 8.5620286050e-02 2.2017422600e+00 7.8041558002e+00
364 6.0665471481e-01 8.5605658933e-02 2.2018051252e+00 7.8050964119e+00
365 6.0645943925e-01 8.5260055502e-02 2.2118923091e+00 7.8843825073e+00
