1 5.9282947138e-01 1.1102230246e-16 1.0000000000e+00 1.0000000000e+00
2 5.9272541801e-01 1.9102049436e-03 -1.9945659253e+01 4.5338339179e+02
3 5.9286301387e-01 7.7401123089e-03 2.6837442088e+01 8.2130386946e+02
4 5.9282818129e-01 7.9219980558e-03 2.4825059611e+01 7.5027170059e+02
5 5.9283827535e-01 7.9417730316e-03 2.4640244896e+01 7.4270836052e+02
6 5.9283270022e-01 7.9766810238e-03 2.4306688874e+01 7.2989550961e+02
7 5.9326967903e-01 1.3227966513e-02 1.6103967671e+01 2.8675493148e+02
8 5.9325096834e-01 1.3251017235e-02 1.6018206950e+01 2.8486657556e+02
9 5.9315061239e-01 1.3483339578e-02 1.5132448017e+01 2.6654720798e+02
10 5.9325700810e-01 1.5542849203e-02 1.3143925532e+01 2.0092970438e+02
11 5.9318746023e-01 1.5711560742e-02 1.2681037870e+01 1.9284984737e+02
12 5.9305677573e-01 1.5968064904e-02 1.2016880226e+01 1.8141156095e+02
13 5.9330565004e-01 1.7587008087e-02 1.1267871789e+01 1.5328094376e+02
14 5.9348799941e-01 1.9125738301e-02 1.0510675637e+01 1.3104457943e+02
15 5.9367068128e-01 2.0569254053e-02 9.8472844358e+00 1.1388879782e+02
16 5.9353158867e-01 2.0713663345e-02 9.6386205630e+00 1.1105351313e+02
17 5.9378159973e-01 2.2012327268e-02 9.1700251268e+00 9.9044625870e+01
18 5.9372111200e-01 2.2281930846e-02 9.0209354257e+00 9.7224317751e+01
19 5.9387280667e-01 2.3518600070e-02 8.6061759728e+00 8.7590580045e+01
20 5.9383701233e-01 2.3603094855e-02 8.5126324684e+00 8.6418917848e+01
21 5.9403087781e-01 2.4765254434e-02 8.1591971417e+00 7.8751417606e+01
22 5.9444220359e-01 2.6789703161e-02 7.5916741607e+00 6.7109765352e+01
23 5.9450912520e-01 2.6807368400e-02 7.5698663809e+00 6.6858001245e+01
24 5.9450848849e-01 2.6607767802e-02 7.5326231078e+00 6.6620433382e+01
25 5.9460063681e-01 2.6895003291e-02 7.5482026558e+00 6.6917272857e+01
26 5.9480561001e-01 2.7960506069e-02 7.2613018809e+00 6.1749141583e+01
27 5.9506996637e-01 2.8916079103e-02 7.0474219304e+00 5.7792403512e+01
28 5.9508306500e-01 2.8935104567e-02 7.0314310647e+00 5.7628546816e+01
29 5.9507803981e-01 2.8954671860e-02 7.0168746376e+00 5.7478958524e+01
30 5.9526883788e-01 2.9918924932e-02 6.7930628723e+00 5.3788397493e+01
31 5.9530802871e-01 2.9961358477e-02 6.7610076102e+00 5.3452024435e+01
32 5.9524483497e-01 3.0035364979e-02 6.7101452051e+00 5.2995399457e+01
33 5.9518876258e-01 3.0106962944e-02 6.6547355479e+00 5.2576745880e+01
34 5.9514505816e-01 3.0034880671e-02 6.6350984221e+00 5.2419763069e+01
35 5.9512271001e-01 3.0049315258e-02 6.6274881113e+00 5.2338447057e+01
36 5.9508438492e-01 2.9876133971e-02 6.6000998338e+00 5.2182216258e+01
37 5.9509293265e-01 2.9958365922e-02 6.5459614303e+00 5.1610662653e+01
38 5.9513413931e-01 2.9979404495e-02 6.5295157071e+00 5.1431713845e+01
39 5.9534270764e-01 3.0985750572e-02 6.3722946805e+00 4.8691777750e+01
40 5.9533428949e-01 3.1020371291e-02 6.3761633532e+00 4.8725716111e+01
41 5.9542490284e-01 3.2151394184e-02 6.1329316546e+00 4.5458900019e+01
42 5.9559146323e-01 3.3063593568e-02 5.9523458216e+00 4.2897705693e+01
43 5.9525434993e-01 3.2285339456e-02 6.0567356858e+00 4.4861872183e+01
44 5.9547410922e-01 3.3014808844e-02 5.9311770102e+00 4.2761887588e+01
45 5.9568476541e-01 3.3853503969e-02 5.7902325747e+00 4.0691488505e+01
46 5.9589576249e-01 3.4641531301e-02 5.6780911827e+00 3.8919967552e+01
47 5.9624689439e-01 3.6743241727e-02 5.8407553085e+00 4.2182933795e+01
48 5.9627043339e-01 3.6740210281e-02 5.8407482984e+00 4.2181174886e+01
49 5.9644899061e-01 3.7442429324e-02 5.7192424966e+00 4.0294755762e+01
50 5.9634700723e-01 3.7705534966e-02 5.6753803139e+00 3.9869205784e+01
51 5.9627004896e-01 3.7765712059e-02 5.6516241365e+00 3.9664982324e+01
52 5.9622807692e-01 3.7858894294e-02 5.6029171620e+00 3.9321558337e+01
53 5.9615446949e-01 3.7742086223e-02 5.5862858269e+00 3.9311089740e+01
54 5.9615391272e-01 3.7753068454e-02 5.5811037302e+00 3.9265968274e+01
55 5.9610455456e-01 3.7802117705e-02 5.5600468346e+00 3.9096003308e+01
56 5.9603134871e-01 3.7852652760e-02 5.5406102438e+00 3.8934238095e+01
57 5.9603573080e-01 3.7870529708e-02 5.5326008923e+00 3.8858902075e+01
58 5.9628977456e-01 3.8590866047e-02 5.4195771913e+00 3.7150534906e+01
59 5.9619955643e-01 3.8642391528e-02 5.4019913262e+00 3.7006692048e+01
60 5.9682273581e-01 4.1133390565e-02 5.4132795096e+00 3.6965743585e+01
61 5.9685346495e-01 4.1047500804e-02 5.4110638929e+00 3.6979802906e+01
62 5.9716130646e-01 4.1689396365e-02 5.3085193011e+00 3.5505812096e+01
63 5.9710172225e-01 4.1909386671e-02 5.3044548489e+00 3.5421349640e+01
64 5.9736850870e-01 4.2522845366e-02 5.2148809780e+00 3.4125660022e+01
65 5.9732051332e-01 4.2585135644e-02 5.1922690306e+00 3.3954345853e+01
66 5.9765981368e-01 4.3201565067e-02 5.0990974619e+00 3.2677322670e+01
67 5.9758979879e-01 4.3239406754e-02 5.0887005596e+00 3.2598319278e+01
68 5.9762987688e-01 4.3287009209e-02 5.0973680162e+00 3.2621005012e+01
69 5.9765108948e-01 4.3284369328e-02 5.0970078655e+00 3.2618861915e+01
70 5.9783210423e-01 4.3864631454e-02 5.0000843285e+00 3.1431063125e+01
71 5.9793209949e-01 4.4574175161e-02 4.9029702259e+00 3.0223793806e+01
72 5.9813608349e-01 4.5205930117e-02 4.8129893506e+00 2.9129680855e+01
73 5.9811871160e-01 4.5201123380e-02 4.8157433697e+00 2.9149213228e+01
74 5.9761164051e-01 4.3628489760e-02 4.7238484261e+00 2.8022959167e+01
75 5.9778298343e-01 4.4319191087e-02 4.6246740211e+00 2.6958459712e+01
76 5.9774716162e-01 4.4334909681e-02 4.6215924717e+00 2.6935649149e+01
77 5.9851859547e-01 4.6104425184e-02 4.4333334653e+00 2.4595597632e+01
78 5.9916282376e-01 4.8113982686e-02 4.3849971420e+00 2.4016780761e+01
79 5.9935562784e-01 4.8711865241e-02 4.3326844938e+00 2.3372713983e+01
80 5.9939549702e-01 4.8869629243e-02 4.3274831911e+00 2.3326654220e+01
81 5.9932955196e-01 4.8899751016e-02 4.3220011530e+00 2.3294047881e+01
82 5.9932119069e-01 4.8925760622e-02 4.3143619901e+00 2.3249241852e+01
83 5.9939667000e-01 4.8912535542e-02 4.3143653772e+00 2.3246174340e+01
84 5.9941123037e-01 4.9023724225e-02 4.3001938754e+00 2.3141777939e+01
85 5.9947933473e-01 4.9019337415e-02 4.2979739751e+00 2.3125289563e+01
86 5.9947885276e-01 4.9035675802e-02 4.2919590352e+00 2.3098618760e+01
87 5.9972418440e-01 5.1168773048e-02 4.5646945353e+00 2.6732282197e+01
88 5.9992295557e-01 5.2003371438e-02 4.6081772849e+00 2.7078389037e+01
89 5.9991614867e-01 5.2003242840e-02 4.6085777676e+00 2.7081077957e+01
90 6.0047417846e-01 5.3705605751e-02 4.5263643023e+00 2.5955492639e+01
91 6.0063390999e-01 5.4639822744e-02 4.5618541963e+00 2.6247603591e+01
92 6.0021536293e-01 5.3561724629e-02 4.5899075391e+00 2.6780210102e+01
93 6.0027412728e-01 5.4541353219e-02 4.6353532000e+00 2.7264051123e+01
94 5.9992858537e-01 5.2684231667e-02 4.4610757354e+00 2.5308333594e+01
95 5.9980897237e-01 5.2762849413e-02 4.4464625277e+00 2.5215439008e+01
96 6.0019178293e-01 5.4143140266e-02 4.4402643667e+00 2.5035786962e+01
97 6.0018342484e-01 5.4215375263e-02 4.4353358397e+00 2.4977778398e+01
98 6.0023174489e-01 5.4281151116e-02 4.4312396160e+00 2.4928621885e+01
99 6.0062937105e-01 5.5656659305e-02 4.4192464306e+00 2.4650488557e+01
100 6.0068226795e-01 5.5678683704e-02 4.4110132304e+00 2.4595011462e+01
101 6.0109499101e-01 5.6630661357e-02 4.2944183860e+00 2.3357229168e+01
102 6.0104488637e-01 5.6691566208e-02 4.2801917366e+00 2.3276262916e+01
103 6.0107591075e-01 5.6702761963e-02 4.2759010679e+00 2.3248644874e+01
104 6.0127311913e-01 5.7212510382e-02 4.2183375069e+00 2.2647275412e+01
105 6.0131391664e-01 5.7223492489e-02 4.2137073263e+00 2.2617993584e+01
106 6.0148138098e-01 5.7978428672e-02 4.2357798375e+00 2.2746840469e+01
107 6.0101066096e-01 5.6775636035e-02 4.2413298627e+00 2.2931341344e+01
108 6.0129954651e-01 5.7150966536e-02 4.1914796135e+00 2.2422383414e+01
109 6.0134660206e-01 5.7183811176e-02 4.1801480540e+00 2.2359922005e+01
110 6.0119245498e-01 5.6095101182e-02 4.0453849883e+00 2.1138918646e+01
111 6.0099613039e-01 5.5363156195e-02 3.9948487240e+00 2.0732252592e+01
112 6.0124637105e-01 5.5833255443e-02 3.9357663012e+00 2.0202827423e+01
113 6.0101496232e-01 5.5389680306e-02 3.9763433099e+00 2.0651279861e+01
114 6.0101214453e-01 5.5434143179e-02 3.9648527133e+00 2.0588891887e+01
115 6.0080381772e-01 5.5084556942e-02 4.0066107135e+00 2.1012518873e+01
116 6.0081708644e-01 5.5077737896e-02 4.0077129564e+00 2.1018694665e+01
117 6.0092679347e-01 5.5593862337e-02 3.9553676789e+00 2.0487359483e+01
118 6.0110194494e-01 5.6466399978e-02 4.0232323636e+00 2.1182615976e+01
119 6.0088908320e-01 5.6085966231e-02 4.0629326295e+00 2.1621145131e+01
120 6.0103472386e-01 5.7056353301e-02 4.1373478042e+00 2.2444565869e+01
121 6.0126753480e-01 5.7457779417e-02 4.0895075633e+00 2.1944141489e+01
122 6.0121835066e-01 5.7478974658e-02 4.0867534615e+00 2.1926756170e+01
123 6.0114571784e-01 5.7524934125e-02 4.0787401416e+00 2.1880142432e+01
124 6.0088422750e-01 5.6532026655e-02 3.9916095055e+00 2.1018375681e+01
125 6.0093427674e-01 5.6518624749e-02 3.9922904228e+00 2.1023782950e+01
126 6.0066743226e-01 5.6065076415e-02 4.0355555749e+00 2.1509547770e+01
127 6.0041724026e-01 5.5693124541e-02 4.0753249319e+00 2.1963530833e+01
128 6.0063849019e-01 5.6225403617e-02 4.0237133228e+00 2.1403147319e+01
129 6.0063240416e-01 5.6296336131e-02 4.0153072316e+00 2.1340890237e+01
130 6.0089392616e-01 5.6697061119e-02 3.9692567650e+00 2.0864531137e+01
131 6.0101796410e-01 5.7124446871e-02 3.9242420646e+00 2.0417484554e+01
132 6.0093948753e-01 5.7169196832e-02 3.9177185780e+00 2.0376648323e+01
133 6.0078395787e-01 5.6394100646e-02 3.8518277935e+00 1.9804780064e+01
134 6.0041865295e-01 5.5211715159e-02 3.8275889441e+00 1.9624184384e+01
135 6.0041220540e-01 5.5111500609e-02 3.8266673937e+00 1.9655607156e+01
136 6.0102110493e-01 5.7027275076e-02 3.8078973929e+00 1.9350058217e+01
137 6.0112959818e-01 5.7865014180e-02 3.8682056017e+00 1.9923661758e+01
138 6.0124243865e-01 5.8005941807e-02 3.8784841670e+00 2.0058449514e+01
139 6.0098901960e-01 5.7596658699e-02 3.9191078270e+00 2.0491756904e+01
140 6.0096436984e-01 5.7631783291e-02 3.9116063561e+00 2.0451097706e+01
141 6.0090339411e-01 5.7684497242e-02 3.9021777661e+00 2.0395183299e+01
142 6.0118066241e-01 5.8169722566e-02 3.8591147739e+00 1.9926378994e+01
143 6.0123803856e-01 5.9053382638e-02 3.9068043794e+00 2.0407774469e+01
144 6.0127640822e-01 5.9064949236e-02 3.8990804980e+00 2.0365091470e+01
145 6.0113434930e-01 5.8367340345e-02 3.8411154792e+00 1.9916646324e+01
146 6.0142123570e-01 5.8864714639e-02 3.7941058927e+00 1.9432173190e+01
147 6.0164121917e-01 5.9358709245e-02 3.7396352606e+00 1.8947198438e+01
148 6.0214300621e-01 6.0363126086e-02 3.6650875586e+00 1.8150200925e+01
149 6.0235476461e-01 6.1699900800e-02 3.7301088781e+00 1.8650272039e+01
150 6.0248856673e-01 6.2416160733e-02 3.7651498086e+00 1.8915575805e+01
151 6.0294389879e-01 6.3168625138e-02 3.6916262724e+00 1.8203012041e+01
152 6.0295244573e-01 6.3161317565e-02 3.6928530211e+00 1.8208859791e+01
153 6.0309293478e-01 6.3914030490e-02 3.7402002057e+00 1.8636928431e+01
154 6.0332823039e-01 6.4347315364e-02 3.7031467262e+00 1.8265006557e+01
155 6.0342062677e-01 6.4350258353e-02 3.6992806095e+00 1.8239033268e+01
156 6.0388916647e-01 6.5249000387e-02 3.6226788935e+00 1.7511931641e+01
157 6.0394048233e-01 6.5327967887e-02 3.6220210004e+00 1.7488443821e+01
158 6.0436172299e-01 6.6331395050e-02 3.6362047682e+00 1.7605609189e+01
159 6.0450835237e-01 6.6675712292e-02 3.6026623695e+00 1.7304914524e+01
160 6.0431391099e-01 6.6281822034e-02 3.6401064026e+00 1.7636763129e+01
161 6.0444245912e-01 6.6938092587e-02 3.6542145187e+00 1.7701550740e+01
162 6.0421896077e-01 6.6285326861e-02 3.6299084659e+00 1.7567819688e+01
163 6.0436311057e-01 6.6704918461e-02 3.5932461041e+00 1.7230903881e+01
164 6.0428748229e-01 6.6736304443e-02 3.5901797202e+00 1.7216204319e+01
165 6.0427087186e-01 6.6648936760e-02 3.5900671378e+00 1.7246253466e+01
166 6.0499433958e-01 6.7687455329e-02 3.4942331816e+00 1.6379579835e+01
167 6.0488431317e-01 6.7775736494e-02 3.4824551281e+00 1.6320471790e+01
168 6.0483110616e-01 6.7780351786e-02 3.4829883136e+00 1.6328144625e+01
169 6.0489964504e-01 6.7795840958e-02 3.4837851774e+00 1.6321415734e+01
170 6.0482075359e-01 6.7639607347e-02 3.4477672578e+00 1.5946410138e+01
171 6.0431999517e-01 6.6623673989e-02 3.4315590262e+00 1.5910259967e+01
172 6.0432417572e-01 6.6632903759e-02 3.4297136481e+00 1.5900743676e+01
173 6.0440865259e-01 6.6672188251e-02 3.4265715453e+00 1.5875740220e+01
174 6.0401191528e-01 6.5542551550e-02 3.4169954998e+00 1.5851326054e+01
175 6.0426352089e-01 6.5873557763e-02 3.3909131958e+00 1.5601149153e+01
176 6.0359978213e-01 6.4323406200e-02 3.4065587712e+00 1.5843900135e+01
177 6.0352507500e-01 6.4382120251e-02 3.4073488401e+00 1.5828822808e+01
178 6.0377360754e-01 6.4818727343e-02 3.3775061977e+00 1.5539816523e+01
179 6.0381732425e-01 6.4905083558e-02 3.3770069408e+00 1.5521284754e+01
180 6.0428767239e-01 6.5728357879e-02 3.3188094997e+00 1.4974248713e+01
181 6.0427798022e-01 6.5785935403e-02 3.3175417821e+00 1.4958398826e+01
182 6.0442281961e-01 6.6485995697e-02 3.3487026267e+00 1.5190751353e+01
183 6.0462796327e-01 6.6847758411e-02 3.3211611321e+00 1.4941829718e+01
184 6.0499000000e-01 6.7792018292e-02 3.3239376194e+00 1.4931368365e+01
185 6.0521923600e-01 6.8115062635e-02 3.2937112492e+00 1.4689304120e+01
186 6.0543430099e-01 6.8540678166e-02 3.2625669163e+00 1.4426073604e+01
187 6.0492934510e-01 6.7004420015e-02 3.2688050515e+00 1.4547202370e+01
188 6.0516169438e-01 6.7323382176e-02 3.2417103901e+00 1.4318966247e+01
189 6.0556885475e-01 6.8342663012e-02 3.2443169360e+00 1.4297356674e+01
190 6.0596840149e-01 6.9472006368e-02 3.2640419329e+00 1.4475100548e+01
191 6.0623296522e-01 6.9871498553e-02 3.2345105038e+00 1.4227506690e+01
192 6.0619948813e-01 6.9825706261e-02 3.2125595843e+00 1.4019309682e+01
193 6.0647352855e-01 7.0275270464e-02 3.1837695371e+00 1.3776617566e+01
194 6.0607026942e-01 6.9210350439e-02 3.1735217682e+00 1.3728591956e+01
195 6.0651500384e-01 6.9721063021e-02 3.1158354359e+00 1.3270764246e+01
196 6.0631287387e-01 6.9546146469e-02 3.1384491764e+00 1.3431533741e+01
197 6.0652874243e-01 7.0053790651e-02 3.1322553226e+00 1.3447691326e+01
198 6.0693010981e-01 7.0648602734e-02 3.0805153462e+00 1.3057748481e+01
199 6.0704954521e-01 7.0811062565e-02 3.0852425177e+00 1.3107010133e+01
200 6.0724027083e-01 7.1013642214e-02 3.0614265365e+00 1.2950174271e+01
201 6.0724554741e-01 7.1045136779e-02 3.0586979515e+00 1.2934363285e+01
202 6.0683504773e-01 7.0118723345e-02 3.0560777895e+00 1.2939273620e+01
203 6.0748031236e-01 7.1380433750e-02 3.0263075226e+00 1.2651343268e+01
204 6.0764034747e-01 7.1225130659e-02 2.9773296735e+00 1.2287472496e+01
205 6.0740725922e-01 7.1346953099e-02 2.9687863428e+00 1.2245246607e+01
206 6.0730242511e-01 7.1387567746e-02 2.9669033804e+00 1.2236256217e+01
207 6.0695981257e-01 7.1063520311e-02 2.9869062720e+00 1.2411367636e+01
208 6.0694833873e-01 7.1100588181e-02 2.9817511728e+00 1.2388524464e+01
209 6.0696281433e-01 7.1057802046e-02 2.9818515462e+00 1.2396759284e+01
210 6.0730447568e-01 7.1830315315e-02 2.9719687892e+00 1.2292414577e+01
211 6.0729263168e-01 7.1832956690e-02 2.9727866137e+00 1.2295675223e+01
212 6.0747273347e-01 7.2154035286e-02 2.9482962130e+00 1.2116083524e+01
213 6.0741345326e-01 7.2202330192e-02 2.9435655245e+00 1.2100240875e+01
214 6.0743829094e-01 7.2185956310e-02 2.9449323583e+00 1.2106918705e+01
215 6.0772128533e-01 7.2676484108e-02 2.9237971250e+00 1.1916564294e+01
216 6.0830422070e-01 7.3825564726e-02 2.8616995958e+00 1.1412879111e+01
217 6.0809520378e-01 7.3673909100e-02 2.8964130206e+00 1.1674208794e+01
218 6.0731081483e-01 7.1698370711e-02 2.8723551954e+00 1.1495749776e+01
219 6.0720602880e-01 7.1118046577e-02 2.8341580524e+00 1.1191574327e+01
220 6.0697320979e-01 7.0772563298e-02 2.8563955003e+00 1.1358026620e+01
221 6.0664631876e-01 7.0378134082e-02 2.8762336595e+00 1.1534169442e+01
222 6.0652127958e-01 6.9676521890e-02 2.8338617182e+00 1.1186439601e+01
223 6.0688847837e-01 7.0614543046e-02 2.8474372031e+00 1.1292047388e+01
224 6.0689386466e-01 7.0625046374e-02 2.8458563293e+00 1.1284556610e+01
225 6.0705897158e-01 7.1281462992e-02 2.8722207298e+00 1.1467798353e+01
226 6.0762760196e-01 7.2398030615e-02 2.8493554550e+00 1.1276307451e+01
227 6.0757843298e-01 7.2496457360e-02 2.8569127700e+00 1.1355907768e+01
228 6.0737168416e-01 7.2132790645e-02 2.8762997267e+00 1.1515067584e+01
229 6.0740415676e-01 7.2021761951e-02 2.8786659599e+00 1.1536971825e+01
230 6.0741822850e-01 7.2024853278e-02 2.8775927252e+00 1.1532868025e+01
231 6.0739390486e-01 7.1899778758e-02 2.8682263055e+00 1.1457842068e+01
232 6.0705261049e-01 7.0696636444e-02 2.8269771957e+00 1.1189681402e+01
233 6.0730134049e-01 7.0924950423e-02 2.8068229191e+00 1.1053352312e+01
234 6.0727488498e-01 7.1017494982e-02 2.7997786995e+00 1.1020410060e+01
235 6.0749835479e-01 7.1444221727e-02 2.7749614048e+00 1.0845726801e+01
236 6.0716652927e-01 7.1122434816e-02 2.7901718482e+00 1.0974964958e+01
237 6.0717222812e-01 7.1122272357e-02 2.7899077829e+00 1.0974227144e+01
238 6.0708305285e-01 7.1161993085e-02 2.7880621306e+00 1.0964476371e+01
239 6.0715252004e-01 7.0948214893e-02 2.7445988269e+00 1.0666986196e+01
240 6.0694911450e-01 7.0286146371e-02 2.7068643066e+00 1.0389857094e+01
241 6.0692133326e-01 7.0303536142e-02 2.7036859247e+00 1.0373331531e+01
242 6.0698313800e-01 7.1120401554e-02 2.7513880980e+00 1.0793231185e+01
243 6.0725745805e-01 7.1489161149e-02 2.7316910089e+00 1.0640220214e+01
244 6.0741316347e-01 7.2238731995e-02 2.7463513585e+00 1.0735366402e+01
245 6.0761079274e-01 7.3505930153e-02 2.7938038461e+00 1.1061894878e+01
246 6.0790040836e-01 7.3725253091e-02 2.7361563779e+00 1.0656934470e+01
247 6.0791146853e-01 7.3692511639e-02 2.7346170238e+00 1.0656613409e+01
248 6.0816891428e-01 7.4034941494e-02 2.7114599262e+00 1.0498454389e+01
249 6.0789244941e-01 7.3938061232e-02 2.7197930532e+00 1.0571420896e+01
250 6.0789934166e-01 7.3986343826e-02 2.7181586549e+00 1.0559030117e+01
251 6.0791176551e-01 7.3989983673e-02 2.7171865255e+00 1.0555203367e+01
252 6.0787978778e-01 7.4006504152e-02 2.7164847018e+00 1.0550530718e+01
253 6.0811587715e-01 7.4349393532e-02 2.6976357514e+00 1.0408276633e+01
254 6.0837166076e-01 7.4733948649e-02 2.6798649267e+00 1.0266495375e+01
255 6.0816349713e-01 7.4516719303e-02 2.6946074154e+00 1.0375704651e+01
256 6.0791386324e-01 7.4087572439e-02 2.7097827067e+00 1.0483988889e+01
257 6.0754102918e-01 7.3274299353e-02 2.7105723023e+00 1.0512320869e+01
258 6.0745265454e-01 7.3263806058e-02 2.7092985749e+00 1.0517045606e+01
259 6.0742531075e-01 7.3323154768e-02 2.7016500172e+00 1.0491494067e+01
260 6.0783338352e-01 7.3949381409e-02 2.6610230619e+00 1.0216007078e+01
261 6.0771390781e-01 7.4010416319e-02 2.6548983297e+00 1.0193526444e+01
262 6.0767073077e-01 7.3943157038e-02 2.6553930377e+00 1.0206023258e+01
263 6.0777106640e-01 7.4494143757e-02 2.6721594211e+00 1.0291147272e+01
264 6.0775767905e-01 7.4458478248e-02 2.6724524480e+00 1.0297058518e+01
265 6.0792339732e-01 7.4736750452e-02 2.6545700837e+00 1.0167732298e+01
266 6.0815763633e-01 7.5109820823e-02 2.6364042370e+00 1.0030200859e+01
267 6.0802308183e-01 7.4725843543e-02 2.6229948914e+00 9.9666058735e+00
268 6.0823071381e-01 7.5015612757e-02 2.6053945422e+00 9.8421117117e+00
269 6.0821217178e-01 7.5060842848e-02 2.6001504796e+00 9.8226517991e+00
270 6.0816208964e-01 7.5140806112e-02 2.5997483309e+00 9.8200788763e+00
271 6.0813654248e-01 7.5137817445e-02 2.6012040811e+00 9.8251091693e+00
272 6.0814506018e-01 7.5100356874e-02 2.5992274511e+00 9.8216358941e+00
273 6.0795288965e-01 7.4407817840e-02 2.5582438722e+00 9.5203065484e+00
274 6.0795945229e-01 7.4389827000e-02 2.5580168274e+00 9.5211087725e+00
275 6.0762154380e-01 7.4164269686e-02 2.5731896539e+00 9.6263575553e+00
276 6.0742957206e-01 7.3458403835e-02 2.5200107233e+00 9.1661326540e+00
277 6.0763212911e-01 7.4242999061e-02 2.5668743164e+00 9.5768351109e+00
278 6.0760454324e-01 7.4264114368e-02 2.5649059962e+00 9.5710756422e+00
279 6.0758522078e-01 7.4198163818e-02 2.5578290804e+00 9.5152637466e+00
280 6.0779091530e-01 7.4461644547e-02 2.5388180557e+00 9.3962507246e+00
281 6.0805146275e-01 7.4818636794e-02 2.5225847611e+00 9.2791338522e+00
282 6.0827559515e-01 7.5046191499e-02 2.5005181894e+00 9.1498098639e+00
283 6.0826230077e-01 7.5050867967e-02 2.5003581815e+00 9.1492959381e+00
284 6.0827055086e-01 7.5052500483e-02 2.5000516334e+00 9.1472119248e+00
285 6.0826210097e-01 7.5140220105e-02 2.4966081580e+00 9.1270618606e+00
286 6.0765975252e-01 7.3774218181e-02 2.4574986515e+00 8.8467699685e+00
287 6.0805724989e-01 7.4705535068e-02 2.4707491931e+00 8.9449304467e+00
288 6.0823600032e-01 7.5354556942e-02 2.5068767257e+00 9.2225107753e+00
289 6.0834726499e-01 7.5681418205e-02 2.4852299865e+00 9.0984687682e+00
290 6.0835958325e-01 7.5800133003e-02 2.4931800490e+00 9.1526184343e+00
291 6.0846757909e-01 7.5894674967e-02 2.4900315206e+00 9.1353273179e+00
292 6.0843349880e-01 7.5930211967e-02 2.4864734903e+00 9.1245396229e+00
293 6.0839258625e-01 7.5879763546e-02 2.4846793502e+00 9.1290852109e+00
294 6.0856665308e-01 7.6128599067e-02 2.4690703981e+00 9.0257733401e+00
295 6.0848772286e-01 7.6180892666e-02 2.4657997990e+00 9.0127427259e+00
296 6.0883515971e-01 7.7039330763e-02 2.4640802014e+00 8.9929476601e+00
297 6.0892034746e-01 7.6686405065e-02 2.4047304654e+00 8.5357110164e+00
298 6.0909207728e-01 7.7050130118e-02 2.3856242631e+00 8.4183034335e+00
299 6.0907402229e-01 7.7088103882e-02 2.3812689052e+00 8.4062355966e+00
300 6.0889956084e-01 7.7139021869e-02 2.3821145140e+00 8.4064779119e+00
301 6.0866755403e-01 7.6871150196e-02 2.3946469095e+00 8.4956085796e+00
302 6.0890750609e-01 7.7110600277e-02 2.3797523016e+00 8.4028756001e+00
303 6.0910932479e-01 7.7482407261e-02 2.3635520695e+00 8.2979023907e+00
304 6.0984629111e-01 7.8442706860e-02 2.3212012021e+00 8.0145995828e+00
305 6.0983017823e-01 7.8449027461e-02 2.3182844676e+00 8.0045378739e+00
306 6.1005317917e-01 7.8809229349e-02 2.3037466482e+00 7.9112529573e+00
307 6.1016774351e-01 7.9372058934e-02 2.3344680409e+00 8.1289609554e+00
308 6.1012455655e-01 7.9279420297e-02 2.3345637304e+00 8.1320210715e+00
309 6.1013341362e-01 7.9303310909e-02 2.3319851619e+00 8.1215102883e+00
310 6.1036677137e-01 7.9696644111e-02 2.3173925312e+00 8.0239910948e+00
311 6.1083742022e-01 8.0203100613e-02 2.2899710218e+00 7.8667644702e+00
312 6.1120951804e-01 8.1069627099e-02 2.3004452271e+00 7.9297788819e+00
313 6.1120061634e-01 8.1163741924e-02 2.2973795091e+00 7.9120123105e+00
314 6.1136701296e-01 8.1380128791e-02 2.2824056242e+00 7.8331555027e+00
315 6.1105088459e-01 8.1198281540e-02 2.2988435170e+00 7.9200290219e+00
316 6.1089124062e-01 8.1057178379e-02 2.3201833446e+00 8.0715699235e+00
317 6.1084788784e-01 8.1094002055e-02 2.3178125804e+00 8.0626460021e+00
318 6.1083709876e-01 8.1114622891e-02 2.3161089699e+00 8.0559212343e+00
319 6.1100812648e-01 8.1499654875e-02 2.3062214947e+00 7.9765105292e+00
320 6.1126063249e-01 8.2124296860e-02 2.3399639399e+00 8.2440364259e+00
321 6.1113618813e-01 8.2220658637e-02 2.3341283351e+00 8.2219394158e+00
322 6.1132926731e-01 8.2624561653e-02 2.3172054556e+00 8.1165078282e+00
323 6.1092095236e-01 8.2673750765e-02 2.3586298156e+00 8.3701954483e+00
324 6.1116248808e-01 8.2871002152e-02 2.3467434364e+00 8.2925386850e+00
325 6.1094854383e-01 8.2614039194e-02 2.3640950186e+00 8.4151059974e+00
326 6.1089522621e-01 8.2606865758e-02 2.3632846339e+00 8.4153731701e+00
327 6.1088249934e-01 8.2636106687e-02 2.3613754878e+00 8.4028427681e+00
328 6.1053741115e-01 8.1870920779e-02 2.3544466683e+00 8.3489782287e+00
329 6.1117729406e-01 8.2877016439e-02 2.3519872504e+00 8.3416294326e+00
330 6.1139540104e-01 8.3132505371e-02 2.3374336709e+00 8.2535409758e+00
331 6.1172407190e-01 8.3866647288e-02 2.3364130851e+00 8.2297669412e+00
332 6.1154288757e-01 8.3725506175e-02 2.3517252227e+00 8.3184326978e+00
333 6.1149851202e-01 8.3977018100e-02 2.3797520383e+00 8.4941271563e+00
334 6.1146176752e-01 8.4003490323e-02 2.3783377655e+00 8.4879622402e+00
335 6.1132048420e-01 8.3567304908e-02 2.3609994638e+00 8.3831387830e+00
336 6.1125141519e-01 8.3528269421e-02 2.3570335072e+00 8.3746352481e+00
337 6.1131245018e-01 8.3554051499e-02 2.3565451894e+00 8.3674901040e+00
338 6.1122431037e-01 8.3604358687e-02 2.3544615877e+00 8.3582438605e+00
339 6.1121317748e-01 8.3578364744e-02 2.3543150058e+00 8.3612379715e+00
340 6.1205608493e-01 8.5205397069e-02 2.3348735095e+00 8.2446950742e+00
341 6.1227799475e-01 8.5634938688e-02 2.3357537761e+00 8.2670859095e+00
342 6.1213564760e-01 8.5107235363e-02 2.3053057450e+00 8.0508243622e+00
343 6.1204727807e-01 8.5156124863e-02 2.3010324988e+00 8.0402650136e+00
344 6.1260781502e-01 8.5727881721e-02 2.2756898570e+00 7.8755162565e+00
345 6.1260975884e-01 8.5730931185e-02 2.2743664757e+00 7.8640465716e+00
346 6.1313191760e-01 8.6677747759e-02 2.2906190692e+00 7.9818956409e+00
347 6.1305243749e-01 8.6640019278e-02 2.2912064540e+00 7.9902606189e+00
348 6.1289064805e-01 8.6092105012e-02 2.2718999371e+00 7.8734434986e+00
349 6.1268826098e-01 8.5663958460e-02 2.2579011192e+00 7.8042494598e+00
350 6.1281410846e-01 8.6110665714e-02 2.2663514740e+00 7.8432545689e+00
351 6.1227317853e-01 8.4701011268e-02 2.2325757774e+00 7.6474829762e+00
352 6.1234837441e-01 8.5288771514e-02 2.2596440460e+00 7.8193916824e+00
353 6.1193208208e-01 8.4478736286e-02 2.2476226047e+00 7.7326776901e+00
354 6.1195967217e-01 8.4523280527e-02 2.2447793510e+00 7.7249237277e+00
355 6.1193901742e-01 8.4424101143e-02 2.2452915677e+00 7.7376907740e+00
356 6.1213216429e-01 8.5024630585e-02 2.2727448787e+00 7.9228389191e+00
357 6.1225888147e-01 8.5502375051e-02 2.2777625969e+00 7.9270769157e+00
358 6.1234534837e-01 8.5242034602e-02 2.2514037109e+00 7.7999193088e+00
359 6.1260714255e-01 8.5585966862e-02 2.2363599401e+00 7.7093808413e+00
360 6.1243995462e-01 8.4903773798e-02 2.2110489028e+00 7.5360140509e+00
361 6.1261606891e-01 8.5127691737e-02 2.2029486232e+00 7.4909014206e+00
362 6.1246628580e-01 8.4525742621e-02 2.1791395783e+00 7.3451593583e+00
363 6.1264749152e-01 8.5015488581e-02 2.1991805913e+00 7.4699705032e+00
364 6.1282462250e-01 8.5388982774e-02 2.1847400712e+00 7.3850007328e+00
365 6.1284174205e-01 8.5484886007e-02 2.1870022939e+00 7.3932562103e+00
