1 5.9282947138e-01 1.1102230246e-16 1.0000000000e+00 1.0000000000e+00
2 5.9280041387e-01 1.8357486677e-03 -1.5833523934e+01 5.1311177813e+02
3 5.9278618924e-01 2.1426434352e-03 -1.1046174637e+01 2.9365230423e+02
4 5.9279845197e-01 2.3268371926e-03 -7.6001603372e+00 2.2415828926e+02
5 5.9317101667e-01 1.0809115902e-02 1.9735494674e+01 4.2949036242e+02
6 5.9314890554e-01 1.0909661835e-02 1.9187802316e+01 4.1411038874e+02
7 5.9339585384e-01 1.3190294974e-02 1.6289188146e+01 2.8925531900e+02
8 5.9392041977e-01 1.6851056328e-02 1.2977392601e+01 1.7928516539e+02
9 5.9384249511e-01 1.6958443315e-02 1.2717910336e+01 1.7509811082e+02
10 5.9399035565e-01 1.8504310268e-02 1.1607822456e+01 1.4588102141e+02
11 5.9402814783e-01 1.8556199447e-02 1.1509085708e+01 1.4418006366e+02
12 5.9400787132e-01 1.8583482376e-02 1.1459085867e+01 1.4338887505e+02
13 5.9396175583e-01 1.8672469745e-02 1.1297704456e+01 1.4079946170e+02
14 5.9392389510e-01 1.8937786492e-02 1.1134660546e+01 1.3860028360e+02
15 5.9385971733e-01 1.9008487861e-02 1.1003362345e+01 1.3674391184e+02
16 5.9405902565e-01 2.0485137052e-02 1.0194443281e+01 1.1744035942e+02
17 5.9413296922e-01 2.0513347568e-02 1.0143495066e+01 1.1665125743e+02
18 5.9409690522e-01 2.0674410305e-02 9.8919713993e+00 1.1320459346e+02
19 5.9457912958e-01 2.3161686459e-02 8.9752653159e+00 9.1127472613e+01
20 5.9457437189e-01 2.2911370896e-02 8.9329893966e+00 9.0594774264e+01
21 5.9502793792e-01 2.5143762267e-02 8.2574514839e+00 7.6148665675e+01
22 5.9558610499e-01 2.8835183618e-02 8.1536528002e+00 7.6452490266e+01
23 5.9552170611e-01 2.8931820045e-02 8.0735283650e+00 7.5520722076e+01
24 5.9556611354e-01 2.8934788009e-02 8.0665219147e+00 7.5440230647e+01
25 5.9555734638e-01 2.9010863724e-02 8.0048154653e+00 7.4667475922e+01
26 5.9541907436e-01 2.9117261754e-02 7.9199491273e+00 7.3752004114e+01
27 5.9532315681e-01 2.9335729774e-02 7.7335752949e+00 7.1734945813e+01
28 5.9544613134e-01 3.0304128504e-02 7.4063819436e+00 6.5970551972e+01
29 5.9544824615e-01 3.0372606576e-02 7.3565880011e+00 6.5381984542e+01
30 5.9558112175e-01 3.1752184633e-02 7.6296406383e+00 7.0092923372e+01
31 5.9561469412e-01 3.1864323451e-02 7.5394117002e+00 6.9105749646e+01
32 5.9560763844e-01 3.1896206904e-02 7.5183661354e+00 6.8837369777e+01
33 5.9554061722e-01 3.1971665796e-02 7.4665360072e+00 6.8260110885e+01
34 5.9562558926e-01 3.2924783408e-02 7.1586740577e+00 6.3026129129e+01
35 5.9552375414e-01 3.2969936709e-02 7.1329164012e+00 6.2775239479e+01
36 5.9551639977e-01 3.2996855828e-02 7.1158383419e+00 6.2578119867e+01
37 5.9571994700e-01 3.3812882365e-02 6.9093725336e+00 5.8735660603e+01
38 5.9556868508e-01 3.3680466366e-02 6.8787264180e+00 5.8753823790e+01
39 5.9553981900e-01 3.3766084393e-02 6.8255592321e+00 5.8190757722e+01
40 5.9540208185e-01 3.3829450251e-02 6.7926328341e+00 5.7875750772e+01
41 5.9525954717e-01 3.3921977935e-02 6.7435187581e+00 5.7368133860e+01
42 5.9527862711e-01 3.3970062780e-02 6.7104504132e+00 5.7035688031e+01
43 5.9525997073e-01 3.4051812705e-02 6.6578598513e+00 5.6515694431e+01
44 5.9523439813e-01 3.4123352955e-02 6.6155481501e+00 5.6069342419e+01
45 5.9556245620e-01 3.4922172296e-02 6.4318329213e+00 5.2769175155e+01
46 5.9558370414e-01 3.4913911700e-02 6.4361724157e+00 5.2800666618e+01
47 5.9550072721e-01 3.4859920741e-02 6.4018680305e+00 5.2256434512e+01
48 5.9539867540e-01 3.4958580481e-02 6.3497377454e+00 5.1753081621e+01
49 5.9536084650e-01 3.4979217494e-02 6.3415158092e+00 5.1659145954e+01
50 5.9536655043e-01 3.5075277554e-02 6.3367993593e+00 5.1516653992e+01
51 5.9535057602e-01 3.5089673894e-02 6.3301231598e+00 5.1443418381e+01
52 5.9521930641e-01 3.5158778947e-02 6.2971368473e+00 5.1142331410e+01
53 5.9517952699e-01 3.5203291632e-02 6.2751929421e+00 5.0915003081e+01
54 5.9542456061e-01 3.6001498387e-02 6.1019668529e+00 4.8083362318e+01
55 5.9588728374e-01 3.7480533377e-02 5.8490309504e+00 4.3612504004e+01
56 5.9620078425e-01 3.8930467783e-02 5.6169396930e+00 3.9821733734e+01
57 5.9620200981e-01 3.8933981899e-02 5.6153768569e+00 3.9806432461e+01
58 5.9618984063e-01 3.8945126752e-02 5.6114251710e+00 3.9768072797e+01
59 5.9612958348e-01 3.8993087987e-02 5.5925891841e+00 3.9610756078e+01
60 5.9613050212e-01 3.8996820232e-02 5.5906763285e+00 3.9595398292e+01
61 5.9659572152e-01 4.0219010550e-02 5.3756041776e+00 3.6446193436e+01
62 5.9670385636e-01 4.1335548139e-02 5.5099351161e+00 3.8202188974e+01
63 5.9702769945e-01 4.2038962544e-02 5.4070146433e+00 3.6635905931e+01
64 5.9688575278e-01 4.2135289958e-02 5.3747992846e+00 3.6381306638e+01
65 5.9686532330e-01 4.2177001260e-02 5.3581583816e+00 3.6250681235e+01
66 5.9679722617e-01 4.2260166454e-02 5.3263205645e+00 3.6008216694e+01
67 5.9697406558e-01 4.2836106625e-02 5.2335109322e+00 3.4705683933e+01
68 5.9690750079e-01 4.2861429756e-02 5.2282664182e+00 3.4656585192e+01
69 5.9702444926e-01 4.3500473401e-02 5.1372694282e+00 3.3375941237e+01
70 5.9684000751e-01 4.3678958364e-02 5.2790735103e+00 3.5222833469e+01
71 5.9673574695e-01 4.3730736039e-02 5.2647795276e+00 3.5109831926e+01
72 5.9698077732e-01 4.4296484045e-02 5.1676894918e+00 3.3837774112e+01
73 5.9702929246e-01 4.4290743659e-02 5.1671166080e+00 3.3831649049e+01
74 5.9701593128e-01 4.4201121749e-02 5.1389972870e+00 3.3496928630e+01
75 5.9713118743e-01 4.5131105583e-02 5.3211210962e+00 3.6462949893e+01
76 5.9705980289e-01 4.5189222491e-02 5.3104630190e+00 3.6348182178e+01
77 5.9706311500e-01 4.5191544497e-02 5.3098329407e+00 3.6339257986e+01
78 5.9715323202e-01 4.5835884711e-02 5.2127202619e+00 3.4967969335e+01
79 5.9717293228e-01 4.5855374800e-02 5.2063576559e+00 3.4902256858e+01
80 5.9761476220e-01 4.6749689584e-02 5.0565605081e+00 3.2916039855e+01
81 5.9767556736e-01 4.6746948341e-02 5.0470605577e+00 3.2852371117e+01
82 5.9766169360e-01 4.6461801577e-02 4.8837374151e+00 3.1094550036e+01
83 5.9758007788e-01 4.6409539630e-02 4.8850395901e+00 3.1138264058e+01
84 5.9721495093e-01 4.4925309292e-02 4.8367173043e+00 3.0896488009e+01
85 5.9711365582e-01 4.4949089708e-02 4.8350269585e+00 3.0875250144e+01
86 5.9712240944e-01 4.4969365042e-02 4.8274770449e+00 3.0815961594e+01
87 5.9729360117e-01 4.5567190258e-02 4.7542534334e+00 2.9792839990e+01
88 5.9748147875e-01 4.6204470733e-02 4.6660265617e+00 2.8709069460e+01
89 5.9756370559e-01 4.7141744041e-02 4.7469270457e+00 2.9595481374e+01
90 5.9760854460e-01 4.8026303207e-02 4.8031950037e+00 3.0107866859e+01
91 5.9778228178e-01 4.8606958850e-02 4.7240397657e+00 2.9114259134e+01
92 5.9829189561e-01 5.0310155743e-02 4.6816033598e+00 2.8470823341e+01
93 5.9803548172e-01 4.9720413216e-02 4.7586902843e+00 2.9500709481e+01
94 5.9753206821e-01 4.8178947898e-02 4.7317962119e+00 2.9568430400e+01
95 5.9806913743e-01 4.9314442892e-02 4.5973104045e+00 2.7785742645e+01
96 5.9829453826e-01 4.9826213416e-02 4.5397239068e+00 2.7014151324e+01
97 5.9851586797e-01 5.0234874593e-02 4.4714118245e+00 2.6169248488e+01
98 5.9845412342e-01 5.0126285916e-02 4.4742312358e+00 2.6248274697e+01
99 5.9847064505e-01 5.0150206406e-02 4.4665170580e+00 2.6192642092e+01
100 5.9845894160e-01 5.0163204740e-02 4.4630450343e+00 2.6170476874e+01
101 5.9824174079e-01 4.9280156877e-02 4.3832791442e+00 2.5355781050e+01
102 5.9834069767e-01 4.9848804133e-02 4.3221972068e+00 2.4619613068e+01
103 5.9831778159e-01 4.9854614001e-02 4.3219415467e+00 2.4616118799e+01
104 5.9839769861e-01 5.0810776699e-02 4.4062396338e+00 2.5524329788e+01
105 5.9836005131e-01 5.0837391279e-02 4.4008585717e+00 2.5484668309e+01
106 5.9857681025e-01 5.1296347622e-02 4.3451978767e+00 2.4820513226e+01
107 5.9892069569e-01 5.2619134424e-02 4.3648655107e+00 2.4928466953e+01
108 5.9891599132e-01 5.2789066445e-02 4.3521051715e+00 2.4777367171e+01
109 5.9916787594e-01 5.3290392564e-02 4.2925428653e+00 2.4106308495e+01
110 5.9931745087e-01 5.3840716026e-02 4.2311522900e+00 2.3429441736e+01
111 5.9981099435e-01 5.4891831431e-02 4.1145479998e+00 2.2176693917e+01
112 6.0021351467e-01 5.5818365486e-02 4.0141864024e+00 2.1120156378e+01
113 6.0059418136e-01 5.6767170985e-02 3.9262439486e+00 2.0180757649e+01
114 6.0058703856e-01 5.6773849490e-02 3.9272877751e+00 2.0184730455e+01
115 6.0045928093e-01 5.6837540573e-02 3.9187948866e+00 2.0131701739e+01
116 6.0046663066e-01 5.6917954439e-02 3.9155875300e+00 2.0106110041e+01
117 6.0004430146e-01 5.5835192987e-02 3.9091942927e+00 2.0181934564e+01
118 5.9986886874e-01 5.5976687747e-02 3.8820265533e+00 2.0036711112e+01
119 5.9983733039e-01 5.5992017713e-02 3.8799578372e+00 2.0024165855e+01
120 5.9979591765e-01 5.6050148367e-02 3.8678571165e+00 1.9955636685e+01
121 5.9982497080e-01 5.6079551084e-02 3.8601260064e+00 1.9906518492e+01
122 5.9978306978e-01 5.6094758953e-02 3.8589388630e+00 1.9896569961e+01
123 5.9974909124e-01 5.6125439881e-02 3.8527102428e+00 1.9865203817e+01
124 5.9993892302e-01 5.6443575158e-02 3.7753217211e+00 1.9065187476e+01
125 6.0005125447e-01 5.6918756293e-02 3.7332013536e+00 1.8635281646e+01
126 6.0009787615e-01 5.6935369996e-02 3.7293793016e+00 1.8615291830e+01
127 6.0008262629e-01 5.6915079393e-02 3.7240946571e+00 1.8598688006e+01
128 6.0062028515e-01 5.8576086687e-02 3.7222852622e+00 1.8577527497e+01
129 6.0056125658e-01 5.8392504995e-02 3.6320639889e+00 1.7830103371e+01
130 6.0052183813e-01 5.8417338919e-02 3.6285065565e+00 1.7810567206e+01
131 6.0048483131e-01 5.8449768466e-02 3.6233171873e+00 1.7781275341e+01
132 6.0063216438e-01 5.8979535721e-02 3.5832241016e+00 1.7380720656e+01
133 6.0081679251e-01 5.9405576364e-02 3.5413942854e+00 1.7020673965e+01
134 6.0073538974e-01 5.9310974450e-02 3.5469205226e+00 1.7078989746e+01
135 6.0072500566e-01 5.9345295504e-02 3.5398385891e+00 1.7043522893e+01
136 6.0106213219e-01 6.0501313316e-02 3.5424149742e+00 1.6970571884e+01
137 6.0102689251e-01 6.0525802321e-02 3.5390228586e+00 1.6952332800e+01
138 6.0125760161e-01 6.0834822075e-02 3.5063440769e+00 1.6662358371e+01
139 6.0125984728e-01 6.0797099954e-02 3.5056505122e+00 1.6672869917e+01
140 6.0156354931e-01 6.1695650990e-02 3.4976133497e+00 1.6539407904e+01
141 6.0148224171e-01 6.1939025667e-02 3.5245776675e+00 1.6872996058e+01
142 6.0176573077e-01 6.3387221201e-02 3.6055547989e+00 1.7549358892e+01
143 6.0174632411e-01 6.3417153660e-02 3.6007996973e+00 1.7522664166e+01
144 6.0174941817e-01 6.3444287081e-02 3.5959758556e+00 1.7492430688e+01
145 6.0197113880e-01 6.3820933307e-02 3.5627399550e+00 1.7172913241e+01
146 6.0227014587e-01 6.4244389359e-02 3.5290208893e+00 1.6841208423e+01
147 6.0228351907e-01 6.4266407657e-02 3.5241972674e+00 1.6815860474e+01
148 6.0228454538e-01 6.4270512670e-02 3.5260397689e+00 1.6818017683e+01
149 6.0228349780e-01 6.4326286039e-02 3.5233631542e+00 1.6793719901e+01
150 6.0227921373e-01 6.4366639162e-02 3.5155188660e+00 1.6754140366e+01
151 6.0241734414e-01 6.4689785936e-02 3.4585856496e+00 1.6113095049e+01
152 6.0231408385e-01 6.4717476718e-02 3.4579356072e+00 1.6108342821e+01
153 6.0247020079e-01 6.5310568058e-02 3.4202781620e+00 1.5759673706e+01
154 6.0234200245e-01 6.4507285326e-02 3.3854268986e+00 1.5515137437e+01
155 6.0257814284e-01 6.5340531570e-02 3.3736906488e+00 1.5362346842e+01
156 6.0279052281e-01 6.5646597441e-02 3.3399982252e+00 1.5104641275e+01
157 6.0289441250e-01 6.6428744358e-02 3.3707114027e+00 1.5368506709e+01
158 6.0279236113e-01 6.6752572948e-02 3.4411464263e+00 1.5963930612e+01
159 6.0282789599e-01 6.6675955272e-02 3.4424597170e+00 1.5997185202e+01
160 6.0300694567e-01 6.7190423704e-02 3.4037998772e+00 1.5652460914e+01
161 6.0303271026e-01 6.7208427990e-02 3.4024958479e+00 1.5642649863e+01
162 6.0322231790e-01 6.7855513669e-02 3.4229811622e+00 1.5766036273e+01
163 6.0317557062e-01 6.7861365342e-02 3.4242967361e+00 1.5769721008e+01
164 6.0345724254e-01 6.8192321886e-02 3.3923963755e+00 1.5504406567e+01
165 6.0360002639e-01 6.8574132966e-02 3.3592356819e+00 1.5230138262e+01
166 6.0384729661e-01 6.9077005064e-02 3.3417319547e+00 1.5113269511e+01
167 6.0408714304e-01 6.9404944028e-02 3.3113697832e+00 1.4866786528e+01
168 6.0404473380e-01 6.9383247819e-02 3.3105368570e+00 1.4874817261e+01
169 6.0373478507e-01 6.8123109226e-02 3.2118735831e+00 1.3961575510e+01
170 6.0400779821e-01 6.8037298057e-02 3.1109548113e+00 1.3130626508e+01
171 6.0390926130e-01 6.7925236136e-02 3.0977737435e+00 1.3022938465e+01
172 6.0392418024e-01 6.7935119375e-02 3.0939198734e+00 1.3006577754e+01
173 6.0388883095e-01 6.7993278238e-02 3.0933271885e+00 1.3006108812e+01
174 6.0378996408e-01 6.8035437379e-02 3.0907841135e+00 1.2992753727e+01
175 6.0382824965e-01 6.8097544435e-02 3.0886564460e+00 1.2980163354e+01
176 6.0434833504e-01 6.8638108031e-02 3.0463433648e+00 1.2638077218e+01
177 6.0472385521e-01 6.9307994641e-02 2.9957632719e+00 1.2258321577e+01
178 6.0494741457e-01 6.9605018197e-02 2.9782728616e+00 1.2129917427e+01
179 6.0516656860e-01 6.9966346540e-02 2.9542001642e+00 1.1943553602e+01
180 6.0513937266e-01 6.9987613984e-02 2.9543939681e+00 1.1940604112e+01
181 6.0509375934e-01 7.0037693389e-02 2.9478695545e+00 1.1917155071e+01
182 6.0548767061e-01 7.1020823626e-02 2.9556351868e+00 1.1970219517e+01
183 6.0549139353e-01 7.0978737410e-02 2.9559225901e+00 1.1978387502e+01
184 6.0509298505e-01 7.0123086949e-02 2.9559813262e+00 1.2009061737e+01
185 6.0522336749e-01 7.0688989355e-02 2.9650602420e+00 1.2064567939e+01
186 6.0515613899e-01 7.0639417485e-02 2.9613321085e+00 1.2064689746e+01
187 6.0540990022e-01 7.1021319063e-02 2.9311053787e+00 1.1861592458e+01
188 6.0524513299e-01 7.0574793822e-02 2.8993408115e+00 1.1605583341e+01
189 6.0592443343e-01 7.2045034796e-02 2.9062821253e+00 1.1737490323e+01
190 6.0594519017e-01 7.2055472570e-02 2.9038874742e+00 1.1727539798e+01
191 6.0554834844e-01 7.1668567539e-02 2.9218388323e+00 1.1905683472e+01
192 6.0570358436e-01 7.2543759386e-02 3.0002261554e+00 1.2668498843e+01
193 6.0568538571e-01 7.2515646302e-02 2.9994243198e+00 1.2671941361e+01
194 6.0567227843e-01 7.2510455766e-02 3.0009915048e+00 1.2677253743e+01
195 6.0595929676e-01 7.3870151475e-02 3.0578398735e+00 1.3085833680e+01
196 6.0614553059e-01 7.4225869018e-02 3.0348880813e+00 1.2915576444e+01
197 6.0544912677e-01 7.2705122316e-02 3.0601237486e+00 1.3220466041e+01
198 6.0583178328e-01 7.3378888902e-02 3.0097928397e+00 1.2828888598e+01
199 6.0555875192e-01 7.3029137295e-02 3.0316403130e+00 1.3019074332e+01
200 6.0579866014e-01 7.3995548186e-02 3.0470200627e+00 1.3138708264e+01
201 6.0580155913e-01 7.3976317425e-02 3.0500363569e+00 1.3151041164e+01
202 6.0558595878e-01 7.3468282883e-02 3.0442310358e+00 1.3169640362e+01
203 6.0602745798e-01 7.4100840831e-02 2.9972327414e+00 1.2793887710e+01
204 6.0581752386e-01 7.3322529585e-02 2.9712272930e+00 1.2637218421e+01
205 6.0557471882e-01 7.2613895466e-02 2.9215636241e+00 1.2231283477e+01
206 6.0542538488e-01 7.2064100621e-02 2.9442392709e+00 1.2441959357e+01
207 6.0551083200e-01 7.2536067287e-02 2.9580405031e+00 1.2498954658e+01
208 6.0536302484e-01 7.1936784506e-02 2.9247605199e+00 1.2271534266e+01
209 6.0516542544e-01 7.1058226601e-02 2.9013889573e+00 1.2139294323e+01
210 6.0538507353e-01 7.1397193104e-02 2.8786023252e+00 1.1964797210e+01
211 6.0554687147e-01 7.1926551836e-02 2.8799866340e+00 1.1932480764e+01
212 6.0566980509e-01 7.2174158638e-02 2.8530920094e+00 1.1773772597e+01
213 6.0604415850e-01 7.3228077127e-02 2.8602112885e+00 1.1775006532e+01
214 6.0634201357e-01 7.3771635598e-02 2.8413661436e+00 1.1596782504e+01
215 6.0677194992e-01 7.5135982714e-02 2.8698558652e+00 1.1809731240e+01
216 6.0676038739e-01 7.5155120923e-02 2.8677766475e+00 1.1799909128e+01
217 6.0663693838e-01 7.4704318144e-02 2.8593935156e+00 1.1776037770e+01
218 6.0701046891e-01 7.5559265572e-02 2.8500006151e+00 1.1646378351e+01
219 6.0692093773e-01 7.5530773612e-02 2.8469798192e+00 1.1642427171e+01
220 6.0671852013e-01 7.4840257859e-02 2.8089241684e+00 1.1367823410e+01
221 6.0663260900e-01 7.4822420326e-02 2.8093929360e+00 1.1373409805e+01
222 6.0660847238e-01 7.4756175235e-02 2.7766909247e+00 1.1180969375e+01
223 6.0654958800e-01 7.4713752712e-02 2.7750482934e+00 1.1188311040e+01
224 6.0653757419e-01 7.4730825211e-02 2.7730770369e+00 1.1180529588e+01
225 6.0627161622e-01 7.4493586013e-02 2.7894964270e+00 1.1309846718e+01
226 6.0669658720e-01 7.5329107195e-02 2.7788761804e+00 1.1181086390e+01
227 6.0687451475e-01 7.5636379371e-02 2.7540035707e+00 1.1028896719e+01
228 6.0674283714e-01 7.4807712313e-02 2.7011063880e+00 1.0637308892e+01
229 6.0671029165e-01 7.4859770488e-02 2.6947611524e+00 1.0615275809e+01
230 6.0654288383e-01 7.4295642670e-02 2.6625103242e+00 1.0388870627e+01
231 6.0668472537e-01 7.4371229708e-02 2.6342784964e+00 1.0181827702e+01
232 6.0664112500e-01 7.4433389456e-02 2.6353744994e+00 1.0180734336e+01
233 6.0703382698e-01 7.4915025232e-02 2.6010500621e+00 9.9507801913e+00
234 6.0704025630e-01 7.4995779972e-02 2.6016048130e+00 9.9414410922e+00
235 6.0687121813e-01 7.4508399078e-02 2.5818554820e+00 9.8251419178e+00
236 6.0675664174e-01 7.4175782502e-02 2.5956305884e+00 9.9409159658e+00
237 6.0668254616e-01 7.4176094203e-02 2.5973394559e+00 9.9442929345e+00
238 6.0671593697e-01 7.4196380061e-02 2.5966919996e+00 9.9371497778e+00
239 6.0689543960e-01 7.4541016224e-02 2.5740811297e+00 9.7966028224e+00
240 6.0659136106e-01 7.4122348756e-02 2.5908442336e+00 9.9354730320e+00
241 6.0653744009e-01 7.4169224770e-02 2.5871310437e+00 9.9189350938e+00
242 6.0672449711e-01 7.4374863159e-02 2.5710049116e+00 9.8137151293e+00
243 6.0652583730e-01 7.4091056040e-02 2.5859251581e+00 9.9316627849e+00
244 6.0646090678e-01 7.3454000835e-02 2.5028562269e+00 9.1456031039e+00
245 6.0641995472e-01 7.3453536803e-02 2.5015038186e+00 9.1461858471e+00
246 6.0641532559e-01 7.3614026007e-02 2.5031405190e+00 9.1600535952e+00
247 6.0641230993e-01 7.3580610116e-02 2.5046537646e+00 9.1733887636e+00
248 6.0662117119e-01 7.3927677888e-02 2.4863345519e+00 9.0524206523e+00
249 6.0655502922e-01 7.4007957512e-02 2.4851311016e+00 9.0466071862e+00
250 6.0649862215e-01 7.4054307874e-02 2.4819896646e+00 9.0322728625e+00
251 6.0649743525e-01 7.4962368482e-02 2.5426717488e+00 9.4460592221e+00
252 6.0685609784e-01 7.5365750859e-02 2.5278085938e+00 9.3350138895e+00
253 6.0689990939e-01 7.6022956139e-02 2.5555189161e+00 9.5323204537e+00
254 6.0661724611e-01 7.5736887195e-02 2.5689223036e+00 9.6412814515e+00
255 6.0665184859e-01 7.5726134087e-02 2.5646572980e+00 9.6381544356e+00
256 6.0661997367e-01 7.5704115329e-02 2.5660059201e+00 9.6474790541e+00
257 6.0629323430e-01 7.5357389504e-02 2.5832912788e+00 9.7811849642e+00
258 6.0624528082e-01 7.5420518970e-02 2.5817172693e+00 9.7691984440e+00
259 6.0667678632e-01 7.6098998528e-02 2.5461409987e+00 9.5092791912e+00
260 6.0691153307e-01 7.6398563575e-02 2.5277705950e+00 9.3871604098e+00
261 6.0687556843e-01 7.6440816219e-02 2.5232956190e+00 9.3736618535e+00
262 6.0702037684e-01 7.6859484657e-02 2.5081665034e+00 9.2545964905e+00
263 6.0720607301e-01 7.7131183538e-02 2.4881496630e+00 9.1410658677e+00
264 6.0714090788e-01 7.7120159777e-02 2.4887622585e+00 9.1461368595e+00
265 6.0692080337e-01 7.6626124761e-02 2.4742234027e+00 9.0901311606e+00
266 6.0715299384e-01 7.6909910640e-02 2.4553318922e+00 8.9746493756e+00
267 6.0690374675e-01 7.5917441341e-02 2.3967723937e+00 8.5167408337e+00
268 6.0705356045e-01 7.6464729344e-02 2.4125508431e+00 8.6160664865e+00
269 6.0743508431e-01 7.7580340249e-02 2.4273007617e+00 8.7267957383e+00
270 6.0739401253e-01 7.7522207704e-02 2.4246574992e+00 8.7253565897e+00
271 6.0735437961e-01 7.7542687148e-02 2.4201926711e+00 8.7110719625e+00
272 6.0738702828e-01 7.7577296505e-02 2.4204191118e+00 8.7099813501e+00
273 6.0742251321e-01 7.7564197786e-02 2.4187031429e+00 8.7050529967e+00
274 6.0732428857e-01 7.7623534484e-02 2.4150425162e+00 8.6930216650e+00
275 6.0710076724e-01 7.6994303250e-02 2.3848110063e+00 8.4995953692e+00
276 6.0725247559e-01 7.7461685143e-02 2.3964156190e+00 8.5610929670e+00
277 6.0729065613e-01 7.7106387814e-02 2.3487191514e+00 8.2275109631e+00
278 6.0740054235e-01 7.7475250018e-02 2.3336275296e+00 8.1280204864e+00
279 6.0764417747e-01 7.7820367044e-02 2.3186808533e+00 8.0350097088e+00
280 6.0766597811e-01 7.7950231509e-02 2.3147983127e+00 8.0216085181e+00
281 6.0777330980e-01 7.8377806188e-02 2.3130108287e+00 7.9977839438e+00
282 6.0725242392e-01 7.7731251423e-02 2.3147203069e+00 8.0105276437e+00
283 6.0740140611e-01 7.8264685680e-02 2.3392243892e+00 8.1679737583e+00
284 6.0711716232e-01 7.7994311282e-02 2.3553651301e+00 8.2641633973e+00
285 6.0720079451e-01 7.8617078206e-02 2.3810300735e+00 8.4506512764e+00
286 6.0691383620e-01 7.8515748663e-02 2.3919990844e+00 8.5223151415e+00
287 6.0689743528e-01 7.8616714829e-02 2.3887409033e+00 8.5024912561e+00
288 6.0727574083e-01 7.9369040265e-02 2.3615584245e+00 8.3079776829e+00
289 6.0677599678e-01 7.8450170026e-02 2.3637597159e+00 8.3628181751e+00
290 6.0705597550e-01 7.8666132414e-02 2.3452961017e+00 8.2671231220e+00
291 6.0701836020e-01 7.8691324048e-02 2.3433902835e+00 8.2626288212e+00
292 6.0713627966e-01 7.9304177172e-02 2.3750457376e+00 8.4817187249e+00
293 6.0673952153e-01 7.8492386294e-02 2.3607507409e+00 8.3844801279e+00
294 6.0712233714e-01 7.9101066888e-02 2.3307126893e+00 8.1901115530e+00
295 6.0749537290e-01 8.0055525980e-02 2.3381118267e+00 8.2138067193e+00
296 6.0747502787e-01 8.0077541985e-02 2.3338853400e+00 8.1998378705e+00
297 6.0763889342e-01 8.0297649210e-02 2.3167135792e+00 8.1122053982e+00
298 6.0763379398e-01 8.0331359069e-02 2.3133185877e+00 8.1002374706e+00
299 6.0803869953e-01 8.0689297817e-02 2.2931664429e+00 7.9709426974e+00
300 6.0833639088e-01 8.1763867666e-02 2.3422178219e+00 8.2872343060e+00
301 6.0860864917e-01 8.2971428778e-02 2.3870677761e+00 8.5735011034e+00
302 6.0861075340e-01 8.2949202475e-02 2.3865411774e+00 8.5758375409e+00
303 6.0890452110e-01 8.3274743163e-02 2.3686007994e+00 8.4681065044e+00
304 6.0883638727e-01 8.3416348347e-02 2.3634542064e+00 8.4434435299e+00
305 6.0880775743e-01 8.3373057893e-02 2.3722034794e+00 8.5357915194e+00
306 6.0897564488e-01 8.4000066587e-02 2.3985373313e+00 8.7218015274e+00
307 6.0921832137e-01 8.4221443767e-02 2.3842235744e+00 8.6329935851e+00
308 6.0946553542e-01 8.4485993386e-02 2.3701962075e+00 8.5405112483e+00
309 6.0913496178e-01 8.3915969114e-02 2.3805653754e+00 8.6324428251e+00
310 6.0887520869e-01 8.3427752273e-02 2.3577850066e+00 8.4864458413e+00
311 6.0877543782e-01 8.3497923589e-02 2.3572250438e+00 8.4777975890e+00
312 6.0877418535e-01 8.3300482591e-02 2.3382664389e+00 8.3501507374e+00
313 6.0896003987e-01 8.3689309027e-02 2.3290538844e+00 8.3034605583e+00
314 6.0936716992e-01 8.4090142576e-02 2.2915357399e+00 8.0486096983e+00
315 6.0935507061e-01 8.4840910928e-02 2.3209244541e+00 8.1977331106e+00
316 6.0977544879e-01 8.5687129270e-02 2.3330734731e+00 8.2900180184e+00
317 6.0987477253e-01 8.6204293118e-02 2.3484355299e+00 8.3678739582e+00
318 6.0994979519e-01 8.6180157329e-02 2.3482584699e+00 8.3687051668e+00
319 6.0998849144e-01 8.6670228214e-02 2.3719131811e+00 8.5561475395e+00
320 6.0967591221e-01 8.5595686189e-02 2.3615690602e+00 8.5107115481e+00
321 6.0973228233e-01 8.5563573278e-02 2.3617225125e+00 8.5125231788e+00
322 6.0965727560e-01 8.5144128337e-02 2.3356772267e+00 8.3160764415e+00
323 6.0969826772e-01 8.5201261905e-02 2.3149842753e+00 8.2093772111e+00
324 6.0962151509e-01 8.5318156465e-02 2.3186498041e+00 8.2384614324e+00
325 6.0955968303e-01 8.5341829589e-02 2.3184924142e+00 8.2363246125e+00
326 6.0980258398e-01 8.5506349211e-02 2.3155361977e+00 8.2386039787e+00
327 6.0974089181e-01 8.5409991146e-02 2.3117033507e+00 8.2156387156e+00
328 6.0956108212e-01 8.4855330328e-02 2.2898234984e+00 8.0812402358e+00
329 6.0956435531e-01 8.4931765375e-02 2.2868551692e+00 8.0665669771e+00
330 6.0975675782e-01 8.5288523179e-02 2.2734912575e+00 7.9848519494e+00
331 6.0970585719e-01 8.5275999671e-02 2.2743223377e+00 7.9899232274e+00
332 6.1001072902e-01 8.5569121778e-02 2.2595591683e+00 7.8998452794e+00
333 6.1016800415e-01 8.5811639669e-02 2.2483143375e+00 7.8270437489e+00
334 6.1051364057e-01 8.6576435482e-02 2.2481980155e+00 7.8130420832e+00
335 6.1069969305e-01 8.6770160201e-02 2.2365557932e+00 7.7450007137e+00
336 6.1070203858e-01 8.6867175549e-02 2.2340474751e+00 7.7305048482e+00
337 6.1067814176e-01 8.6864554407e-02 2.2357680001e+00 7.7378850166e+00
338 6.1088296159e-01 8.7176508994e-02 2.2239250026e+00 7.6596382182e+00
339 6.1125917514e-01 8.7909969249e-02 2.2236680367e+00 7.6602491519e+00
340 6.1160964568e-01 8.8223700049e-02 2.2007886733e+00 7.5250591721e+00
341 6.1194173753e-01 8.9178148424e-02 2.2264809777e+00 7.6535011305e+00
342 6.1110875204e-01 8.7859896666e-02 2.2490012984e+00 7.7986193609e+00
343 6.1106896747e-01 8.7811564521e-02 2.2490127694e+00 7.8043992411e+00
344 6.1126872310e-01 8.7961307316e-02 2.2390045395e+00 7.7459990148e+00
345 6.1089737050e-01 8.7397175435e-02 2.2559098344e+00 7.8701243391e+00
346 6.1083990605e-01 8.7467614315e-02 2.2567542490e+00 7.8675333905e+00
347 6.1036148656e-01 8.6518273880e-02 2.2376668976e+00 7.7405589032e+00
348 6.1041992339e-01 8.6546813078e-02 2.2374451514e+00 7.7391372367e+00
349 6.1079326495e-01 8.7367487119e-02 2.2435224870e+00 7.7711553604e+00
350 6.1065432329e-01 8.6977388143e-02 2.2260341260e+00 7.6903620266e+00
351 6.1045233522e-01 8.6595246041e-02 2.2408775338e+00 7.7852484759e+00
352 6.1040626301e-01 8.6662782022e-02 2.2379131398e+00 7.7715365806e+00
353 6.1064258755e-01 8.6831646037e-02 2.2242284668e+00 7.6954955675e+00
354 6.1110707093e-01 8.7397239997e-02 2.2036028493e+00 7.5744424935e+00
355 6.1126288498e-01 8.7684202254e-02 2.1906595173e+00 7.4959974566e+00
356 6.1129559641e-01 8.7382309495e-02 2.1528713838e+00 7.2556368958e+00
357 6.1179234608e-01 8.7955793434e-02 2.1277499131e+00 7.1072998661e+00
358 6.1201625273e-01 8.8206611938e-02 2.1128139232e+00 7.0363143822e+00
359 6.1240796098e-01 8.8887002308e-02 2.1154965455e+00 7.0581715455e+00
360 6.1224842612e-01 8.8441156954e-02 2.1012296373e+00 6.9574816998e+00
361 6.1205202361e-01 8.8010507693e-02 2.0803445884e+00 6.8551322581e+00
362 6.1207179847e-01 8.8031583876e-02 2.0772540243e+00 6.8482811846e+00
363 6.1234115461e-01 8.8635205568e-02 2.0855086228e+00 6.9012827463e+00
364 6.1240294148e-01 8.8642529550e-02 2.0596899065e+00 6.7705640667e+00
365 6.1253963641e-01 8.9088193611e-02 2.0656117971e+00 6.7914324124e+00
