1 5.9282947138e-01 1.1102230246e-16 1.0000000000e+00 1.0000000000e+00
2 5.9324994344e-01 1.0465903216e-02 2.1177346467e+01 4.6829639514e+02
3 5.9320425756e-01 1.0508143461e-02 2.0921888936e+01 4.6120600885e+02
4 5.9319881179e-01 1.0562488806e-02 2.0610631604e+01 4.5186027468e+02
5 5.9345201722e-01 1.2890590202e-02 1.7150432943e+01 3.0823396733e+02
6 5.9371949410e-01 1.4840847645e-02 1.5019210547e+01 2.3436705401e+02
7 5.9374279221e-01 1.4853967968e-02 1.4976188289e+01 2.3344759868e+02
8 5.9371449889e-01 1.4866951689e-02 1.4941435554e+01 2.3274788912e+02
9 5.9372442574e-01 1.5354187354e-02 1.4976467184e+01 2.3495104778e+02
10 5.9373251198e-01 1.5387798550e-02 1.4880070106e+01 2.3287993403e+02
11 5.9388142654e-01 1.7209814273e-02 1.3015919227e+01 1.8155601407e+02
12 5.9379319235e-01 1.7317059292e-02 1.2762772671e+01 1.7743249130e+02
13 5.9378750773e-01 1.7418024483e-02 1.2524741689e+01 1.7343099047e+02
14 5.9382838380e-01 1.7502831913e-02 1.2338480236e+01 1.6999633225e+02
15 5.9422237274e-01 2.0395357475e-02 1.0664577268e+01 1.2483959591e+02
16 5.9412407553e-01 2.0518467964e-02 1.0459652315e+01 1.2213946151e+02
17 5.9436095767e-01 2.1787691634e-02 9.9036839352e+00 1.0840759613e+02
18 5.9428850866e-01 2.1876767369e-02 9.7795343751e+00 1.0681136416e+02
19 5.9426600906e-01 2.1883252805e-02 9.7736839376e+00 1.0672514865e+02
20 5.9487205777e-01 2.5368159090e-02 8.4697578087e+00 7.9096145558e+01
21 5.9485090295e-01 2.5432416010e-02 8.4009784363e+00 7.8343789291e+01
22 5.9482839737e-01 2.5485981258e-02 8.3430905033e+00 7.7731925398e+01
23 5.9486216577e-01 2.5518178816e-02 8.3084751635e+00 7.7298143748e+01
24 5.9479308355e-01 2.5566589152e-02 8.2661514195e+00 7.6806945625e+01
25 5.9501363911e-01 2.6591420016e-02 7.9768644202e+00 7.1057249336e+01
26 5.9533393130e-01 2.7593652827e-02 7.6900819139e+00 6.5813695229e+01
27 5.9558936293e-01 2.8549426076e-02 7.4417061180e+00 6.1408424346e+01
28 5.9600989574e-01 3.0161390170e-02 7.0160689743e+00 5.4329995804e+01
29 5.9606602557e-01 3.0181888203e-02 6.9975253921e+00 5.4131958777e+01
30 5.9606952384e-01 3.0191983631e-02 6.9899588472e+00 5.4056584283e+01
31 5.9625747934e-01 3.1085784558e-02 6.7853071628e+00 5.0925995707e+01
32 5.9617651322e-01 3.1176015025e-02 6.7212785048e+00 5.0438661636e+01
33 5.9615418976e-01 3.1238081187e-02 6.6790328363e+00 5.0067578667e+01
34 5.9606626440e-01 3.1315555587e-02 6.6323688706e+00 4.9657190432e+01
35 5.9606663896e-01 3.1242319842e-02 6.6184276362e+00 4.9544452204e+01
36 5.9630575069e-01 3.2083213307e-02 6.4555687357e+00 4.6984416677e+01
37 5.9645525505e-01 3.2919082483e-02 6.3000711715e+00 4.4636500488e+01
38 5.9670248118e-01 3.3723291828e-02 6.1519790106e+00 4.2484683975e+01
39 5.9690998903e-01 3.4573098882e-02 5.9995076367e+00 4.0398034603e+01
40 5.9693188959e-01 3.4785066143e-02 6.0072482801e+00 4.0517162264e+01
41 5.9710085501e-01 3.5572150664e-02 5.8658013455e+00 3.8653114835e+01
42 5.9710842184e-01 3.5572690177e-02 5.8648782151e+00 3.8645785851e+01
43 5.9722574214e-01 3.6427820306e-02 5.6906212900e+00 3.6635345785e+01
44 5.9741867433e-01 3.7154905750e-02 5.5794556388e+00 3.5165739480e+01
45 5.9783237704e-01 3.8573993650e-02 5.3655437125e+00 3.2497476019e+01
46 5.9818781567e-01 4.0067942865e-02 5.1535903208e+00 3.0084827785e+01
47 5.9842045289e-01 4.0759154500e-02 5.0508112488e+00 2.8954569398e+01
48 5.9843436235e-01 4.0815550621e-02 5.0268713808e+00 2.8791303324e+01
49 5.9845122851e-01 4.0811971882e-02 5.0271819108e+00 2.8792885533e+01
50 5.9845165092e-01 4.0813905296e-02 5.0260228865e+00 2.8787433937e+01
51 5.9839022104e-01 4.0909084525e-02 4.9879672223e+00 2.8567628168e+01
52 5.9827574093e-01 4.0885933592e-02 4.9769531542e+00 2.8497576942e+01
53 5.9845099455e-01 4.1623138193e-02 4.8961436541e+00 2.7560458148e+01
54 5.9848082739e-01 4.1625889664e-02 4.8930630696e+00 2.7538880103e+01
55 5.9860790906e-01 4.2755902675e-02 5.0585906782e+00 3.0128636610e+01
56 5.9865809941e-01 4.2933407606e-02 5.0584664239e+00 3.0110831774e+01
57 5.9868167277e-01 4.2882688293e-02 5.0433306843e+00 2.9990944198e+01
58 5.9859071597e-01 4.2950296655e-02 5.0216532104e+00 2.9849212378e+01
59 5.9882194612e-01 4.3488828825e-02 4.9414256325e+00 2.8883936744e+01
60 5.9951153014e-01 4.5781592751e-02 4.9569528280e+00 2.9553997748e+01
61 5.9946628984e-01 4.5808001417e-02 4.9504904793e+00 2.9506040286e+01
62 5.9967704784e-01 4.6278487260e-02 4.8794828293e+00 2.8649640313e+01
63 5.9982641887e-01 4.6836735809e-02 4.7890432544e+00 2.7684090871e+01
64 5.9975008761e-01 4.6873429103e-02 4.7809252369e+00 2.7630638827e+01
65 5.9993214991e-01 4.7437361480e-02 4.7079816818e+00 2.6779350631e+01
66 5.9990967391e-01 4.7396063924e-02 4.7032006339e+00 2.6777446945e+01
67 6.0019833119e-01 4.7991378213e-02 4.6349905100e+00 2.5969703983e+01
68 6.0046670376e-01 4.8519260108e-02 4.5692424769e+00 2.5223425160e+01
69 6.0087340546e-01 4.9987489848e-02 4.5866493165e+00 2.5513292466e+01
70 6.0149169170e-01 5.1823838067e-02 4.5366760863e+00 2.4972166033e+01
71 6.0147358025e-01 5.1845481244e-02 4.5316316082e+00 2.4937075656e+01
72 6.0125614328e-01 5.1359013948e-02 4.5910129263e+00 2.5609560959e+01
73 6.0123921181e-01 5.1390036508e-02 4.5831749616e+00 2.5554918833e+01
74 6.0142068017e-01 5.1975396130e-02 4.5101529145e+00 2.4782757290e+01
75 6.0097609545e-01 5.0615255204e-02 4.4953346683e+00 2.4630276659e+01
76 6.0079580529e-01 5.0118279079e-02 4.5512590336e+00 2.5282863204e+01
77 6.0069147338e-01 5.0128813239e-02 4.5160521831e+00 2.4892089278e+01
78 6.0087108272e-01 5.1088197826e-02 4.5887285539e+00 2.5705090624e+01
79 6.0084611478e-01 5.1135255154e-02 4.5879570782e+00 2.5686892561e+01
80 6.0084143930e-01 5.1170159471e-02 4.5775373224e+00 2.5619957498e+01
81 6.0083456396e-01 5.1212523439e-02 4.5652093749e+00 2.5539304655e+01
82 6.0125840589e-01 5.2170799126e-02 4.4380671600e+00 2.4194540474e+01
83 6.0126484627e-01 5.2175623328e-02 4.4362536758e+00 2.4183662526e+01
84 6.0169058230e-01 5.2921783720e-02 4.3289065517e+00 2.3094624532e+01
85 6.0197890382e-01 5.3444031386e-02 4.2735858234e+00 2.2487164295e+01
86 6.0199036677e-01 5.3439279881e-02 4.2742553739e+00 2.2491334707e+01
87 6.0226379028e-01 5.4757430110e-02 4.2547419335e+00 2.2298237051e+01
88 6.0247975440e-01 5.5666039121e-02 4.2924150209e+00 2.2626438426e+01
89 6.0246304622e-01 5.5741659339e-02 4.2843599986e+00 2.2557914177e+01
90 6.0246775847e-01 5.5746577833e-02 4.2827477342e+00 2.2548703664e+01
91 6.0231341980e-01 5.5752404007e-02 4.2723823773e+00 2.2537449933e+01
92 6.0226858505e-01 5.5796144361e-02 4.2629492434e+00 2.2482870744e+01
93 6.0234327446e-01 5.5775405334e-02 4.2596656038e+00 2.2472616611e+01
94 6.0236197958e-01 5.5739541980e-02 4.2558245564e+00 2.2460960993e+01
95 6.0266266966e-01 5.5758457275e-02 4.1004880057e+00 2.0944645928e+01
96 6.0260849084e-01 5.5758240446e-02 4.0916186177e+00 2.0910339658e+01
97 6.0264515995e-01 5.5749996097e-02 4.0916960014e+00 2.0911768029e+01
98 6.0265762482e-01 5.5754951766e-02 4.0899096895e+00 2.0900688860e+01
99 6.0265011532e-01 5.5762851579e-02 4.0842064916e+00 2.0870456021e+01
100 6.0270771360e-01 5.5851999266e-02 4.0805513890e+00 2.0901568775e+01
101 6.0260165761e-01 5.5905087538e-02 4.0728692358e+00 2.0854855617e+01
102 6.0275745162e-01 5.6352458662e-02 4.0182193649e+00 2.0352780211e+01
103 6.0346127143e-01 5.7634494625e-02 3.8895009030e+00 1.9064210390e+01
104 6.0345621620e-01 5.7630633283e-02 3.8908603314e+00 1.9070170603e+01
105 6.0398674703e-01 5.8574303818e-02 3.8088879367e+00 1.8253199353e+01
106 6.0397830110e-01 5.8536260353e-02 3.8086697221e+00 1.8264317191e+01
107 6.0414468785e-01 5.9027276161e-02 3.7563698521e+00 1.7823996714e+01
108 6.0436306613e-01 5.9493892588e-02 3.7184134087e+00 1.7456361212e+01
109 6.0448386900e-01 5.9956415575e-02 3.6772223675e+00 1.7089931929e+01
110 6.0437590363e-01 5.9960912930e-02 3.6720765831e+00 1.7074695887e+01
111 6.0434457019e-01 5.9968343515e-02 3.6721641060e+00 1.7073961064e+01
112 6.0436007205e-01 5.9945626611e-02 3.6712015821e+00 1.7075827787e+01
113 6.0457154276e-01 6.0633464408e-02 3.7012276701e+00 1.7288697000e+01
114 6.0503234965e-01 6.1447571565e-02 3.6276208580e+00 1.6625241257e+01
115 6.0494115224e-01 6.1491185565e-02 3.6230498269e+00 1.6600842309e+01
116 6.0491212850e-01 6.1560413193e-02 3.6192558406e+00 1.6568359672e+01
117 6.0490301614e-01 6.1569051150e-02 3.6179626154e+00 1.6561339968e+01
118 6.0457186794e-01 6.1000555015e-02 3.6418066482e+00 1.6796025018e+01
119 6.0462206340e-01 6.0960061710e-02 3.6447679238e+00 1.6816194605e+01
120 6.0470715474e-01 6.0970415027e-02 3.6401608686e+00 1.6784053264e+01
121 6.0465955950e-01 6.1011169763e-02 3.6336540718e+00 1.6752564900e+01
122 6.0393554892e-01 5.8787728844e-02 3.6201931901e+00 1.6659517975e+01
123 6.0418452256e-01 5.9161734710e-02 3.5793618646e+00 1.6329024862e+01
124 6.0420233062e-01 5.9120103196e-02 3.5781606897e+00 1.6333191456e+01
125 6.0443592747e-01 5.9467810274e-02 3.5451500562e+00 1.6041980583e+01
126 6.0427971164e-01 5.8820694331e-02 3.5104849146e+00 1.5768074603e+01
127 6.0473284480e-01 5.9751514049e-02 3.4460354519e+00 1.5173494731e+01
128 6.0526725529e-01 6.0682919431e-02 3.4148711966e+00 1.5060438916e+01
129 6.0544911623e-01 6.1149113757e-02 3.3795822047e+00 1.4765651743e+01
130 6.0543882915e-01 6.1192098449e-02 3.3802130198e+00 1.4758195020e+01
131 6.0534621170e-01 6.1327395328e-02 3.3701376207e+00 1.4698461611e+01
132 6.0561510178e-01 6.1713740518e-02 3.3399278213e+00 1.4437913153e+01
133 6.0558122531e-01 6.1780091219e-02 3.3400204056e+00 1.4434311551e+01
134 6.0566744705e-01 6.2506983568e-02 3.3740715612e+00 1.4735075175e+01
135 6.0565165268e-01 6.2539051297e-02 3.3692531898e+00 1.4709269222e+01
136 6.0581593193e-01 6.3300367429e-02 3.4188844846e+00 1.5184761285e+01
137 6.0582383814e-01 6.3325698943e-02 3.4137657835e+00 1.5159505013e+01
138 6.0574037424e-01 6.3280404888e-02 3.4057499022e+00 1.5099565035e+01
139 6.0574464394e-01 6.3286950679e-02 3.4045579372e+00 1.5092265522e+01
140 6.0566359126e-01 6.3287032857e-02 3.4050186354e+00 1.5095679538e+01
141 6.0559259186e-01 6.3331064684e-02 3.3999349681e+00 1.5070269999e+01
142 6.0553358271e-01 6.3194175728e-02 3.3906268393e+00 1.4964889792e+01
143 6.0553215453e-01 6.3230525660e-02 3.3892633770e+00 1.4951730915e+01
144 6.0498210422e-01 6.2230957496e-02 3.3787688146e+00 1.4902656969e+01
145 6.0497608432e-01 6.2301843988e-02 3.3741491523e+00 1.4877283356e+01
146 6.0494355276e-01 6.2336004793e-02 3.3693788379e+00 1.4852425898e+01
147 6.0481790981e-01 6.2441204515e-02 3.3649609363e+00 1.4820593342e+01
148 6.0502004447e-01 6.2850255133e-02 3.3331634727e+00 1.4548388385e+01
149 6.0502028895e-01 6.2849773477e-02 3.3332499179e+00 1.4548771050e+01
150 6.0472176602e-01 6.2737887970e-02 3.3675740328e+00 1.4919875943e+01
151 6.0470003406e-01 6.2795895915e-02 3.3671362413e+00 1.4908428160e+01
152 6.0492055743e-01 6.3132448901e-02 3.3360781042e+00 1.4655321920e+01
153 6.0484883773e-01 6.3175895900e-02 3.3312779840e+00 1.4631390113e+01
154 6.0487445033e-01 6.3181021467e-02 3.3290927871e+00 1.4621383477e+01
155 6.0496233645e-01 6.3648530124e-02 3.2915521789e+00 1.4326368327e+01
156 6.0472516716e-01 6.3310854275e-02 3.3075475305e+00 1.4539108797e+01
157 6.0427089219e-01 6.2225876570e-02 3.2819219247e+00 1.4333757536e+01
158 6.0413707698e-01 6.2340811394e-02 3.2649833868e+00 1.4263941519e+01
159 6.0412717283e-01 6.2346900018e-02 3.2643017899e+00 1.4260670832e+01
160 6.0412978167e-01 6.2358097317e-02 3.2622352867e+00 1.4249999689e+01
161 6.0432750772e-01 6.3046388725e-02 3.2943388235e+00 1.4523416670e+01
162 6.0458332637e-01 6.3435649857e-02 3.2644237756e+00 1.4266993896e+01
163 6.0466314762e-01 6.3496251804e-02 3.2600226036e+00 1.4234056060e+01
164 6.0471477537e-01 6.3532084079e-02 3.2612063381e+00 1.4234999292e+01
165 6.0471222849e-01 6.3555074080e-02 3.2601532345e+00 1.4226711036e+01
166 6.0471107026e-01 6.3582808406e-02 3.2547385936e+00 1.4204250539e+01
167 6.0512307036e-01 6.4406093200e-02 3.1891161361e+00 1.3679208247e+01
168 6.0510864369e-01 6.4411933566e-02 3.1861705797e+00 1.3668584764e+01
169 6.0528324092e-01 6.4796675807e-02 3.1616690817e+00 1.3451910098e+01
170 6.0527839124e-01 6.4771020430e-02 3.1594731960e+00 1.3451539532e+01
171 6.0470013928e-01 6.2954216515e-02 3.0850313400e+00 1.2822997332e+01
172 6.0493469065e-01 6.3372779855e-02 3.0604740152e+00 1.2613208597e+01
173 6.0463789075e-01 6.3146948267e-02 3.0759419187e+00 1.2762230456e+01
174 6.0552599064e-01 6.4975723414e-02 3.0427963575e+00 1.2469941661e+01
175 6.0575335738e-01 6.5379825131e-02 3.0151454126e+00 1.2264496524e+01
176 6.0596558042e-01 6.5849383190e-02 2.9928568661e+00 1.2073243672e+01
177 6.0614033506e-01 6.6108319770e-02 2.9721228784e+00 1.1916478743e+01
178 6.0593986099e-01 6.5429302070e-02 2.9339400243e+00 1.1618431836e+01
179 6.0585537590e-01 6.5468649156e-02 2.9314813361e+00 1.1606563139e+01
180 6.0604764103e-01 6.5759341247e-02 2.9099598507e+00 1.1446091811e+01
181 6.0598377409e-01 6.5822695742e-02 2.9235078342e+00 1.1650646510e+01
182 6.0621846130e-01 6.6233713962e-02 2.9020375549e+00 1.1474915036e+01
183 6.0635984457e-01 6.6639832879e-02 2.8770990736e+00 1.1291659080e+01
184 6.0640519557e-01 6.6723368187e-02 2.8836928129e+00 1.1309687710e+01
185 6.0657504668e-01 6.7444717490e-02 2.9296813138e+00 1.1731291789e+01
186 6.0667957856e-01 6.8142721693e-02 2.9553650235e+00 1.1925022018e+01
187 6.0688989708e-01 6.8277979365e-02 2.8794328277e+00 1.1354342128e+01
188 6.0709582180e-01 6.8926653129e-02 2.9148790209e+00 1.1642181341e+01
189 6.0711075704e-01 6.8932153996e-02 2.9135444273e+00 1.1635956377e+01
190 6.0671855270e-01 6.8016870726e-02 2.9069402689e+00 1.1594460805e+01
191 6.0661361858e-01 6.8373894615e-02 2.9651378944e+00 1.2060349105e+01
192 6.0656824364e-01 6.8370301347e-02 2.9673785911e+00 1.2070746984e+01
193 6.0651470262e-01 6.8436388955e-02 2.9688868223e+00 1.2087792937e+01
194 6.0650892901e-01 6.8464511591e-02 2.9641239867e+00 1.2070822306e+01
195 6.0670658695e-01 6.8779293617e-02 2.9392932750e+00 1.1892485561e+01
196 6.0690189903e-01 6.9302815792e-02 2.9147264679e+00 1.1687917733e+01
197 6.0713259814e-01 6.9754111191e-02 2.8828592054e+00 1.1475878926e+01
198 6.0714937627e-01 6.9750258096e-02 2.8826639920e+00 1.1475619895e+01
199 6.0700152328e-01 6.8848611896e-02 2.7982602491e+00 1.0656547398e+01
200 6.0704694420e-01 6.8944394424e-02 2.7993952905e+00 1.0657946753e+01
201 6.0722047343e-01 6.9185790502e-02 2.7787034923e+00 1.0524563829e+01
202 6.0693691176e-01 6.8770006261e-02 2.7983298365e+00 1.0677713150e+01
203 6.0698549641e-01 6.8865130605e-02 2.8078817718e+00 1.0787111860e+01
204 6.0693418466e-01 6.8884263266e-02 2.8059357672e+00 1.0784434167e+01
205 6.0718330534e-01 6.9190168326e-02 2.7845111868e+00 1.0633542529e+01
206 6.0715025146e-01 6.9215269380e-02 2.7821871411e+00 1.0624111262e+01
207 6.0714906791e-01 6.9108708294e-02 2.7801449611e+00 1.0623265665e+01
208 6.0762056043e-01 6.9858175346e-02 2.7402219884e+00 1.0326318120e+01
209 6.0797310476e-01 7.0802415056e-02 2.7443079383e+00 1.0365089056e+01
210 6.0801757437e-01 7.0811578408e-02 2.7463499436e+00 1.0381755317e+01
211 6.0791222232e-01 7.0230850031e-02 2.7074086112e+00 1.0087176189e+01
212 6.0781168630e-01 7.0284466472e-02 2.7028298595e+00 1.0075547915e+01
213 6.0794522451e-01 7.1020324656e-02 2.7484855337e+00 1.0446081647e+01
214 6.0836670211e-01 7.1623124154e-02 2.7078052293e+00 1.0166827045e+01
215 6.0879569587e-01 7.2376310133e-02 2.6726577533e+00 9.9008364451e+00
216 6.0925167074e-01 7.3207099557e-02 2.6332146081e+00 9.6238674325e+00
217 6.0952892897e-01 7.3588164758e-02 2.6155210493e+00 9.4940034323e+00
218 6.0948461875e-01 7.3619856570e-02 2.6126743798e+00 9.4858574946e+00
219 6.0955069016e-01 7.4339599882e-02 2.6474388523e+00 9.7706781572e+00
220 6.0947550066e-01 7.4376090186e-02 2.6435330150e+00 9.7565519064e+00
221 6.0960501163e-01 7.5008669994e-02 2.6849381003e+00 1.0093103295e+01
222 6.0976125615e-01 7.5695194038e-02 2.7097248145e+00 1.0270271966e+01
223 6.1036966369e-01 7.6891193041e-02 2.7008772701e+00 1.0214374893e+01
224 6.1059435173e-01 7.7190553920e-02 2.6806715748e+00 1.0081391401e+01
225 6.1015399439e-01 7.6216240459e-02 2.6714284865e+00 1.0014213261e+01
226 6.1021777996e-01 7.6942332812e-02 2.7021741288e+00 1.0250955371e+01
227 6.1018321670e-01 7.6917670587e-02 2.7024418547e+00 1.0256038786e+01
228 6.1030493324e-01 7.7371197171e-02 2.7214014874e+00 1.0381400395e+01
229 6.1033337075e-01 7.7310470494e-02 2.7163319189e+00 1.0345499879e+01
230 6.1031875130e-01 7.7345456228e-02 2.7109199771e+00 1.0333712466e+01
231 6.1054176619e-01 7.7553096862e-02 2.6939393549e+00 1.0223663973e+01
232 6.1003886217e-01 7.6748200644e-02 2.6897858483e+00 1.0197309631e+01
233 6.0981530286e-01 7.6036428263e-02 2.6564024604e+00 9.9441195443e+00
234 6.0983590596e-01 7.6054134152e-02 2.6533986913e+00 9.9323982546e+00
235 6.1011489331e-01 7.7343390585e-02 2.7103232001e+00 1.0353302468e+01
236 6.1029739551e-01 7.7635184472e-02 2.6887283848e+00 1.0217893604e+01
237 6.1015480379e-01 7.7694236368e-02 2.6853657911e+00 1.0208894383e+01
238 6.1031383356e-01 7.8369950071e-02 2.7071521238e+00 1.0362297726e+01
239 6.1029051044e-01 7.8381347300e-02 2.7066882500e+00 1.0359633031e+01
240 6.1017380162e-01 7.8379510369e-02 2.6984256703e+00 1.0304484895e+01
241 6.1037440346e-01 7.9142193510e-02 2.7189288802e+00 1.0424445883e+01
242 6.1018909954e-01 7.8582449533e-02 2.7006745274e+00 1.0320673655e+01
243 6.1080607060e-01 7.9614350976e-02 2.6769812356e+00 1.0137274127e+01
244 6.1058034237e-01 7.8987017196e-02 2.6533406025e+00 9.9970722757e+00
245 6.1035078343e-01 7.8611026562e-02 2.6563356436e+00 1.0002447420e+01
246 6.1027838021e-01 7.8615613146e-02 2.6573880893e+00 1.0012156351e+01
247 6.1036638829e-01 7.9210513455e-02 2.6706692540e+00 1.0127539732e+01
248 6.1016634800e-01 7.8971398031e-02 2.6883783961e+00 1.0266304089e+01
249 6.1006892745e-01 7.8488897339e-02 2.6599669909e+00 1.0081488348e+01
250 6.1005366489e-01 7.8489226718e-02 2.6595200563e+00 1.0080998133e+01
251 6.0987774895e-01 7.8556911422e-02 2.6578590676e+00 1.0071308739e+01
252 6.0985747941e-01 7.8595512260e-02 2.6600954421e+00 1.0074225363e+01
253 6.1005563838e-01 7.8912438625e-02 2.6407128973e+00 9.9434515281e+00
254 6.1040766887e-01 7.9858983420e-02 2.6496421806e+00 1.0030371223e+01
255 6.1027730426e-01 7.9215401549e-02 2.6184792392e+00 9.8090517986e+00
256 6.1047026853e-01 7.9496351732e-02 2.5988582481e+00 9.6898001809e+00
257 6.1067947175e-01 7.9880380738e-02 2.5845790195e+00 9.5764193566e+00
258 6.1036797565e-01 7.8720042450e-02 2.5297397194e+00 9.2189275006e+00
259 6.1062203243e-01 7.9029591931e-02 2.5114213894e+00 9.1039614488e+00
260 6.1085121066e-01 7.9186712322e-02 2.4889108109e+00 8.9412453998e+00
261 6.1072229817e-01 7.9296366544e-02 2.4865212990e+00 8.9272660872e+00
262 6.1083943268e-01 7.9772165225e-02 2.4974001341e+00 8.9806277945e+00
263 6.1084888244e-01 7.9739677679e-02 2.4963905295e+00 8.9796706710e+00
264 6.1098590361e-01 8.0232430442e-02 2.5076885602e+00 9.0391621915e+00
265 6.1097783011e-01 8.0236197806e-02 2.5006932995e+00 8.9913791496e+00
266 6.1070367885e-01 7.9915731276e-02 2.5131872132e+00 9.0901030183e+00
267 6.1118577277e-01 8.0467396953e-02 2.4815460944e+00 8.8837735471e+00
268 6.1104958822e-01 8.0571778963e-02 2.4733241910e+00 8.8597767851e+00
269 6.1100536314e-01 8.0608933733e-02 2.4704333957e+00 8.8501386455e+00
270 6.1088515042e-01 8.0425365274e-02 2.4647425103e+00 8.8312006374e+00
271 6.1120147299e-01 8.1439435913e-02 2.4974137121e+00 9.0341328416e+00
272 6.1141103705e-01 8.1681548640e-02 2.4834253114e+00 8.9396104844e+00
273 6.1146898662e-01 8.2182398738e-02 2.4984660825e+00 9.0069396210e+00
274 6.1158062975e-01 8.2812351054e-02 2.5213549844e+00 9.1628219098e+00
275 6.1157087096e-01 8.2841884431e-02 2.5177351490e+00 9.1527745672e+00
276 6.1174823839e-01 8.3310884718e-02 2.5199842014e+00 9.1487734601e+00
277 6.1171638449e-01 8.3372577722e-02 2.5177062658e+00 9.1363126423e+00
278 6.1132465136e-01 8.2740832719e-02 2.5457711113e+00 9.3406864074e+00
279 6.1125939586e-01 8.2690008170e-02 2.5458541014e+00 9.3534011933e+00
280 6.1116863029e-01 8.2678418086e-02 2.5449239597e+00 9.3557441948e+00
281 6.1118948067e-01 8.2684314499e-02 2.5435811909e+00 9.3505045523e+00
282 6.1118437322e-01 8.2662335152e-02 2.5385038793e+00 9.3188598361e+00
283 6.1125215788e-01 8.3199007662e-02 2.5476120772e+00 9.3572381422e+00
284 6.1143904000e-01 8.3920478707e-02 2.5930830250e+00 9.7343478592e+00
285 6.1162256450e-01 8.4109645388e-02 2.5744577743e+00 9.6262526038e+00
286 6.1164991602e-01 8.4038437030e-02 2.5747254666e+00 9.6378133585e+00
287 6.1253419056e-01 8.4991855084e-02 2.5114377579e+00 9.2366205571e+00
288 6.1195199250e-01 8.4354112587e-02 2.5120376474e+00 9.2738666663e+00
289 6.1173743768e-01 8.4441263462e-02 2.5103424301e+00 9.2623644023e+00
290 6.1172575063e-01 8.4492145122e-02 2.5077685809e+00 9.2462598311e+00
291 6.1191020118e-01 8.4840819955e-02 2.4924361226e+00 9.1362409524e+00
292 6.1199652779e-01 8.5390335393e-02 2.5022068010e+00 9.1834266677e+00
293 6.1170297899e-01 8.4731463456e-02 2.4823448504e+00 9.0666370017e+00
294 6.1162238197e-01 8.4198783417e-02 2.4651142228e+00 8.9773266255e+00
295 6.1176164272e-01 8.4740985870e-02 2.4840955392e+00 9.0928446748e+00
296 6.1192886129e-01 8.5248230915e-02 2.4921561799e+00 9.1230581570e+00
297 6.1192082184e-01 8.5247553359e-02 2.4915407804e+00 9.1214447887e+00
298 6.1253113068e-01 8.6252824727e-02 2.4755543670e+00 9.0072414704e+00
299 6.1265649664e-01 8.6553921663e-02 2.4585922427e+00 8.9041544548e+00
300 6.1269884606e-01 8.6671398176e-02 2.4583692317e+00 8.8909407418e+00
301 6.1291697410e-01 8.7190237048e-02 2.4645715622e+00 8.9079832377e+00
302 6.1253309558e-01 8.7456452735e-02 2.5091498824e+00 9.1688852221e+00
303 6.1247093595e-01 8.7572837787e-02 2.5087688182e+00 9.1558681128e+00
304 6.1207913293e-01 8.6932640385e-02 2.5185551401e+00 9.2384919222e+00
305 6.1171029590e-01 8.6085637099e-02 2.5188253889e+00 9.2455441153e+00
306 6.1166506802e-01 8.6099917244e-02 2.5185476525e+00 9.2454446613e+00
307 6.1165573526e-01 8.6051659635e-02 2.5141775168e+00 9.2167376676e+00
308 6.1169600182e-01 8.6038347050e-02 2.5133944860e+00 9.2160009527e+00
309 6.1192600297e-01 8.6207867221e-02 2.5003606243e+00 9.1365594040e+00
310 6.1189451755e-01 8.6226416533e-02 2.4994432434e+00 9.1327019805e+00
311 6.1187138517e-01 8.6280368689e-02 2.5030950326e+00 9.1520301926e+00
312 6.1182928440e-01 8.6251294968e-02 2.5046320093e+00 9.1608936360e+00
313 6.1142992926e-01 8.5482094453e-02 2.5012545978e+00 9.1627128317e+00
314 6.1108184942e-01 8.4754674437e-02 2.5082131356e+00 9.2384109214e+00
315 6.1093283182e-01 8.4281321960e-02 2.5013194825e+00 9.2193587662e+00
316 6.1118291293e-01 8.4668478875e-02 2.4850068940e+00 9.0991858274e+00
317 6.1101135272e-01 8.4186688571e-02 2.4726915570e+00 9.0343178023e+00
318 6.1098796160e-01 8.4216600828e-02 2.4734965691e+00 9.0333430830e+00
319 6.1116232617e-01 8.4855962450e-02 2.4998579440e+00 9.2083595215e+00
320 6.1125011472e-01 8.4657633476e-02 2.4684429319e+00 9.0230620015e+00
321 6.1141614866e-01 8.5371424187e-02 2.5011217328e+00 9.2668215510e+00
322 6.1118907329e-01 8.4926137577e-02 2.4920955458e+00 9.2344371421e+00
323 6.1142113181e-01 8.4966846954e-02 2.4492707680e+00 8.9886383086e+00
324 6.1178720202e-01 8.5748491998e-02 2.4369044754e+00 8.8574136161e+00
325 6.1169404629e-01 8.5799044396e-02 2.4348103173e+00 8.8480439835e+00
326 6.1132149514e-01 8.4874333807e-02 2.4213119694e+00 8.7777541363e+00
327 6.1050579399e-01 8.3516519295e-02 2.4308929626e+00 8.8780888109e+00
328 6.1048217199e-01 8.3521848813e-02 2.4298276484e+00 8.8761476343e+00
329 6.1109640143e-01 8.4769060340e-02 2.4272135670e+00 8.8705914569e+00
330 6.1104064824e-01 8.4801714565e-02 2.4256589225e+00 8.8637958365e+00
331 6.1066556400e-01 8.3901073590e-02 2.3823394824e+00 8.4532930351e+00
332 6.1082034803e-01 8.4486699644e-02 2.3958856061e+00 8.5158642832e+00
333 6.1090603815e-01 8.4715647650e-02 2.3795190425e+00 8.4052635802e+00
334 6.1109129370e-01 8.5018778845e-02 2.3647485896e+00 8.3109203637e+00
335 6.1068705076e-01 8.4182834136e-02 2.3606702495e+00 8.2948661942e+00
336 6.1102883546e-01 8.5369705667e-02 2.4092188331e+00 8.6222015517e+00
337 6.1117966554e-01 8.5923270411e-02 2.4298373044e+00 8.7505478403e+00
338 6.1077231126e-01 8.5098897163e-02 2.4259116762e+00 8.7332131926e+00
339 6.1094692726e-01 8.5422909244e-02 2.4101149051e+00 8.6298130821e+00
340 6.1089006653e-01 8.5486791525e-02 2.4089332637e+00 8.6208071244e+00
341 6.1122015599e-01 8.6519362673e-02 2.4359872415e+00 8.7676282448e+00
342 6.1122292613e-01 8.6512010460e-02 2.4370644757e+00 8.7696055681e+00
343 6.1121150446e-01 8.6539734618e-02 2.4363563276e+00 8.7640307953e+00
344 6.1086136661e-01 8.5889881111e-02 2.4438333394e+00 8.8353637877e+00
345 6.1073052712e-01 8.5952394404e-02 2.4417618083e+00 8.8256488925e+00
346 6.1078418881e-01 8.5661434425e-02 2.4162189005e+00 8.6924749261e+00
347 6.1074600608e-01 8.5529360567e-02 2.3762020796e+00 8.4547183095e+00
348 6.1074868508e-01 8.5487712573e-02 2.3757455727e+00 8.4558569928e+00
349 6.1097065696e-01 8.5860686087e-02 2.3581884507e+00 8.3479409965e+00
350 6.1097769415e-01 8.5868415438e-02 2.3572255908e+00 8.3442718599e+00
351 6.1099244198e-01 8.5836807494e-02 2.3567297975e+00 8.3468488753e+00
352 6.1107346575e-01 8.5831503293e-02 2.3545138935e+00 8.3400042312e+00
353 6.1089636081e-01 8.5636999199e-02 2.3674176622e+00 8.4158455164e+00
354 6.1045542641e-01 8.4672921313e-02 2.3538562744e+00 8.3395008587e+00
355 6.1031324033e-01 8.4725574017e-02 2.3532284403e+00 8.3354154665e+00
356 6.1033443636e-01 8.4697977345e-02 2.3529177866e+00 8.3378235597e+00
357 6.0989567344e-01 8.3848880690e-02 2.3439474070e+00 8.2983704321e+00
358 6.0995372026e-01 8.3908934701e-02 2.3422277406e+00 8.2898251533e+00
359 6.1007771204e-01 8.4428104142e-02 2.3608554725e+00 8.4020371512e+00
360 6.0992827595e-01 8.3548868861e-02 2.3180885574e+00 8.0978469935e+00
361 6.1008459246e-01 8.3876169530e-02 2.3028190002e+00 8.0031888508e+00
362 6.1012658447e-01 8.3856205580e-02 2.3040605429e+00 8.0044484722e+00
363 6.1005185412e-01 8.3710307145e-02 2.2860627724e+00 7.8578809094e+00
364 6.1010222753e-01 8.3692252051e-02 2.2867351036e+00 7.8576156800e+00
365 6.1007722233e-01 8.3758754622e-02 2.2838024878e+00 7.8458923423e+00
