1 5.9282947138e-01 1.1102230246e-16 1.0000000000e+00 1.0000000000e+00
2 5.9302075802e-01 7.6836393574e-03 2.7533910466e+01 8.4337424308e+02
3 5.9321307377e-01 1.0754300017e-02 2.0028890406e+01 4.3799416624e+02
4 5.9345935424e-01 1.3052154964e-02 1.6806605429e+01 3.0132606789e+02
5 5.9368126751e-01 1.4985957760e-02 1.4782873381e+01 2.3022500424e+02
6 5.9357645921e-01 1.5095389049e-02 1.4445157582e+01 2.2414202905e+02
7 5.9342695405e-01 1.5339256830e-02 1.3698397778e+01 2.1107194643e+02
8 5.9339081422e-01 1.5371657445e-02 1.3614689715e+01 2.0943307340e+02
9 5.9373219417e-01 1.8721028619e-02 1.1255871808e+01 1.4196358553e+02
10 5.9456511149e-01 2.4673565950e-02 1.0266242354e+01 1.2050796608e+02
11 5.9449089513e-01 2.4758966627e-02 1.0160481767e+01 1.1899438451e+02
12 5.9490822886e-01 2.7198808556e-02 9.0811017629e+00 9.4707100773e+01
13 5.9475323348e-01 2.7390332705e-02 8.8907269596e+00 9.2328033366e+01
14 5.9474674283e-01 2.7402931899e-02 8.8790167392e+00 9.2166993274e+01
15 5.9479491991e-01 2.7423949503e-02 8.8544086862e+00 9.1823452247e+01
16 5.9482450282e-01 2.7436650146e-02 8.8394351361e+00 9.1615891088e+01
17 5.9470014754e-01 2.7541965103e-02 8.7395211485e+00 9.0402000996e+01
18 5.9507206386e-01 2.9499737676e-02 8.0279085840e+00 7.5817627883e+01
19 5.9483129348e-01 2.8585852322e-02 8.3228360101e+00 8.2028072083e+01
20 5.9502287555e-01 2.9533351163e-02 8.0038621704e+00 7.5527488625e+01
21 5.9516335611e-01 3.0526096148e-02 7.6860339070e+00 6.9562063973e+01
22 5.9512568914e-01 3.0553930177e-02 7.6670559469e+00 6.9348343650e+01
23 5.9517072779e-01 3.0580261941e-02 7.6448493432e+00 6.9067268237e+01
24 5.9515144182e-01 3.0598553882e-02 7.6323335236e+00 6.8922114757e+01
25 5.9558799689e-01 3.2298325006e-02 7.1762343660e+00 6.0325578815e+01
26 5.9544028741e-01 3.2438175882e-02 7.0852732700e+00 5.9439820333e+01
27 5.9532688758e-01 3.2522868552e-02 7.0327370621e+00 5.8933156174e+01
28 5.9530137893e-01 3.2533349686e-02 7.0278143923e+00 5.8879753478e+01
29 5.9553203553e-01 3.3311582681e-02 6.8370078121e+00 5.5485758607e+01
30 5.9569403174e-01 3.4152869309e-02 6.6322265757e+00 5.2160827365e+01
31 5.9528932477e-01 3.1937363154e-02 6.4249136032e+00 4.7873976461e+01
32 5.9553680644e-01 3.2820525767e-02 6.2638160554e+00 4.5361956272e+01
33 5.9578823936e-01 3.3662443009e-02 6.1031069214e+00 4.2997258409e+01
34 5.9578079774e-01 3.3677773299e-02 6.0948944145e+00 4.2924850476e+01
35 5.9600159551e-01 3.4507677594e-02 5.9394397210e+00 4.0766960647e+01
36 5.9593690303e-01 3.4644394326e-02 5.9213783509e+00 4.0632857500e+01
37 5.9597054374e-01 3.4646822703e-02 5.9171894270e+00 4.0598438160e+01
38 5.9619114799e-01 3.5412292305e-02 5.7957621282e+00 3.8828143982e+01
39 5.9619187091e-01 3.5432358862e-02 5.7855849974e+00 3.8740274872e+01
40 5.9615033457e-01 3.5451273264e-02 5.7789475512e+00 3.8685533094e+01
41 5.9658050087e-01 3.6923442069e-02 5.5705831845e+00 3.5698755562e+01
42 5.9658194873e-01 3.6977616646e-02 5.5436208742e+00 3.5492933089e+01
43 5.9649886749e-01 3.7035317856e-02 5.5207467438e+00 3.5326801499e+01
44 5.9692836580e-01 3.8983816287e-02 5.6434245396e+00 3.7758066538e+01
45 5.9690260342e-01 3.9005242786e-02 5.6356916374e+00 3.7690484462e+01
46 5.9673008365e-01 3.9066301550e-02 5.5829584427e+00 3.7324181343e+01
47 5.9671525529e-01 3.9069751344e-02 5.5825708645e+00 3.7319486720e+01
48 5.9691223401e-01 3.9752828743e-02 5.4750761267e+00 3.5814497125e+01
49 5.9653721100e-01 3.9160151158e-02 5.5524612224e+00 3.7083745620e+01
50 5.9650954271e-01 3.9214630587e-02 5.5269424543e+00 3.6904022229e+01
51 5.9646424423e-01 3.9222063542e-02 5.5269339113e+00 3.6901837960e+01
52 5.9686678451e-01 4.0599517711e-02 5.3077496959e+00 3.3976912650e+01
53 5.9704824265e-01 4.1206648530e-02 5.2055119906e+00 3.2686849675e+01
54 5.9704508943e-01 4.1269603272e-02 5.1805037343e+00 3.2492513460e+01
55 5.9729292036e-01 4.1908380390e-02 5.0921937205e+00 3.1321445349e+01
56 5.9755384014e-01 4.2473421893e-02 5.0044303047e+00 3.0230435571e+01
57 5.9761285581e-01 4.2498423201e-02 4.9912564265e+00 3.0132147741e+01
58 5.9827193055e-01 4.4334456791e-02 4.7588693866e+00 2.7263235727e+01
59 5.9842523079e-01 4.4940073910e-02 4.6863128410e+00 2.6417229554e+01
60 5.9841826370e-01 4.4944914173e-02 4.6854128161e+00 2.6408670059e+01
61 5.9816445826e-01 4.4357939481e-02 4.7492557980e+00 2.7195673302e+01
62 5.9831822188e-01 4.4855204467e-02 4.6753861842e+00 2.6377577937e+01
63 5.9848143062e-01 4.5517222868e-02 4.5850552344e+00 2.5437759701e+01
64 5.9847077342e-01 4.5565531052e-02 4.5776452210e+00 2.5385663084e+01
65 5.9844910971e-01 4.5648022290e-02 4.5751081395e+00 2.5358547451e+01
66 5.9833543533e-01 4.5725268702e-02 4.5549914171e+00 2.5238676452e+01
67 5.9820005090e-01 4.5781037663e-02 4.5443155129e+00 2.5172464909e+01
68 5.9814110790e-01 4.5896302704e-02 4.5068096092e+00 2.4955663695e+01
69 5.9816015296e-01 4.5897479596e-02 4.5051909387e+00 2.4945842925e+01
70 5.9792939246e-01 4.6050662268e-02 4.4681109568e+00 2.4713219509e+01
71 5.9788104703e-01 4.6086054483e-02 4.4596069031e+00 2.4657457430e+01
72 5.9771663362e-01 4.6194623356e-02 4.4321807019e+00 2.4499633491e+01
73 5.9766470047e-01 4.6237911896e-02 4.4211356588e+00 2.4430095620e+01
74 5.9765602706e-01 4.6234205817e-02 4.4230869094e+00 2.4440779299e+01
75 5.9788022592e-01 4.6744002966e-02 4.3625886459e+00 2.3759973951e+01
76 5.9787356752e-01 4.6753065934e-02 4.3601908567e+00 2.3744282893e+01
77 5.9811012599e-01 4.7239960047e-02 4.3058486232e+00 2.3132000289e+01
78 5.9830504900e-01 4.7843140294e-02 4.2446270807e+00 2.2475213188e+01
79 5.9832887208e-01 4.7841944779e-02 4.2434575201e+00 2.2469005438e+01
80 5.9843003518e-01 4.8424388270e-02 4.1877550662e+00 2.1860337791e+01
81 5.9854839729e-01 4.8874770587e-02 4.1361252596e+00 2.1321563434e+01
82 5.9846677180e-01 4.8796438229e-02 4.1280717829e+00 2.1297866276e+01
83 5.9871877570e-01 5.0879701355e-02 4.3675200937e+00 2.4346230091e+01
84 5.9873853406e-01 5.0884134265e-02 4.3652479065e+00 2.4330987431e+01
85 5.9870985909e-01 5.0893096288e-02 4.3642410185e+00 2.4323582446e+01
86 5.9870185682e-01 5.0998030999e-02 4.3522219952e+00 2.4224772082e+01
87 5.9803032284e-01 4.8573660435e-02 4.1384453817e+00 2.1603082439e+01
88 5.9807894710e-01 4.9606295182e-02 4.2340148205e+00 2.2866913672e+01
89 5.9802630130e-01 4.9656283053e-02 4.2230580343e+00 2.2794488300e+01
90 5.9819924369e-01 5.0231995333e-02 4.1597854999e+00 2.2135013560e+01
91 5.9810378349e-01 5.0244810816e-02 4.1408024611e+00 2.2024834709e+01
92 5.9827445678e-01 5.0796591292e-02 4.0859004304e+00 2.1433193068e+01
93 5.9838974837e-01 5.1194561796e-02 4.0318122238e+00 2.0920763618e+01
94 5.9853961449e-01 5.1648436220e-02 3.9777261633e+00 2.0410898612e+01
95 5.9844188146e-01 5.1767311529e-02 3.9645301636e+00 2.0317302231e+01
96 5.9833846240e-01 5.1804614590e-02 3.9606407490e+00 2.0291792843e+01
97 5.9851537275e-01 5.2282631086e-02 3.9107843072e+00 1.9792597281e+01
98 5.9843958488e-01 5.2685959068e-02 4.0239869805e+00 2.0972907772e+01
99 5.9864001922e-01 5.3186774724e-02 3.9776761355e+00 2.0467920551e+01
100 5.9892842412e-01 5.4920351723e-02 4.0719804614e+00 2.1426828228e+01
101 5.9929851831e-01 5.6332441473e-02 4.0874176507e+00 2.1470863606e+01
102 5.9934147416e-01 5.7280378562e-02 4.1388908028e+00 2.2041048443e+01
103 5.9950694386e-01 5.7794545836e-02 4.0789009213e+00 2.1457972049e+01
104 5.9950671721e-01 5.7861930366e-02 4.0765091008e+00 2.1428517536e+01
105 5.9948999570e-01 5.7875804272e-02 4.0741660929e+00 2.1412944994e+01
106 5.9937298458e-01 5.7926463345e-02 4.0680966128e+00 2.1372162903e+01
107 5.9930422384e-01 5.8010283684e-02 4.0637297270e+00 2.1326109259e+01
108 5.9931022604e-01 5.8130239024e-02 4.0711472979e+00 2.1434292840e+01
109 5.9950047700e-01 5.8489892847e-02 4.0301784952e+00 2.1017820033e+01
110 5.9963534452e-01 5.8880196075e-02 3.9818135476e+00 2.0566977350e+01
111 5.9859777085e-01 5.6832579668e-02 4.0574030748e+00 2.1514036665e+01
112 5.9898284659e-01 5.7644636293e-02 3.9706027303e+00 2.0605780715e+01
113 5.9900842979e-01 5.7792695892e-02 3.9671428573e+00 2.0556026595e+01
114 5.9968811077e-01 5.9326162407e-02 3.8484345720e+00 1.9268736635e+01
115 5.9984662747e-01 5.9828789075e-02 3.8050747318e+00 1.8828314781e+01
116 5.9976957135e-01 5.9874539614e-02 3.7988750957e+00 1.8791685113e+01
117 5.9979359670e-01 6.0699165836e-02 3.8349529601e+00 1.9111481769e+01
118 5.9978422983e-01 6.0715258819e-02 3.8328537491e+00 1.9094335497e+01
119 5.9988593462e-01 6.1201795693e-02 3.7853857203e+00 1.8655490827e+01
120 5.9980172584e-01 6.0984878153e-02 3.7041609052e+00 1.7907208725e+01
121 6.0028773299e-01 6.1812858563e-02 3.6315402747e+00 1.7208945596e+01
122 6.0048240450e-01 6.2046179906e-02 3.6022253787e+00 1.6964180546e+01
123 6.0103474965e-01 6.3304902664e-02 3.5568333432e+00 1.6537446769e+01
124 6.0086473571e-01 6.2529432242e-02 3.5040653657e+00 1.6048652333e+01
125 6.0102169504e-01 6.2928334739e-02 3.4657973514e+00 1.5735247578e+01
126 6.0102026606e-01 6.3016255216e-02 3.4744203597e+00 1.5837079552e+01
127 6.0127866458e-01 6.3463070476e-02 3.4482479998e+00 1.5612782514e+01
128 6.0110251455e-01 6.2718411196e-02 3.4092516609e+00 1.5259581237e+01
129 6.0122784769e-01 6.3493870562e-02 3.4441066651e+00 1.5595511382e+01
130 6.0079164483e-01 6.2388589591e-02 3.4292116598e+00 1.5488239470e+01
131 6.0067546616e-01 6.2447862850e-02 3.4236496810e+00 1.5456256237e+01
132 6.0085006709e-01 6.2965096656e-02 3.3824118088e+00 1.5115241299e+01
133 6.0135759540e-01 6.3897051551e-02 3.3243075748e+00 1.4577339067e+01
134 6.0113556551e-01 6.3199871173e-02 3.2776404189e+00 1.4166916251e+01
135 6.0103709295e-01 6.3211733415e-02 3.2706894428e+00 1.4138552791e+01
136 6.0104303926e-01 6.3233798043e-02 3.2663889257e+00 1.4118220236e+01
137 6.0102081738e-01 6.3145922541e-02 3.2659193896e+00 1.4129591129e+01
138 6.0101190370e-01 6.3152680191e-02 3.2653517553e+00 1.4125323367e+01
139 6.0125277945e-01 6.3540128102e-02 3.2335629079e+00 1.3870740770e+01
140 6.0179140284e-01 6.4892819970e-02 3.2038271102e+00 1.3599190946e+01
141 6.0191611693e-01 6.5515912422e-02 3.2097600742e+00 1.3600409708e+01
142 6.0213909079e-01 6.5896574021e-02 3.1803619240e+00 1.3370133940e+01
143 6.0236387034e-01 6.6220675737e-02 3.1547809746e+00 1.3165615911e+01
144 6.0232832282e-01 6.6174925514e-02 3.1574379539e+00 1.3186646300e+01
145 6.0234571800e-01 6.6137369754e-02 3.1550235644e+00 1.3187665563e+01
146 6.0249526379e-01 6.6497256057e-02 3.1286855398e+00 1.2977356781e+01
147 6.0269583434e-01 6.6713574390e-02 3.0915529558e+00 1.2670603144e+01
148 6.0267505772e-01 6.6713287862e-02 3.0927872674e+00 1.2674306567e+01
149 6.0291229452e-01 6.7167983071e-02 3.0719808758e+00 1.2524267079e+01
150 6.0314461999e-01 6.8115866485e-02 3.1236522711e+00 1.3188133216e+01
151 6.0318002645e-01 6.8108394631e-02 3.1232450324e+00 1.3187362731e+01
152 6.0360742449e-01 6.9359417306e-02 3.1488439755e+00 1.3423526162e+01
153 6.0335711554e-01 6.8520669399e-02 3.0906964632e+00 1.2950292019e+01
154 6.0332789539e-01 6.8547025569e-02 3.0878024413e+00 1.2936214681e+01
155 6.0351660878e-01 6.9943936592e-02 3.1335189424e+00 1.3275261289e+01
156 6.0372400886e-01 7.0231379354e-02 3.1094955851e+00 1.3087842493e+01
157 6.0414468449e-01 7.1011983784e-02 3.0584184809e+00 1.2680628410e+01
158 6.0430530265e-01 7.1445672591e-02 3.0303669466e+00 1.2465356979e+01
159 6.0446678979e-01 7.1728483340e-02 3.0080958656e+00 1.2299633667e+01
160 6.0469796759e-01 7.1983684645e-02 2.9861186759e+00 1.2140152943e+01
161 6.0497065374e-01 7.2365938336e-02 2.9612446059e+00 1.1949490958e+01
162 6.0517672007e-01 7.2714777559e-02 2.9402634073e+00 1.1778756014e+01
163 6.0512727131e-01 7.2728802865e-02 2.9346335988e+00 1.1762432551e+01
164 6.0508744088e-01 7.2802655196e-02 2.9309503957e+00 1.1739954234e+01
165 6.0509701966e-01 7.2807501962e-02 2.9300663952e+00 1.1735201484e+01
166 6.0541092580e-01 7.3090492773e-02 2.9084069060e+00 1.1575406185e+01
167 6.0553092752e-01 7.3674316300e-02 2.9301564801e+00 1.1736969199e+01
168 6.0531863859e-01 7.2649783373e-02 2.8551294366e+00 1.1033081664e+01
169 6.0534851660e-01 7.2269232307e-02 2.8134764147e+00 1.0761962405e+01
170 6.0557815704e-01 7.2638569188e-02 2.7945487686e+00 1.0614648406e+01
171 6.0574224824e-01 7.2908988481e-02 2.7757686122e+00 1.0485951880e+01
172 6.0597081520e-01 7.3209965961e-02 2.7554192135e+00 1.0348114555e+01
173 6.0649537487e-01 7.3922112607e-02 2.7176025709e+00 1.0075523258e+01
174 6.0645562542e-01 7.3874956094e-02 2.7157449317e+00 1.0077415181e+01
175 6.0661278022e-01 7.4239588246e-02 2.6943134108e+00 9.9351260938e+00
176 6.0660731136e-01 7.4237079153e-02 2.6949276695e+00 9.9371345062e+00
177 6.0614116307e-01 7.3356963109e-02 2.6963362644e+00 9.9649730696e+00
178 6.0665507684e-01 7.4547781008e-02 2.6848281129e+00 9.9216020485e+00
179 6.0669614173e-01 7.4548986657e-02 2.6831969317e+00 9.9148774331e+00
180 6.0684686069e-01 7.4948562272e-02 2.6629288493e+00 9.7756538434e+00
181 6.0622543865e-01 7.3438812641e-02 2.6225639904e+00 9.4589040568e+00
182 6.0667676311e-01 7.3862704944e-02 2.5896727122e+00 9.2560597664e+00
183 6.0688305273e-01 7.4507222562e-02 2.6226812634e+00 9.5310345607e+00
184 6.0684701716e-01 7.4535961722e-02 2.6203119082e+00 9.5223539853e+00
185 6.0734453256e-01 7.5063281625e-02 2.5852916572e+00 9.2902966974e+00
186 6.0774409251e-01 7.5975335080e-02 2.6017738272e+00 9.4408636132e+00
187 6.0793671027e-01 7.6359428269e-02 2.5818716387e+00 9.3099310326e+00
188 6.0803878026e-01 7.6968219218e-02 2.6055859806e+00 9.4792758191e+00
189 6.0806430528e-01 7.6970466116e-02 2.6023855674e+00 9.4724758535e+00
190 6.0809521922e-01 7.6957168242e-02 2.6028646312e+00 9.4745199601e+00
191 6.0849143175e-01 7.7935437741e-02 2.6166971930e+00 9.6162844459e+00
192 6.0874748708e-01 7.8120387799e-02 2.5992081718e+00 9.5133188608e+00
193 6.0855615927e-01 7.7494283939e-02 2.5683007954e+00 9.3125766529e+00
194 6.0847390192e-01 7.7328909338e-02 2.5225675852e+00 9.0220356203e+00
195 6.0914045511e-01 7.8155359055e-02 2.4755208881e+00 8.7228301953e+00
196 6.0925654439e-01 7.8817274225e-02 2.5121147406e+00 9.0125888611e+00
197 6.0920733345e-01 7.8977056252e-02 2.5123882244e+00 9.0020291091e+00
198 6.0933035258e-01 7.9554978786e-02 2.5226391730e+00 9.0767643045e+00
199 6.0956827615e-01 8.0445035315e-02 2.5272163699e+00 9.1087917829e+00
200 6.0997484516e-01 8.1281459587e-02 2.5206537403e+00 9.0419286210e+00
201 6.0995250593e-01 8.1353036374e-02 2.5213420782e+00 9.0364917289e+00
202 6.0984781919e-01 8.0718798330e-02 2.4875414002e+00 8.8609270399e+00
203 6.0998766042e-01 8.1228836125e-02 2.4958614321e+00 8.8985048504e+00
204 6.1075271709e-01 8.2546851495e-02 2.4653122636e+00 8.7016865147e+00
205 6.1093013679e-01 8.2892240941e-02 2.4482669938e+00 8.5950580189e+00
206 6.1085375377e-01 8.2787738600e-02 2.4492420170e+00 8.6132371421e+00
207 6.1088809094e-01 8.3192740208e-02 2.4503268179e+00 8.6059856707e+00
208 6.1085267712e-01 8.3148763467e-02 2.4453781540e+00 8.5755655437e+00
209 6.1104237166e-01 8.3461693072e-02 2.4287981322e+00 8.4736989407e+00
210 6.1079546730e-01 8.3275644080e-02 2.4429529366e+00 8.5548740890e+00
211 6.1065430552e-01 8.2692058478e-02 2.4196444512e+00 8.4284230728e+00
212 6.1089278763e-01 8.3015833200e-02 2.4076967772e+00 8.3637956180e+00
213 6.1108703596e-01 8.3569962943e-02 2.4253994598e+00 8.4655173699e+00
214 6.1067359254e-01 8.2889434544e-02 2.4322046063e+00 8.5190836837e+00
215 6.1077666488e-01 8.3581055928e-02 2.4464789158e+00 8.5984226889e+00
216 6.1070974131e-01 8.3553966756e-02 2.4443786796e+00 8.5972577642e+00
217 6.1046438612e-01 8.3204195265e-02 2.4608055784e+00 8.7060346249e+00
218 6.1064340518e-01 8.3459985536e-02 2.4458570751e+00 8.6132630129e+00
219 6.1104693733e-01 8.4423395383e-02 2.4577928293e+00 8.7083506782e+00
220 6.1101265752e-01 8.4461304938e-02 2.4542240221e+00 8.6987835867e+00
221 6.1096357934e-01 8.4083377629e-02 2.4510795597e+00 8.7039157534e+00
222 6.1110202968e-01 8.4680077735e-02 2.4649423879e+00 8.8037101506e+00
223 6.1052690765e-01 8.3934714606e-02 2.4533721582e+00 8.7557338603e+00
224 6.1041577885e-01 8.4072356508e-02 2.4764536247e+00 8.8747713941e+00
225 6.1021616275e-01 8.3513218753e-02 2.4478251148e+00 8.6791528738e+00
226 6.1049619381e-01 8.3873370968e-02 2.4298506311e+00 8.5681687130e+00
227 6.1067258525e-01 8.4260241668e-02 2.4397542112e+00 8.6239578400e+00
228 6.1060383775e-01 8.4310825534e-02 2.4399389850e+00 8.6203067194e+00
229 6.1048604335e-01 8.4347249170e-02 2.4379027655e+00 8.6140274834e+00
230 6.1051701285e-01 8.4177538054e-02 2.4283067416e+00 8.5321454200e+00
231 6.1034129297e-01 8.3569744880e-02 2.4074078544e+00 8.4026262606e+00
232 6.1024588522e-01 8.3582704498e-02 2.4058722825e+00 8.3974103048e+00
233 6.1043427421e-01 8.3824709743e-02 2.3898774273e+00 8.2921832345e+00
234 6.1061773628e-01 8.4153588986e-02 2.3765022929e+00 8.2017605551e+00
235 6.1066220211e-01 8.4223952444e-02 2.3767396840e+00 8.1991962227e+00
236 6.1059882626e-01 8.3921098689e-02 2.3454564240e+00 8.0114294935e+00
237 6.1082322841e-01 8.4303898970e-02 2.3269041328e+00 7.9015493955e+00
238 6.1083566395e-01 8.4305632957e-02 2.3263093037e+00 7.8995309043e+00
239 6.1081569483e-01 8.4289980090e-02 2.3264527927e+00 7.9030097326e+00
240 6.1074913402e-01 8.4288911803e-02 2.3227289710e+00 7.8712832814e+00
241 6.1052777679e-01 8.3978046246e-02 2.3367479593e+00 7.9591562524e+00
242 6.1052159082e-01 8.3988165568e-02 2.3358464451e+00 7.9562754699e+00
243 6.1051100838e-01 8.4025281462e-02 2.3374518870e+00 7.9589482427e+00
244 6.1069657689e-01 8.4312514128e-02 2.3234212945e+00 7.8732234862e+00
245 6.1071326272e-01 8.4074658059e-02 2.2943162385e+00 7.7074253446e+00
246 6.1033081217e-01 8.3388119083e-02 2.2885838424e+00 7.6902270212e+00
247 6.1052544738e-01 8.3556997738e-02 2.2718999213e+00 7.5859671194e+00
248 6.1067439472e-01 8.3759114807e-02 2.2564414297e+00 7.5119264408e+00
249 6.1080413213e-01 8.4260103625e-02 2.2706798225e+00 7.5928049817e+00
250 6.1105341343e-01 8.4527225757e-02 2.2579167405e+00 7.5200675865e+00
251 6.1098468209e-01 8.4563384767e-02 2.2564948197e+00 7.5157559806e+00
252 6.1121646786e-01 8.4806382821e-02 2.2419361214e+00 7.4447114867e+00
253 6.1141426465e-01 8.5122046996e-02 2.2266891222e+00 7.3605036493e+00
254 6.1131843516e-01 8.5174789444e-02 2.2244330598e+00 7.3540183362e+00
255 6.1116639181e-01 8.4862913134e-02 2.2136787345e+00 7.2895293886e+00
256 6.1095450551e-01 8.4475563051e-02 2.2226334345e+00 7.3558033923e+00
257 6.1113169292e-01 8.4753921513e-02 2.2095457217e+00 7.2808716084e+00
258 6.1117850125e-01 8.4777731187e-02 2.2071777174e+00 7.2510469424e+00
259 6.1105390084e-01 8.4236833476e-02 2.1911886153e+00 7.1541490450e+00
260 6.1132871215e-01 8.5145826207e-02 2.2035250110e+00 7.2581827003e+00
261 6.1147703662e-01 8.5689088261e-02 2.2256496485e+00 7.3997279938e+00
262 6.1141676396e-01 8.5646702335e-02 2.2255151097e+00 7.4050685673e+00
263 6.1165796098e-01 8.5887231815e-02 2.2124336951e+00 7.3318117627e+00
264 6.1175439736e-01 8.6257006325e-02 2.2146046683e+00 7.3105890971e+00
265 6.1200634681e-01 8.6676460787e-02 2.2029676677e+00 7.2334517152e+00
266 6.1265409768e-01 8.7881987451e-02 2.1991166436e+00 7.2870834195e+00
267 6.1284809674e-01 8.8127981881e-02 2.1861238923e+00 7.2148372379e+00
268 6.1261738316e-01 8.7610807036e-02 2.1611772591e+00 7.0644264524e+00
269 6.1252446723e-01 8.7591127621e-02 2.1617077051e+00 7.0693523477e+00
270 6.1291243692e-01 8.8354052686e-02 2.1396392691e+00 6.9353745682e+00
271 6.1334621580e-01 8.8731963237e-02 2.1148216063e+00 6.8118211475e+00
272 6.1327454899e-01 8.8856060183e-02 2.1174467780e+00 6.8301975520e+00
273 6.1345194300e-01 8.9313850494e-02 2.1280822957e+00 6.8833504569e+00
274 6.1374785493e-01 9.0085317014e-02 2.1424964010e+00 7.0175323639e+00
275 6.1372837609e-01 9.0107471974e-02 2.1409233315e+00 7.0132909672e+00
276 6.1367578001e-01 9.0156347145e-02 2.1401186492e+00 7.0066880468e+00
277 6.1368164405e-01 9.0166576996e-02 2.1409903612e+00 7.0092046880e+00
278 6.1366495258e-01 9.0172233742e-02 2.1410979696e+00 7.0090228159e+00
279 6.1405923082e-01 9.0679108352e-02 2.1176415937e+00 6.8768488971e+00
280 6.1407439011e-01 9.0374677743e-02 2.0900798741e+00 6.7278731665e+00
281 6.1386906216e-01 8.9692249068e-02 2.0594376735e+00 6.5290249850e+00
282 6.1405849911e-01 8.9842464159e-02 2.0472963476e+00 6.4792383313e+00
283 6.1372643993e-01 8.9534333158e-02 2.0578910234e+00 6.5428046057e+00
284 6.1371880984e-01 8.9496248517e-02 2.0612030335e+00 6.5719295834e+00
285 6.1347248654e-01 9.0055707414e-02 2.0941248056e+00 6.7874191001e+00
286 6.1321101185e-01 8.9853814723e-02 2.1057574105e+00 6.8489439488e+00
287 6.1300620093e-01 8.9633795181e-02 2.1205957774e+00 6.9363832594e+00
288 6.1303121581e-01 8.9654899379e-02 2.1192903770e+00 6.9316352941e+00
289 6.1256876887e-01 8.8883563405e-02 2.1234683279e+00 6.9671889901e+00
290 6.1239951734e-01 8.8385861054e-02 2.0947493761e+00 6.7682806174e+00
291 6.1284996292e-01 8.8832572339e-02 2.0683970934e+00 6.6401369124e+00
292 6.1315242218e-01 8.9817436875e-02 2.0982184112e+00 6.8070279078e+00
293 6.1336309049e-01 8.9997996581e-02 2.0880175629e+00 6.7547529412e+00
294 6.1354612391e-01 9.0312886381e-02 2.0757522649e+00 6.6874373627e+00
295 6.1326227552e-01 8.9965419577e-02 2.0788643479e+00 6.6970149377e+00
296 6.1303864433e-01 8.9822702525e-02 2.1021489439e+00 6.8494153056e+00
297 6.1320543694e-01 9.0381567054e-02 2.1189694633e+00 6.9494831260e+00
298 6.1322360204e-01 9.0379281980e-02 2.1186391782e+00 6.9483672247e+00
299 6.1347436662e-01 9.0649851579e-02 2.1068846792e+00 6.8802495859e+00
300 6.1330595855e-01 9.0159872772e-02 2.0903641097e+00 6.7882296346e+00
301 6.1343985005e-01 9.0737696834e-02 2.0981073186e+00 6.8201792323e+00
302 6.1385060008e-01 9.1558037281e-02 2.1019943265e+00 6.8440472175e+00
303 6.1408859591e-01 9.1794106740e-02 2.0900673754e+00 6.7792840335e+00
304 6.1357148118e-01 9.0485662395e-02 2.0684848532e+00 6.6638265730e+00
305 6.1355532574e-01 9.0472296174e-02 2.0686932755e+00 6.6668515316e+00
306 6.1357974796e-01 9.0559822761e-02 2.0806942485e+00 6.7609662469e+00
307 6.1371034265e-01 9.0454914822e-02 2.0595279973e+00 6.6435774410e+00
308 6.1412177813e-01 9.0828298855e-02 2.0381351426e+00 6.5339994763e+00
309 6.1426314721e-01 9.1200493471e-02 2.0445855229e+00 6.5563214328e+00
310 6.1446894944e-01 9.1481993932e-02 2.0357390311e+00 6.5010737400e+00
311 6.1376510221e-01 9.0238453028e-02 2.0201314804e+00 6.3865541062e+00
312 6.1390113782e-01 9.0571000157e-02 2.0156165374e+00 6.3828391134e+00
313 6.1365350198e-01 9.0453601242e-02 2.0249275246e+00 6.4284103103e+00
314 6.1377640234e-01 9.0969030814e-02 2.0405385294e+00 6.5163747016e+00
315 6.1398248576e-01 9.1197639925e-02 2.0206557339e+00 6.4117493202e+00
316 6.1369968350e-01 9.0993187700e-02 2.0312246626e+00 6.4685165143e+00
317 6.1377118733e-01 9.0803130405e-02 2.0121009639e+00 6.3854893362e+00
318 6.1369220841e-01 9.0840567545e-02 2.0115803839e+00 6.3824368252e+00
319 6.1347903991e-01 9.0421407957e-02 2.0039475139e+00 6.3477048177e+00
320 6.1340113886e-01 9.0464901147e-02 2.0044370957e+00 6.3483939482e+00
321 6.1311980325e-01 9.0208470442e-02 2.0165980064e+00 6.4134630317e+00
322 6.1314887070e-01 9.0650369160e-02 2.0240213449e+00 6.4441918147e+00
323 6.1314904622e-01 9.1037005156e-02 2.0329143837e+00 6.4933694165e+00
324 6.1283064105e-01 9.0307370615e-02 2.0201589408e+00 6.4463769354e+00
325 6.1319960777e-01 9.0900767059e-02 1.9968106372e+00 6.3190940809e+00
326 6.1316231342e-01 9.0816172659e-02 1.9957388400e+00 6.3229841770e+00
327 6.1315209794e-01 9.1331841383e-02 2.0050578133e+00 6.3655835106e+00
328 6.1333857695e-01 9.1534425158e-02 1.9943400866e+00 6.3124719201e+00
329 6.1393232921e-01 9.2613029728e-02 1.9913887800e+00 6.2948058725e+00
330 6.1458855821e-01 9.3424428634e-02 1.9594307505e+00 6.1269215455e+00
331 6.1439750244e-01 9.3214835486e-02 1.9682410773e+00 6.1758035167e+00
332 6.1426470090e-01 9.2531855985e-02 1.9324625957e+00 5.9930113964e+00
333 6.1427427791e-01 9.2544842123e-02 1.9324577894e+00 5.9924502818e+00
334 6.1432579102e-01 9.2556932656e-02 1.9297718777e+00 5.9853922942e+00
335 6.1410054380e-01 9.2353451180e-02 1.9401638597e+00 6.0369949912e+00
336 6.1426856921e-01 9.2943422224e-02 1.9586021341e+00 6.1426513742e+00
337 6.1427352080e-01 9.3036949487e-02 1.9576598599e+00 6.1328098580e+00
338 6.1424342797e-01 9.3094584595e-02 1.9617441466e+00 6.1692173405e+00
339 6.1456077395e-01 9.3675030883e-02 1.9569833215e+00 6.1270453929e+00
340 6.1448645240e-01 9.3668867927e-02 1.9576252632e+00 6.1294034913e+00
341 6.1458265796e-01 9.4182969563e-02 1.9688467352e+00 6.1877703302e+00
342 6.1445921982e-01 9.4471531188e-02 1.9937673347e+00 6.3378011698e+00
343 6.1445208231e-01 9.4524955822e-02 1.9942042969e+00 6.3381029217e+00
344 6.1435908403e-01 9.4539520358e-02 1.9921503116e+00 6.3202346353e+00
345 6.1391015527e-01 9.3761007138e-02 1.9905108561e+00 6.3170875081e+00
346 6.1379977383e-01 9.3748757496e-02 1.9900191277e+00 6.3161354059e+00
347 6.1410986084e-01 9.3697523078e-02 1.9562531227e+00 6.1473614971e+00
348 6.1422174344e-01 9.4044625694e-02 1.9557663311e+00 6.1256065760e+00
349 6.1427644314e-01 9.4036596728e-02 1.9545657899e+00 6.1231257731e+00
350 6.1413287704e-01 9.3503338986e-02 1.9376206069e+00 6.0237021736e+00
351 6.1467244336e-01 9.4797434341e-02 1.9528939754e+00 6.0935445032e+00
352 6.1498077772e-01 9.5516948485e-02 1.9529751836e+00 6.0692924315e+00
353 6.1513364475e-01 9.5886788942e-02 1.9614387674e+00 6.1104762590e+00
354 6.1494925814e-01 9.5516194553e-02 1.9537889146e+00 6.0804831713e+00
355 6.1499248734e-01 9.5489182910e-02 1.9548145386e+00 6.0828565685e+00
356 6.1500443177e-01 9.5510604141e-02 1.9551738228e+00 6.0860692851e+00
357 6.1465694550e-01 9.4842784713e-02 1.9548108458e+00 6.0892082593e+00
358 6.1514611234e-01 9.6240668682e-02 1.9865502594e+00 6.2945675880e+00
359 6.1523228581e-01 9.6332366644e-02 1.9828099928e+00 6.3045094088e+00
360 6.1525182966e-01 9.6245090046e-02 1.9832239927e+00 6.3103929763e+00
361 6.1523202012e-01 9.6210739565e-02 1.9830728281e+00 6.3115104983e+00
362 6.1496878342e-01 9.5789765022e-02 1.9722069096e+00 6.2647285321e+00
363 6.1491674113e-01 9.5996124026e-02 1.9715844771e+00 6.2463729739e+00
364 6.1490637540e-01 9.5999175840e-02 1.9716900907e+00 6.2464438331e+00
365 6.1486283296e-01 9.5998006130e-02 1.9716728913e+00 6.2460140682e+00
