1 5.9282947138e-01 1.1102230246e-16 1.0000000000e+00 1.0000000000e+00
2 5.9301741597e-01 7.5859188086e-03 2.8583541335e+01 8.8742571355e+02
3 5.9290005161e-01 7.9367007291e-03 2.4518851166e+01 7.4495693702e+02
4 5.9289657126e-01 7.9646408478e-03 2.4245119704e+01 7.3469603863e+02
5 5.9329952105e-01 1.3259024268e-02 1.5929384064e+01 2.8415121627e+02
6 5.9375935999e-01 1.6870880325e-02 1.2877963078e+01 1.7905495285e+02
7 5.9375452466e-01 1.6907777843e-02 1.2794156006e+01 1.7752006083e+02
8 5.9364359028e-01 1.7133654282e-02 1.2243716149e+01 1.6886419548e+02
9 5.9356359212e-01 1.7211755971e-02 1.2076529038e+01 1.6607180102e+02
10 5.9380658116e-01 1.8737857191e-02 1.1221183238e+01 1.4121589835e+02
11 5.9400206268e-01 2.0050614138e-02 1.0427474154e+01 1.2171620621e+02
12 5.9448851885e-01 2.2288975104e-02 9.4195165992e+00 9.7607308350e+01
13 5.9446078582e-01 2.2327787404e-02 9.3714149335e+00 9.6980573353e+01
14 5.9460079432e-01 2.3578520424e-02 8.8715486558e+00 8.7051060309e+01
15 5.9482443948e-01 2.4886665976e-02 8.4355735597e+00 7.8796456466e+01
16 5.9469446353e-01 2.5141603157e-02 8.1678362908e+00 7.5886661255e+01
17 5.9466691124e-01 2.5171672905e-02 8.1409301894e+00 7.5562167585e+01
18 5.9472046430e-01 2.7135689952e-02 8.6664444368e+00 9.0848150509e+01
19 5.9462115980e-01 2.7261105229e-02 8.5451036133e+00 8.9336918369e+01
20 5.9461846955e-01 2.7277970230e-02 8.5288723969e+00 8.9120417003e+01
21 5.9457671095e-01 2.7337862912e-02 8.4705987970e+00 8.8405790543e+01
22 5.9475577748e-01 2.8382109890e-02 8.0864641196e+00 8.0303885747e+01
23 5.9500493295e-01 2.9340415109e-02 7.7816700109e+00 7.3892525912e+01
24 5.9514459807e-01 3.0318696575e-02 7.4701022569e+00 6.8038721316e+01
25 5.9541626348e-01 3.1216906983e-02 7.2212647481e+00 6.3266638536e+01
26 5.9538680264e-01 3.1194624459e-02 7.2147543028e+00 6.3239530263e+01
27 5.9541701125e-01 3.1275872280e-02 7.1539084372e+00 6.2567116101e+01
28 5.9567864364e-01 3.2121004801e-02 6.9480733877e+00 5.8654222657e+01
29 5.9571662081e-01 3.2166574197e-02 6.9122061648e+00 5.8296112278e+01
30 5.9596736334e-01 3.2985655177e-02 6.7257646100e+00 5.4878628069e+01
31 5.9613567782e-01 3.3789122495e-02 6.5351633231e+00 5.1690737997e+01
32 5.9614481285e-01 3.3807796937e-02 6.5232269466e+00 5.1570147965e+01
33 5.9608900628e-01 3.3824963838e-02 6.5169874793e+00 5.1509216530e+01
34 5.9654052156e-01 3.5407995336e-02 6.1825901686e+00 4.6134938690e+01
35 5.9670020012e-01 3.6210113606e-02 6.0141739313e+00 4.3694320577e+01
36 5.9672329028e-01 3.6212584297e-02 6.0110340974e+00 4.3667071087e+01
37 5.9673386539e-01 3.6247193562e-02 5.9930440001e+00 4.3494359293e+01
38 5.9662497086e-01 3.6355847296e-02 5.9413744801e+00 4.3057254401e+01
39 5.9685534910e-01 3.7147056627e-02 5.8314758092e+00 4.1146535767e+01
40 5.9728360874e-01 3.8649205282e-02 5.5961488031e+00 3.7624282379e+01
41 5.9721044121e-01 3.8696233849e-02 5.5759740515e+00 3.7495078571e+01
42 5.9705285367e-01 3.8870861891e-02 5.5437332855e+00 3.7213575326e+01
43 5.9705604790e-01 3.8847747460e-02 5.5211875135e+00 3.7075068653e+01
44 5.9718805371e-01 4.0038008890e-02 5.7121143622e+00 3.9966733424e+01
45 5.9754875932e-01 4.1533678473e-02 5.4449698360e+00 3.6393984778e+01
46 5.9753661490e-01 4.1558203508e-02 5.4472802179e+00 3.6390324516e+01
47 5.9752533576e-01 4.1544722883e-02 5.4430992842e+00 3.6370851203e+01
48 5.9744301605e-01 4.1624607161e-02 5.4121490847e+00 3.6144983388e+01
49 5.9742352601e-01 4.1725638219e-02 5.3703641826e+00 3.5812819723e+01
50 5.9742514328e-01 4.1730213497e-02 5.3685731120e+00 3.5796417986e+01
51 5.9732292837e-01 4.1803001968e-02 5.3440158384e+00 3.5604563145e+01
52 5.9777454442e-01 4.2891197414e-02 5.1701548755e+00 3.3192299774e+01
53 5.9773891733e-01 4.2913821634e-02 5.1633651052e+00 3.3140795654e+01
54 5.9796837255e-01 4.3664769887e-02 5.0811238445e+00 3.1948193760e+01
55 5.9796458501e-01 4.3693906390e-02 5.0697195793e+00 3.1866878517e+01
56 5.9799275996e-01 4.3687619572e-02 5.0703141665e+00 3.1871939930e+01
57 5.9804887012e-01 4.3238955598e-02 4.8345946387e+00 2.8727914864e+01
58 5.9828338981e-01 4.3850634873e-02 4.7578353000e+00 2.7784890027e+01
59 5.9849701892e-01 4.4406196000e-02 4.6724310291e+00 2.6827516727e+01
60 5.9877930896e-01 4.5017022953e-02 4.5944434189e+00 2.5935117602e+01
61 5.9877717658e-01 4.4971204075e-02 4.5906645930e+00 2.5931286546e+01
62 5.9872712742e-01 4.5018286403e-02 4.5765925972e+00 2.5847767538e+01
63 5.9871583715e-01 4.5021208393e-02 4.5765122728e+00 2.5845441188e+01
64 5.9921705027e-01 4.6100155868e-02 4.4502487861e+00 2.4370650417e+01
65 5.9948328651e-01 4.6694828535e-02 4.4050479717e+00 2.3727007062e+01
66 5.9952780883e-01 4.6738069164e-02 4.3913590721e+00 2.3624727502e+01
67 5.9948633139e-01 4.6781907112e-02 4.3795844439e+00 2.3554252503e+01
68 5.9941241754e-01 4.6846914782e-02 4.3703974234e+00 2.3490603836e+01
69 5.9945461926e-01 4.6904059676e-02 4.3491103760e+00 2.3366835329e+01
70 5.9933284942e-01 4.6992546232e-02 4.3354887492e+00 2.3286464642e+01
71 5.9946215802e-01 4.7614532951e-02 4.2639331246e+00 2.2561832486e+01
72 5.9967354567e-01 4.8187128473e-02 4.2017894146e+00 2.1925180180e+01
73 5.9956287703e-01 4.8596166591e-02 4.3706236789e+00 2.3956925212e+01
74 5.9980674087e-01 4.9117527485e-02 4.3155166973e+00 2.3319516688e+01
75 6.0028237733e-01 4.9963377794e-02 4.2120189834e+00 2.2199289533e+01
76 6.0041734121e-01 5.0293652888e-02 4.1177873160e+00 2.1093056568e+01
77 6.0072307731e-01 5.0918069553e-02 4.0699873196e+00 2.0570169179e+01
78 6.0060924240e-01 5.0948911680e-02 4.0529126692e+00 2.0500115919e+01
79 6.0089716470e-01 5.1491193021e-02 4.0083345895e+00 2.0015962351e+01
80 6.0108399247e-01 5.1966519171e-02 3.9543691468e+00 1.9517413947e+01
81 6.0090767033e-01 5.1533916168e-02 3.9955121833e+00 1.9949525633e+01
82 6.0093225317e-01 5.1519245341e-02 3.9908832177e+00 1.9923082786e+01
83 6.0048011052e-01 5.0379628505e-02 3.9630232329e+00 1.9652678460e+01
84 6.0046642282e-01 5.0412635934e-02 3.9547079384e+00 1.9607324460e+01
85 6.0013540722e-01 4.9935537233e-02 3.9903129791e+00 2.0032360289e+01
86 6.0027198054e-01 5.0866715647e-02 4.0914376831e+00 2.1239172759e+01
87 6.0001673198e-01 4.9950065075e-02 3.9762032965e+00 1.9964445368e+01
88 5.9960169098e-01 4.8519743905e-02 3.8882235441e+00 1.8851257071e+01
89 5.9923908550e-01 4.8048381789e-02 3.9196646983e+00 1.9231798371e+01
90 5.9917449910e-01 4.8107768741e-02 3.9095963418e+00 1.9159750370e+01
91 5.9918648484e-01 4.8112361545e-02 3.9076093824e+00 1.9148612052e+01
92 5.9945959250e-01 4.8650855409e-02 3.8648512343e+00 1.8697109343e+01
93 5.9973821917e-01 4.9192569879e-02 3.8195276771e+00 1.8247702929e+01
94 5.9976868807e-01 4.9190593468e-02 3.8182693050e+00 1.8241115106e+01
95 5.9969481787e-01 4.9191158332e-02 3.8217158958e+00 1.8262974905e+01
96 5.9967780660e-01 4.9196215709e-02 3.8204339250e+00 1.8262817311e+01
97 5.9969459686e-01 4.9214212763e-02 3.8064602848e+00 1.8199641062e+01
98 5.9973433250e-01 4.9218712603e-02 3.8028731861e+00 1.8180829386e+01
99 6.0020741772e-01 5.0365569383e-02 3.7240964913e+00 1.7412702533e+01
100 6.0064310936e-01 5.1394244673e-02 3.6461337925e+00 1.6681269060e+01
101 6.0051131951e-01 5.1625781288e-02 3.6363619702e+00 1.6643853021e+01
102 6.0090770062e-01 5.2586005572e-02 3.5652640681e+00 1.5982687993e+01
103 6.0088628109e-01 5.2591501931e-02 3.5653260369e+00 1.5981805439e+01
104 6.0102623720e-01 5.3224358735e-02 3.5345544910e+00 1.5690612652e+01
105 6.0096346347e-01 5.3272116263e-02 3.5259756059e+00 1.5654825665e+01
106 6.0100127381e-01 5.3147348208e-02 3.5182712251e+00 1.5603010969e+01
107 6.0120031137e-01 5.3643256408e-02 3.4831663645e+00 1.5291035405e+01
108 6.0140659126e-01 5.4087077655e-02 3.4489375751e+00 1.5000499450e+01
109 6.0134169523e-01 5.4150364918e-02 3.4390019606e+00 1.4948216758e+01
110 6.0166539701e-01 5.5307397662e-02 3.4775065946e+00 1.5424286778e+01
111 6.0190783951e-01 5.5881368439e-02 3.4460460335e+00 1.5127607254e+01
112 6.0204163055e-01 5.6661308927e-02 3.5151531031e+00 1.5837949958e+01
113 6.0182814528e-01 5.6216828879e-02 3.5526318965e+00 1.6186933493e+01
114 6.0182760688e-01 5.6222653146e-02 3.5513540829e+00 1.6180630200e+01
115 6.0217725391e-01 5.7552514443e-02 3.5826137297e+00 1.6544097239e+01
116 6.0216539966e-01 5.7562288563e-02 3.5811403177e+00 1.6535999204e+01
117 6.0237013699e-01 5.8025138590e-02 3.5416742149e+00 1.6186005675e+01
118 6.0218608724e-01 5.8107727085e-02 3.5331179312e+00 1.6142001722e+01
119 6.0217910022e-01 5.8152084477e-02 3.5263580700e+00 1.6096088158e+01
120 6.0244907728e-01 5.8539995805e-02 3.4890305957e+00 1.5778540089e+01
121 6.0253252910e-01 5.8540854308e-02 3.4846696584e+00 1.5757743827e+01
122 6.0295314730e-01 5.9500092325e-02 3.4153171309e+00 1.5148629455e+01
123 6.0289633691e-01 5.9542508675e-02 3.4095883814e+00 1.5119716749e+01
124 6.0274410789e-01 5.9693192818e-02 3.4004454485e+00 1.5077674718e+01
125 6.0281100410e-01 6.0511769064e-02 3.4482199210e+00 1.5570063475e+01
126 6.0301969456e-01 6.0993667699e-02 3.4136204545e+00 1.5259645459e+01
127 6.0334520852e-01 6.2247617298e-02 3.4323824453e+00 1.5409537315e+01
128 6.0350962652e-01 6.2661407002e-02 3.4015655386e+00 1.5129250425e+01
129 6.0385181157e-01 6.3485415275e-02 3.3394038802e+00 1.4587727172e+01
130 6.0370504982e-01 6.2757455142e-02 3.2952427900e+00 1.4191977372e+01
131 6.0392390539e-01 6.3154575368e-02 3.2665137418e+00 1.3945648061e+01
132 6.0361666693e-01 6.2828374907e-02 3.2912111815e+00 1.4161080164e+01
133 6.0354381265e-01 6.2950258574e-02 3.2738917384e+00 1.4086498864e+01
134 6.0383540911e-01 6.3382920408e-02 3.2418369592e+00 1.3820447847e+01
135 6.0377994440e-01 6.3421572910e-02 3.2372026872e+00 1.3799723332e+01
136 6.0374347689e-01 6.3432522546e-02 3.2369641485e+00 1.3797890438e+01
137 6.0375231351e-01 6.3444300370e-02 3.2340363205e+00 1.3787216418e+01
138 6.0351127068e-01 6.3085893739e-02 3.2561261262e+00 1.4001046844e+01
139 6.0358043999e-01 6.3223169273e-02 3.2668971111e+00 1.4124135281e+01
140 6.0408852121e-01 6.3945181441e-02 3.2110941275e+00 1.3655874391e+01
141 6.0412641782e-01 6.3944400983e-02 3.2094584461e+00 1.3648929324e+01
142 6.0436949464e-01 6.4072300042e-02 3.1172242310e+00 1.2899671033e+01
143 6.0441818756e-01 6.4876740447e-02 3.1688297528e+00 1.3406793371e+01
144 6.0454526773e-01 6.4616804437e-02 3.0973791453e+00 1.2798586724e+01
145 6.0453219719e-01 6.4746888183e-02 3.1073763905e+00 1.2934329420e+01
146 6.0454494402e-01 6.4788703132e-02 3.1072129066e+00 1.2927050527e+01
147 6.0470423852e-01 6.4961439900e-02 3.0816683671e+00 1.2754522178e+01
148 6.0462171316e-01 6.4894212379e-02 3.0746572917e+00 1.2724733726e+01
149 6.0457236746e-01 6.4877611442e-02 3.0713019058e+00 1.2713733021e+01
150 6.0445317701e-01 6.4899088137e-02 3.0612941005e+00 1.2675798541e+01
151 6.0495349049e-01 6.5605036522e-02 3.0136381790e+00 1.2290567976e+01
152 6.0534261209e-01 6.6724190684e-02 3.0419312722e+00 1.2583937257e+01
153 6.0553759921e-01 6.7139098796e-02 3.0187832684e+00 1.2385418608e+01
154 6.0543548941e-01 6.7174899469e-02 3.0153735449e+00 1.2372010914e+01
155 6.0523215053e-01 6.7315576436e-02 2.9997230012e+00 1.2314540295e+01
156 6.0526613439e-01 6.7336439521e-02 2.9974270875e+00 1.2305055858e+01
157 6.0557350945e-01 6.8222254558e-02 2.9430364415e+00 1.1891920090e+01
158 6.0575749558e-01 6.8656668736e-02 2.9180521734e+00 1.1695456054e+01
159 6.0571968581e-01 6.8730353290e-02 2.9147638504e+00 1.1675003145e+01
160 6.0595841491e-01 6.9041412168e-02 2.8920737168e+00 1.1506508539e+01
161 6.0632676815e-01 7.0003569525e-02 2.8931072111e+00 1.1469069452e+01
162 6.0639187008e-01 6.9999251743e-02 2.8914471411e+00 1.1461193769e+01
163 6.0640974071e-01 7.0004444034e-02 2.8899784587e+00 1.1454878335e+01
164 6.0706964309e-01 7.1360907720e-02 2.8851422440e+00 1.1443555659e+01
165 6.0702448007e-01 7.1508659174e-02 2.8983142562e+00 1.1556066516e+01
166 6.0693713271e-01 7.1565205345e-02 2.8934948465e+00 1.1535290781e+01
167 6.0705430423e-01 7.2119336592e-02 2.9120351249e+00 1.1642996005e+01
168 6.0700959447e-01 7.2141631748e-02 2.9105320697e+00 1.1636543986e+01
169 6.0721930122e-01 7.2725143899e-02 2.9348313800e+00 1.1816366056e+01
170 6.0706560970e-01 7.2782912261e-02 2.9269849686e+00 1.1789659603e+01
171 6.0707306657e-01 7.3392710318e-02 2.9322615779e+00 1.1783397220e+01
172 6.0716359978e-01 7.3381838172e-02 2.9301240260e+00 1.1775714374e+01
173 6.0690875199e-01 7.2519024444e-02 2.8902220298e+00 1.1465663509e+01
174 6.0675976737e-01 7.2586112153e-02 2.8865360632e+00 1.1448995467e+01
175 6.0709536453e-01 7.3538767198e-02 2.8914470158e+00 1.1467763890e+01
176 6.0752685255e-01 7.4535764569e-02 2.8903265093e+00 1.1470088003e+01
177 6.0721850343e-01 7.4204295602e-02 2.9100067605e+00 1.1628226496e+01
178 6.0691566664e-01 7.3912141489e-02 2.9296807219e+00 1.1785951602e+01
179 6.0689234575e-01 7.3681179631e-02 2.9122336841e+00 1.1618700954e+01
180 6.0702037931e-01 7.4413144847e-02 2.9447958124e+00 1.1896245753e+01
181 6.0697097811e-01 7.4475728379e-02 2.9429649861e+00 1.1880382388e+01
182 6.0656980874e-01 7.3795124096e-02 2.9540396125e+00 1.2005217870e+01
183 6.0653401058e-01 7.3826929489e-02 2.9506172512e+00 1.1991467242e+01
184 6.0684121764e-01 7.4393624936e-02 2.9040084529e+00 1.1674671176e+01
185 6.0701106473e-01 7.5019955229e-02 2.9205488983e+00 1.1796228289e+01
186 6.0693996972e-01 7.5019192024e-02 2.9231886707e+00 1.1807971719e+01
187 6.0695275206e-01 7.5030899877e-02 2.9210978246e+00 1.1798779186e+01
188 6.0691635329e-01 7.5149855731e-02 2.9241299814e+00 1.1842687652e+01
189 6.0651738898e-01 7.4651215584e-02 2.9477159379e+00 1.2054768347e+01
190 6.0648017939e-01 7.4687560313e-02 2.9437739312e+00 1.2038414764e+01
191 6.0645031167e-01 7.4882193010e-02 2.9500652334e+00 1.2091175708e+01
192 6.0617096171e-01 7.4270059984e-02 2.9435931529e+00 1.2027523283e+01
193 6.0580859583e-01 7.3085032817e-02 2.8971776357e+00 1.1730891070e+01
194 6.0563097691e-01 7.2528521035e-02 2.8699417355e+00 1.1568058588e+01
195 6.0557715010e-01 7.2601034527e-02 2.8677571528e+00 1.1551484743e+01
196 6.0533748230e-01 7.2287565503e-02 2.8865231633e+00 1.1705687455e+01
197 6.0540226341e-01 7.2901190284e-02 2.9136202277e+00 1.1895813398e+01
198 6.0536778237e-01 7.2939432592e-02 2.9090190247e+00 1.1878191325e+01
199 6.0535118551e-01 7.2844146026e-02 2.9111335931e+00 1.1905123305e+01
200 6.0544141241e-01 7.3069167734e-02 2.8950394070e+00 1.1781978791e+01
201 6.0503348655e-01 7.2292790147e-02 2.8978078392e+00 1.1852533687e+01
202 6.0499875255e-01 7.2330927035e-02 2.8917126605e+00 1.1839896596e+01
203 6.0491317224e-01 7.2383012675e-02 2.8881643992e+00 1.1820493236e+01
204 6.0479198301e-01 7.2454803946e-02 2.8827529182e+00 1.1794633637e+01
205 6.0471178415e-01 7.2490038967e-02 2.8782606692e+00 1.1777534505e+01
206 6.0497359321e-01 7.2792960685e-02 2.8548446211e+00 1.1609132570e+01
207 6.0532391130e-01 7.3609859048e-02 2.8117520089e+00 1.1265631885e+01
208 6.0532246683e-01 7.3642452645e-02 2.8100058750e+00 1.1254827698e+01
209 6.0490210548e-01 7.2510393895e-02 2.7858923810e+00 1.1058524268e+01
210 6.0485561356e-01 7.2499714959e-02 2.7882710221e+00 1.1071606000e+01
211 6.0476251708e-01 7.2582728246e-02 2.7802356880e+00 1.1037754575e+01
212 6.0457716128e-01 7.2079187351e-02 2.7457261772e+00 1.0794037206e+01
213 6.0481339055e-01 7.2382500192e-02 2.7292099122e+00 1.0657280955e+01
214 6.0475618758e-01 7.2440359741e-02 2.7245739193e+00 1.0637057864e+01
215 6.0482609265e-01 7.3057095639e-02 2.7356716406e+00 1.0712909086e+01
216 6.0461248796e-01 7.2730482883e-02 2.7554626357e+00 1.0860625053e+01
217 6.0466251684e-01 7.2746914895e-02 2.7530363511e+00 1.0849388385e+01
218 6.0424172746e-01 7.1750701915e-02 2.7379164502e+00 1.0737568283e+01
219 6.0419108288e-01 7.1783447950e-02 2.7354726090e+00 1.0726390957e+01
220 6.0388448790e-01 7.1368060682e-02 2.7522492043e+00 1.0884828191e+01
221 6.0437112073e-01 7.2219143933e-02 2.7132493044e+00 1.0579920851e+01
222 6.0431984935e-01 7.2196757988e-02 2.7161410349e+00 1.0593519334e+01
223 6.0487534551e-01 7.2521948866e-02 2.6423318778e+00 1.0084563115e+01
224 6.0456760650e-01 7.1533721266e-02 2.6240009302e+00 9.9532852481e+00
225 6.0455331932e-01 7.1548534481e-02 2.6227477747e+00 9.9473778067e+00
226 6.0455177267e-01 7.1534107510e-02 2.6205921258e+00 9.9440063529e+00
227 6.0410866217e-01 7.0477861211e-02 2.5949565426e+00 9.7767452770e+00
228 6.0404856312e-01 7.0478988258e-02 2.5934968279e+00 9.7722116889e+00
229 6.0388032285e-01 6.9727042800e-02 2.5366175989e+00 9.2987352757e+00
230 6.0418732756e-01 7.0969345468e-02 2.5973222492e+00 9.8919338120e+00
231 6.0415109164e-01 7.0985991273e-02 2.5967551823e+00 9.8881554733e+00
232 6.0428794423e-01 7.1544488690e-02 2.6281652242e+00 1.0108924816e+01
233 6.0424734021e-01 7.1615516876e-02 2.6263409542e+00 1.0100182172e+01
234 6.0440341212e-01 7.2044422828e-02 2.6059413856e+00 9.9521839398e+00
235 6.0455679241e-01 7.2565995316e-02 2.6309804985e+00 1.0116014940e+01
236 6.0426147267e-01 7.2224041523e-02 2.6503655309e+00 1.0254311266e+01
237 6.0426370115e-01 7.2550187683e-02 2.6343550947e+00 1.0130738136e+01
238 6.0426761769e-01 7.2483653695e-02 2.6338264770e+00 1.0140343595e+01
239 6.0466445454e-01 7.3488224453e-02 2.6405208462e+00 1.0181363384e+01
240 6.0494441100e-01 7.4598532176e-02 2.6592279377e+00 1.0381015966e+01
241 6.0480914715e-01 7.4674466729e-02 2.6540979967e+00 1.0361630773e+01
242 6.0515587282e-01 7.5635358183e-02 2.6601576568e+00 1.0393808429e+01
243 6.0500123143e-01 7.5396278950e-02 2.6749305911e+00 1.0508867199e+01
244 6.0480503500e-01 7.5070332163e-02 2.6932725333e+00 1.0647510689e+01
245 6.0506451877e-01 7.5455963878e-02 2.6749646398e+00 1.0502001722e+01
246 6.0465406733e-01 7.4154579192e-02 2.6017877036e+00 9.9588360296e+00
247 6.0447292947e-01 7.3513212336e-02 2.5647015163e+00 9.7215697427e+00
248 6.0386071769e-01 7.2562904824e-02 2.5704360591e+00 9.7711251796e+00
249 6.0382852877e-01 7.2925814125e-02 2.6344707965e+00 1.0281204264e+01
250 6.0407562200e-01 7.3389075519e-02 2.6175796270e+00 1.0137774942e+01
251 6.0408679769e-01 7.3416868712e-02 2.6195315918e+00 1.0140527456e+01
252 6.0427783072e-01 7.4031357536e-02 2.6515926983e+00 1.0375298586e+01
253 6.0444140475e-01 7.4738531690e-02 2.6841486712e+00 1.0595624091e+01
254 6.0423334866e-01 7.4394912770e-02 2.7038731514e+00 1.0744456467e+01
255 6.0395707822e-01 7.4105660789e-02 2.7353957098e+00 1.1022831915e+01
256 6.0408742638e-01 7.4884786511e-02 2.7774206926e+00 1.1375653283e+01
257 6.0408316237e-01 7.4741412608e-02 2.7812815099e+00 1.1418444123e+01
258 6.0407152744e-01 7.4873256232e-02 2.7780970289e+00 1.1387875748e+01
259 6.0473328990e-01 7.5775772186e-02 2.7209321963e+00 1.0954084147e+01
260 6.0468930084e-01 7.5845352197e-02 2.7206504346e+00 1.0945813414e+01
261 6.0518965276e-01 7.6485617129e-02 2.6853575381e+00 1.0662137731e+01
262 6.0541701805e-01 7.6839682996e-02 2.6676933706e+00 1.0520083515e+01
263 6.0545145395e-01 7.6841952037e-02 2.6657744519e+00 1.0514720096e+01
264 6.0555148027e-01 7.7475221602e-02 2.6851279780e+00 1.0634922133e+01
265 6.0473376856e-01 7.5650865251e-02 2.6641778562e+00 1.0532962345e+01
266 6.0447677183e-01 7.5340521398e-02 2.6782859170e+00 1.0659974092e+01
267 6.0506494622e-01 7.6323925295e-02 2.6395631272e+00 1.0394906109e+01
268 6.0522057093e-01 7.6484531057e-02 2.6256341802e+00 1.0304940596e+01
269 6.0477027290e-01 7.5581467055e-02 2.6095453952e+00 1.0224618954e+01
270 6.0494953207e-01 7.6402704088e-02 2.6469430682e+00 1.0513416685e+01
271 6.0497117661e-01 7.6186018500e-02 2.5917189533e+00 1.0125102434e+01
272 6.0492753512e-01 7.6173751368e-02 2.5887920938e+00 1.0112419065e+01
273 6.0488185615e-01 7.6144429548e-02 2.5858995248e+00 1.0108972149e+01
274 6.0488722413e-01 7.6208109974e-02 2.5857761264e+00 1.0098093832e+01
275 6.0450070274e-01 7.5240323010e-02 2.5629497125e+00 9.9297653696e+00
276 6.0450541654e-01 7.5257649571e-02 2.5603149589e+00 9.9209991029e+00
277 6.0449270960e-01 7.5242455652e-02 2.5626538477e+00 9.9304231013e+00
278 6.0487626075e-01 7.5960058942e-02 2.5335274190e+00 9.7060023619e+00
279 6.0485344185e-01 7.5871653781e-02 2.5235367510e+00 9.6146640634e+00
280 6.0490501066e-01 7.5816478565e-02 2.5241426258e+00 9.6225894591e+00
281 6.0517207357e-01 7.6206217521e-02 2.5085416982e+00 9.4980742652e+00
282 6.0540433424e-01 7.6402981545e-02 2.5036373629e+00 9.4865490471e+00
283 6.0542148110e-01 7.6417322800e-02 2.5011082075e+00 9.4776358403e+00
284 6.0550758874e-01 7.7003306083e-02 2.5087514195e+00 9.4954554297e+00
285 6.0598819665e-01 7.7666047019e-02 2.4717607098e+00 9.2538837627e+00
286 6.0603505384e-01 7.7662254013e-02 2.4704353058e+00 9.2496813200e+00
287 6.0622025052e-01 7.7917317550e-02 2.4560507150e+00 9.1536352045e+00
288 6.0640822728e-01 7.8221154200e-02 2.4396922464e+00 9.0423205336e+00
289 6.0649349646e-01 7.7944217981e-02 2.3901253143e+00 8.6842101880e+00
290 6.0680907394e-01 7.9178532956e-02 2.4466498904e+00 9.0810897473e+00
291 6.0682756080e-01 7.9713052525e-02 2.4477593682e+00 9.0741982954e+00
292 6.0673655989e-01 7.9919279692e-02 2.4817034225e+00 9.2907971834e+00
293 6.0675094717e-01 7.9944363489e-02 2.4779283093e+00 9.2785919897e+00
294 6.0660852810e-01 8.0164586961e-02 2.4994086075e+00 9.3997408748e+00
295 6.0640741118e-01 7.9634871512e-02 2.4691905069e+00 9.2151697208e+00
296 6.0677588785e-01 8.0489347215e-02 2.4638656113e+00 9.1427952837e+00
297 6.0677863574e-01 8.0589880798e-02 2.4607835223e+00 9.1236313920e+00
298 6.0669072908e-01 8.0648169368e-02 2.4571238841e+00 9.1096995779e+00
299 6.0693616729e-01 8.1406002968e-02 2.4855910273e+00 9.2749484439e+00
300 6.0680028431e-01 8.1585196193e-02 2.4776634942e+00 9.2398854104e+00
301 6.0659595442e-01 8.1010096868e-02 2.4992914173e+00 9.4095675296e+00
302 6.0641709734e-01 8.0751430936e-02 2.5224239409e+00 9.5847130436e+00
303 6.0607990482e-01 8.0177019028e-02 2.5472641705e+00 9.8101239405e+00
304 6.0592777785e-01 7.9568054825e-02 2.5009150837e+00 9.5523055900e+00
305 6.0606244672e-01 7.9828854067e-02 2.4855399746e+00 9.4467572424e+00
306 6.0618254546e-01 8.0365724139e-02 2.5010750750e+00 9.5216128108e+00
307 6.0640429841e-01 8.0618785521e-02 2.4716713260e+00 9.3127964752e+00
308 6.0650369462e-01 8.0967850673e-02 2.4578177238e+00 9.2030875237e+00
309 6.0674704498e-01 8.1369149409e-02 2.4375069329e+00 9.0691043371e+00
310 6.0681577618e-01 8.1883854880e-02 2.4703271355e+00 9.3440832759e+00
311 6.0676784468e-01 8.1897620583e-02 2.4706587687e+00 9.3436793127e+00
312 6.0676112587e-01 8.1854655027e-02 2.4704883882e+00 9.3440988545e+00
313 6.0692719444e-01 8.2385940083e-02 2.4825201194e+00 9.3861082703e+00
314 6.0689795821e-01 8.2390941871e-02 2.4828303310e+00 9.3878645287e+00
315 6.0777243770e-01 8.4477786323e-02 2.4916976066e+00 9.3683468079e+00
316 6.0787339231e-01 8.5094754915e-02 2.5146823207e+00 9.5105888144e+00
317 6.0800481338e-01 8.5324974807e-02 2.4760187087e+00 9.1881303405e+00
318 6.0810435358e-01 8.5936450353e-02 2.4812348383e+00 9.2260404066e+00
319 6.0836376222e-01 8.6244897688e-02 2.4641810927e+00 9.1131874142e+00
320 6.0788861844e-01 8.5513860647e-02 2.4650695386e+00 9.1772472770e+00
321 6.0737399688e-01 8.4655741576e-02 2.4597293795e+00 9.1703917725e+00
322 6.0745189390e-01 8.4997697708e-02 2.4587022059e+00 9.1499414496e+00
323 6.0724356864e-01 8.4486086513e-02 2.4432460711e+00 9.0699185665e+00
324 6.0715346819e-01 8.4467871981e-02 2.4404150587e+00 9.0688348994e+00
325 6.0740274283e-01 8.4762803073e-02 2.4251795052e+00 8.9562450591e+00
326 6.0741519456e-01 8.4780880504e-02 2.4222995862e+00 8.9486126094e+00
327 6.0726185293e-01 8.4484067566e-02 2.4179497103e+00 8.9492856722e+00
328 6.0749644194e-01 8.4769135619e-02 2.4004111315e+00 8.8272301421e+00
329 6.0748835168e-01 8.4790732712e-02 2.3983836570e+00 8.8195656208e+00
330 6.0754091265e-01 8.4849400993e-02 2.4028961971e+00 8.8533966295e+00
331 6.0772989894e-01 8.5155106180e-02 2.3875375828e+00 8.7530790729e+00
332 6.0773142155e-01 8.5186503433e-02 2.3838773489e+00 8.7412942832e+00
333 6.0783643099e-01 8.5675858353e-02 2.3968129683e+00 8.7934045323e+00
334 6.0781167972e-01 8.5022146900e-02 2.3627369048e+00 8.6500144483e+00
335 6.0782102234e-01 8.4943871684e-02 2.3598622042e+00 8.6292233585e+00
336 6.0781363205e-01 8.5027178047e-02 2.3615357573e+00 8.6474981919e+00
337 6.0812039090e-01 8.5839104594e-02 2.3668710187e+00 8.6588871086e+00
338 6.0777409439e-01 8.4812864871e-02 2.3377037594e+00 8.5109132143e+00
339 6.0795286535e-01 8.5309805983e-02 2.3506687841e+00 8.5703410662e+00
340 6.0743074191e-01 8.4403036193e-02 2.3355867297e+00 8.4832661610e+00
341 6.0791124253e-01 8.4915087974e-02 2.3057348358e+00 8.2885541734e+00
342 6.0793446848e-01 8.4832734109e-02 2.3009740026e+00 8.2538388255e+00
343 6.0809489754e-01 8.5407481494e-02 2.3269795589e+00 8.4177343251e+00
344 6.0799950716e-01 8.4965038385e-02 2.3133660685e+00 8.3526889034e+00
345 6.0817557984e-01 8.5180037350e-02 2.3010820456e+00 8.2771089363e+00
346 6.0815078958e-01 8.4794653079e-02 2.2590273967e+00 8.0143885231e+00
347 6.0807876021e-01 8.5004753058e-02 2.2640871380e+00 8.0229056282e+00
348 6.0775432357e-01 8.4129863465e-02 2.2571134615e+00 7.9964621171e+00
349 6.0760115366e-01 8.3768841551e-02 2.2477403746e+00 7.9632692582e+00
350 6.0785116231e-01 8.4434214487e-02 2.2184231325e+00 7.7813148707e+00
351 6.0796780293e-01 8.4190592594e-02 2.1856769223e+00 7.5928493567e+00
352 6.0794620032e-01 8.4243179473e-02 2.1869130363e+00 7.5962368404e+00
353 6.0798981764e-01 8.4270032506e-02 2.1874480343e+00 7.5950043374e+00
354 6.0802870085e-01 8.4267437591e-02 2.1862869290e+00 7.5918994951e+00
355 6.0805166107e-01 8.4265854171e-02 2.1854216041e+00 7.5904127921e+00
356 6.0785229671e-01 8.3791270427e-02 2.1657582039e+00 7.4906050299e+00
357 6.0793933452e-01 8.4352311644e-02 2.1918093391e+00 7.6564583124e+00
358 6.0791793584e-01 8.4477948306e-02 2.2069839308e+00 7.7874635368e+00
359 6.0789929214e-01 8.4489469946e-02 2.2066677152e+00 7.7851273933e+00
360 6.0790530598e-01 8.4510196013e-02 2.2041387611e+00 7.7776415806e+00
361 6.0816595198e-01 8.4866498099e-02 2.1896027276e+00 7.6844384640e+00
362 6.0844979017e-01 8.5327245385e-02 2.1780156342e+00 7.5973940046e+00
363 6.0888878407e-01 8.5916831503e-02 2.1578558881e+00 7.4628957402e+00
364 6.0891100656e-01 8.5949254475e-02 2.1587416102e+00 7.4649540814e+00
365 6.0896555007e-01 8.5863322674e-02 2.1329138900e+00 7.3280380084e+00
