1 5.9282947138e-01 1.1102230246e-16 1.0000000000e+00 1.0000000000e+00
2 5.9289918485e-01 7.8458504984e-03 2.5556073783e+01 7.7879871470e+02
3 5.9280457454e-01 8.0441012865e-03 2.3500687028e+01 7.0731057081e+02
4 5.9275784571e-01 8.2885942067e-03 2.2689961185e+01 6.8112932968e+02
5 5.9317942385e-01 1.3334894242e-02 1.6017747660e+01 2.8597902605e+02
6 5.9337148255e-01 1.5258524935e-02 1.4189519321e+01 2.2006447100e+02
7 5.9330371115e-01 1.5400650363e-02 1.3777834857e+01 2.1241480192e+02
8 5.9320560977e-01 1.5708680068e-02 1.2914111713e+01 1.9699056872e+02
9 5.9313980594e-01 1.5827214093e-02 1.2602818937e+01 1.9146547151e+02
10 5.9350529009e-01 1.8979093709e-02 1.0602071111e+01 1.3248454971e+02
11 5.9372167145e-01 2.0429602084e-02 9.9265471218e+00 1.1498509545e+02
12 5.9369731271e-01 2.0466702856e-02 9.8728012115e+00 1.1420496872e+02
13 5.9379605714e-01 2.0518282668e-02 9.7913463397e+00 1.1288312643e+02
14 5.9398919457e-01 2.1850961040e-02 9.2648316342e+00 1.0015447234e+02
15 5.9392396458e-01 2.1878619796e-02 9.2362010255e+00 9.9761585983e+01
16 5.9408295033e-01 2.3132422144e-02 8.7954205614e+00 8.9675124375e+01
17 5.9411164942e-01 2.3144420331e-02 8.7779129469e+00 8.9446233146e+01
18 5.9403761633e-01 2.3216183754e-02 8.6943538997e+00 8.8478281403e+01
19 5.9424904464e-01 2.4513930817e-02 8.3436903604e+00 8.0807617890e+01
20 5.9399992768e-01 2.4777347632e-02 8.0699052887e+00 7.7829749319e+01
21 5.9421509944e-01 2.5894007299e-02 7.7612460737e+00 7.1412134308e+01
22 5.9444881833e-01 2.7110043104e-02 7.4620855614e+00 6.5756528423e+01
23 5.9421819682e-01 2.6166964050e-02 7.6281699052e+00 6.9940282314e+01
24 5.9423672458e-01 2.6177410735e-02 7.6175213185e+00 6.9807720053e+01
25 5.9446446416e-01 2.7210851841e-02 7.3724287231e+00 6.4784328787e+01
26 5.9484354420e-01 2.9081477773e-02 6.9222735716e+00 5.6494532942e+01
27 5.9476946331e-01 2.9128426153e-02 6.8933284092e+00 5.6204814229e+01
28 5.9469626148e-01 2.9183219668e-02 6.8563004238e+00 5.5862038655e+01
29 5.9493306936e-01 3.0189075653e-02 6.6153137927e+00 5.2185805453e+01
30 5.9496685129e-01 3.0188058627e-02 6.6142409614e+00 5.2161819136e+01
31 5.9492984799e-01 3.0243344280e-02 6.5725133605e+00 5.1838020962e+01
32 5.9484569990e-01 3.0301380734e-02 6.5381679615e+00 5.1522601777e+01
33 5.9481636706e-01 3.0334154676e-02 6.5185368891e+00 5.1326697244e+01
34 5.9480598448e-01 3.0265694962e-02 6.4976322128e+00 5.1133630531e+01
35 5.9479399567e-01 3.0284797300e-02 6.4859997623e+00 5.1015612777e+01
36 5.9469196850e-01 3.0364392915e-02 6.4395448631e+00 5.0578823169e+01
37 5.9516040350e-01 3.1893764823e-02 6.1538510308e+00 4.5602476032e+01
38 5.9559507091e-01 3.3628668278e-02 5.9114141274e+00 4.1542736036e+01
39 5.9584953220e-01 3.4353513515e-02 5.7779337828e+00 3.9590743114e+01
40 5.9582484183e-01 3.4398938475e-02 5.7543632497e+00 3.9403490487e+01
41 5.9574598805e-01 3.4510535150e-02 5.6916731815e+00 3.8981676403e+01
42 5.9638323831e-01 3.6765146173e-02 5.3887005231e+00 3.4482749082e+01
43 5.9643905555e-01 3.6787985278e-02 5.3752990805e+00 3.4366200402e+01
44 5.9625887310e-01 3.6819143063e-02 5.3272192287e+00 3.4029435682e+01
45 5.9632978331e-01 3.7624140649e-02 5.2077624399e+00 3.2561367786e+01
46 5.9622397662e-01 3.7680228859e-02 5.1894500077e+00 3.2430393659e+01
47 5.9626782617e-01 3.7708635041e-02 5.1736287715e+00 3.2308856048e+01
48 5.9626316974e-01 3.7711334915e-02 5.1728909310e+00 3.2302153259e+01
49 5.9648539266e-01 3.8404152294e-02 5.0938900565e+00 3.1190049044e+01
50 5.9655289969e-01 3.8407624679e-02 5.0874396604e+00 3.1143056388e+01
51 5.9650601016e-01 3.8479246335e-02 5.0581076920e+00 3.0944134698e+01
52 5.9681785205e-01 4.0394710925e-02 5.1906193832e+00 3.3331337459e+01
53 5.9683060087e-01 4.0426240350e-02 5.1798321059e+00 3.3224644139e+01
54 5.9684465311e-01 4.0497033828e-02 5.1463785520e+00 3.3000570151e+01
55 5.9706139870e-01 4.1154981689e-02 5.0591156409e+00 3.1790724026e+01
56 5.9698734314e-01 4.1301844673e-02 5.0403840466e+00 3.1653175129e+01
57 5.9697577327e-01 4.1311721155e-02 5.0373906064e+00 3.1628682518e+01
58 5.9689940782e-01 4.1338997320e-02 5.0317936598e+00 3.1583525866e+01
59 5.9679200988e-01 4.1420228827e-02 5.0045390525e+00 3.1396102654e+01
60 5.9706855081e-01 4.2097758260e-02 4.9056638891e+00 3.0171660379e+01
61 5.9704320621e-01 4.2113310283e-02 4.9016365134e+00 3.0138738722e+01
62 5.9753221469e-01 4.3424349500e-02 4.7553032807e+00 2.8172071175e+01
63 5.9747309295e-01 4.3485658330e-02 4.7360167173e+00 2.8043952099e+01
64 5.9742394394e-01 4.3534147260e-02 4.7207234798e+00 2.7942544939e+01
65 5.9745685981e-01 4.3531920514e-02 4.7191988997e+00 2.7933981818e+01
66 5.9747559866e-01 4.3617807985e-02 4.7037197424e+00 2.7814062077e+01
67 5.9744969214e-01 4.3689479874e-02 4.6787671043e+00 2.7648269940e+01
68 5.9737007875e-01 4.3751027691e-02 4.6615510152e+00 2.7530241561e+01
69 5.9750197436e-01 4.4817351757e-02 4.8107080880e+00 2.9507252907e+01
70 5.9811703223e-01 4.7119056344e-02 4.7905385333e+00 2.9056399002e+01
71 5.9799924625e-01 4.7187101063e-02 4.7728642972e+00 2.8943653628e+01
72 5.9777628871e-01 4.7339833916e-02 4.7317353615e+00 2.8675216031e+01
73 5.9755577435e-01 4.6249745613e-02 4.6089813673e+00 2.7387531776e+01
74 5.9792516615e-01 4.7807080661e-02 4.6563619121e+00 2.7881300332e+01
75 5.9762653841e-01 4.7306224457e-02 4.7113066348e+00 2.8663770819e+01
76 5.9784434049e-01 4.7877638302e-02 4.6383479447e+00 2.7751146631e+01
77 5.9778645564e-01 4.7372522955e-02 4.4578635568e+00 2.5659268827e+01
78 5.9777845012e-01 4.7361476687e-02 4.4497051122e+00 2.5573187948e+01
79 5.9818495400e-01 4.8817842347e-02 4.4730512371e+00 2.5726996234e+01
80 5.9839408887e-01 4.9461717773e-02 4.4118526757e+00 2.4942618205e+01
81 5.9832237341e-01 4.9395226649e-02 4.4159097662e+00 2.4991943714e+01
82 5.9831968469e-01 4.9418066104e-02 4.4094413450e+00 2.4947239809e+01
83 5.9828224685e-01 4.9432250620e-02 4.4076250869e+00 2.4932120428e+01
84 5.9825975147e-01 4.9447406837e-02 4.4044562189e+00 2.4909760108e+01
85 5.9824244353e-01 4.9472270113e-02 4.3978774945e+00 2.4867059436e+01
86 5.9828197000e-01 4.9473088533e-02 4.3954543449e+00 2.4851213392e+01
87 5.9824179726e-01 4.9571222128e-02 4.3871458956e+00 2.4780105294e+01
88 5.9813291361e-01 4.9539724939e-02 4.3497147030e+00 2.4401656605e+01
89 5.9841801583e-01 5.0930719108e-02 4.3598948337e+00 2.4616493696e+01
90 5.9841077081e-01 5.0966221362e-02 4.3503862172e+00 2.4551739183e+01
91 5.9837549939e-01 5.0970985423e-02 4.3508891884e+00 2.4554623321e+01
92 5.9805381219e-01 5.0504068299e-02 4.3987798782e+00 2.5178478094e+01
93 5.9847127024e-01 5.1406278914e-02 4.2927397172e+00 2.3931559404e+01
94 5.9880091026e-01 5.2451355430e-02 4.1707979899e+00 2.2619019906e+01
95 5.9905582067e-01 5.3062113726e-02 4.1097333051e+00 2.1967367836e+01
96 5.9896963178e-01 5.3102230945e-02 4.0896615505e+00 2.1865316901e+01
97 5.9896512085e-01 5.3090836887e-02 4.0940650961e+00 2.1882295796e+01
98 5.9880199939e-01 5.3194523371e-02 4.0805306910e+00 2.1792828359e+01
99 5.9906631290e-01 5.3681355213e-02 4.0315736530e+00 2.1252462086e+01
100 5.9879459721e-01 5.3946570429e-02 4.1826706037e+00 2.2811140665e+01
101 5.9879483051e-01 5.3953527076e-02 4.1811565744e+00 2.2799408202e+01
102 5.9901606878e-01 5.4418896826e-02 4.1305581626e+00 2.2240372979e+01
103 5.9904625011e-01 5.4399672321e-02 4.1355243695e+00 2.2258391505e+01
104 5.9914063962e-01 5.4997906450e-02 4.0652986471e+00 2.1597274912e+01
105 5.9912274207e-01 5.5020852335e-02 4.0605563294e+00 2.1567217377e+01
106 5.9874523833e-01 5.3765733205e-02 4.0254767857e+00 2.1366950533e+01
107 5.9870054939e-01 5.3773495575e-02 4.0261897282e+00 2.1367815682e+01
108 5.9895506403e-01 5.4278154128e-02 3.9787382778e+00 2.0840699484e+01
109 5.9893146886e-01 5.4337869450e-02 3.9768082823e+00 2.0817141914e+01
110 5.9896569302e-01 5.4354015552e-02 3.9709914733e+00 2.0782933975e+01
111 5.9899319396e-01 5.4344919211e-02 3.9721245519e+00 2.0787917346e+01
112 5.9873158644e-01 5.3962131349e-02 4.0098535861e+00 2.1225548695e+01
113 5.9875127158e-01 5.3956428113e-02 4.0101713829e+00 2.1228529732e+01
114 5.9866415436e-01 5.4027807177e-02 3.9955859982e+00 2.1147206066e+01
115 5.9818016195e-01 5.2873422507e-02 3.9596926755e+00 2.0958008648e+01
116 5.9791210458e-01 5.2463451167e-02 3.9984874092e+00 2.1420474331e+01
117 5.9810230367e-01 5.2728331238e-02 3.9529728271e+00 2.0966538027e+01
118 5.9836135142e-01 5.3445031937e-02 3.9226847755e+00 2.0530181318e+01
119 5.9840020263e-01 5.3461845434e-02 3.9169057721e+00 2.0493140241e+01
120 5.9841829498e-01 5.3208869694e-02 3.8171821244e+00 1.9531579420e+01
121 5.9856213278e-01 5.4069333165e-02 3.8910544796e+00 2.0285241228e+01
122 5.9848489926e-01 5.4130768320e-02 3.8791953692e+00 2.0219026999e+01
123 5.9847679339e-01 5.4139481459e-02 3.8775989501e+00 2.0208429648e+01
124 5.9847792107e-01 5.4141429685e-02 3.8770730355e+00 2.0205187434e+01
125 5.9851828830e-01 5.4200539174e-02 3.8756240468e+00 2.0181424986e+01
126 5.9857225473e-01 5.4219504843e-02 3.8730884154e+00 2.0162873096e+01
127 5.9854833826e-01 5.4282248131e-02 3.8605131982e+00 2.0079112463e+01
128 5.9846255621e-01 5.4332173320e-02 3.8529641991e+00 2.0031423431e+01
129 5.9861815440e-01 5.4823829575e-02 3.8089845541e+00 1.9552057251e+01
130 5.9861449867e-01 5.4813710775e-02 3.8120855824e+00 1.9566052865e+01
131 5.9877424745e-01 5.5292676232e-02 3.7613150436e+00 1.9083690807e+01
132 5.9916265149e-01 5.6233195097e-02 3.6813572993e+00 1.8254622659e+01
133 5.9899010073e-01 5.5391045430e-02 3.5912558819e+00 1.7344375245e+01
134 5.9896623925e-01 5.5399372656e-02 3.5907667478e+00 1.7340221561e+01
135 5.9944195929e-01 5.6276489055e-02 3.5212386344e+00 1.6649566778e+01
136 5.9939092280e-01 5.6302959932e-02 3.5181776370e+00 1.6631762907e+01
137 5.9948171238e-01 5.6882327985e-02 3.4789675027e+00 1.6256936216e+01
138 5.9973097551e-01 5.7384906971e-02 3.4459799308e+00 1.5925337458e+01
139 5.9973471993e-01 5.7338873646e-02 3.4433445949e+00 1.5916298807e+01
140 5.9970914175e-01 5.7322666647e-02 3.4412740581e+00 1.5910357089e+01
141 5.9926989422e-01 5.6185333230e-02 3.3968243762e+00 1.5481475410e+01
142 5.9912034310e-01 5.5951337785e-02 3.3569525639e+00 1.5083824016e+01
143 5.9915326599e-01 5.5961102180e-02 3.3527608071e+00 1.5066409832e+01
144 5.9915363290e-01 5.6769238353e-02 3.4254398964e+00 1.5752331298e+01
145 5.9909731614e-01 5.6624978645e-02 3.4130511744e+00 1.5621816046e+01
146 5.9920538642e-01 5.7354732629e-02 3.4536483993e+00 1.6015914355e+01
147 5.9917308744e-01 5.7451024697e-02 3.4467761840e+00 1.5979704742e+01
148 5.9944333235e-01 5.9189701579e-02 3.5964013247e+00 1.7546406407e+01
149 5.9940886228e-01 5.9185796878e-02 3.5990001189e+00 1.7559153371e+01
150 5.9924703280e-01 5.8469622071e-02 3.5430989567e+00 1.7124567644e+01
151 5.9925835171e-01 5.8524388727e-02 3.5303470273e+00 1.7062559833e+01
152 5.9922631480e-01 5.8547305821e-02 3.5271013205e+00 1.7044262160e+01
153 5.9924976094e-01 5.8695882233e-02 3.5456236037e+00 1.7234485419e+01
154 5.9939873099e-01 5.9081497003e-02 3.5071087367e+00 1.6891810959e+01
155 5.9958946500e-01 5.9886046340e-02 3.5725067529e+00 1.7491395014e+01
156 5.9982220873e-01 5.9984999514e-02 3.4425103161e+00 1.6238359258e+01
157 5.9970259763e-01 6.0044181145e-02 3.4353515005e+00 1.6206630704e+01
158 5.9989809360e-01 6.0459282134e-02 3.4042687192e+00 1.5901654491e+01
159 5.9979607309e-01 6.0519720999e-02 3.3997286520e+00 1.5879511093e+01
160 5.9980073372e-01 6.0597847882e-02 3.4082156122e+00 1.5968857823e+01
161 5.9971896300e-01 6.0630508261e-02 3.4058170442e+00 1.5953684599e+01
162 5.9968892786e-01 6.0674135803e-02 3.3964412686e+00 1.5922915008e+01
163 5.9990292051e-01 6.1178727267e-02 3.3616178548e+00 1.5600884186e+01
164 6.0031959548e-01 6.2333255053e-02 3.3826253510e+00 1.5748291329e+01
165 6.0022096010e-01 6.2412227640e-02 3.3818501978e+00 1.5731799889e+01
166 6.0040666948e-01 6.2915277990e-02 3.3490843514e+00 1.5417524859e+01
167 6.0026439447e-01 6.2977489614e-02 3.3441430061e+00 1.5388180721e+01
168 6.0051993016e-01 6.3403333429e-02 3.3096710980e+00 1.5085782384e+01
169 6.0050474619e-01 6.3464156303e-02 3.3082365236e+00 1.5071482558e+01
170 6.0049088558e-01 6.3614380300e-02 3.3095654821e+00 1.5148770559e+01
171 6.0053104590e-01 6.3583986791e-02 3.3063742965e+00 1.5142448614e+01
172 6.0079485935e-01 6.3978456117e-02 3.2771672919e+00 1.4871651424e+01
173 6.0119029859e-01 6.5184606827e-02 3.2931225029e+00 1.4976723516e+01
174 6.0120373233e-01 6.5202158720e-02 3.2925070278e+00 1.4969512386e+01
175 6.0137412567e-01 6.5983192171e-02 3.3493507984e+00 1.5477900054e+01
176 6.0124279795e-01 6.6095961180e-02 3.3429671652e+00 1.5436025489e+01
177 6.0149421039e-01 6.6557455396e-02 3.3157909231e+00 1.5154420870e+01
178 6.0193920148e-01 6.7431095598e-02 3.2595993319e+00 1.4642232333e+01
179 6.0183423297e-01 6.7546560408e-02 3.2524068102e+00 1.4596089636e+01
180 6.0180101508e-01 6.7581028108e-02 3.2479239703e+00 1.4573790283e+01
181 6.0176218726e-01 6.7583084282e-02 3.2493159657e+00 1.4579486909e+01
182 6.0194736011e-01 6.7984839454e-02 3.2213242198e+00 1.4330819117e+01
183 6.0172896931e-01 6.7668035745e-02 3.2461835788e+00 1.4548103493e+01
184 6.0175086625e-01 6.7604441932e-02 3.2504808216e+00 1.4577091922e+01
185 6.0156160479e-01 6.6848959133e-02 3.1918799555e+00 1.4074935283e+01
186 6.0154935664e-01 6.6871843187e-02 3.1881255374e+00 1.4059435986e+01
187 6.0163260503e-01 6.7632636194e-02 3.2303742140e+00 1.4413923534e+01
188 6.0149407871e-01 6.6908093959e-02 3.1843001554e+00 1.4037629643e+01
189 6.0158400715e-01 6.7585831844e-02 3.2104006922e+00 1.4212044572e+01
190 6.0143900126e-01 6.7553132361e-02 3.2052058793e+00 1.4220023648e+01
191 6.0147447033e-01 6.7580971432e-02 3.1996650747e+00 1.4190310313e+01
192 6.0166245973e-01 6.7836357677e-02 3.1684093819e+00 1.3982791988e+01
193 6.0183760541e-01 6.8272617338e-02 3.1343152254e+00 1.3715602189e+01
194 6.0179691634e-01 6.8423751938e-02 3.1268346892e+00 1.3671859276e+01
195 6.0174710427e-01 6.8314435033e-02 3.1139994368e+00 1.3596742994e+01
196 6.0182138062e-01 6.9041175308e-02 3.1403836500e+00 1.3798224948e+01
197 6.0225417608e-01 7.0097552063e-02 3.1361946560e+00 1.3688122744e+01
198 6.0200628406e-01 6.9559221939e-02 3.1061923204e+00 1.3509399860e+01
199 6.0246267362e-01 7.0337305915e-02 3.0559369689e+00 1.3081500937e+01
200 6.0265979862e-01 7.0643836714e-02 3.0332944132e+00 1.2897514765e+01
201 6.0262421582e-01 7.0623115168e-02 3.0319873705e+00 1.2899354517e+01
202 6.0262325803e-01 7.0577394371e-02 3.0330809084e+00 1.2911990432e+01
203 6.0244126265e-01 7.0143645472e-02 3.0267553048e+00 1.2946070459e+01
204 6.0247028603e-01 7.0152640016e-02 3.0238022924e+00 1.2935491834e+01
205 6.0263904271e-01 7.0827057757e-02 3.0487784739e+00 1.3118540188e+01
206 6.0235313409e-01 7.0394191165e-02 3.0733103585e+00 1.3337952843e+01
207 6.0250093382e-01 7.1002286938e-02 3.0993212789e+00 1.3489253982e+01
208 6.0247120360e-01 7.1050137335e-02 3.0998441976e+00 1.3482570995e+01
209 6.0239703005e-01 7.1132495046e-02 3.0960942814e+00 1.3452955799e+01
210 6.0291773078e-01 7.1895835644e-02 3.0491642504e+00 1.3039434133e+01
211 6.0305006005e-01 7.2570614697e-02 3.0768418843e+00 1.3227636030e+01
212 6.0291064580e-01 7.1906604928e-02 3.0458884356e+00 1.3007280454e+01
213 6.0308293135e-01 7.2241296045e-02 3.0142511263e+00 1.2768340845e+01
214 6.0302017678e-01 7.2297183288e-02 3.0129588909e+00 1.2756165203e+01
215 6.0355315195e-01 7.2927385440e-02 2.9621703627e+00 1.2376989122e+01
216 6.0376463170e-01 7.3268732598e-02 2.9399288422e+00 1.2198002237e+01
217 6.0340324082e-01 7.2347047449e-02 2.9396717857e+00 1.2244194447e+01
218 6.0386126162e-01 7.3223669578e-02 2.8938199413e+00 1.1863077290e+01
219 6.0362714870e-01 7.2983303567e-02 2.9127910304e+00 1.2007640476e+01
220 6.0341095931e-01 7.2629955003e-02 2.9357914234e+00 1.2190249983e+01
221 6.0330548291e-01 7.2685136744e-02 2.9318226503e+00 1.2172042934e+01
222 6.0343134638e-01 7.3067482504e-02 2.9002733171e+00 1.1969634065e+01
223 6.0366038577e-01 7.3376387420e-02 2.8783807067e+00 1.1802520743e+01
224 6.0364941889e-01 7.3368416376e-02 2.8799634406e+00 1.1809026218e+01
225 6.0351258485e-01 7.3438586466e-02 2.8780559997e+00 1.1794887246e+01
226 6.0366878479e-01 7.3793750336e-02 2.8540879898e+00 1.1617256578e+01
227 6.0382927618e-01 7.4132461488e-02 2.8300397422e+00 1.1447262316e+01
228 6.0381343934e-01 7.4310315414e-02 2.8474333560e+00 1.1612579292e+01
229 6.0382768944e-01 7.4254988182e-02 2.8496205303e+00 1.1627316409e+01
230 6.0371215027e-01 7.4562452822e-02 2.9047790236e+00 1.2059536640e+01
231 6.0388624119e-01 7.5397973473e-02 2.9421557646e+00 1.2321354010e+01
232 6.0343666684e-01 7.4274831492e-02 2.9170401279e+00 1.2134667956e+01
233 6.0357132021e-01 7.4897115402e-02 2.9389914914e+00 1.2264619467e+01
234 6.0353124346e-01 7.4939984801e-02 2.9349904147e+00 1.2243321402e+01
235 6.0317464364e-01 7.3857211602e-02 2.9225321039e+00 1.2174854909e+01
236 6.0273566212e-01 7.2828807789e-02 2.9036140302e+00 1.2022875989e+01
237 6.0273392859e-01 7.2830093849e-02 2.9034642384e+00 1.2022371642e+01
238 6.0282510631e-01 7.3560430217e-02 2.9243438868e+00 1.2160119745e+01
239 6.0280758659e-01 7.3614958056e-02 2.9235769962e+00 1.2149245389e+01
240 6.0303962217e-01 7.3875797548e-02 2.9025770215e+00 1.1993743550e+01
241 6.0301265207e-01 7.3852414468e-02 2.9037304562e+00 1.2004485852e+01
242 6.0300828965e-01 7.3845671855e-02 2.9032053658e+00 1.2004051734e+01
243 6.0265846643e-01 7.2904882802e-02 2.8836350522e+00 1.1857739326e+01
244 6.0280037772e-01 7.3415051544e-02 2.8866787510e+00 1.1834245541e+01
245 6.0294557071e-01 7.3873979310e-02 2.8687356211e+00 1.1699012031e+01
246 6.0316295924e-01 7.4225862073e-02 2.8469701220e+00 1.1531706641e+01
247 6.0361884563e-01 7.4977642386e-02 2.8054862209e+00 1.1202422330e+01
248 6.0380348401e-01 7.5530175608e-02 2.8238058922e+00 1.1301829513e+01
249 6.0403224060e-01 7.5948219475e-02 2.8169114786e+00 1.1275208848e+01
250 6.0411181806e-01 7.5696937528e-02 2.7709293245e+00 1.0964821428e+01
251 6.0411345461e-01 7.5704894209e-02 2.7697464405e+00 1.0960193181e+01
252 6.0409400251e-01 7.5712480772e-02 2.7697075275e+00 1.0958754917e+01
253 6.0424666454e-01 7.6270663299e-02 2.7883424697e+00 1.1067563285e+01
254 6.0447672215e-01 7.6694661886e-02 2.7586420212e+00 1.0882041684e+01
255 6.0433851606e-01 7.5826728916e-02 2.7227160741e+00 1.0632688459e+01
256 6.0392939963e-01 7.5199192816e-02 2.7319592003e+00 1.0737262488e+01
257 6.0405644580e-01 7.5510633774e-02 2.7141224044e+00 1.0601983602e+01
258 6.0361967574e-01 7.4218103758e-02 2.6900544991e+00 1.0444368559e+01
259 6.0358800736e-01 7.4206718070e-02 2.6878183345e+00 1.0442436337e+01
260 6.0379467096e-01 7.4397010535e-02 2.6713126363e+00 1.0333786847e+01
261 6.0405769523e-01 7.4650681871e-02 2.6532576288e+00 1.0210169339e+01
262 6.0398652024e-01 7.4636073021e-02 2.6523780807e+00 1.0210157559e+01
263 6.0398128906e-01 7.4630053673e-02 2.6537362469e+00 1.0213393603e+01
264 6.0392630480e-01 7.4300736958e-02 2.6084085543e+00 9.9270829558e+00
265 6.0392032447e-01 7.4366760942e-02 2.6057222031e+00 9.9149508685e+00
266 6.0429636760e-01 7.5365520816e-02 2.6261219638e+00 1.0072515912e+01
267 6.0453227263e-01 7.5609659402e-02 2.6086291295e+00 9.9551217583e+00
268 6.0391047088e-01 7.4413471395e-02 2.6228428698e+00 1.0080176077e+01
269 6.0387265705e-01 7.4481781973e-02 2.6199299656e+00 1.0063260923e+01
270 6.0426708553e-01 7.5481208125e-02 2.6255294346e+00 1.0095711291e+01
271 6.0444285710e-01 7.6018408771e-02 2.6399352139e+00 1.0171944190e+01
272 6.0459603839e-01 7.6675631734e-02 2.6582050016e+00 1.0290816853e+01
273 6.0465222125e-01 7.6626374334e-02 2.6486555984e+00 1.0208256169e+01
274 6.0458089490e-01 7.6662531712e-02 2.6463490420e+00 1.0200300363e+01
275 6.0452610116e-01 7.6572621331e-02 2.6468906408e+00 1.0209975535e+01
276 6.0437583036e-01 7.6662507795e-02 2.6407048698e+00 1.0186076919e+01
277 6.0472843559e-01 7.7878982583e-02 2.6883125882e+00 1.0496361869e+01
278 6.0472149226e-01 7.7817778055e-02 2.6852265089e+00 1.0477197676e+01
279 6.0472618269e-01 7.7829947881e-02 2.6845658647e+00 1.0476156649e+01
280 6.0470943472e-01 7.7837742883e-02 2.6841512900e+00 1.0474566648e+01
281 6.0493740537e-01 7.8331008884e-02 2.6979526901e+00 1.0552031981e+01
282 6.0512799075e-01 7.8642460287e-02 2.6780852263e+00 1.0413655290e+01
283 6.0526899713e-01 7.8991115360e-02 2.6595598389e+00 1.0280572435e+01
284 6.0521198516e-01 7.9037295312e-02 2.6558914056e+00 1.0265444330e+01
285 6.0551502590e-01 7.9350512083e-02 2.6374856398e+00 1.0132382926e+01
286 6.0543588536e-01 7.9404069137e-02 2.6336436631e+00 1.0117307654e+01
287 6.0542838607e-01 7.9465870862e-02 2.6325060465e+00 1.0105472081e+01
288 6.0559895397e-01 8.0079996143e-02 2.6519394335e+00 1.0214949507e+01
289 6.0558291375e-01 8.0078857176e-02 2.6524705512e+00 1.0217456278e+01
290 6.0565212676e-01 8.0085536996e-02 2.6497714646e+00 1.0204302210e+01
291 6.0563933093e-01 7.9822438971e-02 2.6141033414e+00 9.9718140128e+00
292 6.0530569047e-01 7.9261601365e-02 2.6128411475e+00 9.9602613983e+00
293 6.0541181806e-01 7.9846975549e-02 2.6359558875e+00 1.0122599300e+01
294 6.0559518148e-01 8.0112947736e-02 2.6212636970e+00 1.0018700610e+01
295 6.0570447501e-01 7.9988664025e-02 2.5934013216e+00 9.8271042207e+00
296 6.0591519476e-01 8.0364685059e-02 2.5771494715e+00 9.7021001441e+00
297 6.0566999429e-01 8.0091474771e-02 2.5947718746e+00 9.8151653798e+00
298 6.0561255501e-01 7.9959328281e-02 2.5966088052e+00 9.8430292014e+00
299 6.0535997057e-01 7.9737380695e-02 2.6087123244e+00 9.9436250018e+00
300 6.0534629904e-01 7.9754790901e-02 2.6070742156e+00 9.9371695352e+00
301 6.0549015752e-01 8.0243867621e-02 2.6138209937e+00 9.9494136828e+00
302 6.0529371666e-01 7.9756782896e-02 2.6035045381e+00 9.9081180069e+00
303 6.0578705990e-01 8.0499037722e-02 2.5709380395e+00 9.6655436697e+00
304 6.0578456742e-01 8.0508636546e-02 2.5686749778e+00 9.6569436962e+00
305 6.0581336841e-01 8.0319914820e-02 2.5441489600e+00 9.5230140017e+00
306 6.0587808211e-01 8.0307993850e-02 2.5430072626e+00 9.5204073297e+00
307 6.0576246678e-01 8.0402243898e-02 2.5359388304e+00 9.4929500464e+00
308 6.0550605155e-01 8.0136001521e-02 2.5491530446e+00 9.5968538318e+00
309 6.0589590348e-01 8.1128774521e-02 2.5672714952e+00 9.7496961593e+00
310 6.0578594532e-01 8.1180073301e-02 2.5653408143e+00 9.7400868190e+00
311 6.0588168773e-01 8.1791337613e-02 2.5846792698e+00 9.8562743544e+00
312 6.0533580226e-01 8.0418667283e-02 2.5545736122e+00 9.6807203308e+00
313 6.0528225393e-01 8.0411610712e-02 2.5532925006e+00 9.6785306568e+00
314 6.0500860505e-01 8.0271441936e-02 2.5692757317e+00 9.7716477914e+00
315 6.0494886071e-01 8.0207841997e-02 2.5630557733e+00 9.7174273364e+00
316 6.0496796693e-01 8.0146117647e-02 2.5639658159e+00 9.7305814431e+00
317 6.0490416502e-01 8.0127648476e-02 2.5613817324e+00 9.7308406337e+00
318 6.0502971016e-01 8.0792020567e-02 2.5897333865e+00 9.9182993286e+00
319 6.0507287748e-01 8.0275478168e-02 2.5384487826e+00 9.5511160202e+00
320 6.0510656263e-01 8.0221600854e-02 2.5316227068e+00 9.5114546010e+00
321 6.0524526047e-01 8.0553370617e-02 2.5138216464e+00 9.3904811006e+00
322 6.0508146823e-01 8.1016404356e-02 2.5491416485e+00 9.6073564637e+00
323 6.0448495517e-01 7.9921025446e-02 2.5321725613e+00 9.5095747567e+00
324 6.0455516241e-01 8.0244328782e-02 2.5181675798e+00 9.4031771284e+00
325 6.0483883928e-01 8.0542257705e-02 2.4998304900e+00 9.2843157624e+00
326 6.0485538294e-01 8.0546045481e-02 2.5000132101e+00 9.2856784698e+00
327 6.0485120693e-01 8.0540192205e-02 2.5005027191e+00 9.2895162032e+00
328 6.0463381689e-01 8.0191441104e-02 2.5169470294e+00 9.4070978228e+00
329 6.0462024988e-01 8.0134339859e-02 2.5145582843e+00 9.4070981716e+00
330 6.0437702899e-01 7.9783285507e-02 2.5302894302e+00 9.5250290778e+00
331 6.0465414782e-01 8.0146195354e-02 2.5110799327e+00 9.3959760109e+00
332 6.0464886294e-01 8.0164818668e-02 2.5091436164e+00 9.3881720167e+00
333 6.0498857712e-01 8.0961176936e-02 2.4996734238e+00 9.2776062306e+00
334 6.0454584821e-01 8.0060589306e-02 2.4901389616e+00 9.2232878320e+00
335 6.0435357268e-01 7.9350927671e-02 2.4646097610e+00 9.0605121509e+00
336 6.0433944439e-01 7.9389098369e-02 2.4658244986e+00 9.0652149286e+00
337 6.0448560260e-01 7.9933191521e-02 2.4825610236e+00 9.1607803013e+00
338 6.0452713432e-01 7.9936574018e-02 2.4810312796e+00 9.1541952914e+00
339 6.0460671308e-01 7.9877282304e-02 2.4800184869e+00 9.1530588467e+00
340 6.0460777351e-01 7.9831918823e-02 2.4775917931e+00 9.1372820607e+00
341 6.0481393988e-01 8.0153340857e-02 2.4599655692e+00 9.0290071307e+00
342 6.0476505363e-01 8.0237132721e-02 2.4590927621e+00 9.0226600635e+00
343 6.0478506147e-01 8.0266238846e-02 2.4588645288e+00 9.0176814490e+00
344 6.0473127753e-01 8.0320778171e-02 2.4544551218e+00 9.0013871098e+00
345 6.0473738568e-01 8.0328428314e-02 2.4547297454e+00 9.0021803467e+00
346 6.0504050935e-01 8.1258918905e-02 2.4696548764e+00 9.0888373165e+00
347 6.0524889012e-01 8.1804790184e-02 2.4864061864e+00 9.1919988267e+00
348 6.0567428702e-01 8.2274174543e-02 2.4538412976e+00 8.9963035250e+00
349 6.0538628430e-01 8.1740726646e-02 2.4427956202e+00 8.8834884501e+00
350 6.0499320052e-01 8.0872299706e-02 2.4374410234e+00 8.8671751894e+00
351 6.0512471040e-01 8.1442907216e-02 2.4577707604e+00 8.9946314406e+00
352 6.0513361494e-01 8.1408167866e-02 2.4574295797e+00 8.9975132747e+00
353 6.0510174832e-01 8.1416837675e-02 2.4576888860e+00 8.9976206140e+00
354 6.0545794191e-01 8.2168367632e-02 2.4558410951e+00 8.9819451952e+00
355 6.0539248519e-01 8.2193624812e-02 2.4567518876e+00 8.9845683557e+00
356 6.0466383102e-01 8.0914263358e-02 2.4744003563e+00 9.1711833881e+00
357 6.0467402196e-01 8.0879793439e-02 2.4782225117e+00 9.1843495504e+00
358 6.0479983970e-01 8.1470213255e-02 2.4961484673e+00 9.2959693753e+00
359 6.0529706351e-01 8.1994000088e-02 2.4656561465e+00 9.0917722548e+00
360 6.0526889784e-01 8.2056677868e-02 2.4628018693e+00 9.0759579691e+00
361 6.0551543136e-01 8.2434897463e-02 2.4483589222e+00 8.9662267921e+00
362 6.0539454555e-01 8.2595896843e-02 2.4475447455e+00 8.9512477734e+00
363 6.0540126533e-01 8.2591265504e-02 2.4477958091e+00 8.9524070001e+00
364 6.0529038771e-01 8.2537919979e-02 2.4438753110e+00 8.9409868313e+00
365 6.0497797790e-01 8.2095785146e-02 2.4230594374e+00 8.8165103474e+00
