1 5.9282947138e-01 1.1102230246e-16 1.0000000000e+00 1.0000000000e+00
2 5.9328269685e-01 1.0586543162e-02 2.1074622592e+01 4.6536716791e+02
3 5.9329628622e-01 1.0664503037e-02 2.0619540549e+01 4.5188735820e+02
4 5.9349063824e-01 1.3158426539e-02 1.6412597485e+01 2.9163474208e+02
5 5.9350113780e-01 1.3196477902e-02 1.6263889882e+01 2.8824715349e+02
6 5.9369927129e-01 1.5224856239e-02 1.4067237351e+01 2.1621861457e+02
7 5.9412888175e-01 1.8448994813e-02 1.1808559449e+01 1.4922218873e+02
8 5.9415211638e-01 1.8461185706e-02 1.1781785436e+01 1.4876944046e+02
9 5.9409439852e-01 1.8568191611e-02 1.1568702531e+01 1.4557053068e+02
10 5.9403564060e-01 1.8669067987e-02 1.1372258075e+01 1.4264812720e+02
11 5.9389042618e-01 1.8829218314e-02 1.1067686905e+01 1.3829767181e+02
12 5.9387437995e-01 1.8989576126e-02 1.0779713403e+01 1.3379020322e+02
13 5.9385634840e-01 1.9094951527e-02 1.0587873976e+01 1.3095129689e+02
14 5.9407289311e-01 2.0478463085e-02 1.0001411681e+01 1.1500707423e+02
15 5.9414030927e-01 2.0527230543e-02 9.9217546027e+00 1.1379326228e+02
16 5.9430751088e-01 2.1835152856e-02 9.4093857618e+00 1.0125376167e+02
17 5.9454544097e-01 2.3182361179e-02 9.0016469764e+00 9.1639790192e+01
18 5.9455950285e-01 2.3202002793e-02 8.9777478411e+00 9.1309181046e+01
19 5.9505620118e-01 2.5330352256e-02 8.2440413767e+00 7.6103929228e+01
20 5.9523837237e-01 2.6529274714e-02 7.9261340789e+00 7.0131886724e+01
21 5.9522356484e-01 2.6564165273e-02 7.8959191695e+00 6.9783339956e+01
22 5.9514632636e-01 2.6659226276e-02 7.8066150977e+00 6.8909843234e+01
23 5.9503028656e-01 2.6861389500e-02 7.6119037704e+00 6.7069224848e+01
24 5.9491983417e-01 2.6970856053e-02 7.5177392056e+00 6.6135542148e+01
25 5.9490444675e-01 2.6975177897e-02 7.5157526160e+00 6.6110342300e+01
26 5.9494707963e-01 2.6956760176e-02 7.5323907843e+00 6.6232933209e+01
27 5.9528742642e-01 2.8974457972e-02 6.9886932331e+00 5.7075067397e+01
28 5.9554508574e-01 2.9882398726e-02 6.8037705017e+00 5.3749950912e+01
29 5.9574060226e-01 3.0803308868e-02 6.6083471362e+00 5.0557255896e+01
30 5.9591959369e-01 3.1516301743e-02 6.4144872099e+00 4.7699975294e+01
31 5.9582006441e-01 3.1608973293e-02 6.3587399982e+00 4.7237306266e+01
32 5.9606595727e-01 3.2770403257e-02 6.2125929529e+00 4.4913329888e+01
33 5.9619371061e-01 3.4100580333e-02 6.5535329058e+00 5.1487148887e+01
34 5.9669362975e-01 3.5582609667e-02 6.2486120675e+00 4.6399104455e+01
35 5.9720705244e-01 3.7042418129e-02 5.9695135647e+00 4.2097594063e+01
36 5.9753796162e-01 3.7845907914e-02 5.8401096917e+00 4.0160912146e+01
37 5.9797183952e-01 3.9231708844e-02 5.6007973221e+00 3.6824169939e+01
38 5.9836570572e-01 4.0987602297e-02 5.6415131210e+00 3.7561211326e+01
39 5.9832889379e-01 4.1030349998e-02 5.6246434190e+00 3.7428340836e+01
40 5.9828085106e-01 4.1067289125e-02 5.6107941225e+00 3.7322884353e+01
41 5.9828653030e-01 4.1135526517e-02 5.6048377037e+00 3.7221988314e+01
42 5.9863700140e-01 4.1321663141e-02 5.2690850398e+00 3.2537611187e+01
43 5.9890890011e-01 4.1961892490e-02 5.1690009974e+00 3.1323604411e+01
44 5.9887139335e-01 4.2012988206e-02 5.1524968905e+00 3.1190628466e+01
45 5.9884547838e-01 4.2036432477e-02 5.1449792166e+00 3.1134315874e+01
46 5.9898429967e-01 4.3134712078e-02 5.2887648600e+00 3.3256841923e+01
47 5.9922130148e-01 4.3669781572e-02 5.1940092090e+00 3.2084548319e+01
48 5.9913133551e-01 4.3658776329e-02 5.1791168755e+00 3.2013619253e+01
49 5.9912641549e-01 4.3747899447e-02 5.1706619404e+00 3.1930201538e+01
50 5.9901030304e-01 4.3821222713e-02 5.1494949976e+00 3.1774871935e+01
51 5.9942804385e-01 4.4852271143e-02 4.9911554673e+00 2.9807733470e+01
52 5.9986091733e-01 4.5953262257e-02 4.8308774050e+00 2.7926733118e+01
53 6.0020383309e-01 4.7035205254e-02 4.6780995624e+00 2.6221698711e+01
54 6.0045866101e-01 4.7386128555e-02 4.6194156535e+00 2.5589512715e+01
55 6.0062771296e-01 4.7895214921e-02 4.5489564588e+00 2.4844291935e+01
56 6.0066701506e-01 4.7900260718e-02 4.5449977303e+00 2.4819012639e+01
57 6.0091937161e-01 4.8422257922e-02 4.4843407850e+00 2.4139044389e+01
58 6.0132758622e-01 4.9912734203e-02 4.5085583105e+00 2.4547043008e+01
59 6.0089480558e-01 4.8506168868e-02 4.4740954076e+00 2.4057690532e+01
60 6.0086269977e-01 4.8476816198e-02 4.4655225200e+00 2.4013588156e+01
61 6.0077772761e-01 4.8523373435e-02 4.4560020366e+00 2.3954793424e+01
62 6.0077607304e-01 4.8531021547e-02 4.4538642407e+00 2.3940284992e+01
63 6.0081273345e-01 4.8545152968e-02 4.4474553130e+00 2.3899215306e+01
64 6.0153892990e-01 5.1027051170e-02 4.3453821324e+00 2.3017926551e+01
65 6.0193005941e-01 5.1993789465e-02 4.2318936651e+00 2.1863785511e+01
66 6.0183861716e-01 5.2077362637e-02 4.2131550437e+00 2.1757516183e+01
67 6.0167671812e-01 5.1194010032e-02 4.1294314995e+00 2.0783062936e+01
68 6.0164660596e-01 5.1219125295e-02 4.1247185226e+00 2.0752438810e+01
69 6.0151399457e-01 5.1305763246e-02 4.1015660671e+00 2.0631179162e+01
70 6.0118596305e-01 5.0932128797e-02 4.1374064830e+00 2.1055179104e+01
71 6.0117134997e-01 5.0944328656e-02 4.1344210965e+00 2.1041178758e+01
72 6.0126884281e-01 5.0938472607e-02 4.1309772686e+00 2.1018370460e+01
73 6.0128983384e-01 5.0983537455e-02 4.1178247194e+00 2.0939147473e+01
74 6.0166500384e-01 5.2382623870e-02 4.1480180290e+00 2.1363712445e+01
75 6.0183751125e-01 5.2837708608e-02 4.0947673253e+00 2.0843557929e+01
76 6.0186097453e-01 5.2829190043e-02 4.0959127915e+00 2.0849056616e+01
77 6.0180406244e-01 5.2851463502e-02 4.0936986681e+00 2.0831364551e+01
78 6.0176832866e-01 5.2894121085e-02 4.0843848602e+00 2.0776832598e+01
79 6.0226973029e-01 5.3842096498e-02 3.9917696839e+00 1.9815722243e+01
80 6.0228737389e-01 5.3858128741e-02 3.9870804025e+00 1.9787153875e+01
81 6.0230020484e-01 5.3860276493e-02 3.9858613065e+00 1.9780216914e+01
82 6.0252090270e-01 5.4391667714e-02 3.9394147446e+00 1.9310723268e+01
83 6.0251713656e-01 5.4508078604e-02 3.9253547042e+00 1.9220254614e+01
84 6.0248819458e-01 5.4539309226e-02 3.9189609052e+00 1.9186103567e+01
85 6.0242200596e-01 5.4574146427e-02 3.9134293464e+00 1.9158233942e+01
86 6.0240704964e-01 5.4695500568e-02 3.8984796310e+00 1.9065077502e+01
87 6.0241857667e-01 5.4667625094e-02 3.9001052817e+00 1.9077038173e+01
88 6.0234505347e-01 5.4700055186e-02 3.8960029759e+00 1.9054009558e+01
89 6.0245566760e-01 5.5439055672e-02 3.9617554943e+00 1.9777025330e+01
90 6.0242831446e-01 5.5061151805e-02 3.8475449048e+00 1.8641152503e+01
91 6.0244058045e-01 5.5068980070e-02 3.8451069605e+00 1.8627217886e+01
92 6.0248083906e-01 5.5055609836e-02 3.8457918502e+00 1.8633856288e+01
93 6.0244001760e-01 5.5108829532e-02 3.8444173198e+00 1.8619538110e+01
94 6.0264141112e-01 5.5732575671e-02 3.8657812217e+00 1.8766787362e+01
95 6.0263420343e-01 5.5555000636e-02 3.8384149449e+00 1.8446877625e+01
96 6.0264653186e-01 5.5569289405e-02 3.8340779608e+00 1.8425283848e+01
97 6.0309415749e-01 5.6439679293e-02 3.7552378594e+00 1.7663435514e+01
98 6.0329330839e-01 5.6900421324e-02 3.7134236997e+00 1.7281174714e+01
99 6.0334150167e-01 5.6852557990e-02 3.7113897760e+00 1.7277372103e+01
100 6.0397348615e-01 5.8303500880e-02 3.6092291230e+00 1.6318013385e+01
101 6.0371875547e-01 5.7835903610e-02 3.6147521278e+00 1.6296400994e+01
102 6.0371203419e-01 5.7837495499e-02 3.6147677541e+00 1.6296305140e+01
103 6.0364210930e-01 5.7886760961e-02 3.6071450387e+00 1.6260697225e+01
104 6.0402112986e-01 5.8773240266e-02 3.5331134187e+00 1.5617193961e+01
105 6.0399035441e-01 5.8690679234e-02 3.5316085156e+00 1.5629262316e+01
106 6.0398534131e-01 5.8670858181e-02 3.5428463794e+00 1.5765422329e+01
107 6.0429254579e-01 5.9143163008e-02 3.5055594135e+00 1.5441004268e+01
108 6.0474861534e-01 5.9960951543e-02 3.4384202779e+00 1.4867780927e+01
109 6.0518841013e-01 6.0770171292e-02 3.3765035342e+00 1.4343133251e+01
110 6.0543802996e-01 6.1379864754e-02 3.3560072300e+00 1.4167016079e+01
111 6.0542633734e-01 6.1368441536e-02 3.3554458440e+00 1.4166381893e+01
112 6.0540864278e-01 6.1417412472e-02 3.3566856935e+00 1.4167176958e+01
113 6.0586763041e-01 6.2228160811e-02 3.2946921974e+00 1.3675478890e+01
114 6.0580964945e-01 6.2253401294e-02 3.2928797589e+00 1.3666028879e+01
115 6.0640233968e-01 6.3738995154e-02 3.2994565472e+00 1.3896962772e+01
116 6.0638573631e-01 6.3495866778e-02 3.2434310312e+00 1.3470168997e+01
117 6.0635137360e-01 6.3507990173e-02 3.2392698070e+00 1.3454129992e+01
118 6.0634028660e-01 6.3534608960e-02 3.2348566298e+00 1.3434737892e+01
119 6.0681638284e-01 6.4138309881e-02 3.1801300338e+00 1.3024585183e+01
120 6.0706191025e-01 6.4560426416e-02 3.1321767541e+00 1.2584239850e+01
121 6.0718998030e-01 6.5331083965e-02 3.1752753263e+00 1.3022797284e+01
122 6.0719386308e-01 6.5364034998e-02 3.1749767312e+00 1.3016836090e+01
123 6.0679675830e-01 6.4286930003e-02 3.1481737881e+00 1.2742657840e+01
124 6.0695944078e-01 6.4596890978e-02 3.1199874452e+00 1.2539327218e+01
125 6.0690539932e-01 6.4625110795e-02 3.1176804097e+00 1.2528444180e+01
126 6.0651039415e-01 6.3538125219e-02 3.0918529245e+00 1.2289353101e+01
127 6.0652604420e-01 6.3533739384e-02 3.0918252303e+00 1.2289662347e+01
128 6.0698205008e-01 6.4194146488e-02 3.0424121475e+00 1.1920447635e+01
129 6.0687800691e-01 6.4156884308e-02 3.0327199514e+00 1.1840997781e+01
130 6.0656730098e-01 6.3827664930e-02 3.0529216259e+00 1.2009405716e+01
131 6.0684380794e-01 6.4194211216e-02 3.0279443313e+00 1.1820966729e+01
132 6.0687322037e-01 6.4217617678e-02 3.0257697759e+00 1.1809184983e+01
133 6.0683948920e-01 6.4244669276e-02 3.0229047599e+00 1.1796124737e+01
134 6.0678740666e-01 6.4293814766e-02 3.0168712738e+00 1.1771334311e+01
135 6.0670899522e-01 6.4415775585e-02 3.0087754795e+00 1.1740216012e+01
136 6.0672800829e-01 6.4401146058e-02 3.0102885826e+00 1.1747078312e+01
137 6.0685472378e-01 6.5088531691e-02 3.0455515783e+00 1.2052928606e+01
138 6.0693652259e-01 6.5072114396e-02 3.0510786483e+00 1.2074083940e+01
139 6.0691494669e-01 6.5089203159e-02 3.0495652085e+00 1.2068778556e+01
140 6.0646009203e-01 6.4148033230e-02 3.0324610967e+00 1.1912985704e+01
141 6.0653376040e-01 6.4235841657e-02 3.0299164799e+00 1.1890349517e+01
142 6.0697303539e-01 6.4989206657e-02 2.9836597296e+00 1.1545615155e+01
143 6.0711517187e-01 6.5615177740e-02 3.0087791201e+00 1.1752674598e+01
144 6.0740898472e-01 6.6017582955e-02 2.9832390409e+00 1.1561292487e+01
145 6.0783586350e-01 6.7056093614e-02 2.9859075183e+00 1.1617099077e+01
146 6.0785663236e-01 6.7051918442e-02 2.9855751963e+00 1.1616281830e+01
147 6.0791098082e-01 6.6870000846e-02 2.9254218538e+00 1.1173467126e+01
148 6.0809513622e-01 6.7576617297e-02 2.9700264150e+00 1.1586939687e+01
149 6.0801925096e-01 6.7616794487e-02 2.9670455680e+00 1.1573721490e+01
150 6.0805287169e-01 6.7558662451e-02 2.9680962202e+00 1.1584387256e+01
151 6.0826931069e-01 6.7959708998e-02 2.9451591242e+00 1.1408173515e+01
152 6.0840064090e-01 6.8682761360e-02 2.9873682701e+00 1.1788422502e+01
153 6.0870073099e-01 6.9841995568e-02 3.0349364418e+00 1.2149032061e+01
154 6.0888034461e-01 7.0504490009e-02 3.0477179859e+00 1.2249650505e+01
155 6.0910384561e-01 7.0896928408e-02 3.0212339392e+00 1.2052483323e+01
156 6.0936955969e-01 7.1222048025e-02 2.9931220375e+00 1.1863050925e+01
157 6.0933991377e-01 7.1219385884e-02 2.9946979512e+00 1.1869794728e+01
158 6.0966226303e-01 7.2554195345e-02 3.0671689873e+00 1.2483223035e+01
159 6.0967082926e-01 7.2673224441e-02 3.0759336837e+00 1.2570591202e+01
160 6.0925089226e-01 7.1586370094e-02 3.0694867335e+00 1.2528055429e+01
161 6.0924246581e-01 7.1648356173e-02 3.0660516239e+00 1.2508210362e+01
162 6.0945900247e-01 7.1975460284e-02 3.0425954310e+00 1.2327594928e+01
163 6.0927314233e-01 7.1300216255e-02 2.9900380196e+00 1.1862183099e+01
164 6.0950908052e-01 7.1806822739e-02 2.9646147989e+00 1.1661257467e+01
165 6.0968698399e-01 7.2526794962e-02 2.9903080357e+00 1.1837866362e+01
166 6.0906938490e-01 7.1182445695e-02 3.0064655854e+00 1.1946937011e+01
167 6.0920009622e-01 7.1506399219e-02 2.9835350013e+00 1.1779000244e+01
168 6.0914090776e-01 7.1531817749e-02 2.9822306939e+00 1.1772699954e+01
169 6.0942286661e-01 7.1939953605e-02 2.9574222175e+00 1.1600375593e+01
170 6.1014142278e-01 7.3033109572e-02 2.8890752433e+00 1.1097629065e+01
171 6.1027774283e-01 7.3063674871e-02 2.8605275850e+00 1.0911275726e+01
172 6.1030998473e-01 7.3109480650e-02 2.8630394877e+00 1.0939639603e+01
173 6.1039306428e-01 7.2851484224e-02 2.8245138657e+00 1.0670953921e+01
174 6.1041441291e-01 7.2973403963e-02 2.8232570066e+00 1.0653682205e+01
175 6.1104642832e-01 7.3720567712e-02 2.7543851095e+00 1.0165390864e+01
176 6.1100134771e-01 7.3763372946e-02 2.7498821572e+00 1.0150448890e+01
177 6.1177420471e-01 7.5478812830e-02 2.7476875359e+00 1.0155080397e+01
178 6.1186416147e-01 7.5108723963e-02 2.7040371193e+00 9.8622377749e+00
179 6.1146705847e-01 7.5020825007e-02 2.7597870202e+00 1.0293041636e+01
180 6.1127020074e-01 7.4497034033e-02 2.7356840512e+00 1.0141515167e+01
181 6.1143112615e-01 7.4738658833e-02 2.7060313415e+00 9.9493076560e+00
182 6.1138946301e-01 7.4734853218e-02 2.7028313752e+00 9.9403585524e+00
183 6.1142087299e-01 7.4732659580e-02 2.7018939311e+00 9.9369922261e+00
184 6.1133640287e-01 7.4804502400e-02 2.6951660188e+00 9.9136824131e+00
185 6.1151152654e-01 7.5348985523e-02 2.7128270718e+00 1.0026163040e+01
186 6.1152214242e-01 7.5344548156e-02 2.7128567560e+00 1.0026998689e+01
187 6.1164568352e-01 7.5799948840e-02 2.7183901962e+00 1.0040262800e+01
188 6.1163400784e-01 7.5812877293e-02 2.7170947534e+00 1.0035535361e+01
189 6.1149293071e-01 7.5259725932e-02 2.7008465176e+00 9.9313995256e+00
190 6.1167642015e-01 7.5463898399e-02 2.6838745780e+00 9.8228322807e+00
191 6.1181700953e-01 7.6066155676e-02 2.7045555090e+00 9.9745941308e+00
192 6.1182185556e-01 7.6817828738e-02 2.7168030932e+00 1.0082104427e+01
193 6.1190743233e-01 7.7173627269e-02 2.6962209805e+00 9.9460682531e+00
194 6.1148353416e-01 7.6526783810e-02 2.7078275757e+00 1.0047586380e+01
195 6.1145922743e-01 7.6533374255e-02 2.7046571297e+00 1.0041479021e+01
196 6.1106720355e-01 7.5992508990e-02 2.7046651162e+00 1.0059170755e+01
197 6.1108886827e-01 7.5840173959e-02 2.6949815517e+00 9.9800773665e+00
198 6.1156188805e-01 7.6536451974e-02 2.6600073977e+00 9.7289571552e+00
199 6.1153806025e-01 7.6549858750e-02 2.6592274879e+00 9.7257486535e+00
200 6.1151276261e-01 7.6577725263e-02 2.6578826988e+00 9.7218071482e+00
201 6.1092334834e-01 7.5338125914e-02 2.6337951926e+00 9.5496433296e+00
202 6.1106195140e-01 7.5163251333e-02 2.5949766764e+00 9.2898209530e+00
203 6.1094194730e-01 7.4675436797e-02 2.5773506692e+00 9.1703232457e+00
204 6.1112295543e-01 7.5029382182e-02 2.5558866466e+00 9.0424658455e+00
205 6.1096553173e-01 7.5418657753e-02 2.5953076021e+00 9.3299104619e+00
206 6.1120569135e-01 7.5773614858e-02 2.5778344827e+00 9.2121356663e+00
207 6.1119010598e-01 7.5778922726e-02 2.5778193192e+00 9.2117245145e+00
208 6.1094400903e-01 7.5524478642e-02 2.5944252940e+00 9.3193548257e+00
209 6.1084241597e-01 7.5561956693e-02 2.5897160825e+00 9.3082140160e+00
210 6.1129293325e-01 7.6174090293e-02 2.5530078327e+00 9.0763763506e+00
211 6.1132608325e-01 7.6169255119e-02 2.5522569334e+00 9.0741832757e+00
212 6.1125777284e-01 7.6259722626e-02 2.5496128519e+00 9.0634204311e+00
213 6.1123073242e-01 7.6304217694e-02 2.5446518562e+00 9.0479332104e+00
214 6.1168565285e-01 7.7707326254e-02 2.5825042208e+00 9.3517251719e+00
215 6.1155065075e-01 7.7917576257e-02 2.6046596152e+00 9.4796693884e+00
216 6.1213319421e-01 7.8760877102e-02 2.5491557061e+00 9.1438638846e+00
217 6.1211835937e-01 7.8781168151e-02 2.5471936753e+00 9.1368819156e+00
218 6.1251719472e-01 7.9512947115e-02 2.5449187429e+00 9.1292938676e+00
219 6.1251356244e-01 7.9527961289e-02 2.5431779760e+00 9.1232859103e+00
220 6.1190673014e-01 7.8169848471e-02 2.5120157040e+00 8.9087579240e+00
221 6.1235265889e-01 7.9643260664e-02 2.5530936760e+00 9.2105509012e+00
222 6.1253102488e-01 8.0140422915e-02 2.5729052269e+00 9.3360728952e+00
223 6.1244602562e-01 7.9670593110e-02 2.5559393690e+00 9.2467422891e+00
224 6.1220158734e-01 7.9519200138e-02 2.5678408987e+00 9.3178686162e+00
225 6.1189817048e-01 7.9219716064e-02 2.5858614210e+00 9.4384788037e+00
226 6.1234238302e-01 7.9984372109e-02 2.5537342965e+00 9.2047912518e+00
227 6.1228768904e-01 8.0038254704e-02 2.5539367135e+00 9.2000559409e+00
228 6.1245495832e-01 8.0414384142e-02 2.5320629581e+00 9.0711992030e+00
229 6.1265717644e-01 8.0631749868e-02 2.5161088960e+00 8.9770914694e+00
230 6.1242097710e-01 8.0258366566e-02 2.5263793762e+00 9.0307897699e+00
231 6.1286771976e-01 8.0841650191e-02 2.4960915855e+00 8.8269159213e+00
232 6.1285086175e-01 8.0853856011e-02 2.4954799817e+00 8.8236520318e+00
233 6.1280718681e-01 8.0931667162e-02 2.4923726139e+00 8.8127034582e+00
234 6.1343352252e-01 8.2075915865e-02 2.4776605755e+00 8.7140224677e+00
235 6.1383973374e-01 8.2873466238e-02 2.4798740678e+00 8.7345786757e+00
236 6.1414624833e-01 8.3779156711e-02 2.4844612226e+00 8.7911952704e+00
237 6.1413228514e-01 8.3791157289e-02 2.4838478774e+00 8.7879145623e+00
238 6.1410123631e-01 8.3862562091e-02 2.4841336839e+00 8.8016582777e+00
239 6.1413241944e-01 8.3935958428e-02 2.4840389684e+00 8.7948574450e+00
240 6.1411567789e-01 8.3938864015e-02 2.4843211760e+00 8.7957059325e+00
241 6.1440172810e-01 8.4269632375e-02 2.4721400339e+00 8.7269831547e+00
242 6.1460872046e-01 8.4658273029e-02 2.4542455110e+00 8.6096869437e+00
243 6.1455059186e-01 8.4698283562e-02 2.4516243991e+00 8.6016002826e+00
244 6.1471569493e-01 8.5249166302e-02 2.4683813387e+00 8.7079624822e+00
245 6.1497635324e-01 8.5480449669e-02 2.4536495471e+00 8.6177461029e+00
246 6.1526247043e-01 8.5695667620e-02 2.4387413989e+00 8.5298939513e+00
247 6.1539009978e-01 8.5336283177e-02 2.3764598076e+00 8.1402866579e+00
248 6.1599393724e-01 8.6330916946e-02 2.3563620213e+00 8.0124914304e+00
249 6.1607194644e-01 8.6160837889e-02 2.3278519509e+00 7.8484723210e+00
250 6.1575407262e-01 8.5391629517e-02 2.3324637697e+00 7.8727860911e+00
251 6.1573387216e-01 8.5403876247e-02 2.3287944673e+00 7.8658434032e+00
252 6.1589569442e-01 8.5581120261e-02 2.3175777144e+00 7.8035451378e+00
253 6.1590357628e-01 8.5662484887e-02 2.3327232788e+00 7.9280699705e+00
254 6.1635775080e-01 8.6067210125e-02 2.3058754034e+00 7.7782407253e+00
255 6.1627683923e-01 8.6488993396e-02 2.3301555137e+00 7.9107362190e+00
256 6.1620514477e-01 8.6583790919e-02 2.3254758298e+00 7.8937767846e+00
257 6.1581040445e-01 8.5768947334e-02 2.3212986832e+00 7.8707461557e+00
258 6.1611700605e-01 8.6171979549e-02 2.3084328886e+00 7.7892249230e+00
259 6.1594047401e-01 8.5676279378e-02 2.2935614901e+00 7.7055595968e+00
260 6.1594599778e-01 8.5636014558e-02 2.2929574602e+00 7.7056442620e+00
261 6.1604367407e-01 8.6254612855e-02 2.3123980810e+00 7.8518210738e+00
262 6.1653538044e-01 8.6809627490e-02 2.2839831646e+00 7.6839689228e+00
263 6.1677468062e-01 8.7165480564e-02 2.2712143207e+00 7.6016654318e+00
264 6.1664432082e-01 8.6653656685e-02 2.2529909777e+00 7.4998796122e+00
265 6.1711172721e-01 8.7803683981e-02 2.2605304213e+00 7.5297792386e+00
266 6.1670328785e-01 8.6972483145e-02 2.2514338680e+00 7.4654269922e+00
267 6.1687743373e-01 8.7594797262e-02 2.2746540552e+00 7.6304776930e+00
268 6.1643011501e-01 8.6741580114e-02 2.2728085277e+00 7.6132515325e+00
269 6.1640101589e-01 8.6762061126e-02 2.2712494489e+00 7.6076018381e+00
270 6.1598948719e-01 8.5957202594e-02 2.2713802014e+00 7.6123398442e+00
271 6.1611949234e-01 8.6368229070e-02 2.2778827052e+00 7.6344513365e+00
272 6.1627698526e-01 8.6870453199e-02 2.2918126805e+00 7.7120041879e+00
273 6.1655443053e-01 8.7225691108e-02 2.2750163121e+00 7.6189615331e+00
274 6.1698832230e-01 8.7906573575e-02 2.2601482989e+00 7.5307885665e+00
275 6.1687006045e-01 8.7920544452e-02 2.2593896046e+00 7.5289939469e+00
276 6.1641537979e-01 8.7082447148e-02 2.2496038333e+00 7.4720011958e+00
277 6.1667699683e-01 8.7328412415e-02 2.2354465010e+00 7.3943616096e+00
278 6.1663947893e-01 8.7321562980e-02 2.2361568098e+00 7.3988968570e+00
279 6.1656621217e-01 8.7320397137e-02 2.2350354416e+00 7.3967325749e+00
280 6.1603636339e-01 8.6397207204e-02 2.2171116660e+00 7.2604759455e+00
281 6.1619540078e-01 8.7122453185e-02 2.2399271000e+00 7.4153820424e+00
282 6.1644047984e-01 8.7252126001e-02 2.2080401837e+00 7.2574377090e+00
283 6.1687280464e-01 8.7700924450e-02 2.1847080340e+00 7.1260465032e+00
284 6.1655023208e-01 8.6813803410e-02 2.1604594699e+00 7.0103748677e+00
285 6.1673750253e-01 8.7148817805e-02 2.1457478876e+00 6.9322957545e+00
286 6.1662606717e-01 8.7221336567e-02 2.1424324575e+00 6.9221146243e+00
287 6.1697583612e-01 8.7943434855e-02 2.1425360718e+00 6.9016999922e+00
288 6.1632432983e-01 8.6290655344e-02 2.1122796173e+00 6.7182142979e+00
289 6.1642337094e-01 8.6193020767e-02 2.0901520627e+00 6.5979695886e+00
290 6.1639282639e-01 8.6168287728e-02 2.0902245372e+00 6.5996694297e+00
291 6.1689274988e-01 8.6810628295e-02 2.0668097721e+00 6.4676485902e+00
292 6.1688224389e-01 8.6815130963e-02 2.0668243205e+00 6.4672553858e+00
293 6.1692515240e-01 8.6799721276e-02 2.0666366973e+00 6.4676540822e+00
294 6.1691058698e-01 8.6779885481e-02 2.0657884340e+00 6.4673457234e+00
295 6.1695031894e-01 8.6795424265e-02 2.0625602010e+00 6.4599303229e+00
296 6.1732443008e-01 8.7367810908e-02 2.0369278154e+00 6.3324239397e+00
297 6.1747317294e-01 8.7833228087e-02 2.0457861408e+00 6.3776240493e+00
298 6.1734221035e-01 8.7344636335e-02 2.0238959034e+00 6.2385305962e+00
299 6.1774260568e-01 8.8145441466e-02 2.0446415815e+00 6.4151480724e+00
300 6.1771247812e-01 8.8169167604e-02 2.0435351805e+00 6.4114565891e+00
301 6.1767022002e-01 8.8243546146e-02 2.0403228833e+00 6.4015394300e+00
302 6.1771590508e-01 8.8224704328e-02 2.0403342106e+00 6.4026745241e+00
303 6.1787356071e-01 8.8634806769e-02 2.0644202256e+00 6.5705006310e+00
304 6.1810913328e-01 8.8953615624e-02 2.0536127931e+00 6.5078277639e+00
305 6.1766733052e-01 8.8137080786e-02 2.0420938321e+00 6.4189317430e+00
306 6.1791197894e-01 8.8379336653e-02 2.0301303849e+00 6.3570279488e+00
307 6.1791192119e-01 8.8411809163e-02 2.0271459959e+00 6.3485051503e+00
308 6.1800808938e-01 8.8869545729e-02 2.0423714116e+00 6.4410551457e+00
309 6.1875965958e-01 9.0342635915e-02 2.0470677521e+00 6.4680181844e+00
310 6.1887114665e-01 9.0998336684e-02 2.0750569313e+00 6.6552100202e+00
311 6.1900821066e-01 9.1383169391e-02 2.0873013514e+00 6.7238379294e+00
312 6.1872183914e-01 9.1260578399e-02 2.0965106406e+00 6.7723438845e+00
313 6.1884105927e-01 9.1730643050e-02 2.0965595908e+00 6.7726015018e+00
314 6.1902399666e-01 9.2230576243e-02 2.1061245047e+00 6.8202478107e+00
315 6.1912872318e-01 9.2145713873e-02 2.0843519408e+00 6.6901840465e+00
316 6.1889079942e-01 9.1918264226e-02 2.0968643516e+00 6.7541424893e+00
317 6.1933237005e-01 9.2384948488e-02 2.0729597609e+00 6.6300070085e+00
318 6.1924153426e-01 9.2440770176e-02 2.0721457900e+00 6.6413425684e+00
319 6.1946513225e-01 9.2780675113e-02 2.0615118385e+00 6.5772223148e+00
320 6.1947920124e-01 9.3328777960e-02 2.0724924127e+00 6.6264799929e+00
321 6.1946353282e-01 9.3365278781e-02 2.0727147959e+00 6.6238033453e+00
322 6.1901110868e-01 9.2801012451e-02 2.0742993939e+00 6.6449136878e+00
323 6.1865474951e-01 9.1931008516e-02 2.0519231923e+00 6.5281826936e+00
324 6.1804515363e-01 9.0866198643e-02 2.0612196173e+00 6.5893697198e+00
325 6.1767605389e-01 9.0070922144e-02 2.0542396155e+00 6.5458970487e+00
326 6.1771475687e-01 9.0094639112e-02 2.0534350776e+00 6.5419127549e+00
327 6.1795205914e-01 9.0231651030e-02 2.0350224249e+00 6.4414772513e+00
328 6.1787751859e-01 9.0163345242e-02 2.0376176890e+00 6.4585547803e+00
329 6.1809081703e-01 9.0342580991e-02 2.0075730892e+00 6.3085475372e+00
330 6.1804700992e-01 9.0375208732e-02 2.0062127156e+00 6.3038401190e+00
331 6.1783298427e-01 8.9884691707e-02 1.9888110213e+00 6.2197588712e+00
332 6.1823626704e-01 9.0529140969e-02 1.9831786958e+00 6.1770001632e+00
333 6.1800888484e-01 9.0403800820e-02 1.9939669422e+00 6.2287636511e+00
334 6.1799746279e-01 9.0273139430e-02 1.9760480262e+00 6.0862441300e+00
335 6.1860695054e-01 9.1094310099e-02 1.9769692009e+00 6.1211045072e+00
336 6.1840990254e-01 9.0822960627e-02 1.9895202019e+00 6.1810717594e+00
337 6.1841673862e-01 9.0897533410e-02 1.9899091471e+00 6.1781245292e+00
338 6.1776429444e-01 8.9935983016e-02 1.9993542054e+00 6.2222625918e+00
339 6.1823084208e-01 9.0625006944e-02 2.0010857654e+00 6.2383441803e+00
340 6.1849348936e-01 9.0782585890e-02 1.9950508544e+00 6.2308712677e+00
341 6.1859756663e-01 9.1141660431e-02 1.9819973473e+00 6.1682199038e+00
342 6.1840555418e-01 9.0973341897e-02 1.9915056951e+00 6.2156958734e+00
343 6.1810894028e-01 8.9685902751e-02 1.9284696629e+00 5.8612699155e+00
344 6.1831835694e-01 9.0037444331e-02 1.9303095177e+00 5.8611832706e+00
345 6.1827547070e-01 9.0096061353e-02 1.9303524464e+00 5.8596929401e+00
346 6.1859784577e-01 9.0361708733e-02 1.9183822194e+00 5.8018076041e+00
347 6.1900505690e-01 9.1324661700e-02 1.9367491005e+00 5.9249617038e+00
348 6.1897129543e-01 9.1468899471e-02 1.9326215159e+00 5.9120824262e+00
349 6.1888088940e-01 9.1483157210e-02 1.9305962832e+00 5.9062952998e+00
350 6.1912596451e-01 9.1675788981e-02 1.9197614029e+00 5.8541966568e+00
351 6.1874404175e-01 9.1168497624e-02 1.9241857602e+00 5.8811364774e+00
352 6.1868029619e-01 9.1103157773e-02 1.9234300208e+00 5.8840059241e+00
353 6.1836777461e-01 9.0849938202e-02 1.9336142477e+00 5.9372846522e+00
354 6.1839121582e-01 9.0857033429e-02 1.9338056743e+00 5.9365829728e+00
355 6.1868126764e-01 9.1088870428e-02 1.9222469786e+00 5.8813215106e+00
356 6.1797152729e-01 9.0094123308e-02 1.9138607046e+00 5.7964455764e+00
357 6.1810758972e-01 9.0492356835e-02 1.9202302972e+00 5.8197877309e+00
358 6.1810569522e-01 9.0501020856e-02 1.9195634950e+00 5.8178491419e+00
359 6.1811830414e-01 9.0522162260e-02 1.9172611805e+00 5.8119360236e+00
360 6.1821867493e-01 9.0522550472e-02 1.9157690561e+00 5.8075976439e+00
361 6.1822231656e-01 9.0564941754e-02 1.9153493174e+00 5.8054698664e+00
362 6.1837212303e-01 9.0795363191e-02 1.9055415099e+00 5.7607081750e+00
363 6.1858783441e-01 9.0989798279e-02 1.8934483565e+00 5.7094299362e+00
364 6.1843871585e-01 9.0614311889e-02 1.9007523662e+00 5.7544340224e+00
365 6.1892469230e-01 9.1141186876e-02 1.8801002445e+00 5.6499914796e+00
