1 5.9282947138e-01 1.1102230246e-16 1.0000000000e+00 1.0000000000e+00
2 5.9276238824e-01 1.6003567806e-03 -1.2297940690e+01 2.0022201145e+02
3 5.9267124190e-01 3.1429702949e-03 -8.0161233156e+00 1.4831322885e+02
4 5.9310209781e-01 1.1028990048e-02 1.8577351965e+01 3.9705734610e+02
5 5.9303943091e-01 1.1165400768e-02 1.7829270179e+01 3.7878642512e+02
6 5.9295092013e-01 1.1307380377e-02 1.7099716247e+01 3.6101269294e+02
7 5.9317761417e-01 1.3499390378e-02 1.5126127720e+01 2.6510944777e+02
8 5.9334946343e-01 1.5537194173e-02 1.3183594450e+01 2.0085996924e+02
9 5.9355256185e-01 1.7276215462e-02 1.1964705427e+01 1.6363578430e+02
10 5.9355758300e-01 1.7298929121e-02 1.1918629776e+01 1.6276742273e+02
11 5.9342396176e-01 1.7494353015e-02 1.1500469345e+01 1.5609931533e+02
12 5.9342173040e-01 1.7542272380e-02 1.1401942265e+01 1.5441435128e+02
13 5.9340483762e-01 1.7561798425e-02 1.1366438079e+01 1.5376867577e+02
14 5.9338442581e-01 1.7577611943e-02 1.1337644317e+01 1.5327043290e+02
15 5.9356452607e-01 1.9204976377e-02 1.0410377954e+01 1.2865723764e+02
16 5.9358293422e-01 1.9261406219e-02 1.0314222405e+01 1.2712460834e+02
17 5.9405755464e-01 2.1891576042e-02 9.3474300860e+00 1.0066757331e+02
18 5.9407366149e-01 2.1873944672e-02 9.3761933795e+00 1.0094255992e+02
19 5.9437433739e-01 2.3124585930e-02 8.9054467384e+00 9.0429170098e+01
20 5.9433579832e-01 2.3268289396e-02 8.7097699263e+00 8.8384077736e+01
21 5.9442456012e-01 2.3312682609e-02 8.6495897941e+00 8.7584334605e+01
22 5.9439878564e-01 2.3357135154e-02 8.5984025959e+00 8.6969048688e+01
23 5.9438050767e-01 2.3303829788e-02 8.4965380062e+00 8.5857558967e+01
24 5.9486553143e-01 2.5516229750e-02 7.9055895087e+00 7.2648088269e+01
25 5.9506708990e-01 2.7298109281e-02 8.6074748476e+00 8.9134659878e+01
26 5.9506913150e-01 2.7340409450e-02 8.5624896958e+00 8.8591744198e+01
27 5.9510817972e-01 2.7343127164e-02 8.5558259887e+00 8.8507705660e+01
28 5.9548590898e-01 2.9364305062e-02 7.8188606215e+00 7.3794661710e+01
29 5.9548959426e-01 2.9372128869e-02 7.8120831566e+00 7.3712260633e+01
30 5.9580913966e-01 3.1819266964e-02 7.8557035163e+00 7.4226565585e+01
31 5.9579252459e-01 3.1835908531e-02 7.8439246283e+00 7.4089447982e+01
32 5.9564659384e-01 3.1949601111e-02 7.7628014227e+00 7.3200811615e+01
33 5.9562990811e-01 3.1993410325e-02 7.7284661421e+00 7.2823349195e+01
34 5.9584712786e-01 3.2860975338e-02 7.4525549089e+00 6.7645265832e+01
35 5.9618618008e-01 3.5080542167e-02 7.3887700567e+00 6.5980322050e+01
36 5.9639719472e-01 3.5813951568e-02 7.1726721448e+00 6.2124888718e+01
37 5.9668599376e-01 3.6649518398e-02 6.9580480874e+00 5.8336598484e+01
38 5.9661728140e-01 3.6669864676e-02 6.9091197088e+00 5.7964224516e+01
39 5.9672318676e-01 3.6133401396e-02 6.5409848493e+00 5.2151475999e+01
40 5.9627040387e-01 3.4104201432e-02 6.4113148920e+00 5.0340579993e+01
41 5.9605619631e-01 3.3319223857e-02 6.5693092510e+00 5.3171417372e+01
42 5.9606263716e-01 3.3320212137e-02 6.5681603003e+00 5.3160034517e+01
43 5.9662364996e-01 3.5898968494e-02 6.1127480018e+00 4.5235502647e+01
44 5.9656514609e-01 3.5956569568e-02 6.0844369730e+00 4.4991042631e+01
45 5.9647586184e-01 3.6082172450e-02 6.0364324383e+00 4.4578052460e+01
46 5.9719530500e-01 3.8200031112e-02 5.6790231993e+00 3.8946188321e+01
47 5.9759021814e-01 3.9444438101e-02 5.4432272484e+00 3.5753667551e+01
48 5.9792021701e-01 4.0900751280e-02 5.2045050280e+00 3.2763044183e+01
49 5.9764546957e-01 4.0360979009e-02 5.2908267219e+00 3.3921746719e+01
50 5.9766419632e-01 4.0363131915e-02 5.2885394604e+00 3.3904718901e+01
51 5.9757247485e-01 4.0429609375e-02 5.2648402421e+00 3.3736482335e+01
52 5.9748033059e-01 4.0492296492e-02 5.2441291984e+00 3.3579325477e+01
53 5.9759325184e-01 4.0504737893e-02 5.2314997237e+00 3.3480092380e+01
54 5.9755576513e-01 4.0538731076e-02 5.2184817104e+00 3.3391513429e+01
55 5.9785712026e-01 4.1349156303e-02 5.1345549974e+00 3.2164590022e+01
56 5.9787032403e-01 4.1364320373e-02 5.1277279396e+00 3.2111298016e+01
57 5.9804408377e-01 4.2000873499e-02 5.0332977305e+00 3.0924916425e+01
58 5.9804174187e-01 4.2004929487e-02 5.0319298234e+00 3.0914131085e+01
59 5.9782980737e-01 4.1384623755e-02 5.1114865196e+00 3.1996428868e+01
60 5.9812695261e-01 4.2008125995e-02 5.0261054135e+00 3.0862200667e+01
61 5.9860759863e-01 4.3337756097e-02 4.8669619089e+00 2.8794296904e+01
62 5.9878911284e-01 4.4361270998e-02 5.0092924785e+00 3.0735034846e+01
63 5.9878507342e-01 4.4372354413e-02 5.0056545413e+00 3.0706288886e+01
64 5.9899880749e-01 4.4887093080e-02 4.9303979845e+00 2.9750027620e+01
65 5.9918659209e-01 4.5485479238e-02 4.8482270808e+00 2.8754341113e+01
66 5.9954325390e-01 4.7050670991e-02 4.8816159937e+00 2.9195303562e+01
67 5.9954679866e-01 4.7106320344e-02 4.8621007193e+00 2.9058573821e+01
68 5.9983730253e-01 4.7702258153e-02 4.7797761908e+00 2.8083612723e+01
69 6.0009700155e-01 4.8221177074e-02 4.7085909274e+00 2.7233784776e+01
70 6.0027820631e-01 4.8761088347e-02 4.6415429327e+00 2.6436952627e+01
71 6.0014500494e-01 4.7704267298e-02 4.5519739611e+00 2.5362073337e+01
72 6.0012029514e-01 4.7853585860e-02 4.5397746942e+00 2.5309466328e+01
73 6.0001626517e-01 4.7394127260e-02 4.3548851286e+00 2.3135401175e+01
74 6.0002660137e-01 4.7395707095e-02 4.3537533810e+00 2.3128538652e+01
75 5.9994194538e-01 4.7448190651e-02 4.3425909324e+00 2.3059615690e+01
76 5.9989320179e-01 4.7486650820e-02 4.3337826333e+00 2.3004110265e+01
77 5.9987341856e-01 4.7559506403e-02 4.3325908632e+00 2.2984403837e+01
78 5.9985842786e-01 4.7607466138e-02 4.3186882813e+00 2.2899152261e+01
79 6.0031564409e-01 4.8690370087e-02 4.2187937679e+00 2.1785611325e+01
80 6.0059815284e-01 4.9225154417e-02 4.1677300473e+00 2.1233663724e+01
81 6.0030041218e-01 4.8667650157e-02 4.2043448853e+00 2.1718260309e+01
82 6.0031999619e-01 4.8262785916e-02 4.0318792178e+00 1.9627144106e+01
83 6.0053008420e-01 4.8907361729e-02 3.9737492819e+00 1.9112751899e+01
84 6.0096430003e-01 4.9970009241e-02 3.8933317850e+00 1.8289486108e+01
85 6.0115406877e-01 5.0706841145e-02 3.8522323807e+00 1.7926118403e+01
86 6.0118753816e-01 5.0766831462e-02 3.8524869169e+00 1.7926585295e+01
87 6.0109114843e-01 5.0818960563e-02 3.8443253685e+00 1.7884275692e+01
88 6.0110988137e-01 5.0809860059e-02 3.8456646675e+00 1.7890781628e+01
89 6.0102101638e-01 5.0873839918e-02 3.8336927449e+00 1.7831137563e+01
90 6.0093485337e-01 5.0904299613e-02 3.8306535433e+00 1.7815544208e+01
91 6.0093974355e-01 5.0906845554e-02 3.8297367685e+00 1.7810531951e+01
92 6.0089700353e-01 5.0938101141e-02 3.8241839397e+00 1.7780661535e+01
93 6.0082902465e-01 5.1018017941e-02 3.8251062462e+00 1.7783829891e+01
94 6.0110316093e-01 5.1426637844e-02 3.7840029782e+00 1.7382670547e+01
95 6.0112221039e-01 5.1433033333e-02 3.7811331572e+00 1.7368592133e+01
96 6.0108313045e-01 5.1506874463e-02 3.7631212776e+00 1.7287210840e+01
97 6.0124228531e-01 5.1944020740e-02 3.7119782638e+00 1.6877124757e+01
98 6.0126311687e-01 5.1997671736e-02 3.6979449759e+00 1.6803896957e+01
99 6.0171497483e-01 5.2923792598e-02 3.6244394676e+00 1.6129453465e+01
100 6.0170397896e-01 5.2938160898e-02 3.6203833167e+00 1.6115835429e+01
101 6.0190296583e-01 5.3427253417e-02 3.5886539570e+00 1.5842182459e+01
102 6.0216601994e-01 5.4468649038e-02 3.5148227129e+00 1.5211616899e+01
103 6.0236636217e-01 5.4819008837e-02 3.4825614610e+00 1.4938968746e+01
104 6.0263153156e-01 5.5243422127e-02 3.4510829119e+00 1.4668176858e+01
105 6.0331942579e-01 5.6623594348e-02 3.3632209517e+00 1.3908203665e+01
106 6.0325775108e-01 5.6565485776e-02 3.3561089050e+00 1.3883288035e+01
107 6.0342952246e-01 5.6808812305e-02 3.3262368710e+00 1.3655334895e+01
108 6.0341649051e-01 5.6866922988e-02 3.3259780448e+00 1.3649854591e+01
109 6.0360563616e-01 5.7587927710e-02 3.3943165964e+00 1.4355092892e+01
110 6.0380857037e-01 5.8234785946e-02 3.3713936815e+00 1.4132976671e+01
111 6.0395702549e-01 5.8919596249e-02 3.4355036902e+00 1.4815471716e+01
112 6.0399751688e-01 5.8960719149e-02 3.4253515337e+00 1.4765985041e+01
113 6.0382552372e-01 5.8243648585e-02 3.3649162017e+00 1.4178627097e+01
114 6.0406109520e-01 5.8727013040e-02 3.3340512352e+00 1.3919245141e+01
115 6.0407861180e-01 5.8730808678e-02 3.3324825405e+00 1.3911682200e+01
116 6.0385438765e-01 5.8194039727e-02 3.3614130976e+00 1.4155868461e+01
117 6.0408182455e-01 5.8615954637e-02 3.3320119967e+00 1.3906163307e+01
118 6.0417573105e-01 5.9826208556e-02 3.5213232566e+00 1.5836820747e+01
119 6.0414747895e-01 5.9849012745e-02 3.5176961196e+00 1.5820788591e+01
120 6.0473943014e-01 6.1300129272e-02 3.4810709711e+00 1.5466212006e+01
121 6.0512980839e-01 6.2259350746e-02 3.4871159719e+00 1.5549353806e+01
122 6.0588677993e-01 6.3574803901e-02 3.3897655049e+00 1.4701986185e+01
123 6.0589754176e-01 6.3522709790e-02 3.3899300790e+00 1.4711472427e+01
124 6.0607950287e-01 6.4223134011e-02 3.4272794292e+00 1.5037946885e+01
125 6.0601887841e-01 6.4500728243e-02 3.5032186638e+00 1.5734083148e+01
126 6.0616515981e-01 6.4868158768e-02 3.4687456081e+00 1.5453943907e+01
127 6.0662722637e-01 6.5753914058e-02 3.4071298989e+00 1.4904422143e+01
128 6.0662560368e-01 6.5753885708e-02 3.4072007767e+00 1.4904787632e+01
129 6.0660808702e-01 6.5724292147e-02 3.4073106985e+00 1.4914091131e+01
130 6.0664183813e-01 6.5757894650e-02 3.4067469847e+00 1.4900693937e+01
131 6.0666427401e-01 6.5663216846e-02 3.4082007659e+00 1.4923926290e+01
132 6.0699273598e-01 6.5938565716e-02 3.3788816512e+00 1.4692301151e+01
133 6.0653108768e-01 6.5101838352e-02 3.3889389236e+00 1.4809351163e+01
134 6.0618332331e-01 6.4015350755e-02 3.3656359612e+00 1.4606530001e+01
135 6.0616895811e-01 6.4026701234e-02 3.3611482336e+00 1.4588395121e+01
136 6.0633681627e-01 6.4389102974e-02 3.3293078471e+00 1.4336076070e+01
137 6.0632757815e-01 6.4412881577e-02 3.3283590352e+00 1.4328284710e+01
138 6.0639200415e-01 6.4640838172e-02 3.3253601959e+00 1.4275974850e+01
139 6.0685183172e-01 6.5269686114e-02 3.2652515118e+00 1.3817535424e+01
140 6.0688725319e-01 6.5276867470e-02 3.2619158364e+00 1.3805490553e+01
141 6.0686010015e-01 6.4957791692e-02 3.1982832192e+00 1.3309160420e+01
142 6.0659160475e-01 6.4619467945e-02 3.2217050975e+00 1.3515020587e+01
143 6.0674781478e-01 6.5036943307e-02 3.1890102470e+00 1.3272375220e+01
144 6.0691308724e-01 6.5782130170e-02 3.2203555894e+00 1.3520297532e+01
145 6.0702857717e-01 6.6552847764e-02 3.2478283049e+00 1.3769595118e+01
146 6.0698052116e-01 6.6588022296e-02 3.2438669498e+00 1.3750732586e+01
147 6.0711559125e-01 6.7020402752e-02 3.2147459495e+00 1.3516854580e+01
148 6.0707908151e-01 6.7049503163e-02 3.2116351347e+00 1.3500941642e+01
149 6.0702384843e-01 6.7050517187e-02 3.2099499577e+00 1.3504560363e+01
150 6.0699254142e-01 6.7058559899e-02 3.2100757399e+00 1.3504135714e+01
151 6.0675815249e-01 6.6765434772e-02 3.2339412600e+00 1.3701566291e+01
152 6.0675111709e-01 6.6773011277e-02 3.2328767871e+00 1.3696942463e+01
153 6.0674732236e-01 6.6746035872e-02 3.2310369142e+00 1.3695325264e+01
154 6.0657894254e-01 6.6454536483e-02 3.2501881141e+00 1.3879184310e+01
155 6.0685184684e-01 6.6861178842e-02 3.2205567067e+00 1.3636058757e+01
156 6.0687895655e-01 6.6868958815e-02 3.2176254088e+00 1.3625742258e+01
157 6.0708238863e-01 6.7322486450e-02 3.1819648557e+00 1.3366965943e+01
158 6.0732452839e-01 6.7652101779e-02 3.1553660533e+00 1.3158225715e+01
159 6.0731849841e-01 6.7513246240e-02 3.1518803886e+00 1.3167669575e+01
160 6.0699913326e-01 6.7230839074e-02 3.1778847854e+00 1.3367750542e+01
161 6.0702778233e-01 6.7234020722e-02 3.1760655216e+00 1.3359874840e+01
162 6.0640510950e-01 6.5918744031e-02 3.1900508945e+00 1.3482695695e+01
163 6.0638553727e-01 6.5866319955e-02 3.1907849046e+00 1.3496293540e+01
164 6.0641168487e-01 6.5782548202e-02 3.1790204666e+00 1.3375135316e+01
165 6.0640316643e-01 6.5751992171e-02 3.1765242494e+00 1.3371338877e+01
166 6.0640334807e-01 6.5736701627e-02 3.1711030436e+00 1.3360310637e+01
167 6.0636655459e-01 6.5796921909e-02 3.1556077298e+00 1.3242681105e+01
168 6.0648982622e-01 6.6458589355e-02 3.1748157635e+00 1.3393116358e+01
169 6.0646602142e-01 6.6694684306e-02 3.1879869575e+00 1.3574091675e+01
170 6.0636951822e-01 6.7091757633e-02 3.2485164102e+00 1.4106502928e+01
171 6.0629620388e-01 6.7137239318e-02 3.2465080844e+00 1.4090918364e+01
172 6.0634816191e-01 6.7178955534e-02 3.2386133346e+00 1.4046002262e+01
173 6.0676385861e-01 6.7723064647e-02 3.1911265287e+00 1.3663308641e+01
174 6.0697051459e-01 6.8275864324e-02 3.1816087893e+00 1.3584322023e+01
175 6.0686870910e-01 6.7564216080e-02 3.1498854398e+00 1.3319693621e+01
176 6.0714881015e-01 6.7961772536e-02 3.1264925128e+00 1.3113396323e+01
177 6.0713135943e-01 6.7973512536e-02 3.1251598071e+00 1.3108145037e+01
178 6.0739264068e-01 6.8320261544e-02 3.0983416169e+00 1.2897409053e+01
179 6.0753146505e-01 6.9157383960e-02 3.1344325832e+00 1.3172458048e+01
180 6.0779997937e-01 7.0319074792e-02 3.1406347955e+00 1.3247439990e+01
181 6.0782525006e-01 7.0501365549e-02 3.1316388149e+00 1.3167824791e+01
182 6.0763737960e-01 6.9880846293e-02 3.0894811576e+00 1.2791381086e+01
183 6.0772644641e-01 6.9474830237e-02 3.0278104893e+00 1.2303651445e+01
184 6.0769622933e-01 6.9541108823e-02 3.0238891705e+00 1.2278985494e+01
185 6.0758513952e-01 6.9030199513e-02 2.9989539538e+00 1.2084795182e+01
186 6.0749047431e-01 6.8374950756e-02 2.9568720463e+00 1.1725802124e+01
187 6.0750008166e-01 6.8363640271e-02 2.9568842612e+00 1.1728652436e+01
188 6.0771515698e-01 6.8667052170e-02 2.9329875907e+00 1.1557876597e+01
189 6.0752207145e-01 6.8272009769e-02 2.9544636456e+00 1.1730075433e+01
190 6.0760395270e-01 6.8788929975e-02 2.9554331051e+00 1.1713926397e+01
191 6.0732665552e-01 6.7358970139e-02 2.8831355893e+00 1.1121086328e+01
192 6.0741385513e-01 6.7442900079e-02 2.8857198988e+00 1.1132179422e+01
193 6.0744079992e-01 6.7488604819e-02 2.8861206030e+00 1.1132736394e+01
194 6.0753121104e-01 6.8226668008e-02 2.9280677902e+00 1.1520485010e+01
195 6.0775912017e-01 6.8203146584e-02 2.8384889961e+00 1.0806433975e+01
196 6.0771145867e-01 6.8281939985e-02 2.8388280685e+00 1.0811748210e+01
197 6.0789670175e-01 6.8974312878e-02 2.8834598737e+00 1.1210693302e+01
198 6.0806235112e-01 6.9271459047e-02 2.8566816333e+00 1.1038755399e+01
199 6.0815054572e-01 6.9541781540e-02 2.8338732930e+00 1.0893953520e+01
200 6.0832252153e-01 7.0179216168e-02 2.8739262453e+00 1.1207790648e+01
201 6.0817984043e-01 6.9904965856e-02 2.8920867161e+00 1.1345364544e+01
202 6.0778355817e-01 6.8793310490e-02 2.8715027563e+00 1.1155812298e+01
203 6.0800871918e-01 6.9213912032e-02 2.8459232264e+00 1.0974391357e+01
204 6.0836098293e-01 7.0130065010e-02 2.8524471869e+00 1.1061043382e+01
205 6.0885012051e-01 7.0934951282e-02 2.8116518476e+00 1.0747730885e+01
206 6.0858485432e-01 7.0670667924e-02 2.8296621441e+00 1.0882813856e+01
207 6.0851035870e-01 7.0662533502e-02 2.8277900260e+00 1.0877221413e+01
208 6.0847682466e-01 7.0690004727e-02 2.8252740072e+00 1.0866161352e+01
209 6.0842472973e-01 7.0717258661e-02 2.8250135371e+00 1.0860905784e+01
210 6.0855507955e-01 7.0961462762e-02 2.8007051627e+00 1.0709203022e+01
211 6.0874751606e-01 7.1529822082e-02 2.8229985516e+00 1.0850960964e+01
212 6.0883391601e-01 7.2424014779e-02 2.8936870351e+00 1.1515387385e+01
213 6.0874871857e-01 7.2461672777e-02 2.8913491020e+00 1.1506641947e+01
214 6.0870074356e-01 7.2473715496e-02 2.8914637278e+00 1.1506897771e+01
215 6.0877042471e-01 7.2439583262e-02 2.8912715562e+00 1.1510225416e+01
216 6.0855669638e-01 7.2118997944e-02 2.9117798447e+00 1.1670404091e+01
217 6.0857027474e-01 7.2168341152e-02 2.9094680605e+00 1.1652883689e+01
218 6.0847426506e-01 7.2297382936e-02 2.9462667411e+00 1.1915077205e+01
219 6.0810570473e-01 7.1711359509e-02 2.9593289621e+00 1.2059350260e+01
220 6.0843978146e-01 7.2770687820e-02 2.9379748633e+00 1.1834959719e+01
221 6.0807251668e-01 7.2157645046e-02 2.9463252555e+00 1.1938806032e+01
222 6.0869349870e-01 7.3276858353e-02 2.9370554367e+00 1.1864539373e+01
223 6.0894062013e-01 7.3900560664e-02 2.9033178420e+00 1.1599855818e+01
224 6.0890238994e-01 7.3875886911e-02 2.9033097075e+00 1.1605416142e+01
225 6.0904310623e-01 7.4207568156e-02 2.8835177183e+00 1.1450475263e+01
226 6.0898345444e-01 7.4268059974e-02 2.8909734442e+00 1.1526050515e+01
227 6.0891239628e-01 7.4249383606e-02 2.8912478709e+00 1.1531247973e+01
228 6.0890469330e-01 7.4309005933e-02 2.8889802491e+00 1.1515846845e+01
229 6.0915943940e-01 7.4632027361e-02 2.8658426501e+00 1.1349993098e+01
230 6.0938726971e-01 7.5842755969e-02 2.9332742542e+00 1.1962796916e+01
231 6.0971073555e-01 7.6552871190e-02 2.8873364138e+00 1.1621389571e+01
232 6.1006292722e-01 7.7814702527e-02 2.9311289528e+00 1.1916675388e+01
233 6.1078684755e-01 7.8773236972e-02 2.8698235964e+00 1.1467005633e+01
234 6.1093291048e-01 7.9051162245e-02 2.8530123854e+00 1.1340453278e+01
235 6.1063081854e-01 7.8801166291e-02 2.8704635710e+00 1.1474758744e+01
236 6.1061569285e-01 7.8851468554e-02 2.8644361354e+00 1.1449002706e+01
237 6.1040763954e-01 7.8934440806e-02 2.8852928394e+00 1.1566844069e+01
238 6.0956591117e-01 7.6994987327e-02 2.8775837901e+00 1.1560029824e+01
239 6.0957073699e-01 7.7001944262e-02 2.8765443230e+00 1.1555210954e+01
240 6.0986481827e-01 7.8140003008e-02 2.8951176866e+00 1.1608643635e+01
241 6.0981515482e-01 7.8106392684e-02 2.8990388938e+00 1.1662040354e+01
242 6.1008562582e-01 7.8188277201e-02 2.8146309570e+00 1.0966247505e+01
243 6.1031179764e-01 7.8598596029e-02 2.7914061234e+00 1.0798796562e+01
244 6.1045488876e-01 7.9212544375e-02 2.8051323286e+00 1.0871404743e+01
245 6.1030371026e-01 7.8960625842e-02 2.8207311669e+00 1.0989420983e+01
246 6.0999686647e-01 7.8119007671e-02 2.8256483506e+00 1.1063956439e+01
247 6.0989045676e-01 7.7636803389e-02 2.8040598930e+00 1.0905630185e+01
248 6.0993353933e-01 7.7634788580e-02 2.8026476146e+00 1.0900516032e+01
249 6.0995910275e-01 7.7553581362e-02 2.8046296839e+00 1.0960304222e+01
250 6.1016551449e-01 7.7938280167e-02 2.7850303045e+00 1.0807550751e+01
251 6.1020694512e-01 7.8050748317e-02 2.7878094685e+00 1.0839233530e+01
252 6.0980452051e-01 7.7451105678e-02 2.8258032553e+00 1.1116026349e+01
253 6.0999163362e-01 7.8018980554e-02 2.8429377404e+00 1.1216919010e+01
254 6.1047991734e-01 7.8486513176e-02 2.8081959594e+00 1.0978548743e+01
255 6.1039926481e-01 7.7868819648e-02 2.7916765509e+00 1.0886221992e+01
256 6.1012635447e-01 7.7575176435e-02 2.8087144827e+00 1.1020823842e+01
257 6.1017859759e-01 7.7492925188e-02 2.8099195686e+00 1.1039840972e+01
258 6.0994541370e-01 7.6716102983e-02 2.7622472856e+00 1.0655937286e+01
259 6.0991695957e-01 7.6659682294e-02 2.7628084701e+00 1.0670031793e+01
260 6.0992208165e-01 7.6658711521e-02 2.7627202550e+00 1.0669832002e+01
261 6.1030128479e-01 7.7331108214e-02 2.7183741751e+00 1.0377705885e+01
262 6.1029885699e-01 7.7306788211e-02 2.7157172362e+00 1.0375367714e+01
263 6.1036378390e-01 7.7291770326e-02 2.7151380729e+00 1.0373983581e+01
264 6.1077646615e-01 7.8330403147e-02 2.7323335074e+00 1.0516933497e+01
265 6.1103677033e-01 7.8674945162e-02 2.7078675999e+00 1.0359670437e+01
266 6.1047267922e-01 7.7394622068e-02 2.7230604014e+00 1.0497570009e+01
267 6.1043415086e-01 7.7617680548e-02 2.7523824507e+00 1.0679002592e+01
268 6.1028981886e-01 7.7788835829e-02 2.7845863619e+00 1.0885752317e+01
269 6.0976326066e-01 7.7061604550e-02 2.8171819950e+00 1.1132588047e+01
270 6.0996253104e-01 7.7379909048e-02 2.7920453830e+00 1.0967092589e+01
271 6.0991420696e-01 7.7383339289e-02 2.7934467063e+00 1.0972101251e+01
272 6.1014782519e-01 7.7358580926e-02 2.7605279115e+00 1.0783203469e+01
273 6.1001498372e-01 7.6643584676e-02 2.7250434882e+00 1.0544033536e+01
274 6.0997712563e-01 7.6677257195e-02 2.7221133401e+00 1.0531800922e+01
275 6.0961344721e-01 7.5797235135e-02 2.7201767753e+00 1.0539677380e+01
276 6.0965806294e-01 7.5740829194e-02 2.7177454436e+00 1.0537396955e+01
277 6.0973745801e-01 7.5749445572e-02 2.7144615393e+00 1.0521052011e+01
278 6.0973403716e-01 7.5754221572e-02 2.7140108634e+00 1.0518931390e+01
279 6.1012908524e-01 7.6617575987e-02 2.6744213499e+00 1.0218884201e+01
280 6.1021011597e-01 7.6589407896e-02 2.6691564806e+00 1.0199657587e+01
281 6.1101005384e-01 7.8382691679e-02 2.6564387162e+00 1.0126505725e+01
282 6.1083270958e-01 7.7662405833e-02 2.6168203134e+00 9.8323050160e+00
283 6.1089068033e-01 7.7830535133e-02 2.6141141185e+00 9.8011976776e+00
284 6.1088320656e-01 7.7847117657e-02 2.6120114305e+00 9.7948965581e+00
285 6.1091690727e-01 7.7924357306e-02 2.6106609313e+00 9.7789609036e+00
286 6.1106987833e-01 7.8495495618e-02 2.6257395111e+00 9.8719303193e+00
287 6.1102572959e-01 7.8497966320e-02 2.6272273000e+00 9.8764787422e+00
288 6.1101564916e-01 7.8530200879e-02 2.6237480113e+00 9.8621335806e+00
289 6.1101771546e-01 7.8610968098e-02 2.6234885716e+00 9.8516422471e+00
290 6.1139542574e-01 7.9362023035e-02 2.6056875206e+00 9.7037592346e+00
291 6.1151944885e-01 7.9760366965e-02 2.5854764589e+00 9.5704057736e+00
292 6.1153591247e-01 7.9758192258e-02 2.5851432479e+00 9.5692672510e+00
293 6.1185763832e-01 8.0672477051e-02 2.5941063902e+00 9.6461338164e+00
294 6.1172086709e-01 8.0221295981e-02 2.5810718519e+00 9.5789213782e+00
295 6.1212902147e-01 8.0928811726e-02 2.5737079348e+00 9.5051849262e+00
296 6.1231830562e-01 8.1464053285e-02 2.5900384128e+00 9.5952051698e+00
297 6.1208796532e-01 8.1418306882e-02 2.6026229109e+00 9.6603306765e+00
298 6.1226298546e-01 8.1993404721e-02 2.6185783634e+00 9.7571502255e+00
299 6.1242840255e-01 8.2453353903e-02 2.6006208268e+00 9.6198967048e+00
300 6.1271947572e-01 8.2608378663e-02 2.5881769830e+00 9.5354767039e+00
301 6.1279289414e-01 8.2681025144e-02 2.5848036555e+00 9.5097863614e+00
302 6.1303538910e-01 8.2970164630e-02 2.5688670932e+00 9.4088331893e+00
303 6.1353823367e-01 8.3267472529e-02 2.4915063936e+00 8.9171089928e+00
304 6.1373410763e-01 8.3483698799e-02 2.4778933150e+00 8.8308880823e+00
305 6.1368939530e-01 8.3535239164e-02 2.4732548576e+00 8.8165407469e+00
306 6.1361918564e-01 8.3593326528e-02 2.4738861849e+00 8.8144432893e+00
307 6.1385637057e-01 8.3875604211e-02 2.4561604992e+00 8.7100095644e+00
308 6.1401023494e-01 8.4367219078e-02 2.4722117581e+00 8.8247684041e+00
309 6.1334571625e-01 8.3040709480e-02 2.4529626391e+00 8.7508374501e+00
310 6.1352294929e-01 8.3560577732e-02 2.4593584435e+00 8.7669928034e+00
311 6.1335942950e-01 8.3065492520e-02 2.4505813042e+00 8.7435480408e+00
312 6.1372331163e-01 8.4109199303e-02 2.4694036476e+00 8.8409242285e+00
313 6.1366567431e-01 8.4140396808e-02 2.4681863485e+00 8.8349127057e+00
314 6.1380379908e-01 8.4683943895e-02 2.4833376928e+00 8.9225191728e+00
315 6.1381304488e-01 8.4750055650e-02 2.4893508978e+00 8.9666003078e+00
316 6.1372003418e-01 8.4255169256e-02 2.4791699778e+00 8.9118281914e+00
317 6.1373153817e-01 8.4309429650e-02 2.4763556575e+00 8.8977075814e+00
318 6.1370222553e-01 8.4292427590e-02 2.4783134301e+00 8.9078122902e+00
319 6.1381078572e-01 8.4924937801e-02 2.4995526606e+00 9.0538799596e+00
320 6.1441511190e-01 8.6903104846e-02 2.5324571940e+00 9.2433048826e+00
321 6.1439044394e-01 8.6920908776e-02 2.5324269698e+00 9.2418139401e+00
322 6.1412204432e-01 8.5875041556e-02 2.4999181067e+00 9.0561109399e+00
323 6.1430572472e-01 8.6465750555e-02 2.5183496426e+00 9.1673146035e+00
324 6.1432109701e-01 8.6474317547e-02 2.5167095421e+00 9.1621563581e+00
325 6.1414147943e-01 8.6296430243e-02 2.5286497262e+00 9.2384403742e+00
326 6.1453801565e-01 8.7041858899e-02 2.5238523481e+00 9.1949304885e+00
327 6.1456670899e-01 8.7049118648e-02 2.5219736594e+00 9.1888224587e+00
328 6.1421797136e-01 8.7369085236e-02 2.5617928875e+00 9.4159062812e+00
329 6.1450278318e-01 8.8061724708e-02 2.5523147496e+00 9.3407252530e+00
330 6.1471108181e-01 8.8611778296e-02 2.5628629722e+00 9.3946587129e+00
331 6.1500110389e-01 8.8491746385e-02 2.5173971041e+00 9.1352936138e+00
332 6.1502692911e-01 8.8524463810e-02 2.5159213405e+00 9.1256706428e+00
333 6.1511967796e-01 8.8939105208e-02 2.5341536664e+00 9.2299598923e+00
334 6.1508391224e-01 8.8982307698e-02 2.5305706992e+00 9.2174421517e+00
335 6.1507008144e-01 8.9010507200e-02 2.5281600697e+00 9.2086359987e+00
336 6.1490612776e-01 8.8519388865e-02 2.5263310071e+00 9.2275620050e+00
337 6.1494985325e-01 8.8350850602e-02 2.4977330456e+00 9.0657556784e+00
338 6.1479767703e-01 8.7709165384e-02 2.4807657576e+00 8.9718170516e+00
339 6.1476299412e-01 8.7747507711e-02 2.4774692102e+00 8.9615869720e+00
340 6.1496395383e-01 8.8063326518e-02 2.4591466059e+00 8.8526049227e+00
341 6.1460191560e-01 8.7268063850e-02 2.4647428190e+00 8.9034992685e+00
342 6.1417587840e-01 8.6553722993e-02 2.4681387664e+00 8.9504177707e+00
343 6.1419602269e-01 8.6556416322e-02 2.4670025990e+00 8.9472921102e+00
344 6.1440869798e-01 8.6610786591e-02 2.4434801135e+00 8.7873572017e+00
345 6.1515076187e-01 8.7946340313e-02 2.4238931355e+00 8.6251533512e+00
346 6.1528853954e-01 8.8417931217e-02 2.4300263615e+00 8.6413658394e+00
347 6.1495808017e-01 8.8184123324e-02 2.4432676604e+00 8.7878586410e+00
348 6.1493959278e-01 8.8178562302e-02 2.4444808947e+00 8.7920072565e+00
349 6.1497816202e-01 8.8208957713e-02 2.4456919092e+00 8.8030030599e+00
350 6.1535775336e-01 8.8935678134e-02 2.4394719270e+00 8.7436259007e+00
351 6.1525910066e-01 8.8976647994e-02 2.4361707292e+00 8.7350263214e+00
352 6.1551262077e-01 8.9274980201e-02 2.4199767869e+00 8.6348500674e+00
353 6.1571668543e-01 8.9452989938e-02 2.4058417032e+00 8.5591313893e+00
354 6.1585345662e-01 8.9175376857e-02 2.3750169174e+00 8.3710898907e+00
355 6.1585622983e-01 8.9135379271e-02 2.3741784248e+00 8.3643120347e+00
356 6.1605808763e-01 8.9366471132e-02 2.3588757273e+00 8.2798349160e+00
357 6.1578562365e-01 8.9166824779e-02 2.3839166011e+00 8.4460358491e+00
358 6.1566012774e-01 8.9120852800e-02 2.3799620286e+00 8.4519481565e+00
359 6.1559591394e-01 8.9130104840e-02 2.3798152685e+00 8.4528398615e+00
360 6.1520546255e-01 8.8369666287e-02 2.3814622930e+00 8.4804619849e+00
361 6.1466304729e-01 8.7883635039e-02 2.3889790533e+00 8.5518508256e+00
362 6.1461353186e-01 8.7875287246e-02 2.3892165375e+00 8.5558744353e+00
363 6.1467815024e-01 8.7902608332e-02 2.3873654318e+00 8.5472535945e+00
364 6.1470143126e-01 8.7905413880e-02 2.3863421862e+00 8.5436425561e+00
365 6.1468499768e-01 8.7873809381e-02 2.3879167653e+00 8.5529276570e+00
