1 5.9282947138e-01 1.1102230246e-16 1.0000000000e+00 1.0000000000e+00
2 5.9320952278e-01 1.0533471492e-02 2.1465597891e+01 4.7501246275e+02
3 5.9321533325e-01 1.0561238064e-02 2.1293522060e+01 4.6999461010e+02
4 5.9323554265e-01 1.0599213152e-02 2.1061364049e+01 4.6314043331e+02
5 5.9368963734e-01 1.4950127765e-02 1.4905539641e+01 2.3229504525e+02
6 5.9412324587e-01 1.8219175103e-02 1.2293173624e+01 1.5677222227e+02
7 5.9409267166e-01 1.8299317821e-02 1.2117214074e+01 1.5417917053e+02
8 5.9408581438e-01 1.8346916921e-02 1.2019190407e+01 1.5261080398e+02
9 5.9423564927e-01 1.9857305254e-02 1.1025027472e+01 1.2944325103e+02
10 5.9424271311e-01 1.9979563228e-02 1.0812167435e+01 1.2634055610e+02
11 5.9466890664e-01 2.2757172965e-02 9.5295338857e+00 9.8376708169e+01
12 5.9479472426e-01 2.3992668751e-02 8.9970542313e+00 8.8060891417e+01
13 5.9489330224e-01 2.5213165180e-02 8.4909218702e+00 7.9149962724e+01
14 5.9489787910e-01 2.5218069712e-02 8.4854703081e+00 7.9082237634e+01
15 5.9487353901e-01 2.5295992167e-02 8.4027484178e+00 7.8161422503e+01
16 5.9492643315e-01 2.5328159526e-02 8.3669207562e+00 7.7698702161e+01
17 5.9490203980e-01 2.5374453779e-02 8.3208959567e+00 7.7170619025e+01
18 5.9533755022e-01 2.7398854429e-02 7.7175232741e+00 6.5959173897e+01
19 5.9530732341e-01 2.7413502429e-02 7.7075316203e+00 6.5853163825e+01
20 5.9576144386e-01 2.9300263908e-02 7.2382689744e+00 5.7660381282e+01
21 5.9615714400e-01 3.1766876330e-02 7.3908499448e+00 6.2462779367e+01
22 5.9664448852e-01 3.3385529288e-02 6.9735327576e+00 5.5265429315e+01
23 5.9658648518e-01 3.3426630125e-02 6.9514353379e+00 5.5043630858e+01
24 5.9680660953e-01 3.4226640355e-02 6.7556480767e+00 5.1910567073e+01
25 5.9702435834e-01 3.4928565756e-02 6.5765539119e+00 4.9176389020e+01
26 5.9700896175e-01 3.4938407929e-02 6.5719603464e+00 4.9132814380e+01
27 5.9709965806e-01 3.5775714775e-02 6.3679320941e+00 4.6307865484e+01
28 5.9720118434e-01 3.6615605811e-02 6.1659777647e+00 4.3667459704e+01
29 5.9737323233e-01 3.7344579257e-02 6.0264424220e+00 4.1648140058e+01
30 5.9754260093e-01 3.8164385927e-02 5.8824028950e+00 3.9677015049e+01
31 5.9769120135e-01 3.9455706019e-02 6.1044518258e+00 4.3512952136e+01
32 5.9788205880e-01 4.0074352958e-02 5.9667340714e+00 4.1613538349e+01
33 5.9831994656e-01 4.1314153366e-02 5.7212595583e+00 3.8263508437e+01
34 5.9825679368e-01 4.1401351308e-02 5.6855030374e+00 3.7983081116e+01
35 5.9830309460e-01 4.0836978576e-02 5.3823304179e+00 3.3382642960e+01
36 5.9820398750e-01 4.0888971427e-02 5.3670241275e+00 3.3266883085e+01
37 5.9817666891e-01 4.0914028878e-02 5.3582143019e+00 3.3200522181e+01
38 5.9821001298e-01 4.0911600250e-02 5.3567391179e+00 3.3190936806e+01
39 5.9820268992e-01 4.0918831149e-02 5.3542862124e+00 3.3171378346e+01
40 5.9823218588e-01 4.0942671072e-02 5.3422905608e+00 3.3079305508e+01
41 5.9865226248e-01 4.2261097092e-02 5.1352002681e+00 3.0621935305e+01
42 5.9852235563e-01 4.2346035299e-02 5.1087619757e+00 3.0445635820e+01
43 5.9846100181e-01 4.2381774490e-02 5.0723667241e+00 3.0212635004e+01
44 5.9894777556e-01 4.3588407660e-02 4.9126438756e+00 2.8261611357e+01
45 5.9939230579e-01 4.4826542909e-02 4.7682879246e+00 2.6543549982e+01
46 5.9946133067e-01 4.4847847315e-02 4.7570377645e+00 2.6464189971e+01
47 5.9944355554e-01 4.4877303567e-02 4.7486240549e+00 2.6402809143e+01
48 5.9943227848e-01 4.4896873060e-02 4.7427566325e+00 2.6361905935e+01
49 5.9942536884e-01 4.4933066581e-02 4.7328532204e+00 2.6307952346e+01
50 5.9966347996e-01 4.5546924390e-02 4.6724832226e+00 2.5575468850e+01
51 5.9988516644e-01 4.6127675200e-02 4.6010260946e+00 2.4800368525e+01
52 6.0010452595e-01 4.6651299103e-02 4.5283582670e+00 2.4056920094e+01
53 6.0026162924e-01 4.7269291643e-02 4.4463341445e+00 2.3292447480e+01
54 6.0031176192e-01 4.7278108799e-02 4.4408582780e+00 2.3256395554e+01
55 6.0020365943e-01 4.7367561363e-02 4.4191874601e+00 2.3125543138e+01
56 6.0044698974e-01 4.7990422039e-02 4.3561192878e+00 2.2468677437e+01
57 6.0080811434e-01 4.9056143437e-02 4.2422281108e+00 2.1309038075e+01
58 6.0076490920e-01 4.9084548654e-02 4.2366225869e+00 2.1275379900e+01
59 6.0087605380e-01 5.0065815647e-02 4.3231581616e+00 2.2455765056e+01
60 6.0092811489e-01 5.0068381528e-02 4.3194501701e+00 2.2433178858e+01
61 6.0105298002e-01 5.0628777128e-02 4.2613436433e+00 2.1838174658e+01
62 6.0111128166e-01 5.0625921413e-02 4.2594563108e+00 2.1822656603e+01
63 6.0105631929e-01 5.0703664929e-02 4.2394177503e+00 2.1713640104e+01
64 6.0125005104e-01 5.2107073000e-02 4.2476374821e+00 2.1871021232e+01
65 6.0129531899e-01 5.2104567313e-02 4.2458600560e+00 2.1860219966e+01
66 6.0149115620e-01 5.2613626174e-02 4.1897780254e+00 2.1295522115e+01
67 6.0151463532e-01 5.2606858185e-02 4.1905306893e+00 2.1298297743e+01
68 6.0183223129e-01 5.4413363134e-02 4.3259524310e+00 2.2891362415e+01
69 6.0227846523e-01 5.5312296701e-02 4.2227584419e+00 2.1817505862e+01
70 6.0230642846e-01 5.5319296295e-02 4.2195759140e+00 2.1798049323e+01
71 6.0249963153e-01 5.5797308801e-02 4.1647825361e+00 2.1261093841e+01
72 6.0275021359e-01 5.6301236365e-02 4.1143122023e+00 2.0745450264e+01
73 6.0269498684e-01 5.6335074996e-02 4.1087485495e+00 2.0712782446e+01
74 6.0271184220e-01 5.6233206623e-02 4.0940760977e+00 2.0542439324e+01
75 6.0274222390e-01 5.6230114026e-02 4.0932292947e+00 2.0538007123e+01
76 6.0341038629e-01 5.7453454925e-02 3.9587832068e+00 1.9244941665e+01
77 6.0337996821e-01 5.7488450250e-02 3.9511829935e+00 1.9209545870e+01
78 6.0297663482e-01 5.6187140880e-02 3.9144297635e+00 1.8813059174e+01
79 6.0301700864e-01 5.6179797905e-02 3.9139070137e+00 1.8811605991e+01
80 6.0287179532e-01 5.6293811000e-02 3.8924584050e+00 1.8707120669e+01
81 6.0305880671e-01 5.6758055843e-02 3.8473744865e+00 1.8290739917e+01
82 6.0305886013e-01 5.6832017192e-02 3.8421482559e+00 1.8254434970e+01
83 6.0308491263e-01 5.6829689311e-02 3.8412700683e+00 1.8250375180e+01
84 6.0306430021e-01 5.6855911863e-02 3.8314474391e+00 1.8205231301e+01
85 6.0319937018e-01 5.7296669728e-02 3.7841827293e+00 1.7799351055e+01
86 6.0301298495e-01 5.6604205165e-02 3.7254940211e+00 1.7291975059e+01
87 6.0294699525e-01 5.6731787151e-02 3.7120540244e+00 1.7205513201e+01
88 6.0293909443e-01 5.6738863137e-02 3.7109497877e+00 1.7199068497e+01
89 6.0309767438e-01 5.7086841820e-02 3.6719588308e+00 1.6859939834e+01
90 6.0304930995e-01 5.7087738561e-02 3.6612786055e+00 1.6818434627e+01
91 6.0307819672e-01 5.7070930508e-02 3.6596923621e+00 1.6814829306e+01
92 6.0324312837e-01 5.7502354728e-02 3.6253567373e+00 1.6492742315e+01
93 6.0311799626e-01 5.7129400958e-02 3.6586062233e+00 1.6803542524e+01
94 6.0339422425e-01 5.7510375601e-02 3.6206951641e+00 1.6470512263e+01
95 6.0396307004e-01 5.9161844413e-02 3.6047383179e+00 1.6385380761e+01
96 6.0394147619e-01 5.9138589089e-02 3.6019885899e+00 1.6383644309e+01
97 6.0383726065e-01 5.9153859835e-02 3.5932139072e+00 1.6356163029e+01
98 6.0400138588e-01 5.9612084288e-02 3.5525335148e+00 1.6013906183e+01
99 6.0417994686e-01 5.9931166050e-02 3.5097605907e+00 1.5603263891e+01
100 6.0426956420e-01 6.0721595125e-02 3.5563331584e+00 1.6063010690e+01
101 6.0426025273e-01 6.0710472877e-02 3.5598239325e+00 1.6074784547e+01
102 6.0482785323e-01 6.2164604784e-02 3.5149043569e+00 1.5669603231e+01
103 6.0483269834e-01 6.1880144961e-02 3.4596303461e+00 1.5220753556e+01
104 6.0463269103e-01 6.1607607567e-02 3.4824402566e+00 1.5435359031e+01
105 6.0462652571e-01 6.1649716186e-02 3.4813597281e+00 1.5425341046e+01
106 6.0463632771e-01 6.1647745642e-02 3.4812891342e+00 1.5425030464e+01
107 6.0474892997e-01 6.1927845940e-02 3.4413799914e+00 1.5156526576e+01
108 6.0456352573e-01 6.1586308549e-02 3.4702968190e+00 1.5413473295e+01
109 6.0432075482e-01 6.1181100894e-02 3.4991302800e+00 1.5689063982e+01
110 6.0432555855e-01 6.1161262043e-02 3.5037333138e+00 1.5705987465e+01
111 6.0463175503e-01 6.1552456684e-02 3.4691990304e+00 1.5408661661e+01
112 6.0451062463e-01 6.1716449762e-02 3.4542098883e+00 1.5332715507e+01
113 6.0449669407e-01 6.1730068924e-02 3.4523166203e+00 1.5322516125e+01
114 6.0475828433e-01 6.2272695314e-02 3.4233368736e+00 1.5039284246e+01
115 6.0498579648e-01 6.2638866972e-02 3.3892547801e+00 1.4764240323e+01
116 6.0514745947e-01 6.3093604384e-02 3.3557838770e+00 1.4478316363e+01
117 6.0511722656e-01 6.3174144777e-02 3.3511121120e+00 1.4448457442e+01
118 6.0513275738e-01 6.3226470789e-02 3.3505848687e+00 1.4441357008e+01
119 6.0511046628e-01 6.3255978557e-02 3.3454529190e+00 1.4421434162e+01
120 6.0505812193e-01 6.2571850459e-02 3.2936457894e+00 1.3974249151e+01
121 6.0532179919e-01 6.3084679049e-02 3.2839416026e+00 1.3946442260e+01
122 6.0543871496e-01 6.3573255892e-02 3.2434195433e+00 1.3658875619e+01
123 6.0513120674e-01 6.3149996049e-02 3.2548018167e+00 1.3838408417e+01
124 6.0482787004e-01 6.2101767805e-02 3.2198779927e+00 1.3530374242e+01
125 6.0431675308e-01 6.0337118196e-02 3.1324164472e+00 1.2644353331e+01
126 6.0433421017e-01 6.0349063219e-02 3.1287294425e+00 1.2632367332e+01
127 6.0447740574e-01 6.0797471275e-02 3.0999077101e+00 1.2411625359e+01
128 6.0474715353e-01 6.1218390321e-02 3.0697351033e+00 1.2191008713e+01
129 6.0489319827e-01 6.1671806073e-02 3.0390931406e+00 1.1975485908e+01
130 6.0483982471e-01 6.1639161928e-02 3.0411453384e+00 1.1985735148e+01
131 6.0485112405e-01 6.1626370899e-02 3.0387543463e+00 1.1977334256e+01
132 6.0501497831e-01 6.2056992433e-02 3.0122661204e+00 1.1777603039e+01
133 6.0509472630e-01 6.2078156435e-02 3.0143880554e+00 1.1782864346e+01
134 6.0549333752e-01 6.2780606865e-02 2.9537190173e+00 1.1380747626e+01
135 6.0538225721e-01 6.2082570634e-02 2.8951805928e+00 1.0808657963e+01
136 6.0529716746e-01 6.2144651258e-02 2.8877461125e+00 1.0785613693e+01
137 6.0533243764e-01 6.2147253236e-02 2.8857283045e+00 1.0777260782e+01
138 6.0553097897e-01 6.2528892529e-02 2.8668157603e+00 1.0631781457e+01
139 6.0580765617e-01 6.2927503589e-02 2.8453618428e+00 1.0477818026e+01
140 6.0601499006e-01 6.3688701343e-02 2.9035594726e+00 1.1021908673e+01
141 6.0599370904e-01 6.3719014372e-02 2.8995013023e+00 1.1005669328e+01
142 6.0633328199e-01 6.4864464828e-02 2.9402725981e+00 1.1443531713e+01
143 6.0609761559e-01 6.4408738367e-02 2.9588277751e+00 1.1605648806e+01
144 6.0630291596e-01 6.4734504696e-02 2.9367904513e+00 1.1438730198e+01
145 6.0669634694e-01 6.5535690453e-02 2.8872500043e+00 1.1084720090e+01
146 6.0691158839e-01 6.5929329671e-02 2.8610570164e+00 1.0909594831e+01
147 6.0693805984e-01 6.5988401943e-02 2.8584660231e+00 1.0894762831e+01
148 6.0712438801e-01 6.6387364958e-02 2.8335796313e+00 1.0722324848e+01
149 6.0705757505e-01 6.6436598352e-02 2.8288163294e+00 1.0703516391e+01
150 6.0704939157e-01 6.6439728461e-02 2.8287397677e+00 1.0702912778e+01
151 6.0691555984e-01 6.6461604648e-02 2.8290485508e+00 1.0702556632e+01
152 6.0653147210e-01 6.6250146167e-02 2.8413704540e+00 1.0818853341e+01
153 6.0647374826e-01 6.6295805387e-02 2.8373105979e+00 1.0799814141e+01
154 6.0681651834e-01 6.7448249397e-02 2.8693377292e+00 1.1174718944e+01
155 6.0669634934e-01 6.6691212283e-02 2.8242169063e+00 1.0812774217e+01
156 6.0647333069e-01 6.6341757659e-02 2.8458020212e+00 1.0971109830e+01
157 6.0646489007e-01 6.6349736067e-02 2.8450785768e+00 1.0967922596e+01
158 6.0643375161e-01 6.6367261777e-02 2.8436912040e+00 1.0962219665e+01
159 6.0643409388e-01 6.6380476851e-02 2.8418497211e+00 1.0953566354e+01
160 6.0671044667e-01 6.6790126888e-02 2.8191162675e+00 1.0787334403e+01
161 6.0708203278e-01 6.7562305117e-02 2.7739777804e+00 1.0471163801e+01
162 6.0750412910e-01 6.8054269723e-02 2.7343885312e+00 1.0205035283e+01
163 6.0796627984e-01 6.8756164541e-02 2.6949908115e+00 9.9253553645e+00
164 6.0783379042e-01 6.9132290737e-02 2.7693794464e+00 1.0577827050e+01
165 6.0829904938e-01 7.0269029310e-02 2.7916596440e+00 1.0757472070e+01
166 6.0855934453e-01 7.0653816187e-02 2.7724529912e+00 1.0611078592e+01
167 6.0830033176e-01 7.0341111291e-02 2.7908392701e+00 1.0750979657e+01
168 6.0841609242e-01 7.0740982099e-02 2.8039013761e+00 1.0821916104e+01
169 6.0850773346e-01 7.1065643981e-02 2.7761197789e+00 1.0662492041e+01
170 6.0913747553e-01 7.2072208884e-02 2.7178334477e+00 1.0236633063e+01
171 6.0937181015e-01 7.2799232834e-02 2.7447988096e+00 1.0443215849e+01
172 6.0955885831e-01 7.3110316570e-02 2.7235781849e+00 1.0299712488e+01
173 6.0983432398e-01 7.3443756830e-02 2.7026304074e+00 1.0153643514e+01
174 6.1006165507e-01 7.3782518539e-02 2.6807493344e+00 1.0009250402e+01
175 6.0982528497e-01 7.3468170703e-02 2.6996744279e+00 1.0142051594e+01
176 6.1034418244e-01 7.5136362980e-02 2.7322909865e+00 1.0398395318e+01
177 6.1054441312e-01 7.5482923847e-02 2.7127941120e+00 1.0257809045e+01
178 6.1122963118e-01 7.6458967368e-02 2.6544593958e+00 9.8567428352e+00
179 6.1148836050e-01 7.7034605752e-02 2.6765525257e+00 1.0000642615e+01
180 6.1108528337e-01 7.6185562661e-02 2.6703512061e+00 9.9717395046e+00
181 6.1132327764e-01 7.6485262522e-02 2.6523436567e+00 9.8473985715e+00
182 6.1156010186e-01 7.6867170097e-02 2.6278249442e+00 9.6993333001e+00
183 6.1149308597e-01 7.6819710142e-02 2.6283923240e+00 9.7120962682e+00
184 6.1126697905e-01 7.6183299544e-02 2.5976995566e+00 9.4922965673e+00
185 6.1128227302e-01 7.5839161464e-02 2.5454020508e+00 9.1012295049e+00
186 6.1138341101e-01 7.6360334287e-02 2.5677870848e+00 9.2417388393e+00
187 6.1155862196e-01 7.6526076847e-02 2.5547734138e+00 9.1656245383e+00
188 6.1154753608e-01 7.6492587660e-02 2.5534891312e+00 9.1633262206e+00
189 6.1172818317e-01 7.6827212231e-02 2.5337833271e+00 9.0424954662e+00
190 6.1221129617e-01 7.7480820839e-02 2.5036558777e+00 8.8526115785e+00
191 6.1204431767e-01 7.7561588053e-02 2.4860704940e+00 8.7342289783e+00
192 6.1204242235e-01 7.7478659460e-02 2.4865355727e+00 8.7442981807e+00
193 6.1252045781e-01 7.8147581081e-02 2.4547569113e+00 8.5353629793e+00
194 6.1240507097e-01 7.8231794633e-02 2.4537247421e+00 8.5258704813e+00
195 6.1241470849e-01 7.8151751336e-02 2.4535881310e+00 8.5353503205e+00
196 6.1239576762e-01 7.8157342030e-02 2.4537282035e+00 8.5353090604e+00
197 6.1272116898e-01 7.8831469982e-02 2.4636040713e+00 8.6244330803e+00
198 6.1290215829e-01 7.9132611932e-02 2.4461282747e+00 8.5261043145e+00
199 6.1296106111e-01 7.9232530586e-02 2.4416401086e+00 8.5060493833e+00
200 6.1320254139e-01 7.9545674955e-02 2.4213774825e+00 8.3905817113e+00
201 6.1283141194e-01 7.8542249858e-02 2.4012186592e+00 8.2294886664e+00
202 6.1302733853e-01 7.8922477525e-02 2.3824367323e+00 8.1215169493e+00
203 6.1310148166e-01 7.9521203999e-02 2.4033490661e+00 8.2670083969e+00
204 6.1250362514e-01 7.8311382090e-02 2.3781318781e+00 8.1085392152e+00
205 6.1254091447e-01 7.8299773302e-02 2.3779323323e+00 8.1087210869e+00
206 6.1248771800e-01 7.8458102236e-02 2.3823399234e+00 8.1448549024e+00
207 6.1282720772e-01 7.8424310418e-02 2.3282685831e+00 7.7952127507e+00
208 6.1301222825e-01 7.8741894375e-02 2.3130739992e+00 7.7035116993e+00
209 6.1314723267e-01 7.9042729187e-02 2.2967463861e+00 7.6132776274e+00
210 6.1328146165e-01 7.9422255802e-02 2.3160299867e+00 7.7488533114e+00
211 6.1332528990e-01 7.9445495585e-02 2.3160996735e+00 7.7476919979e+00
212 6.1325483579e-01 7.9540318233e-02 2.3195158763e+00 7.7799724210e+00
213 6.1377391023e-01 8.0624773978e-02 2.3330240527e+00 7.9435615915e+00
214 6.1439573405e-01 8.1812402164e-02 2.3170998414e+00 7.8229070496e+00
215 6.1443312343e-01 8.1880917724e-02 2.3177139202e+00 7.8355614209e+00
216 6.1432565437e-01 8.1257304309e-02 2.2929818255e+00 7.6827681417e+00
217 6.1464929650e-01 8.2058187122e-02 2.2995920119e+00 7.7312361929e+00
218 6.1479503493e-01 8.2700213506e-02 2.3312439722e+00 7.9617000435e+00
219 6.1507945100e-01 8.2949065224e-02 2.3174474694e+00 7.8806826558e+00
220 6.1595078880e-01 8.3818199292e-02 2.2664607031e+00 7.5884552314e+00
221 6.1581361812e-01 8.3298729878e-02 2.2396554977e+00 7.4098682624e+00
222 6.1600532868e-01 8.3609690591e-02 2.2245666303e+00 7.3300346823e+00
223 6.1561399680e-01 8.2893430600e-02 2.2213945312e+00 7.3127181831e+00
224 6.1610295032e-01 8.3877283514e-02 2.2139657539e+00 7.2837870608e+00
225 6.1586920016e-01 8.3524331762e-02 2.1920549576e+00 7.1539793277e+00
226 6.1578162599e-01 8.3553130303e-02 2.1908732545e+00 7.1508898935e+00
227 6.1589657828e-01 8.3833554305e-02 2.1777966057e+00 7.0772089834e+00
228 6.1607322795e-01 8.4323434532e-02 2.2003376436e+00 7.2093066236e+00
229 6.1618730904e-01 8.4884986609e-02 2.2138173240e+00 7.2877933131e+00
230 6.1613243685e-01 8.4840436412e-02 2.1902050155e+00 7.0941533930e+00
231 6.1631822770e-01 8.5119803014e-02 2.1766569760e+00 7.0195613986e+00
232 6.1639648878e-01 8.5091875219e-02 2.1750286867e+00 6.9995423415e+00
233 6.1685582728e-01 8.5551906135e-02 2.1497093930e+00 6.8636554644e+00
234 6.1694402932e-01 8.6227789959e-02 2.1820934366e+00 7.0983858925e+00
235 6.1676300796e-01 8.5851461714e-02 2.1678179137e+00 7.0234971368e+00
236 6.1670227508e-01 8.5915295802e-02 2.1688035651e+00 7.0232911001e+00
237 6.1672236044e-01 8.5872266647e-02 2.1690906264e+00 7.0268877624e+00
238 6.1684135652e-01 8.6138058471e-02 2.1545714066e+00 6.9550311671e+00
239 6.1655180320e-01 8.5785563761e-02 2.1613175692e+00 6.9801136372e+00
240 6.1678834131e-01 8.6013346053e-02 2.1476678137e+00 6.9102541999e+00
241 6.1677533104e-01 8.6065750158e-02 2.1431017250e+00 6.8957015340e+00
242 6.1669568872e-01 8.6107722805e-02 2.1419894717e+00 6.8907110987e+00
243 6.1703341445e-01 8.7028175210e-02 2.1501815135e+00 6.9430715447e+00
244 6.1742299254e-01 8.6988807726e-02 2.0995796950e+00 6.6226120359e+00
245 6.1733364008e-01 8.6594422334e-02 2.0872393683e+00 6.5648228939e+00
246 6.1731114393e-01 8.6641643792e-02 2.0866399261e+00 6.5601412209e+00
247 6.1749722612e-01 8.6984799518e-02 2.0740433339e+00 6.4901225531e+00
248 6.1783652028e-01 8.7831795327e-02 2.0780377615e+00 6.5241101474e+00
249 6.1781016150e-01 8.7915548058e-02 2.0802855730e+00 6.5407950383e+00
250 6.1814416294e-01 8.8336877338e-02 2.0537047868e+00 6.4251757817e+00
251 6.1829070223e-01 8.8548496807e-02 2.0416281745e+00 6.3680875298e+00
252 6.1767944785e-01 8.7621995917e-02 2.0490536793e+00 6.3960407185e+00
253 6.1773796260e-01 8.7582190992e-02 2.0507543078e+00 6.4013638877e+00
254 6.1744871831e-01 8.7299524579e-02 2.0565862956e+00 6.4237294918e+00
255 6.1768166567e-01 8.7587232023e-02 2.0432593361e+00 6.3559723721e+00
256 6.1753635080e-01 8.7476760059e-02 2.0536935254e+00 6.4055309441e+00
257 6.1756735661e-01 8.7486135136e-02 2.0519425289e+00 6.3999709324e+00
258 6.1729563628e-01 8.7389106002e-02 2.0600926714e+00 6.4417119480e+00
259 6.1759875662e-01 8.8119024054e-02 2.0563335273e+00 6.4198137379e+00
260 6.1751721826e-01 8.8175996324e-02 2.0536450891e+00 6.4124287850e+00
261 6.1751162019e-01 8.8217390774e-02 2.0535558689e+00 6.4111111324e+00
262 6.1764495929e-01 8.8488516379e-02 2.0428209159e+00 6.3515025552e+00
263 6.1781358172e-01 8.8593065104e-02 2.0253787978e+00 6.2516655739e+00
264 6.1784097503e-01 8.8564925316e-02 2.0249932166e+00 6.2540457171e+00
265 6.1756284840e-01 8.8382557469e-02 2.0452105806e+00 6.3714813065e+00
266 6.1771943741e-01 8.8615936951e-02 2.0336577303e+00 6.3129661780e+00
267 6.1804375474e-01 8.9239412963e-02 2.0285705693e+00 6.2756888622e+00
268 6.1818230722e-01 8.9753602052e-02 2.0439683872e+00 6.3715782042e+00
269 6.1818157113e-01 8.9751721640e-02 2.0429414293e+00 6.3687027286e+00
270 6.1803659809e-01 8.9759839538e-02 2.0448986043e+00 6.3752495661e+00
271 6.1799616202e-01 8.9929203068e-02 2.0544842371e+00 6.4512517878e+00
272 6.1833763128e-01 9.0593350308e-02 2.0567381179e+00 6.4704563345e+00
273 6.1862019945e-01 9.1245818469e-02 2.0698282828e+00 6.5890163616e+00
274 6.1865839916e-01 9.1242423259e-02 2.0689191700e+00 6.5863834367e+00
275 6.1877800018e-01 9.1759179374e-02 2.0855224757e+00 6.6785500635e+00
276 6.1915736371e-01 9.2376538106e-02 2.0726886135e+00 6.5977363317e+00
277 6.1913922017e-01 9.2354742306e-02 2.0691569649e+00 6.5745719018e+00
278 6.1884101868e-01 9.2172871866e-02 2.0804168511e+00 6.6320931053e+00
279 6.1889889871e-01 9.2636774249e-02 2.0828259648e+00 6.6423794194e+00
280 6.1845489474e-01 9.2038990342e-02 2.0825500781e+00 6.6524430567e+00
281 6.1801014259e-01 9.1629708851e-02 2.0920141935e+00 6.6513061051e+00
282 6.1829616999e-01 9.2045837929e-02 2.0764111184e+00 6.5662870691e+00
283 6.1829810865e-01 9.2083825078e-02 2.0753789063e+00 6.5609678501e+00
284 6.1849854630e-01 9.2272188807e-02 2.0671986637e+00 6.5267544422e+00
285 6.1855524330e-01 9.2454280100e-02 2.0501207368e+00 6.4302635386e+00
286 6.1862250755e-01 9.2985993388e-02 2.0583102735e+00 6.4805277982e+00
287 6.1866013935e-01 9.2701660042e-02 2.0354370520e+00 6.3705738256e+00
288 6.1860344307e-01 9.2706384045e-02 2.0297190312e+00 6.3623251761e+00
289 6.1814297644e-01 9.2085601055e-02 2.0322295725e+00 6.3780961345e+00
290 6.1815658735e-01 9.2071038061e-02 2.0321018833e+00 6.3785677071e+00
291 6.1794278094e-01 9.1916910648e-02 2.0446763459e+00 6.4424543491e+00
292 6.1791578314e-01 9.1898053403e-02 2.0472656131e+00 6.4508728218e+00
293 6.1798537286e-01 9.1561315313e-02 2.0205775312e+00 6.3139751232e+00
294 6.1792951365e-01 9.1587024470e-02 2.0202265563e+00 6.3121864367e+00
295 6.1831160965e-01 9.1984045615e-02 1.9987787270e+00 6.2081672968e+00
296 6.1830382501e-01 9.2090332000e-02 1.9994437017e+00 6.2205383461e+00
297 6.1848275587e-01 9.2056908926e-02 1.9628311962e+00 6.0204391594e+00
298 6.1848362773e-01 9.2053277900e-02 1.9631546512e+00 6.0211931838e+00
299 6.1848991571e-01 9.1904125528e-02 1.9527276079e+00 5.9497616520e+00
300 6.1841050822e-01 9.1821017409e-02 1.9536842735e+00 5.9608236705e+00
301 6.1836132359e-01 9.1773022909e-02 1.9541663928e+00 5.9673714830e+00
302 6.1850072255e-01 9.2258921137e-02 1.9695212905e+00 6.0532055055e+00
303 6.1834011602e-01 9.2374869192e-02 1.9923721575e+00 6.1849367333e+00
304 6.1819834991e-01 9.1869481724e-02 1.9636541245e+00 5.9950947163e+00
305 6.1870100177e-01 9.2799047248e-02 1.9667084558e+00 6.0112204721e+00
306 6.1897401823e-01 9.3773810326e-02 1.9911390499e+00 6.1381901676e+00
307 6.1898212407e-01 9.3747951460e-02 1.9895335382e+00 6.1263125392e+00
308 6.1949450172e-01 9.4383470708e-02 1.9681990804e+00 6.0117621777e+00
309 6.1943857187e-01 9.4393150655e-02 1.9685431280e+00 6.0124320181e+00
310 6.1990532664e-01 9.5464259184e-02 1.9655959919e+00 5.9912115099e+00
311 6.1971173253e-01 9.5258668659e-02 1.9756349005e+00 6.0398032064e+00
312 6.1970873493e-01 9.5270415997e-02 1.9756361398e+00 6.0386023697e+00
313 6.1906854840e-01 9.4429745782e-02 1.9880162313e+00 6.1003896710e+00
314 6.1909045954e-01 9.4460741121e-02 1.9876429818e+00 6.0979081774e+00
315 6.1962756725e-01 9.5330568790e-02 1.9741669979e+00 6.0261922435e+00
316 6.1957704256e-01 9.5371234628e-02 1.9722407852e+00 6.0211371718e+00
317 6.2039381933e-01 9.6572623936e-02 1.9551403467e+00 5.9461883863e+00
318 6.2058886507e-01 9.6693294856e-02 1.9475443703e+00 5.9109247848e+00
319 6.2080539780e-01 9.6871472021e-02 1.9377956749e+00 5.8650200364e+00
320 6.2077893052e-01 9.6905617630e-02 1.9362439771e+00 5.8605653288e+00
321 6.2072096946e-01 9.6967996366e-02 1.9326102591e+00 5.8521004131e+00
322 6.2068537597e-01 9.6546750888e-02 1.9248776050e+00 5.8217265908e+00
323 6.2072142064e-01 9.6565466506e-02 1.9224791816e+00 5.8165219857e+00
324 6.2054156284e-01 9.6170702626e-02 1.9153010569e+00 5.7905113429e+00
325 6.2001537922e-01 9.5202378134e-02 1.9082448685e+00 5.7664692309e+00
326 6.2001239528e-01 9.5244889069e-02 1.9067099197e+00 5.7571287735e+00
327 6.2018217906e-01 9.5345501505e-02 1.8913440336e+00 5.6835278306e+00
328 6.2007478787e-01 9.5407729473e-02 1.8898858693e+00 5.6781170670e+00
329 6.2028949896e-01 9.5675269593e-02 1.8798371279e+00 5.6281998638e+00
330 6.2025008169e-01 9.5505518993e-02 1.8662486343e+00 5.5487622596e+00
331 6.1995360350e-01 9.5283755493e-02 1.8727112924e+00 5.5917385825e+00
332 6.1997279459e-01 9.4973020385e-02 1.8490201771e+00 5.4685325871e+00
333 6.2017395615e-01 9.5254224104e-02 1.8388599895e+00 5.4235424785e+00
334 6.1979898701e-01 9.4731772577e-02 1.8417918399e+00 5.4408214887e+00
335 6.1950614815e-01 9.4576310131e-02 1.8679453258e+00 5.6216217600e+00
336 6.1973744746e-01 9.4828751680e-02 1.8575758235e+00 5.5707291531e+00
337 6.2003250327e-01 9.5611727192e-02 1.8656631038e+00 5.6374553805e+00
338 6.2006115316e-01 9.6146158861e-02 1.8834383441e+00 5.7456847785e+00
339 6.1985230681e-01 9.5875232427e-02 1.8892337909e+00 5.7743698890e+00
340 6.1989049477e-01 9.5374768222e-02 1.8316521491e+00 5.4511207449e+00
341 6.2009470495e-01 9.5495880504e-02 1.8226642901e+00 5.4135485953e+00
342 6.2034589222e-01 9.6331741114e-02 1.8255517387e+00 5.4451279544e+00
343 6.2027911926e-01 9.6551022459e-02 1.8483543706e+00 5.5677359317e+00
344 6.2010371592e-01 9.6171404250e-02 1.8357540080e+00 5.4906301618e+00
345 6.2010555112e-01 9.6178600121e-02 1.8358071086e+00 5.4899499101e+00
346 6.2010319007e-01 9.6770720826e-02 1.8675738211e+00 5.6591076741e+00
347 6.2009556700e-01 9.6756150487e-02 1.8672289799e+00 5.6595617990e+00
348 6.2011805485e-01 9.6578503164e-02 1.8420224451e+00 5.5199492871e+00
349 6.2015011243e-01 9.6651800358e-02 1.8431735610e+00 5.5220862927e+00
350 6.2075362428e-01 9.7583633957e-02 1.8257980168e+00 5.4205275944e+00
351 6.2096112010e-01 9.7751398743e-02 1.8161615510e+00 5.3796261026e+00
352 6.2101221996e-01 9.7732272045e-02 1.8161046162e+00 5.3795819065e+00
353 6.2102680025e-01 9.8305767116e-02 1.8236178113e+00 5.4299388116e+00
354 6.2080067470e-01 9.8118222299e-02 1.8332515009e+00 5.4744205502e+00
355 6.2108228168e-01 9.8334932944e-02 1.8235148250e+00 5.4303914717e+00
356 6.2161200445e-01 9.9589967834e-02 1.8416744057e+00 5.5281467036e+00
357 6.2177575337e-01 9.9698170489e-02 1.8406240640e+00 5.5553128789e+00
358 6.2173388032e-01 9.9842131591e-02 1.8536401305e+00 5.6292691323e+00
359 6.2173363101e-01 9.9830538730e-02 1.8546328470e+00 5.6313781400e+00
360 6.2199661398e-01 1.0061776544e-01 1.8706477337e+00 5.7023375145e+00
361 6.2238871020e-01 1.0099643963e-01 1.8522697421e+00 5.6169000330e+00
362 6.2213819718e-01 1.0094372309e-01 1.8584731645e+00 5.6435373653e+00
363 6.2177025597e-01 1.0059896371e-01 1.8671375828e+00 5.6915200910e+00
364 6.2195668344e-01 1.0082847755e-01 1.8549119940e+00 5.6430487100e+00
365 6.2270655487e-01 1.0173441823e-01 1.8420592693e+00 5.5802990534e+00
