1 5.9282947138e-01 1.1102230246e-16 1.0000000000e+00 1.0000000000e+00
2 5.9301561731e-01 7.8962806697e-03 2.5173764906e+01 7.5771849501e+02
3 5.9305451926e-01 7.9751524855e-03 2.4468065830e+01 7.2789407690e+02
4 5.9319226491e-01 1.1260019436e-02 1.7251488027e+01 3.6576037214e+02
5 5.9345951718e-01 1.3561960842e-02 1.4860607217e+01 2.5911680051e+02
6 5.9349760199e-01 1.3672555395e-02 1.4510153068e+01 2.5074269727e+02
7 5.9374759859e-01 1.5691573834e-02 1.2776872822e+01 1.9182997012e+02
8 5.9402099748e-01 1.7347933990e-02 1.1805869834e+01 1.5963861949e+02
9 5.9405908249e-01 1.7492917625e-02 1.1494573674e+01 1.5438848907e+02
10 5.9402357625e-01 1.7630351765e-02 1.1203095734e+01 1.4982819631e+02
11 5.9389806909e-01 1.7889551419e-02 1.0683798534e+01 1.4181386307e+02
12 5.9440111037e-01 2.0676763715e-02 9.6659106184e+00 1.1013144228e+02
13 5.9440135884e-01 2.0685647087e-02 9.6532377032e+00 1.0994215176e+02
14 5.9468414711e-01 2.1855064983e-02 9.1523470826e+00 9.7837911867e+01
15 5.9485847289e-01 2.3112013053e-02 8.7034297628e+00 8.7983219165e+01
16 5.9511183736e-01 2.4269760361e-02 8.3453429808e+00 8.0200372718e+01
17 5.9569319889e-01 2.8141020436e-02 8.3665599241e+00 8.2682800394e+01
18 5.9568234770e-01 2.8196722185e-02 8.3116519700e+00 8.2057876621e+01
19 5.9570289812e-01 2.8211772904e-02 8.2966456936e+00 8.1859148907e+01
20 5.9567468108e-01 2.8367071308e-02 8.1793766659e+00 8.0508643430e+01
21 5.9538060159e-01 2.7445694281e-02 8.4726526782e+00 8.7303364994e+01
22 5.9561551715e-01 2.8526176274e-02 8.1378135677e+00 7.9793731746e+01
23 5.9557136740e-01 2.8578176136e-02 8.0922262823e+00 7.9274870727e+01
24 5.9580697678e-01 2.9494697371e-02 7.8121510665e+00 7.3329251513e+01
25 5.9606107606e-01 3.0395341154e-02 7.5457863677e+00 6.8038781430e+01
26 5.9628944586e-01 3.1300440954e-02 7.2789344958e+00 6.3197447785e+01
27 5.9649889497e-01 3.2388207474e-02 7.0496614141e+00 5.8955988814e+01
28 5.9653735642e-01 3.2405484205e-02 7.0351884302e+00 5.8797398565e+01
29 5.9658673391e-01 3.2439451250e-02 7.0104264775e+00 5.8511457964e+01
30 5.9707467726e-01 3.3954066623e-02 6.6386148495e+00 5.2102975241e+01
31 5.9767894647e-01 3.6763470718e-02 6.5388703150e+00 5.0575371508e+01
32 5.9765396481e-01 3.6652124645e-02 6.5222894582e+00 5.0610813785e+01
33 5.9782898458e-01 3.7428761139e-02 6.3312383794e+00 4.7808829835e+01
34 5.9831553299e-01 3.8959380509e-02 6.0475892478e+00 4.3338837964e+01
35 5.9831422552e-01 3.8999048704e-02 6.0282562473e+00 4.3163569326e+01
36 5.9849447570e-01 3.9687974019e-02 5.8930765709e+00 4.1215501486e+01
37 5.9864511605e-01 4.0316970335e-02 5.7578819800e+00 3.9422577913e+01
38 5.9862762133e-01 3.9794282852e-02 5.4587213954e+00 3.5145164132e+01
39 5.9933369879e-01 4.1875892639e-02 5.1771174011e+00 3.1426372538e+01
40 5.9932646357e-01 4.1887332198e-02 5.1732617149e+00 3.1395744276e+01
41 5.9925515429e-01 4.1925407385e-02 5.1627393787e+00 3.1318303319e+01
42 5.9928627809e-01 4.1938127179e-02 5.1555358509e+00 3.1265345919e+01
43 5.9946497060e-01 4.2591056173e-02 5.0572093877e+00 3.0108871593e+01
44 5.9984057997e-01 4.3861692691e-02 4.8932345568e+00 2.8130983122e+01
45 6.0005678983e-01 4.4338501205e-02 4.8134814715e+00 2.7275672352e+01
46 6.0021996007e-01 4.5134994755e-02 4.7254801509e+00 2.6342016667e+01
47 6.0059680884e-01 4.6631829050e-02 4.7597397071e+00 2.6923512262e+01
48 6.0051493352e-01 4.6617218033e-02 4.7501712258e+00 2.6882756944e+01
49 6.0081704605e-01 4.7289969823e-02 4.6797638408e+00 2.6039140624e+01
50 6.0038706836e-01 4.5788938735e-02 4.6199118135e+00 2.5166707200e+01
51 6.0051627234e-01 4.6296716213e-02 4.5501240734e+00 2.4437772852e+01
52 6.0072562727e-01 4.6848523553e-02 4.4887060436e+00 2.3760433425e+01
53 6.0094762213e-01 4.7380593647e-02 4.4292909926e+00 2.3128588255e+01
54 6.0109530542e-01 4.8352440818e-02 4.5339885582e+00 2.4523564073e+01
55 6.0110556128e-01 4.8356594495e-02 4.5321895708e+00 2.4511219092e+01
56 6.0133711295e-01 4.8955522651e-02 4.4676886855e+00 2.3800909177e+01
57 6.0139626461e-01 4.8955822204e-02 4.4640154836e+00 2.3778770153e+01
58 6.0173069304e-01 5.0340662934e-02 4.4416979483e+00 2.3587087219e+01
59 6.0210725980e-01 5.1239003719e-02 4.3246732894e+00 2.2412559938e+01
60 6.0206859000e-01 5.1307387179e-02 4.3272128364e+00 2.2412590545e+01
61 6.0200105457e-01 5.1384030211e-02 4.3071473337e+00 2.2309049369e+01
62 6.0209524424e-01 5.1153392846e-02 4.2025652716e+00 2.1236782348e+01
63 6.0239433454e-01 5.2593945551e-02 4.2124523095e+00 2.1536358681e+01
64 6.0268790055e-01 5.3051807026e-02 4.1578842685e+00 2.0998752815e+01
65 6.0282467530e-01 5.3537614144e-02 4.0951757071e+00 2.0447778534e+01
66 6.0286865278e-01 5.3555155969e-02 4.0884608009e+00 2.0407891795e+01
67 6.0297907548e-01 5.4149371423e-02 4.0349359922e+00 1.9886473186e+01
68 6.0296009397e-01 5.4153659832e-02 4.0345578339e+00 1.9886963268e+01
69 6.0294750049e-01 5.4177870518e-02 4.0293336396e+00 1.9855368030e+01
70 6.0320442710e-01 5.4635848299e-02 3.9826438207e+00 1.9399200080e+01
71 6.0357475085e-01 5.5840823885e-02 3.9683550831e+00 1.9247161871e+01
72 6.0369931779e-01 5.6335609513e-02 3.9177580077e+00 1.8788545542e+01
73 6.0368483588e-01 5.6349485845e-02 3.9150198341e+00 1.8774814543e+01
74 6.0371752655e-01 5.6383771048e-02 3.9054199403e+00 1.8720991391e+01
75 6.0338377170e-01 5.5965066642e-02 3.9362013285e+00 1.9084960303e+01
76 6.0363907719e-01 5.6401369563e-02 3.8812665818e+00 1.8625252142e+01
77 6.0366508685e-01 5.6489813703e-02 3.8721144019e+00 1.8566349781e+01
78 6.0388934917e-01 5.6952827992e-02 3.8247351112e+00 1.8142082843e+01
79 6.0417515284e-01 5.7789158061e-02 3.7311173583e+00 1.7361015555e+01
80 6.0410504656e-01 5.7879802959e-02 3.7247546318e+00 1.7317232733e+01
81 6.0409608727e-01 5.8026810866e-02 3.7361013464e+00 1.7394878919e+01
82 6.0410309681e-01 5.8058374610e-02 3.7285615276e+00 1.7356408639e+01
83 6.0416675079e-01 5.8140166474e-02 3.7398323689e+00 1.7481180139e+01
84 6.0409626885e-01 5.8164010309e-02 3.7338711207e+00 1.7451349998e+01
85 6.0440859698e-01 5.8569902142e-02 3.6952040900e+00 1.7098589717e+01
86 6.0453970409e-01 5.9370090097e-02 3.7385698025e+00 1.7548316028e+01
87 6.0452891565e-01 5.9557840778e-02 3.7477468070e+00 1.7679087608e+01
88 6.0455985749e-01 5.9588757717e-02 3.7395079191e+00 1.7635597361e+01
89 6.0455117434e-01 5.9541073008e-02 3.7407822059e+00 1.7655179329e+01
90 6.0485315801e-01 6.0640149445e-02 3.7431298109e+00 1.7700090513e+01
91 6.0530389828e-01 6.1352474989e-02 3.6692428510e+00 1.7052576597e+01
92 6.0525466680e-01 6.1416589559e-02 3.6691926658e+00 1.7043791066e+01
93 6.0524473053e-01 6.1426376140e-02 3.6677273897e+00 1.7035428759e+01
94 6.0525311272e-01 6.1433671091e-02 3.6655366419e+00 1.7026092973e+01
95 6.0519906298e-01 6.1403877849e-02 3.6634836287e+00 1.7022183054e+01
96 6.0514168048e-01 6.1474154498e-02 3.6671012200e+00 1.7068585111e+01
97 6.0508289566e-01 6.1499012585e-02 3.6649808369e+00 1.7055371583e+01
98 6.0491160418e-01 6.0742976852e-02 3.6286435455e+00 1.6748840654e+01
99 6.0507398414e-01 6.1239798304e-02 3.5867600667e+00 1.6387739709e+01
100 6.0531610814e-01 6.1548359185e-02 3.5517818318e+00 1.6102954643e+01
101 6.0530777906e-01 6.1568421667e-02 3.5483068251e+00 1.6084292182e+01
102 6.0537421690e-01 6.1606514868e-02 3.5459749338e+00 1.6063847211e+01
103 6.0583814279e-01 6.2556991369e-02 3.4786363857e+00 1.5447600643e+01
104 6.0591354809e-01 6.3346160448e-02 3.5160224941e+00 1.5806894955e+01
105 6.0557143045e-01 6.2660507269e-02 3.4693006337e+00 1.5443761081e+01
106 6.0583439365e-01 6.2963462427e-02 3.4374042777e+00 1.5189607708e+01
107 6.0593463387e-01 6.3537840458e-02 3.4012146999e+00 1.4879295326e+01
108 6.0627448207e-01 6.4639030255e-02 3.3979075149e+00 1.4840909000e+01
109 6.0624813012e-01 6.4862740003e-02 3.4123316540e+00 1.5045273977e+01
110 6.0600680789e-01 6.4393825005e-02 3.4416644586e+00 1.5320844365e+01
111 6.0617930891e-01 6.4743680281e-02 3.4104016124e+00 1.5060911477e+01
112 6.0606271582e-01 6.4458080875e-02 3.4536166521e+00 1.5483426795e+01
113 6.0623161556e-01 6.4879461484e-02 3.4164682841e+00 1.5182020891e+01
114 6.0646378983e-01 6.5398111108e-02 3.3880119997e+00 1.4911713403e+01
115 6.0649000050e-01 6.5502677237e-02 3.3869726749e+00 1.4889612939e+01
116 6.0671115357e-01 6.5810858407e-02 3.3541239521e+00 1.4644507900e+01
117 6.0625273673e-01 6.4717172791e-02 3.3310280023e+00 1.4463988348e+01
118 6.0661421006e-01 6.4834543847e-02 3.2310077230e+00 1.3591963971e+01
119 6.0662531041e-01 6.4837017591e-02 3.2301714495e+00 1.3587585416e+01
120 6.0681101655e-01 6.5912080388e-02 3.2279643392e+00 1.3597745556e+01
121 6.0696145226e-01 6.6576513680e-02 3.2619953228e+00 1.3879138100e+01
122 6.0713355343e-01 6.6952733972e-02 3.2340022838e+00 1.3650835447e+01
123 6.0748269046e-01 6.6874022239e-02 3.1575912882e+00 1.3050046710e+01
124 6.0773290780e-01 6.7269327595e-02 3.1189784513e+00 1.2792168571e+01
125 6.0772031361e-01 6.7288325905e-02 3.1161698816e+00 1.2780858058e+01
126 6.0790988108e-01 6.7743440915e-02 3.0865470930e+00 1.2560093216e+01
127 6.0810403090e-01 6.7968417394e-02 3.0614484669e+00 1.2389245304e+01
128 6.0838822897e-01 6.8373691854e-02 3.0253770711e+00 1.2152061538e+01
129 6.0840611456e-01 6.8357100615e-02 3.0273960884e+00 1.2165416965e+01
130 6.0826444186e-01 6.8546998510e-02 3.0799139085e+00 1.2603314586e+01
131 6.0864639786e-01 6.9634711837e-02 3.0741043345e+00 1.2553442997e+01
132 6.0883701998e-01 7.0025744333e-02 3.0482909453e+00 1.2350268831e+01
133 6.0895385112e-01 7.0645003913e-02 3.0881943943e+00 1.2729753224e+01
134 6.0912620391e-01 7.0926904755e-02 3.0648083489e+00 1.2555004364e+01
135 6.0887713762e-01 7.0283765223e-02 3.0406032279e+00 1.2412494813e+01
136 6.0915259640e-01 7.0708148559e-02 3.0161200330e+00 1.2214453608e+01
137 6.0911152436e-01 7.0712499174e-02 3.0145614356e+00 1.2209739471e+01
138 6.0933022413e-01 7.1267757218e-02 3.0304524331e+00 1.2304054947e+01
139 6.0896745951e-01 7.0287697395e-02 3.0358810427e+00 1.2354309339e+01
140 6.0933832272e-01 7.1016279514e-02 3.0120490008e+00 1.2121496042e+01
141 6.0965452338e-01 7.1472410520e-02 2.9854032873e+00 1.1913452959e+01
142 6.0997850627e-01 7.2269623036e-02 2.9699752074e+00 1.1804646391e+01
143 6.0995107566e-01 7.2281183802e-02 2.9695539044e+00 1.1801644707e+01
144 6.1016896361e-01 7.2549809380e-02 2.9503806403e+00 1.1652219578e+01
145 6.1036367547e-01 7.2836298957e-02 2.9273728413e+00 1.1493743821e+01
146 6.1040672848e-01 7.2881845427e-02 2.9266324077e+00 1.1486978834e+01
147 6.1045079109e-01 7.3020422378e-02 2.9263737579e+00 1.1472626797e+01
148 6.1028406511e-01 7.2497921576e-02 2.9052859356e+00 1.1338034162e+01
149 6.1028256955e-01 7.2598790993e-02 2.9048769353e+00 1.1324485642e+01
150 6.1029447393e-01 7.2587625013e-02 2.9053628652e+00 1.1322412818e+01
151 6.1032171255e-01 7.2464086868e-02 2.9070873763e+00 1.1348564747e+01
152 6.0993012978e-01 7.1786040816e-02 2.9185552479e+00 1.1463301504e+01
153 6.1013407700e-01 7.1998856336e-02 2.8892148978e+00 1.1255612879e+01
154 6.1037026440e-01 7.2952932547e-02 2.8750589686e+00 1.1139764378e+01
155 6.1042008948e-01 7.3100169400e-02 2.8657048844e+00 1.1091931593e+01
156 6.1043639461e-01 7.3061587001e-02 2.8645482285e+00 1.1093507418e+01
157 6.1065220107e-01 7.4367266878e-02 2.9155859953e+00 1.1493959406e+01
158 6.1052387245e-01 7.4428388503e-02 2.9120824265e+00 1.1477665334e+01
159 6.1077415699e-01 7.4732208639e-02 2.8908509216e+00 1.1323151614e+01
160 6.1080730375e-01 7.4752888337e-02 2.8876750436e+00 1.1307062757e+01
161 6.1052152686e-01 7.4578902304e-02 2.9014856238e+00 1.1418433948e+01
162 6.1046126225e-01 7.4473095468e-02 2.8923966380e+00 1.1355279780e+01
163 6.1042538309e-01 7.4094386364e-02 2.8361293253e+00 1.0929386506e+01
164 6.1033699073e-01 7.3579427835e-02 2.8163874202e+00 1.0815331958e+01
165 6.1051878452e-01 7.4296963042e-02 2.8514843569e+00 1.1105006735e+01
166 6.1051433187e-01 7.4383235756e-02 2.8602627344e+00 1.1195538613e+01
167 6.1005020979e-01 7.3325583917e-02 2.8385921285e+00 1.1037948944e+01
168 6.0993593191e-01 7.2886335731e-02 2.8135153730e+00 1.0892062313e+01
169 6.0982245118e-01 7.2875025409e-02 2.8126670099e+00 1.0893984839e+01
170 6.1001457482e-01 7.3101415540e-02 2.7916656142e+00 1.0761349089e+01
171 6.1017144263e-01 7.3744462915e-02 2.8197608598e+00 1.0970884860e+01
172 6.0974438784e-01 7.1724130802e-02 2.7374150840e+00 1.0371268256e+01
173 6.0980038176e-01 7.2322445266e-02 2.7551130685e+00 1.0510764290e+01
174 6.0965334352e-01 7.1751145274e-02 2.7301983606e+00 1.0347629187e+01
175 6.0962575819e-01 7.1785408069e-02 2.7236085478e+00 1.0329759709e+01
176 6.0966403694e-01 7.1749073729e-02 2.7237749421e+00 1.0335168947e+01
177 6.0942553301e-01 7.1494148871e-02 2.7399386733e+00 1.0454814436e+01
178 6.0960927768e-01 7.2185548051e-02 2.7704631509e+00 1.0718400974e+01
179 6.0964246447e-01 7.2158304573e-02 2.7723592845e+00 1.0729151217e+01
180 6.0944267607e-01 7.1490118262e-02 2.7241509483e+00 1.0330346385e+01
181 6.0941329960e-01 7.1519623912e-02 2.7210429000e+00 1.0318858070e+01
182 6.0958217157e-01 7.2126969074e-02 2.7374250027e+00 1.0401607534e+01
183 6.0979149853e-01 7.2320334360e-02 2.7197000225e+00 1.0290380292e+01
184 6.0984932920e-01 7.2322926975e-02 2.7190456828e+00 1.0285205059e+01
185 6.0999218809e-01 7.2629241966e-02 2.6953935469e+00 1.0143893506e+01
186 6.1018651911e-01 7.2918487129e-02 2.6774615741e+00 1.0018360438e+01
187 6.1038165813e-01 7.3335161055e-02 2.6536760338e+00 9.8648774434e+00
188 6.0999191922e-01 7.2499026749e-02 2.6381813900e+00 9.7502104315e+00
189 6.1002854263e-01 7.2498923529e-02 2.6367085356e+00 9.7449195518e+00
190 6.1032673116e-01 7.3628071738e-02 2.6826542330e+00 1.0060332012e+01
191 6.1085442535e-01 7.4147281986e-02 2.6000899444e+00 9.4511327176e+00
192 6.1084426460e-01 7.4166724836e-02 2.5976570100e+00 9.4436721797e+00
193 6.1081439646e-01 7.4136860046e-02 2.5972927234e+00 9.4446252361e+00
194 6.1101354792e-01 7.4691875198e-02 2.6111475274e+00 9.5361851362e+00
195 6.1083639675e-01 7.3847159321e-02 2.5534842209e+00 9.0735018905e+00
196 6.1102884435e-01 7.4121075538e-02 2.5377335574e+00 8.9689104656e+00
197 6.1056074331e-01 7.3333454331e-02 2.5329164773e+00 8.9363458403e+00
198 6.1117913562e-01 7.4669342634e-02 2.5330485262e+00 8.9629763808e+00
199 6.1112905776e-01 7.4739674274e-02 2.5337057232e+00 8.9657167826e+00
200 6.1132878145e-01 7.4987093361e-02 2.5209439321e+00 8.8731592100e+00
201 6.1106466283e-01 7.4693335762e-02 2.5286927497e+00 8.9579141315e+00
202 6.1109616638e-01 7.5407741872e-02 2.5670465573e+00 9.2617803131e+00
203 6.1111837831e-01 7.5454415501e-02 2.5662204551e+00 9.2563561350e+00
204 6.1121879378e-01 7.6153687842e-02 2.6132027969e+00 9.6546463163e+00
205 6.1111965973e-01 7.6327578521e-02 2.6340874060e+00 9.7712617403e+00
206 6.1136696603e-01 7.6633229439e-02 2.6105406745e+00 9.5933058851e+00
207 6.1118262955e-01 7.6028270379e-02 2.5997502236e+00 9.4571687195e+00
208 6.1142232032e-01 7.6240500726e-02 2.5819088156e+00 9.3505168708e+00
209 6.1148611539e-01 7.6480101183e-02 2.5965272733e+00 9.4965253378e+00
210 6.1169522760e-01 7.6720127382e-02 2.5791902240e+00 9.3875905119e+00
211 6.1170535184e-01 7.6729828629e-02 2.5568879406e+00 9.2544520490e+00
212 6.1142751571e-01 7.6678254373e-02 2.5981482725e+00 9.5927524359e+00
213 6.1162989578e-01 7.7035123370e-02 2.5784438109e+00 9.4630827366e+00
214 6.1163729681e-01 7.7081554153e-02 2.5728909593e+00 9.4403581451e+00
215 6.1188919260e-01 7.7924221391e-02 2.6419363553e+00 1.0072073931e+01
216 6.1199259792e-01 7.7645273332e-02 2.5870719984e+00 9.6882454922e+00
217 6.1246323398e-01 7.9073784600e-02 2.6144096185e+00 9.8430513116e+00
218 6.1238518456e-01 7.8456892558e-02 2.5847753704e+00 9.6616456530e+00
219 6.1235004112e-01 7.8472984867e-02 2.5879369211e+00 9.6692911916e+00
220 6.1233475107e-01 7.8515078076e-02 2.5848017102e+00 9.6562337656e+00
221 6.1254960180e-01 7.9101648527e-02 2.6127889629e+00 9.8560328387e+00
222 6.1257980198e-01 7.9104002378e-02 2.6111952654e+00 9.8512010483e+00
223 6.1236612446e-01 7.8429106677e-02 2.5525197809e+00 9.4760808496e+00
224 6.1170000980e-01 7.7004392790e-02 2.5364903323e+00 9.3220061433e+00
225 6.1187531043e-01 7.7246296125e-02 2.5139503088e+00 9.2075918615e+00
226 6.1205359584e-01 7.7845789081e-02 2.5373735897e+00 9.3719332109e+00
227 6.1182848184e-01 7.7631942965e-02 2.5542082485e+00 9.4770685961e+00
228 6.1178599670e-01 7.7661156590e-02 2.5520837719e+00 9.4693681444e+00
229 6.1172518450e-01 7.7750319243e-02 2.5475746988e+00 9.4469669177e+00
230 6.1170491317e-01 7.7721346312e-02 2.5475387293e+00 9.4503961229e+00
231 6.1171091572e-01 7.7732227766e-02 2.5461432449e+00 9.4443773712e+00
232 6.1176056163e-01 7.8430797583e-02 2.5761694720e+00 9.7024229910e+00
233 6.1198351040e-01 7.9593099697e-02 2.6159142686e+00 9.9603615369e+00
234 6.1194932239e-01 7.9538256368e-02 2.6157498398e+00 9.9708868182e+00
235 6.1258509944e-01 8.0735895302e-02 2.6018926667e+00 9.8834852983e+00
236 6.1230161634e-01 8.0319787208e-02 2.6167795803e+00 1.0009202498e+01
237 6.1210021501e-01 8.0039768868e-02 2.6346321633e+00 1.0135199699e+01
238 6.1234364671e-01 8.0292926290e-02 2.6163244847e+00 1.0015450506e+01
239 6.1245856387e-01 7.9767505990e-02 2.5459143487e+00 9.4194256358e+00
240 6.1251193640e-01 7.9764740524e-02 2.5461831514e+00 9.4325574049e+00
241 6.1247558583e-01 7.9780630235e-02 2.5458444424e+00 9.4297097100e+00
242 6.1254235225e-01 7.9539817260e-02 2.5247706194e+00 9.3163619316e+00
243 6.1215350641e-01 7.8674507554e-02 2.5239986373e+00 9.3276449264e+00
244 6.1259506835e-01 7.9441673763e-02 2.4951762656e+00 9.1180803415e+00
245 6.1253087488e-01 7.9457610305e-02 2.4959845737e+00 9.1186710322e+00
246 6.1194930160e-01 7.8214254576e-02 2.4786634567e+00 9.0654674254e+00
247 6.1169881511e-01 7.7823325234e-02 2.4900065694e+00 9.1697848375e+00
248 6.1188834747e-01 7.8092660749e-02 2.4737828473e+00 9.0617203323e+00
249 6.1121459343e-01 7.7021393182e-02 2.4700405177e+00 9.0066293009e+00
250 6.1107937643e-01 7.6386790328e-02 2.4331161426e+00 8.7421399652e+00
251 6.1140878213e-01 7.6789630838e-02 2.4118655852e+00 8.6144397624e+00
252 6.1136439984e-01 7.6848940376e-02 2.4112898828e+00 8.6100681045e+00
253 6.1133712220e-01 7.6986888921e-02 2.4064510449e+00 8.5886311724e+00
254 6.1134526041e-01 7.7006256768e-02 2.4016508178e+00 8.5556707082e+00
255 6.1148234254e-01 7.7585732203e-02 2.3818053944e+00 8.4286389211e+00
256 6.1145092280e-01 7.7594332870e-02 2.3822205604e+00 8.4286378986e+00
257 6.1140693836e-01 7.7620716064e-02 2.3806374611e+00 8.4235262126e+00
258 6.1137545060e-01 7.7632567956e-02 2.3807512558e+00 8.4221651623e+00
259 6.1157764339e-01 7.8118128025e-02 2.3894704410e+00 8.4646495919e+00
260 6.1166720767e-01 7.7814659438e-02 2.3516631181e+00 8.2337981642e+00
261 6.1120038593e-01 7.6784185913e-02 2.3297540559e+00 8.1330341190e+00
262 6.1142956752e-01 7.7143768385e-02 2.3194571256e+00 8.0494064558e+00
263 6.1170753927e-01 7.7544162803e-02 2.3031567546e+00 7.9463989297e+00
264 6.1193278243e-01 7.7922731386e-02 2.2909733804e+00 7.8590912858e+00
265 6.1182008711e-01 7.7656769805e-02 2.3053374614e+00 7.9491335809e+00
266 6.1208987790e-01 7.7973822506e-02 2.2902460584e+00 7.8538414103e+00
267 6.1247644202e-01 7.8697293493e-02 2.2947031820e+00 7.8950899818e+00
268 6.1292745539e-01 7.9608636913e-02 2.3063933325e+00 7.9612450240e+00
269 6.1326301910e-01 8.0307387091e-02 2.3154715279e+00 8.0339101573e+00
270 6.1324722210e-01 8.0331796354e-02 2.3132969065e+00 8.0268291442e+00
271 6.1287343458e-01 7.9329584106e-02 2.2847317518e+00 7.8153281200e+00
272 6.1252849886e-01 7.8591881884e-02 2.2740788951e+00 7.7655777690e+00
273 6.1274079647e-01 7.9173295236e-02 2.3011793175e+00 7.9396464292e+00
274 6.1291340016e-01 7.9471705345e-02 2.2841957580e+00 7.8472700732e+00
275 6.1294537407e-01 7.9508832319e-02 2.2847443740e+00 7.8470701461e+00
276 6.1295913328e-01 7.9527291506e-02 2.2838919035e+00 7.8450068342e+00
277 6.1291658850e-01 7.9426267671e-02 2.2805681771e+00 7.8448593554e+00
278 6.1294181674e-01 7.9333392747e-02 2.2806955965e+00 7.8531533691e+00
279 6.1285631388e-01 7.9598110727e-02 2.3062958036e+00 7.9999416191e+00
280 6.1297091232e-01 7.9910966614e-02 2.2960992583e+00 7.9257511031e+00
281 6.1284360618e-01 7.9370347573e-02 2.2717678547e+00 7.7737844189e+00
282 6.1296876006e-01 7.9887059385e-02 2.2895470852e+00 7.8806478234e+00
283 6.1316580125e-01 8.0217764861e-02 2.2743511822e+00 7.7870500793e+00
284 6.1330943292e-01 8.0712330750e-02 2.2843292455e+00 7.8204800370e+00
285 6.1334206582e-01 8.0656085883e-02 2.2854078971e+00 7.8275354567e+00
286 6.1348558469e-01 8.1294199739e-02 2.3185965645e+00 8.0985883811e+00
287 6.1353417567e-01 8.1443594886e-02 2.3265305928e+00 8.1390188819e+00
288 6.1366590328e-01 8.1739872433e-02 2.3384133248e+00 8.2153906291e+00
289 6.1306453658e-01 8.0683678594e-02 2.3493645832e+00 8.2826594977e+00
290 6.1302666907e-01 8.0682333198e-02 2.3449176710e+00 8.2713382180e+00
291 6.1322161505e-01 8.0773109754e-02 2.3307160813e+00 8.2043745804e+00
292 6.1276085687e-01 8.0019307305e-02 2.3527149619e+00 8.3645189542e+00
293 6.1265506358e-01 8.0015030991e-02 2.3529354264e+00 8.3678507945e+00
294 6.1268889702e-01 7.9991794707e-02 2.3544270739e+00 8.3727697111e+00
295 6.1268069337e-01 8.0030216610e-02 2.3555377280e+00 8.3763863824e+00
296 6.1267240290e-01 8.0251561165e-02 2.3811036788e+00 8.5162555847e+00
297 6.1306310305e-01 8.0853567222e-02 2.3502068542e+00 8.3214310645e+00
298 6.1299538887e-01 8.0851257600e-02 2.3468003448e+00 8.3150484029e+00
299 6.1314211314e-01 8.1412777290e-02 2.3693582304e+00 8.4578322068e+00
300 6.1310945963e-01 8.1422604906e-02 2.3697207163e+00 8.4573727184e+00
301 6.1379668693e-01 8.2453789083e-02 2.3566545163e+00 8.3664178344e+00
302 6.1403540196e-01 8.2720156745e-02 2.3421543039e+00 8.2751728768e+00
303 6.1416656847e-01 8.3019164418e-02 2.3261128123e+00 8.1827877005e+00
304 6.1413602707e-01 8.3046323350e-02 2.3242518199e+00 8.1761421512e+00
305 6.1447870295e-01 8.3805802583e-02 2.3315400692e+00 8.2178486488e+00
306 6.1432254360e-01 8.3546996027e-02 2.3265116115e+00 8.1873700034e+00
307 6.1416608340e-01 8.3986006900e-02 2.3516713537e+00 8.3477395020e+00
308 6.1396476562e-01 8.3706085643e-02 2.3646904965e+00 8.4371964405e+00
309 6.1355298593e-01 8.2961221105e-02 2.3599670234e+00 8.4040365608e+00
310 6.1313868268e-01 8.2142177501e-02 2.3582931107e+00 8.4000319551e+00
311 6.1292550685e-01 8.1545326208e-02 2.3105043616e+00 8.0634567497e+00
312 6.1250877332e-01 8.0766428947e-02 2.3016211468e+00 7.9961657981e+00
313 6.1254415557e-01 8.0756833611e-02 2.3008739951e+00 7.9966793903e+00
314 6.1251214940e-01 8.1401445951e-02 2.3124849737e+00 8.0654843505e+00
315 6.1215797679e-01 8.0377154041e-02 2.2703443234e+00 7.8050910324e+00
316 6.1206439061e-01 8.0327089083e-02 2.2702564025e+00 7.8081582866e+00
317 6.1217365449e-01 8.0447560853e-02 2.2726270102e+00 7.8272332658e+00
318 6.1207286778e-01 8.0512224085e-02 2.2687955664e+00 7.8162390956e+00
319 6.1206177312e-01 8.0618889404e-02 2.2642157008e+00 7.7950018510e+00
320 6.1192787082e-01 8.0702695683e-02 2.2597461064e+00 7.7802431040e+00
321 6.1153604457e-01 8.0175981637e-02 2.2893766619e+00 7.9524405859e+00
322 6.1144061863e-01 8.0262283958e-02 2.2826443636e+00 7.9333802521e+00
323 6.1142843168e-01 8.0310591254e-02 2.2821424636e+00 7.9285289997e+00
324 6.1159489806e-01 8.1276019650e-02 2.3730466722e+00 8.7754161410e+00
325 6.1201811223e-01 8.2342639070e-02 2.3903248327e+00 8.8907148080e+00
326 6.1197990795e-01 8.2397025225e-02 2.3888651386e+00 8.8790505193e+00
327 6.1153621194e-01 8.1527270951e-02 2.3776188886e+00 8.8259257352e+00
328 6.1147937001e-01 8.1657273595e-02 2.3924914636e+00 8.9548549472e+00
329 6.1133311486e-01 8.0954039499e-02 2.3459073718e+00 8.5764878965e+00
330 6.1103886414e-01 8.0403441012e-02 2.3272236514e+00 8.4491845116e+00
331 6.1116695746e-01 8.0551146393e-02 2.3133266303e+00 8.3755545441e+00
332 6.1137265591e-01 8.0825233879e-02 2.3024482632e+00 8.2997021827e+00
333 6.1135048371e-01 8.0837373295e-02 2.3021345867e+00 8.2971927123e+00
334 6.1182266821e-01 8.1577537857e-02 2.2766998911e+00 8.1143678291e+00
335 6.1216246542e-01 8.2393102782e-02 2.2905482018e+00 8.2036771777e+00
336 6.1195038431e-01 8.1757068376e-02 2.2156601162e+00 7.5942402082e+00
337 6.1158758139e-01 8.1354816665e-02 2.2489533662e+00 7.8133228545e+00
338 6.1159420324e-01 8.1360187812e-02 2.2552926954e+00 7.8661661279e+00
339 6.1160874029e-01 8.1377981296e-02 2.2556167342e+00 7.8655946272e+00
340 6.1192936413e-01 8.1696533597e-02 2.2486596496e+00 7.8588018508e+00
341 6.1184041681e-01 8.1743169736e-02 2.2471778495e+00 7.8513225020e+00
342 6.1183841510e-01 8.1800070307e-02 2.2387165922e+00 7.8255012642e+00
343 6.1193910369e-01 8.2271434471e-02 2.2456008804e+00 7.8622171909e+00
344 6.1165866829e-01 8.1996215217e-02 2.2587738237e+00 7.9461784728e+00
345 6.1163180642e-01 8.1961070840e-02 2.2588624152e+00 7.9481814417e+00
346 6.1115545174e-01 8.1023578887e-02 2.2372967030e+00 7.7973157184e+00
347 6.1102106485e-01 8.1034190319e-02 2.2370027496e+00 7.7990559947e+00
348 6.1054976530e-01 8.0521137697e-02 2.2541755262e+00 7.9390772349e+00
349 6.1092501720e-01 8.1440277567e-02 2.2649204400e+00 7.9931729677e+00
350 6.1104229374e-01 8.1920093435e-02 2.2720302852e+00 8.0166958841e+00
351 6.1103939423e-01 8.1846767727e-02 2.2735726710e+00 8.0221531256e+00
352 6.1147553316e-01 8.2571147599e-02 2.2521327378e+00 7.8676085024e+00
353 6.1186100975e-01 8.3368934135e-02 2.2568567427e+00 7.8815337330e+00
354 6.1223773855e-01 8.4070612748e-02 2.2468306700e+00 7.8338079529e+00
355 6.1228279359e-01 8.4117679213e-02 2.2447568270e+00 7.8249683261e+00
356 6.1252781632e-01 8.4615824562e-02 2.2401173850e+00 7.7693279068e+00
357 6.1273318538e-01 8.4889609662e-02 2.2250040867e+00 7.6829236174e+00
358 6.1284340859e-01 8.5331157754e-02 2.2422098176e+00 7.7813993208e+00
359 6.1288307696e-01 8.5209644751e-02 2.2329948333e+00 7.7276347251e+00
360 6.1305443381e-01 8.5613437336e-02 2.2167933698e+00 7.6290352445e+00
361 6.1254126777e-01 8.4531386918e-02 2.2048545059e+00 7.5820758976e+00
362 6.1253924201e-01 8.4274556320e-02 2.1642020055e+00 7.2295643552e+00
363 6.1283644816e-01 8.4965763117e-02 2.1423714745e+00 7.1229532781e+00
364 6.1277944204e-01 8.4993074394e-02 2.1431687913e+00 7.1232855604e+00
365 6.1295657395e-01 8.5298590641e-02 2.1311421314e+00 7.0492508166e+00
