1 5.9282947138e-01 1.1102230246e-16 1.0000000000e+00 1.0000000000e+00
2 5.9305831053e-01 7.5847146512e-03 2.8861743187e+01 8.8602748672e+02
3 5.9324526158e-01 1.0737007256e-02 2.0196520901e+01 4.4019606746e+02
4 5.9322069982e-01 1.0781939244e-02 1.9940130632e+01 4.3311414664e+02
5 5.9328170682e-01 1.0815923313e-02 1.9738392163e+01 4.2725598049e+02
6 5.9323108979e-01 1.0937137058e-02 1.9051241109e+01 4.0913936465e+02
7 5.9364656331e-01 1.4962544596e-02 1.4285214366e+01 2.2038194337e+02
8 5.9386856755e-01 1.6772471910e-02 1.2723781967e+01 1.7564070212e+02
9 5.9415581003e-01 1.8313318234e-02 1.1757837593e+01 1.4853593533e+02
10 5.9441411346e-01 1.9823258220e-02 1.0911199682e+01 1.2748135650e+02
11 5.9463160340e-01 2.1139004199e-02 1.0277151270e+01 1.1249942752e+02
12 5.9463227320e-01 2.1187785172e-02 1.0202736581e+01 1.1147033729e+02
13 5.9484183453e-01 2.2449719848e-02 9.6368856935e+00 9.9314366766e+01
14 5.9500324628e-01 2.3669201134e-02 9.1206447887e+00 8.9201499346e+01
15 5.9517031610e-01 2.4846954625e-02 8.6570099546e+00 8.0666370945e+01
16 5.9538911170e-01 2.5608805183e-02 8.2972535800e+00 7.4293867407e+01
17 5.9554516066e-01 2.6705785588e-02 7.9325731459e+00 6.8182320386e+01
18 5.9572675899e-01 2.7754756428e-02 7.6106716414e+00 6.2988995044e+01
19 5.9594973880e-01 2.8700902375e-02 7.3736411507e+00 5.8979936671e+01
20 5.9619705934e-01 2.9619123025e-02 7.1510095062e+00 5.5382627287e+01
21 5.9614887007e-01 2.9654134148e-02 7.1288313987e+00 5.5169421950e+01
22 5.9612001478e-01 2.9677529692e-02 7.1137158065e+00 5.5024290674e+01
23 5.9607618848e-01 2.9736996698e-02 7.0695944307e+00 5.4636901079e+01
24 5.9607855050e-01 2.9679895560e-02 7.0382253820e+00 5.4346013359e+01
25 5.9631687086e-01 3.0715063742e-02 6.8337677679e+00 5.1133059401e+01
26 5.9665594129e-01 3.2469281403e-02 6.4505994265e+00 4.5674344569e+01
27 5.9735916115e-01 3.4931594259e-02 6.0116460291e+00 3.9599466967e+01
28 5.9721125761e-01 3.5079643845e-02 5.9360394106e+00 3.9053383654e+01
29 5.9735924732e-01 3.5959531983e-02 5.7507624538e+00 3.6983886281e+01
30 5.9761249897e-01 3.6725017296e-02 5.6187839638e+00 3.5337504887e+01
31 5.9779741539e-01 3.7499265974e-02 5.4853222250e+00 3.3774309113e+01
32 5.9779995378e-01 3.8819846639e-02 5.6785741421e+00 3.7486692131e+01
33 5.9780188367e-01 3.8950678414e-02 5.6542034103e+00 3.7274984549e+01
34 5.9784475131e-01 4.0202738553e-02 5.7444416483e+00 3.9006087964e+01
35 5.9844502453e-01 4.2742622241e-02 5.6775297519e+00 3.8217354200e+01
36 5.9859523985e-01 4.3837145787e-02 5.7646640969e+00 3.9395459784e+01
37 5.9847103596e-01 4.3914186286e-02 5.7397062546e+00 3.9187911762e+01
38 5.9830532597e-01 4.2779287098e-02 5.6030872312e+00 3.7396124173e+01
39 5.9851694947e-01 4.3356584363e-02 5.4917947500e+00 3.5998170599e+01
40 5.9846432063e-01 4.3551736700e-02 5.4800262843e+00 3.5828054198e+01
41 5.9828781630e-01 4.3714416203e-02 5.4186093015e+00 3.5405905929e+01
42 5.9826714679e-01 4.3725074609e-02 5.4155437086e+00 3.5381831083e+01
43 5.9820541499e-01 4.3785900859e-02 5.3946761487e+00 3.5218969359e+01
44 5.9859077393e-01 4.5374875741e-02 5.3910324108e+00 3.5169112374e+01
45 5.9845204175e-01 4.4351905632e-02 5.2872933096e+00 3.3892655626e+01
46 5.9880289595e-01 4.5971700525e-02 5.2891813520e+00 3.3878331790e+01
47 5.9886737266e-01 4.7166795743e-02 5.3424248278e+00 3.4458410835e+01
48 5.9934372329e-01 4.8286837749e-02 5.1736693628e+00 3.2252995256e+01
49 5.9888284594e-01 4.6820211905e-02 5.1711774530e+00 3.2388091522e+01
50 5.9884120879e-01 4.6883207799e-02 5.1527357868e+00 3.2235098680e+01
51 5.9891665401e-01 4.6840296631e-02 5.1663212137e+00 3.2313056810e+01
52 5.9879929286e-01 4.6903009651e-02 5.1503916206e+00 3.2194960246e+01
53 5.9869697393e-01 4.6960180221e-02 5.1272568908e+00 3.2043812432e+01
54 5.9853549897e-01 4.6066082504e-02 5.0298916752e+00 3.0839081988e+01
55 5.9894689300e-01 4.7078931634e-02 4.8717148317e+00 2.8943270663e+01
56 5.9894137943e-01 4.7114915831e-02 4.8595867678e+00 2.8858922416e+01
57 5.9889703821e-01 4.7143481785e-02 4.8557041061e+00 2.8831639068e+01
58 5.9909936589e-01 4.7710295090e-02 4.7709755042e+00 2.7876559536e+01
59 5.9930587937e-01 4.8390934856e-02 4.7072824792e+00 2.7056582145e+01
60 5.9929675246e-01 4.8415807054e-02 4.6996523858e+00 2.7005368948e+01
61 5.9928167471e-01 4.8421062670e-02 4.6989617293e+00 2.6999535201e+01
62 5.9927146720e-01 4.8504322810e-02 4.6954697205e+00 2.6957635501e+01
63 5.9922739231e-01 4.8534579481e-02 4.6879667676e+00 2.6909120673e+01
64 5.9923433444e-01 4.9436626401e-02 4.7342330824e+00 2.7481077692e+01
65 5.9921690430e-01 4.9398785812e-02 4.7312152471e+00 2.7483455143e+01
66 5.9951843670e-01 4.9780831785e-02 4.6699931329e+00 2.6806142229e+01
67 5.9963166581e-01 5.0767784072e-02 4.7573540297e+00 2.7887533076e+01
68 5.9952927158e-01 5.0832875188e-02 4.7424708225e+00 2.7785980575e+01
69 5.9991764434e-01 5.1860271338e-02 4.6160131968e+00 2.6271310105e+01
70 6.0038052910e-01 5.2866162338e-02 4.4953379732e+00 2.4883299248e+01
71 6.0068360402e-01 5.3350420368e-02 4.4325823321e+00 2.4209598642e+01
72 6.0063753467e-01 5.3387978461e-02 4.4251703401e+00 2.4157619962e+01
73 6.0035905035e-01 5.2874021557e-02 4.4659639638e+00 2.4635105176e+01
74 6.0071489695e-01 5.4272157061e-02 4.4959729001e+00 2.5084819345e+01
75 6.0110601952e-01 5.5547033545e-02 4.4662068008e+00 2.4650339329e+01
76 6.0109916627e-01 5.5565269489e-02 4.4612469625e+00 2.4621014578e+01
77 6.0125251159e-01 5.6095908760e-02 4.3900150546e+00 2.3914519046e+01
78 6.0125138175e-01 5.6092985771e-02 4.3870536956e+00 2.3902365396e+01
79 6.0117885335e-01 5.6126135327e-02 4.3823522367e+00 2.3869168238e+01
80 6.0164044582e-01 5.7005565943e-02 4.2732394285e+00 2.2740589352e+01
81 6.0159921715e-01 5.6958232555e-02 4.2647799773e+00 2.2636263606e+01
82 6.0158217648e-01 5.6967300821e-02 4.2632986337e+00 2.2627312038e+01
83 6.0180666189e-01 5.7418807833e-02 4.2108744064e+00 2.2090572378e+01
84 6.0164851037e-01 5.7488720523e-02 4.2018206460e+00 2.2031140730e+01
85 6.0168983703e-01 5.7515140349e-02 4.1945306552e+00 2.1979419336e+01
86 6.0165480569e-01 5.7532139917e-02 4.1921801790e+00 2.1964095648e+01
87 6.0156420149e-01 5.7484771847e-02 4.1834501613e+00 2.1951097838e+01
88 6.0222390217e-01 5.8809165905e-02 4.0376841975e+00 2.0491630641e+01
89 6.0281840219e-01 5.9803845717e-02 3.9156924265e+00 1.9357931424e+01
90 6.0284421606e-01 5.9589497130e-02 3.8333420667e+00 1.8562327665e+01
91 6.0328556825e-01 6.0419063234e-02 3.7526941118e+00 1.7809178397e+01
92 6.0324564783e-01 6.0550507831e-02 3.7432391675e+00 1.7733463183e+01
93 6.0291610323e-01 5.9473894320e-02 3.7405653935e+00 1.7758120574e+01
94 6.0344115006e-01 5.9964255729e-02 3.6000527500e+00 1.6470480275e+01
95 6.0360495510e-01 6.0425258702e-02 3.5590540809e+00 1.6119269488e+01
96 6.0358908780e-01 6.0421930054e-02 3.5598868618e+00 1.6126713470e+01
97 6.0345086568e-01 5.9649995301e-02 3.5149023318e+00 1.5721286859e+01
98 6.0340339872e-01 5.9663748145e-02 3.5146422041e+00 1.5718074234e+01
99 6.0362657961e-01 5.9996511612e-02 3.4826169575e+00 1.5453954175e+01
100 6.0361141634e-01 6.0009162560e-02 3.4808579604e+00 1.5444657448e+01
101 6.0356277595e-01 6.0062697604e-02 3.4718285658e+00 1.5403589639e+01
102 6.0352087959e-01 6.0142286886e-02 3.4657366383e+00 1.5366000595e+01
103 6.0351052503e-01 6.0178143625e-02 3.4601651178e+00 1.5333152707e+01
104 6.0348739466e-01 6.0433496499e-02 3.4933738800e+00 1.5797124329e+01
105 6.0338208545e-01 6.0479720168e-02 3.4891220022e+00 1.5774439833e+01
106 6.0335629037e-01 6.0519425718e-02 3.4842151238e+00 1.5750668504e+01
107 6.0416145121e-01 6.2634448029e-02 3.4056003268e+00 1.4969765802e+01
108 6.0420241369e-01 6.2535865834e-02 3.4047266193e+00 1.4982221683e+01
109 6.0418275244e-01 6.2456920708e-02 3.4058055488e+00 1.5002469697e+01
110 6.0420295180e-01 6.2482068826e-02 3.4028460560e+00 1.4984989097e+01
111 6.0444176498e-01 6.3468778617e-02 3.3908602518e+00 1.4884080231e+01
112 6.0433612756e-01 6.3514338321e-02 3.3875213094e+00 1.4864801341e+01
113 6.0457952182e-01 6.3948722781e-02 3.3562782739e+00 1.4592884148e+01
114 6.0428117581e-01 6.3820942562e-02 3.4133147623e+00 1.5175312132e+01
115 6.0427277561e-01 6.3850460674e-02 3.4075030831e+00 1.5151261135e+01
116 6.0446188588e-01 6.4237680591e-02 3.3751731552e+00 1.4879673811e+01
117 6.0452072850e-01 6.4908294959e-02 3.3995420964e+00 1.5080164487e+01
118 6.0449277624e-01 6.4394708935e-02 3.2796442107e+00 1.3882967630e+01
119 6.0448852547e-01 6.4339895225e-02 3.2783911340e+00 1.3888509396e+01
120 6.0502081632e-01 6.5651925599e-02 3.2775534249e+00 1.3967942459e+01
121 6.0498584394e-01 6.5633352096e-02 3.2743614816e+00 1.3961804316e+01
122 6.0546057922e-01 6.6367504169e-02 3.2159585450e+00 1.3485541905e+01
123 6.0504444065e-01 6.5206473720e-02 3.1925257821e+00 1.3245627605e+01
124 6.0524022341e-01 6.5688932587e-02 3.1644433025e+00 1.3012333851e+01
125 6.0527477989e-01 6.5697225030e-02 3.1615218346e+00 1.2999258606e+01
126 6.0526290096e-01 6.5759764763e-02 3.1606649250e+00 1.2990402090e+01
127 6.0543912719e-01 6.6309705277e-02 3.1388175416e+00 1.2836907818e+01
128 6.0516094678e-01 6.5941372342e-02 3.1663160937e+00 1.3054602625e+01
129 6.0538522324e-01 6.6310532644e-02 3.1376567806e+00 1.2836458288e+01
130 6.0509439317e-01 6.5391194502e-02 3.1285220568e+00 1.2767126283e+01
131 6.0498535049e-01 6.5480992783e-02 3.1173517060e+00 1.2721845057e+01
132 6.0485966606e-01 6.5841774494e-02 3.1788361241e+00 1.3254291990e+01
133 6.0441775674e-01 6.4751245593e-02 3.1563150890e+00 1.3058347978e+01
134 6.0463578904e-01 6.5350727741e-02 3.1653487127e+00 1.3101101250e+01
135 6.0460583916e-01 6.5366915499e-02 3.1639629893e+00 1.3094327055e+01
136 6.0453741605e-01 6.5399328729e-02 3.1591170725e+00 1.3075830017e+01
137 6.0502417153e-01 6.6050037653e-02 3.1102623467e+00 1.2679901519e+01
138 6.0501762907e-01 6.6127389722e-02 3.1114082764e+00 1.2718053841e+01
139 6.0557154352e-01 6.7575980380e-02 3.1113392261e+00 1.2777068822e+01
140 6.0564710578e-01 6.7618430100e-02 3.1086492157e+00 1.2758657992e+01
141 6.0577776900e-01 6.8381628693e-02 3.1408337534e+00 1.3068265111e+01
142 6.0573494401e-01 6.8411877735e-02 3.1378607346e+00 1.3053560128e+01
143 6.0546724570e-01 6.8083490896e-02 3.1634581081e+00 1.3261397010e+01
144 6.0563539002e-01 6.8351537523e-02 3.1384611500e+00 1.3074851751e+01
145 6.0561929852e-01 6.8526115864e-02 3.1312937619e+00 1.3019363445e+01
146 6.0556371712e-01 6.8447850041e-02 3.1338195621e+00 1.3042114145e+01
147 6.0576062468e-01 6.8701750118e-02 3.1119209183e+00 1.2871239037e+01
148 6.0576556914e-01 6.8711924226e-02 3.1100059282e+00 1.2862998557e+01
149 6.0580017283e-01 6.8708020119e-02 3.1093471614e+00 1.2859224646e+01
150 6.0558275088e-01 6.8220343972e-02 3.1112281749e+00 1.2839211875e+01
151 6.0567397222e-01 6.8999361131e-02 3.1379356297e+00 1.3085488821e+01
152 6.0587631850e-01 6.9278969628e-02 3.1135036574e+00 1.2901339421e+01
153 6.0585265273e-01 6.9333223778e-02 3.1129605993e+00 1.2892295972e+01
154 6.0587766401e-01 6.9308295240e-02 3.1139527915e+00 1.2901036302e+01
155 6.0607666833e-01 6.9682691551e-02 3.0779520555e+00 1.2597069664e+01
156 6.0608263648e-01 6.9678937448e-02 3.0783898697e+00 1.2598542431e+01
157 6.0628229695e-01 7.0014037606e-02 3.0508486118e+00 1.2401919316e+01
158 6.0674438879e-01 7.0672711255e-02 3.0015628931e+00 1.2034225930e+01
159 6.0688524078e-01 7.1031828832e-02 2.9702012650e+00 1.1837999667e+01
160 6.0698398456e-01 7.1739629649e-02 2.9934265096e+00 1.2014558315e+01
161 6.0693227992e-01 7.1792572956e-02 2.9872096587e+00 1.1989730415e+01
162 6.0696917872e-01 7.1788485894e-02 2.9861001134e+00 1.1986557634e+01
163 6.0697727812e-01 7.1811443468e-02 2.9846097649e+00 1.1977005541e+01
164 6.0654697129e-01 7.0928953441e-02 2.9726324280e+00 1.1929471177e+01
165 6.0651397792e-01 7.0753838062e-02 2.9495650708e+00 1.1710966950e+01
166 6.0678318293e-01 7.1275443723e-02 2.9415385830e+00 1.1679170171e+01
167 6.0686702496e-01 7.1281417291e-02 2.9376170589e+00 1.1660951323e+01
168 6.0695855168e-01 7.1943792701e-02 2.9576782504e+00 1.1807366945e+01
169 6.0696606934e-01 7.1862346141e-02 2.9580176446e+00 1.1823728747e+01
170 6.0690051136e-01 7.1894792595e-02 2.9557891945e+00 1.1812268336e+01
171 6.0688859271e-01 7.1935578417e-02 2.9498971324e+00 1.1789120418e+01
172 6.0759528795e-01 7.2721130143e-02 2.8937375821e+00 1.1371081528e+01
173 6.0784270214e-01 7.3043250181e-02 2.8720822548e+00 1.1212376190e+01
174 6.0823886059e-01 7.4055545576e-02 2.8757457353e+00 1.1221756394e+01
175 6.0823470873e-01 7.4095532859e-02 2.8757686411e+00 1.1216187670e+01
176 6.0822598983e-01 7.4152089184e-02 2.8678733348e+00 1.1186178868e+01
177 6.0811485171e-01 7.4258050544e-02 2.8631555884e+00 1.1161453242e+01
178 6.0794182218e-01 7.3590321017e-02 2.8395898546e+00 1.1007051826e+01
179 6.0788603591e-01 7.3524455655e-02 2.8327421717e+00 1.0954159299e+01
180 6.0785431465e-01 7.3545050919e-02 2.8312133340e+00 1.0947112871e+01
181 6.0790997893e-01 7.3248942688e-02 2.7862697719e+00 1.0615338224e+01
182 6.0793406162e-01 7.3299615439e-02 2.7837693456e+00 1.0603256826e+01
183 6.0788837940e-01 7.3322108687e-02 2.7825379370e+00 1.0597672361e+01
184 6.0784075644e-01 7.3441052280e-02 2.7856960984e+00 1.0641500565e+01
185 6.0801803380e-01 7.3825292818e-02 2.7563277291e+00 1.0469070136e+01
186 6.0798991810e-01 7.3891236018e-02 2.7538923291e+00 1.0455714987e+01
187 6.0866070341e-01 7.5069918661e-02 2.6939318832e+00 1.0026317963e+01
188 6.0880285862e-01 7.5772481562e-02 2.7303923306e+00 1.0333416795e+01
189 6.0900961036e-01 7.6125459771e-02 2.7116953664e+00 1.0196133637e+01
190 6.0897419311e-01 7.6052243028e-02 2.7119496329e+00 1.0207271069e+01
191 6.0899214407e-01 7.6042664019e-02 2.7124542316e+00 1.0209729852e+01
192 6.0946090944e-01 7.6787326581e-02 2.6761204293e+00 9.9396336326e+00
193 6.0953271860e-01 7.6841006148e-02 2.6844983392e+00 1.0006900057e+01
194 6.0950144493e-01 7.6823307133e-02 2.6843618596e+00 1.0010232270e+01
195 6.0935300417e-01 7.6243795114e-02 2.6611914926e+00 9.8541583135e+00
196 6.0933261731e-01 7.6257723324e-02 2.6688458411e+00 9.9086810279e+00
197 6.0951802836e-01 7.6827531105e-02 2.6894316126e+00 1.0066323496e+01
198 6.0958197839e-01 7.6819536935e-02 2.6918733768e+00 1.0067156602e+01
199 6.0957503051e-01 7.6899320580e-02 2.6864965045e+00 1.0043947184e+01
200 6.0936431226e-01 7.6673486891e-02 2.7040484433e+00 1.0157477191e+01
201 6.0965813124e-01 7.7039045121e-02 2.6837663252e+00 1.0014621120e+01
202 6.0936286308e-01 7.6742022207e-02 2.7012059028e+00 1.0140291682e+01
203 6.0917003760e-01 7.6449356698e-02 2.6927140871e+00 1.0102702671e+01
204 6.0912062348e-01 7.7339120366e-02 2.7487908174e+00 1.0464634867e+01
205 6.0906300163e-01 7.7278170439e-02 2.7318372963e+00 1.0321421724e+01
206 6.0879196799e-01 7.6948640265e-02 2.7478093030e+00 1.0448954915e+01
207 6.0909518887e-01 7.6946137256e-02 2.6953370705e+00 1.0102516471e+01
208 6.0926060934e-01 7.7195511416e-02 2.6775692796e+00 9.9876704555e+00
209 6.0880529166e-01 7.6341269217e-02 2.6670024242e+00 9.9333901548e+00
210 6.0872324688e-01 7.6282688897e-02 2.6590678111e+00 9.8902939096e+00
211 6.0885361578e-01 7.6536043787e-02 2.6418376580e+00 9.7778337619e+00
212 6.0899350505e-01 7.7119759210e-02 2.6625097123e+00 9.9056410796e+00
213 6.0870558061e-01 7.6852056276e-02 2.6782714629e+00 1.0021898470e+01
214 6.0864630252e-01 7.6729306443e-02 2.6638465038e+00 9.9060605140e+00
215 6.0864364336e-01 7.6736698825e-02 2.6628955952e+00 9.9029200743e+00
216 6.0868416177e-01 7.6759851567e-02 2.6631335113e+00 9.9007774878e+00
217 6.0867996158e-01 7.6726403362e-02 2.6559143833e+00 9.8403505051e+00
218 6.0870423017e-01 7.6735350443e-02 2.6550286849e+00 9.8357972311e+00
219 6.0841317426e-01 7.6483479385e-02 2.6713645833e+00 9.9508969807e+00
220 6.0876052884e-01 7.6929808153e-02 2.6476945213e+00 9.7909325607e+00
221 6.0881655453e-01 7.6670891680e-02 2.6063508354e+00 9.5212069724e+00
222 6.0835287008e-01 7.6013657559e-02 2.6409644178e+00 9.7635326703e+00
223 6.0832212528e-01 7.5997795643e-02 2.6382512229e+00 9.7559469375e+00
224 6.0850655639e-01 7.6189687985e-02 2.6202716735e+00 9.6541450803e+00
225 6.0873165131e-01 7.6523699768e-02 2.5998485097e+00 9.5225626021e+00
226 6.0861882999e-01 7.6646806782e-02 2.6150492934e+00 9.6643545037e+00
227 6.0829568001e-01 7.6886087957e-02 2.6876031331e+00 1.0207936385e+01
228 6.0828833468e-01 7.6927369894e-02 2.6854543509e+00 1.0196469509e+01
229 6.0816804959e-01 7.6940889324e-02 2.6834650674e+00 1.0190552568e+01
230 6.0824251220e-01 7.6645221433e-02 2.6509538245e+00 9.9903433413e+00
231 6.0844255047e-01 7.7163223043e-02 2.6610633283e+00 1.0039165382e+01
232 6.0866744387e-01 7.7472771345e-02 2.6419307014e+00 9.9082100119e+00
233 6.0896686407e-01 7.8330003712e-02 2.6342199013e+00 9.8273289170e+00
234 6.0888171339e-01 7.8290421449e-02 2.6381781124e+00 9.8497887494e+00
235 6.0899521155e-01 7.8101572500e-02 2.6001930149e+00 9.6089202059e+00
236 6.0900009858e-01 7.7754214382e-02 2.5505380999e+00 9.2802575174e+00
237 6.0899170071e-01 7.7782699392e-02 2.5473393967e+00 9.2687232116e+00
238 6.0912319457e-01 7.8310472659e-02 2.5691697878e+00 9.4153005842e+00
239 6.0904986360e-01 7.8330826129e-02 2.5695695109e+00 9.4153984714e+00
240 6.0933333784e-01 7.8643977761e-02 2.5490931011e+00 9.2873003990e+00
241 6.0929949579e-01 7.8655500971e-02 2.5492445079e+00 9.2860989664e+00
242 6.0930767577e-01 7.8512910156e-02 2.5178637265e+00 9.1031872228e+00
243 6.0936523907e-01 7.8493191632e-02 2.5178087558e+00 9.1049059940e+00
244 6.0959250866e-01 7.8735587853e-02 2.5002325205e+00 8.9993242538e+00
245 6.0957089331e-01 7.8695231486e-02 2.5040732423e+00 9.0339265175e+00
246 6.1007928985e-01 7.9350890387e-02 2.4707061896e+00 8.8112543329e+00
247 6.0999563294e-01 7.9347851973e-02 2.4723456133e+00 8.8212042474e+00
248 6.0986169980e-01 7.9283160291e-02 2.4726041861e+00 8.8332709070e+00
249 6.1005058724e-01 7.9306776717e-02 2.4375158878e+00 8.5684640534e+00
250 6.1006471422e-01 7.9339059375e-02 2.4368084075e+00 8.5619866988e+00
251 6.1007209787e-01 7.9370518805e-02 2.4372288394e+00 8.5565345726e+00
252 6.0998893438e-01 7.9508302354e-02 2.4352807088e+00 8.5443005171e+00
253 6.0980635970e-01 7.8961521901e-02 2.4099372113e+00 8.3832503641e+00
254 6.0973312394e-01 7.8975903476e-02 2.4068625702e+00 8.3768056221e+00
255 6.1012068291e-01 7.9918364882e-02 2.4081302135e+00 8.3833765606e+00
256 6.1009176813e-01 7.9950586815e-02 2.4074876360e+00 8.3822174731e+00
257 6.1013699587e-01 7.9972808548e-02 2.4077003070e+00 8.3811241355e+00
258 6.1031005840e-01 8.0211096987e-02 2.3917916932e+00 8.2880232442e+00
259 6.1025844638e-01 8.0254424550e-02 2.3886383926e+00 8.2775559584e+00
260 6.1027563248e-01 8.0199750112e-02 2.3888880666e+00 8.2880909647e+00
261 6.1044271071e-01 8.0669775986e-02 2.3941525546e+00 8.2951187988e+00
262 6.0982310193e-01 7.9700186231e-02 2.3971896957e+00 8.3035024627e+00
263 6.0980173081e-01 7.9793806872e-02 2.3919471539e+00 8.2863444044e+00
264 6.0918799302e-01 7.8562503207e-02 2.3857615214e+00 8.2440974006e+00
265 6.0918252751e-01 7.8458177998e-02 2.3815759176e+00 8.2127462465e+00
266 6.0907689154e-01 7.8511386885e-02 2.3796479944e+00 8.2043014798e+00
267 6.0906516176e-01 7.8559440637e-02 2.3800196562e+00 8.2035890563e+00
268 6.0827829051e-01 7.7710190757e-02 2.3989770505e+00 8.3386757373e+00
269 6.0868620177e-01 7.8383540897e-02 2.3699692076e+00 8.1493825253e+00
270 6.0863291199e-01 7.8424056909e-02 2.3673795116e+00 8.1400116364e+00
271 6.0863272586e-01 7.8919503151e-02 2.4356638399e+00 8.6632453049e+00
272 6.0847046802e-01 7.8429075457e-02 2.4173855213e+00 8.5627404723e+00
273 6.0864537949e-01 7.8713310110e-02 2.3977483384e+00 8.4579619241e+00
274 6.0864271336e-01 7.8713416522e-02 2.3978770141e+00 8.4582001761e+00
275 6.0860512725e-01 7.8701338684e-02 2.3970716797e+00 8.4595277568e+00
276 6.0826586771e-01 7.7997195449e-02 2.3956732470e+00 8.4620192135e+00
277 6.0850283270e-01 7.8304522218e-02 2.3935335336e+00 8.4652765253e+00
278 6.0865885104e-01 7.8880381534e-02 2.4141683665e+00 8.6049418263e+00
279 6.0884949287e-01 7.9241829136e-02 2.3990254629e+00 8.5004821659e+00
280 6.0881442056e-01 7.9197656077e-02 2.3990970034e+00 8.5101259303e+00
281 6.0881410938e-01 7.9274220760e-02 2.3971468387e+00 8.5056884068e+00
282 6.0924817537e-01 8.0252211719e-02 2.4183218149e+00 8.6631577058e+00
283 6.0924583858e-01 8.0269432508e-02 2.4183970792e+00 8.6577622637e+00
284 6.0907161706e-01 7.9979414470e-02 2.4316194859e+00 8.7515054358e+00
285 6.0884803381e-01 7.9409120576e-02 2.4094371658e+00 8.6148248399e+00
286 6.0940124209e-01 8.0525926565e-02 2.3815504344e+00 8.3811628486e+00
287 6.0933999787e-01 8.0559694751e-02 2.3800961690e+00 8.3750565834e+00
288 6.0909273627e-01 8.0295996908e-02 2.3930448934e+00 8.4633247490e+00
289 6.0879367686e-01 7.9896478794e-02 2.3983402212e+00 8.5026449715e+00
290 6.0928324799e-01 8.1625662615e-02 2.4647443111e+00 8.9316305303e+00
291 6.0927871823e-01 8.1620903922e-02 2.4655155390e+00 8.9340819313e+00
292 6.0964729767e-01 8.2293632816e-02 2.4667356214e+00 8.9317365497e+00
293 6.0943970355e-01 8.0973285832e-02 2.3834823147e+00 8.3969577033e+00
294 6.0963320302e-01 8.1656200879e-02 2.4141355967e+00 8.6051659210e+00
295 6.0979747561e-01 8.2146754283e-02 2.3986182244e+00 8.4965370839e+00
296 6.1030091507e-01 8.3462339018e-02 2.4149062657e+00 8.5766742392e+00
297 6.1052352834e-01 8.3811453372e-02 2.4141328671e+00 8.6306557857e+00
298 6.1003658733e-01 8.3174595622e-02 2.4408299975e+00 8.8087289796e+00
299 6.1021549848e-01 8.3437143224e-02 2.4301671230e+00 8.7560867130e+00
300 6.1016319114e-01 8.3472397319e-02 2.4284278965e+00 8.7476922741e+00
301 6.1013497121e-01 8.3491926037e-02 2.4275145580e+00 8.7431607396e+00
302 6.1014062126e-01 8.3467798049e-02 2.4303579327e+00 8.7514258973e+00
303 6.0954714885e-01 8.2029823524e-02 2.3939812526e+00 8.5185723797e+00
304 6.0951365359e-01 8.1995543076e-02 2.3954247152e+00 8.5267807722e+00
305 6.0952726833e-01 8.2563901666e-02 2.4103814586e+00 8.6016465650e+00
306 6.0954330622e-01 8.2560596519e-02 2.4080152118e+00 8.5975127598e+00
307 6.0953433729e-01 8.2486505773e-02 2.4069332822e+00 8.6006541382e+00
308 6.0956424868e-01 8.2603188442e-02 2.4076369668e+00 8.5944228698e+00
309 6.0949689844e-01 8.2660572864e-02 2.4079524297e+00 8.5914912591e+00
310 6.1015017268e-01 8.3793023187e-02 2.3823969008e+00 8.3986043140e+00
311 6.1016079936e-01 8.3800270874e-02 2.3813620301e+00 8.3946948830e+00
312 6.1038345206e-01 8.4156335387e-02 2.3651662615e+00 8.2904534903e+00
313 6.1040474435e-01 8.4203842363e-02 2.3578988051e+00 8.2742783104e+00
314 6.1018286582e-01 8.3754802616e-02 2.3481380454e+00 8.2318044951e+00
315 6.1029131668e-01 8.4226384862e-02 2.3679379295e+00 8.3620786105e+00
316 6.1028548164e-01 8.4328391909e-02 2.3650503721e+00 8.3400490912e+00
317 6.1052395009e-01 8.4379052347e-02 2.3191544330e+00 8.0474343971e+00
318 6.0962778040e-01 8.2603271339e-02 2.3184647520e+00 8.1100161978e+00
319 6.0962642441e-01 8.3134008468e-02 2.3277624039e+00 8.1506394546e+00
320 6.0986906267e-01 8.3515095646e-02 2.3129123512e+00 8.0495262552e+00
321 6.1000335019e-01 8.4038423972e-02 2.3337810905e+00 8.1866814545e+00
322 6.1024493128e-01 8.4292383919e-02 2.3200117559e+00 8.1009555928e+00
323 6.1041181375e-01 8.4805290525e-02 2.3429331505e+00 8.2446950822e+00
324 6.0994915631e-01 8.3959992957e-02 2.3377259676e+00 8.2237718685e+00
325 6.0993948673e-01 8.3948883488e-02 2.3378701801e+00 8.2256723773e+00
326 6.0990855247e-01 8.3890900477e-02 2.3341088230e+00 8.1987952007e+00
327 6.1003920609e-01 8.4426095426e-02 2.3520516355e+00 8.2989810788e+00
328 6.1003600053e-01 8.4430207572e-02 2.3517665066e+00 8.2977529940e+00
329 6.1030083451e-01 8.5480497743e-02 2.3840594556e+00 8.4876313653e+00
330 6.1035244829e-01 8.6049769142e-02 2.4010009079e+00 8.5831116136e+00
331 6.1058409790e-01 8.6257725169e-02 2.3838067523e+00 8.4773790778e+00
332 6.1054737031e-01 8.6319014211e-02 2.3847264096e+00 8.4903980262e+00
333 6.1032135334e-01 8.5695757056e-02 2.3660209540e+00 8.3903125840e+00
334 6.1036839725e-01 8.6152447169e-02 2.3699796618e+00 8.3896155563e+00
335 6.1043083506e-01 8.6143010213e-02 2.3688470861e+00 8.3862144382e+00
336 6.1043906313e-01 8.6179979744e-02 2.3685529805e+00 8.3809354602e+00
337 6.1040990551e-01 8.6177643635e-02 2.3682485014e+00 8.3820536752e+00
338 6.1040470287e-01 8.6129581598e-02 2.3585856323e+00 8.3269442356e+00
339 6.1064724887e-01 8.6327365322e-02 2.3441106487e+00 8.2460397840e+00
340 6.1113423844e-01 8.7625564006e-02 2.3391662892e+00 8.1818518735e+00
341 6.1147636400e-01 8.8210719180e-02 2.3387190018e+00 8.1766333113e+00
342 6.1163888590e-01 8.8801349623e-02 2.3516626903e+00 8.2373504254e+00
343 6.1134148451e-01 8.8718625726e-02 2.3614583283e+00 8.2899269558e+00
344 6.1114437098e-01 8.8243144759e-02 2.3538118299e+00 8.2588278768e+00
345 6.1115557344e-01 8.8224025729e-02 2.3541434942e+00 8.2610912874e+00
346 6.1114338995e-01 8.8390694263e-02 2.3537522617e+00 8.2486483616e+00
347 6.1117812101e-01 8.8416338412e-02 2.3538248852e+00 8.2459506832e+00
348 6.1123226956e-01 8.8454178123e-02 2.3510341254e+00 8.2333448629e+00
349 6.1133273989e-01 8.8972236140e-02 2.3572202268e+00 8.2587207489e+00
350 6.1111343966e-01 8.8515567038e-02 2.3438668096e+00 8.1985208865e+00
351 6.1085927505e-01 8.8253354219e-02 2.3576189656e+00 8.2852264585e+00
352 6.1081135931e-01 8.8231563297e-02 2.3560426483e+00 8.2805907773e+00
353 6.1082553549e-01 8.8247321337e-02 2.3561620346e+00 8.2780660713e+00
354 6.1076415640e-01 8.8281165561e-02 2.3547199077e+00 8.2727908308e+00
355 6.1099730308e-01 8.8682452675e-02 2.3433885771e+00 8.1841605959e+00
356 6.1110539959e-01 8.9164359433e-02 2.3457751704e+00 8.1747743387e+00
357 6.1148661195e-01 9.0149006154e-02 2.3604531543e+00 8.2779251928e+00
358 6.1137504558e-01 8.9637122513e-02 2.3465500516e+00 8.2097229726e+00
359 6.1177562180e-01 9.0078079542e-02 2.3207481902e+00 8.0598360223e+00
360 6.1176565954e-01 9.0260194299e-02 2.3172379049e+00 8.0317764995e+00
361 6.1180718095e-01 9.0302554029e-02 2.3174042083e+00 8.0351520994e+00
362 6.1184496587e-01 9.0330730885e-02 2.3143565194e+00 8.0248980068e+00
363 6.1199171130e-01 9.0694521919e-02 2.3006415995e+00 7.9347787210e+00
364 6.1234176947e-01 9.1358631827e-02 2.3012797225e+00 7.9385904640e+00
365 6.1245324947e-01 9.2037382158e-02 2.3136356346e+00 8.0127608170e+00
