1 5.9282947138e-01 1.1102230246e-16 1.0000000000e+00 1.0000000000e+00
2 5.9281005617e-01 1.9198697816e-03 -4.8767202270e+00 1.2570995599e+02
3 5.9357368144e-01 1.2962606321e-02 1.7215748527e+01 3.0875652010e+02
4 5.9360749135e-01 1.3081744846e-02 1.6749274707e+01 2.9753937531e+02
5 5.9383923840e-01 1.5056537242e-02 1.4602602492e+01 2.2515837711e+02
6 5.9378681620e-01 1.5164420527e-02 1.4287375446e+01 2.1904767484e+02
7 5.9383779087e-01 1.5179923606e-02 1.4234192323e+01 2.1796355022e+02
8 5.9387412737e-01 1.5185919139e-02 1.4210587242e+01 2.1748374947e+02
9 5.9385563076e-01 1.5240792887e-02 1.4050069619e+01 2.1444837464e+02
10 5.9377900515e-01 1.5298052640e-02 1.3898338018e+01 2.1154861551e+02
11 5.9394322116e-01 1.7169063248e-02 1.2220044755e+01 1.6633231749e+02
12 5.9373009889e-01 1.7342633279e-02 1.1865209725e+01 1.6040919724e+02
13 5.9370438272e-01 1.7447322206e-02 1.1632400805e+01 1.5673030924e+02
14 5.9374271857e-01 1.7523386210e-02 1.1468649140e+01 1.5393967645e+02
15 5.9396798113e-01 1.9051879324e-02 1.0692814986e+01 1.3165710309e+02
16 5.9413885173e-01 2.1432579652e-02 1.1992800119e+01 1.7189983871e+02
17 5.9374763716e-01 1.7643459186e-02 1.1218670010e+01 1.4984064986e+02
18 5.9369485712e-01 1.7697904901e-02 1.1114011897e+01 1.4815344895e+02
19 5.9378818304e-01 1.9265162355e-02 1.0324880222e+01 1.2623896602e+02
20 5.9401265226e-01 2.0634184227e-02 9.7902590129e+00 1.1146570418e+02
21 5.9454874238e-01 2.2711877413e-02 8.9437364110e+00 9.1042260032e+01
22 5.9454210665e-01 2.2766821330e-02 8.8799288003e+00 9.0181252155e+01
23 5.9446137747e-01 2.2920769524e-02 8.6949565728e+00 8.7942989113e+01
24 5.9439470572e-01 2.3073047611e-02 8.5128665251e+00 8.5793835815e+01
25 5.9444496897e-01 2.3142554891e-02 8.4266356234e+00 8.4709674341e+01
26 5.9470069438e-01 2.5385468079e-02 7.7326359362e+00 7.0613776968e+01
27 5.9459702478e-01 2.5502073728e-02 7.6200299026e+00 6.9511515778e+01
28 5.9456449251e-01 2.5511031688e-02 7.5665178546e+00 6.8925858749e+01
29 5.9452305066e-01 2.5688597464e-02 7.3895500077e+00 6.7160650017e+01
30 5.9471778083e-01 2.6651657591e-02 7.1425475472e+00 6.2284754393e+01
31 5.9491842305e-01 2.9403770444e-02 7.5140045805e+00 7.0900954846e+01
32 5.9486675000e-01 2.9505645303e-02 7.4321044914e+00 6.9996265983e+01
33 5.9471327133e-01 2.9617362533e-02 7.3585608407e+00 6.9104171740e+01
34 5.9473271301e-01 2.9648964910e-02 7.3340556863e+00 6.8793224597e+01
35 5.9521617735e-01 3.1464179195e-02 6.8746454778e+00 5.9640823425e+01
36 5.9544981310e-01 3.2363942289e-02 6.6537132518e+00 5.5667357773e+01
37 5.9528074699e-01 3.2592512075e-02 6.5760604202e+00 5.4871021483e+01
38 5.9567648525e-01 3.4195259067e-02 6.2514838158e+00 4.8958008413e+01
39 5.9569270680e-01 3.4203421505e-02 6.2463876450e+00 4.8900091661e+01
40 5.9566578473e-01 3.4198273749e-02 6.2554335333e+00 4.8939077414e+01
41 5.9594695982e-01 3.4999538106e-02 6.0957229976e+00 4.6280772971e+01
42 5.9579671107e-01 3.5141850989e-02 6.0219451835e+00 4.5661783308e+01
43 5.9607616194e-01 3.6066771306e-02 5.8968812527e+00 4.3413091470e+01
44 5.9603096183e-01 3.6169180498e-02 5.8933991346e+00 4.3325909406e+01
45 5.9586374841e-01 3.6274236881e-02 5.8331468377e+00 4.2837545533e+01
46 5.9590150583e-01 3.6251791689e-02 5.7645361770e+00 4.1857523180e+01
47 5.9588765485e-01 3.6281467525e-02 5.7509787751e+00 4.1730062809e+01
48 5.9605565938e-01 3.6890606939e-02 5.6204133266e+00 3.9845593488e+01
49 5.9604305492e-01 3.6886463753e-02 5.5851055620e+00 3.9573166443e+01
50 5.9597690524e-01 3.6951017486e-02 5.5577968499e+00 3.9341717953e+01
51 5.9640736742e-01 3.8145173948e-02 5.3523114229e+00 3.6297018079e+01
52 5.9635380295e-01 3.8183939407e-02 5.3372106996e+00 3.6183380692e+01
53 5.9636120790e-01 3.8288531724e-02 5.3309940940e+00 3.6098511813e+01
54 5.9642970659e-01 3.8372321512e-02 5.3288178268e+00 3.6055402813e+01
55 5.9637595676e-01 3.8424223895e-02 5.3078516575e+00 3.5896715029e+01
56 5.9654267922e-01 3.9702881216e-02 5.5599421300e+00 3.9853731475e+01
57 5.9682141577e-01 4.0362223022e-02 5.4552403686e+00 3.8201483665e+01
58 5.9679148689e-01 4.0243696523e-02 5.4510087706e+00 3.8331070043e+01
59 5.9684425944e-01 4.0338945997e-02 5.4394373574e+00 3.8196403725e+01
60 5.9724836073e-01 4.2340994771e-02 5.5229810761e+00 3.9198534246e+01
61 5.9719274386e-01 4.2359272818e-02 5.5190948614e+00 3.9160392933e+01
62 5.9717813578e-01 4.2390796538e-02 5.5075875477e+00 3.9052346525e+01
63 5.9735098500e-01 4.2964264569e-02 5.3867522972e+00 3.7475680083e+01
64 5.9785766160e-01 4.4290956813e-02 5.2033607119e+00 3.4693087259e+01
65 5.9783421885e-01 4.4299808678e-02 5.2016907780e+00 3.4676316367e+01
66 5.9849513876e-01 4.6153547237e-02 4.9356371805e+00 3.1082111825e+01
67 5.9867019018e-01 4.6827289981e-02 4.8482712716e+00 2.9950382378e+01
68 5.9888832567e-01 4.7402220225e-02 4.7690513652e+00 2.8963582105e+01
69 5.9877871008e-01 4.7454733168e-02 4.7574016192e+00 2.8882521481e+01
70 5.9880079283e-01 4.7468083071e-02 4.7508693699e+00 2.8843741667e+01
71 5.9905350471e-01 4.8101733647e-02 4.7049816820e+00 2.8271759581e+01
72 5.9932104148e-01 4.8651826467e-02 4.6181251067e+00 2.7327148221e+01
73 5.9965276093e-01 5.0047725390e-02 4.6033139720e+00 2.7066832760e+01
74 5.9971473868e-01 5.0153734165e-02 4.6120524046e+00 2.7228539055e+01
75 5.9988797050e-01 5.0603260852e-02 4.5265485538e+00 2.6272650155e+01
76 6.0007660370e-01 5.1212082788e-02 4.4551698853e+00 2.5450415205e+01
77 6.0009700028e-01 5.1283012094e-02 4.4512150592e+00 2.5395005977e+01
78 5.9988462952e-01 5.0774072625e-02 4.4810530251e+00 2.5746383057e+01
79 5.9984388215e-01 5.1334458936e-02 4.5955142969e+00 2.7023697078e+01
80 5.9985928531e-01 5.1345439104e-02 4.5914443537e+00 2.6995319212e+01
81 6.0004240471e-01 5.1937785103e-02 4.5227196789e+00 2.6166217172e+01
82 6.0030883179e-01 5.3555330829e-02 4.5060862617e+00 2.5831718261e+01
83 6.0019501182e-01 5.3584587125e-02 4.4987464784e+00 2.5790496642e+01
84 6.0006683713e-01 5.3558318667e-02 4.4790858232e+00 2.5659710794e+01
85 6.0002535341e-01 5.3648628600e-02 4.4774872414e+00 2.5628870795e+01
86 5.9994582684e-01 5.3683691573e-02 4.4719917829e+00 2.5589510964e+01
87 5.9993397436e-01 5.3690751849e-02 4.4707858839e+00 2.5580055444e+01
88 5.9994543048e-01 5.3689609405e-02 4.4648827209e+00 2.5555418582e+01
89 5.9982857766e-01 5.3724736852e-02 4.4553395290e+00 2.5499903512e+01
90 5.9982357760e-01 5.3760236939e-02 4.4455448543e+00 2.5435527483e+01
91 5.9984249306e-01 5.3571372730e-02 4.4134909513e+00 2.5071771096e+01
92 5.9984649500e-01 5.3603228617e-02 4.4056475282e+00 2.5011730892e+01
93 5.9995805360e-01 5.3588992012e-02 4.4048612895e+00 2.4999306510e+01
94 5.9994035115e-01 5.3619833538e-02 4.3979414910e+00 2.4948076690e+01
95 6.0009930360e-01 5.4263649391e-02 4.3126912855e+00 2.4119359363e+01
96 6.0021269144e-01 5.5153551923e-02 4.3526502699e+00 2.4507576373e+01
97 5.9998212276e-01 5.5142608981e-02 4.4414031508e+00 2.5540387985e+01
98 6.0000881584e-01 5.5174732989e-02 4.4318393126e+00 2.5472921339e+01
99 5.9970910116e-01 5.3862491871e-02 4.4333699940e+00 2.5705087648e+01
100 6.0004874550e-01 5.4323420722e-02 4.3759731794e+00 2.5032832637e+01
101 6.0019895675e-01 5.5191600237e-02 4.4302293282e+00 2.5517821228e+01
102 5.9982116326e-01 5.4814320447e-02 4.4716973220e+00 2.6065673619e+01
103 5.9990038799e-01 5.4886106538e-02 4.4617417502e+00 2.5969960372e+01
104 6.0008923080e-01 5.5491685698e-02 4.4099665240e+00 2.5453626013e+01
105 6.0050055528e-01 5.6514391339e-02 4.3103769544e+00 2.4367941816e+01
106 6.0033747802e-01 5.6417889744e-02 4.3103999812e+00 2.4439963149e+01
107 6.0017841846e-01 5.5614325709e-02 4.2556287066e+00 2.4030624305e+01
108 6.0039875886e-01 5.6240757498e-02 4.2069752196e+00 2.3399498587e+01
109 5.9991855321e-01 5.4854822649e-02 4.1880264926e+00 2.3332509710e+01
110 6.0025785831e-01 5.5894702436e-02 4.1492096114e+00 2.2703891001e+01
111 6.0045350831e-01 5.6205978555e-02 4.1023745290e+00 2.2257936982e+01
112 6.0048660519e-01 5.6210657700e-02 4.0994920483e+00 2.2241043375e+01
113 6.0044883829e-01 5.6294708390e-02 4.0794551089e+00 2.2125173833e+01
114 6.0042221286e-01 5.6385709545e-02 4.0677436011e+00 2.2024221362e+01
115 6.0076600073e-01 5.7144184527e-02 3.9715670246e+00 2.0982791037e+01
116 6.0119560172e-01 5.8438174281e-02 3.9512808899e+00 2.0582248822e+01
117 6.0165046147e-01 5.9299081958e-02 3.8573913080e+00 1.9663739660e+01
118 6.0164644752e-01 5.9496004454e-02 3.8745452900e+00 1.9855105286e+01
119 6.0189930032e-01 5.9837898867e-02 3.8320874262e+00 1.9469792191e+01
120 6.0196542717e-01 5.9608666084e-02 3.8350170388e+00 1.9556427725e+01
121 6.0249072532e-01 6.0025435491e-02 3.6766130659e+00 1.8053784359e+01
122 6.0248196767e-01 6.0231460197e-02 3.6831275358e+00 1.8180941009e+01
123 6.0286521458e-01 6.1704881771e-02 3.7162540392e+00 1.8425951672e+01
124 6.0280723185e-01 6.1785376799e-02 3.7076307868e+00 1.8365625094e+01
125 6.0329878471e-01 6.2639598042e-02 3.6348897851e+00 1.7645164736e+01
126 6.0307962156e-01 6.2165763919e-02 3.6560248289e+00 1.7887930807e+01
127 6.0324511386e-01 6.2589996425e-02 3.6167490600e+00 1.7526182410e+01
128 6.0325525188e-01 6.2606291641e-02 3.6126142049e+00 1.7506639540e+01
129 6.0316107056e-01 6.2706881872e-02 3.6091275341e+00 1.7475871463e+01
130 6.0304229760e-01 6.1906064027e-02 3.5402267584e+00 1.6854276695e+01
131 6.0275725916e-01 6.1464424414e-02 3.5680066103e+00 1.7165055952e+01
132 6.0210176556e-01 5.9597665839e-02 3.5566613544e+00 1.7111595139e+01
133 6.0240988972e-01 6.0819145364e-02 3.5454523891e+00 1.6983374596e+01
134 6.0243498014e-01 6.0822506339e-02 3.5442973207e+00 1.6973093507e+01
135 6.0258948969e-01 6.1646489043e-02 3.5538945929e+00 1.7022555985e+01
136 6.0256551392e-01 6.1645098530e-02 3.5553417943e+00 1.7029576858e+01
137 6.0243572814e-01 6.1800638261e-02 3.5504497872e+00 1.7009430482e+01
138 6.0254564365e-01 6.1801388404e-02 3.5528824986e+00 1.7011436614e+01
139 6.0270334903e-01 6.2681640259e-02 3.6128053403e+00 1.7573572486e+01
140 6.0270404531e-01 6.2793830360e-02 3.5884579079e+00 1.7456489452e+01
141 6.0262183215e-01 6.2901176873e-02 3.5755970553e+00 1.7377073032e+01
142 6.0264012990e-01 6.2915437209e-02 3.5720664533e+00 1.7357666513e+01
143 6.0248496637e-01 6.2071502152e-02 3.5097504955e+00 1.6777558177e+01
144 6.0270138009e-01 6.2568554552e-02 3.4691487840e+00 1.6406674800e+01
145 6.0292705248e-01 6.3008287590e-02 3.4293854372e+00 1.6063287089e+01
146 6.0315101430e-01 6.3347604110e-02 3.3930994681e+00 1.5768354050e+01
147 6.0352070973e-01 6.4066914508e-02 3.3278455992e+00 1.5214503909e+01
148 6.0356617738e-01 6.4866947344e-02 3.3692820121e+00 1.5581515842e+01
149 6.0355152542e-01 6.4877422846e-02 3.3685318235e+00 1.5574252667e+01
150 6.0325498854e-01 6.4366126031e-02 3.3889650396e+00 1.5754384676e+01
151 6.0309979458e-01 6.4318731856e-02 3.3869259669e+00 1.5763755202e+01
152 6.0301116453e-01 6.4479078445e-02 3.3884876286e+00 1.5800292999e+01
153 6.0248434464e-01 6.3462513358e-02 3.3795962034e+00 1.5821082702e+01
154 6.0261283016e-01 6.4181361648e-02 3.3920171077e+00 1.5866810669e+01
155 6.0240536033e-01 6.4286706015e-02 3.3808315543e+00 1.5812782399e+01
156 6.0240091492e-01 6.4293995820e-02 3.3798278064e+00 1.5806572491e+01
157 6.0240137275e-01 6.4301704870e-02 3.3752497257e+00 1.5793041316e+01
158 6.0229122853e-01 6.3754820106e-02 3.3429582362e+00 1.5572069870e+01
159 6.0220135615e-01 6.3750877043e-02 3.3442425535e+00 1.5580722056e+01
160 6.0212922193e-01 6.3819161263e-02 3.3349756624e+00 1.5531952667e+01
161 6.0209077728e-01 6.3833552929e-02 3.3368975625e+00 1.5536031537e+01
162 6.0170639540e-01 6.2644259492e-02 3.3082016022e+00 1.5334091440e+01
163 6.0197091297e-01 6.3037522270e-02 3.2811291031e+00 1.5071539203e+01
164 6.0204281979e-01 6.3056096414e-02 3.2716242197e+00 1.5029065314e+01
165 6.0203573268e-01 6.3078630583e-02 3.2674231713e+00 1.5010436159e+01
166 6.0200751454e-01 6.3094522452e-02 3.2659325987e+00 1.5001191967e+01
167 6.0203055130e-01 6.3176107407e-02 3.2613003941e+00 1.4976044022e+01
168 6.0207844341e-01 6.3155370097e-02 3.2599562997e+00 1.4974864930e+01
169 6.0202413464e-01 6.3264280213e-02 3.2668177983e+00 1.5056709009e+01
170 6.0167317217e-01 6.2222632514e-02 3.2403674708e+00 1.4883295248e+01
171 6.0170819579e-01 6.2295567946e-02 3.2479569037e+00 1.4972929164e+01
172 6.0157692053e-01 6.2342364550e-02 3.2408331442e+00 1.4860570206e+01
173 6.0168105341e-01 6.2304085375e-02 3.2351436193e+00 1.4842834191e+01
174 6.0170850067e-01 6.2321453152e-02 3.2307269979e+00 1.4821292863e+01
175 6.0198299777e-01 6.2717319443e-02 3.2050698254e+00 1.4578543863e+01
176 6.0232114156e-01 6.3702554610e-02 3.2373860422e+00 1.4839776292e+01
177 6.0220386987e-01 6.3719749868e-02 3.2401027599e+00 1.4847323265e+01
178 6.0239382431e-01 6.4819586899e-02 3.2672528253e+00 1.4983051347e+01
179 6.0226854918e-01 6.4103167604e-02 3.2166292587e+00 1.4575814841e+01
180 6.0221272759e-01 6.4246448338e-02 3.2141957821e+00 1.4544636365e+01
181 6.0223766987e-01 6.4267187776e-02 3.2074309550e+00 1.4527630242e+01
182 6.0243816272e-01 6.4707196306e-02 3.1748227679e+00 1.4246326361e+01
183 6.0191273808e-01 6.3108401586e-02 3.1346825353e+00 1.4049416237e+01
184 6.0192406989e-01 6.3147297748e-02 3.1277721013e+00 1.4013223775e+01
185 6.0199146882e-01 6.3971769388e-02 3.1646097734e+00 1.4367113144e+01
186 6.0213400395e-01 6.4537651546e-02 3.1441199268e+00 1.4127814218e+01
187 6.0200629091e-01 6.3920200668e-02 3.1114736686e+00 1.3942349347e+01
188 6.0171170823e-01 6.3660520978e-02 3.1317436456e+00 1.4134704040e+01
189 6.0182543583e-01 6.4371299587e-02 3.1730667615e+00 1.4471537606e+01
190 6.0189662312e-01 6.4130081900e-02 3.1063285597e+00 1.3908905449e+01
191 6.0233849026e-01 6.5292229771e-02 3.0602734677e+00 1.3429283792e+01
192 6.0267992610e-01 6.5972675933e-02 3.0710791026e+00 1.3574471525e+01
193 6.0248214731e-01 6.5655701249e-02 3.0910487910e+00 1.3771827065e+01
194 6.0240750784e-01 6.6321274988e-02 3.1875962618e+00 1.4648608036e+01
195 6.0268581094e-01 6.6795423284e-02 3.1618601160e+00 1.4385152384e+01
196 6.0268367923e-01 6.6830274552e-02 3.1557130256e+00 1.4357120064e+01
197 6.0253664786e-01 6.6896418009e-02 3.1507111494e+00 1.4330563602e+01
198 6.0248088083e-01 6.7774056221e-02 3.1978027385e+00 1.4759314044e+01
199 6.0230729609e-01 6.7013595676e-02 3.1276605014e+00 1.4140171573e+01
200 6.0277930815e-01 6.7791937131e-02 3.0781921025e+00 1.3680588125e+01
201 6.0281967588e-01 6.7830419037e-02 3.0778518104e+00 1.3673528576e+01
202 6.0293120442e-01 6.8438859072e-02 3.0513331110e+00 1.3494666198e+01
203 6.0285929039e-01 6.8990711845e-02 3.1358421543e+00 1.4216978246e+01
204 6.0276225848e-01 6.8924453673e-02 3.1241114841e+00 1.4113820093e+01
205 6.0302872868e-01 6.9433773787e-02 3.1138954093e+00 1.4042870710e+01
206 6.0287290901e-01 6.9178557646e-02 3.0981855078e+00 1.3900098451e+01
207 6.0273263141e-01 6.8499711487e-02 3.0588996640e+00 1.3590856440e+01
208 6.0275769464e-01 6.8553849331e-02 3.0468610372e+00 1.3553132925e+01
209 6.0296114422e-01 6.8968382188e-02 3.0152124043e+00 1.3242510121e+01
210 6.0312289374e-01 6.9261388560e-02 2.9897393377e+00 1.3049343815e+01
211 6.0283573951e-01 6.8657126266e-02 3.0096987537e+00 1.3276030307e+01
212 6.0333753295e-01 6.8653765993e-02 2.9036193546e+00 1.2451603158e+01
213 6.0316451603e-01 6.7937304644e-02 2.8539968085e+00 1.2090017406e+01
214 6.0290341666e-01 6.7667332979e-02 2.8712885683e+00 1.2244584447e+01
215 6.0283821390e-01 6.6891142342e-02 2.8069604542e+00 1.1759976526e+01
216 6.0296851157e-01 6.7235525655e-02 2.7908270384e+00 1.1606062021e+01
217 6.0288860292e-01 6.7092338516e-02 2.7812520584e+00 1.1508407303e+01
218 6.0288028791e-01 6.7073295940e-02 2.7766953306e+00 1.1493161331e+01
219 6.0313347610e-01 6.7505848817e-02 2.7538100822e+00 1.1310441586e+01
220 6.0305574839e-01 6.7626548243e-02 2.7601509020e+00 1.1335920876e+01
221 6.0315213688e-01 6.8260964762e-02 2.7847833975e+00 1.1500152622e+01
222 6.0269793452e-01 6.7110482330e-02 2.7279728649e+00 1.1048732525e+01
223 6.0290695944e-01 6.7828923240e-02 2.7840134066e+00 1.1526363779e+01
224 6.0303324064e-01 6.8274548879e-02 2.7635141431e+00 1.1350592155e+01
225 6.0318136855e-01 6.8952464515e-02 2.8028638156e+00 1.1649057462e+01
226 6.0340247141e-01 6.9347740402e-02 2.7855977959e+00 1.1484522713e+01
227 6.0359422089e-01 6.9500688406e-02 2.7597848122e+00 1.1294807775e+01
228 6.0364615443e-01 6.9287459151e-02 2.7000684995e+00 1.0842555449e+01
229 6.0358721972e-01 6.9240104399e-02 2.7028352258e+00 1.0868128319e+01
230 6.0372785298e-01 6.9695650045e-02 2.6856708552e+00 1.0717724924e+01
231 6.0392765421e-01 7.0137283266e-02 2.6670766300e+00 1.0578875618e+01
232 6.0412365607e-01 7.0582631601e-02 2.6438327777e+00 1.0412898497e+01
233 6.0405185082e-01 7.0646566935e-02 2.6379199482e+00 1.0387875185e+01
234 6.0385747114e-01 7.0051691740e-02 2.5942444383e+00 1.0063192259e+01
235 6.0406607302e-01 7.0254609222e-02 2.5766450555e+00 9.9478451322e+00
236 6.0388968662e-01 6.9543239923e-02 2.5158601726e+00 9.4987850826e+00
237 6.0387637663e-01 6.9604789806e-02 2.5086222829e+00 9.4687370583e+00
238 6.0366579063e-01 6.9561804973e-02 2.5143956872e+00 9.5143778061e+00
239 6.0373631376e-01 6.9596305395e-02 2.5062614579e+00 9.4883330573e+00
240 6.0395103387e-01 6.9965394017e-02 2.4942174919e+00 9.3903012513e+00
241 6.0411360662e-01 7.0354493487e-02 2.4764116892e+00 9.2610816985e+00
242 6.0437248659e-01 7.0904461090e-02 2.4665813660e+00 9.1674058963e+00
243 6.0429779807e-01 7.0953087537e-02 2.4633177096e+00 9.1543313996e+00
244 6.0463709790e-01 7.2067304779e-02 2.5146287846e+00 9.6048056139e+00
245 6.0457841017e-01 7.2118715435e-02 2.5100286257e+00 9.5875889015e+00
246 6.0465614156e-01 7.2294846407e-02 2.4858672664e+00 9.4447103794e+00
247 6.0457398288e-01 7.2353226841e-02 2.4851299146e+00 9.4361093863e+00
248 6.0510127124e-01 7.3315413526e-02 2.4727073452e+00 9.3597046275e+00
249 6.0518017279e-01 7.3294341996e-02 2.4732005668e+00 9.3627856827e+00
250 6.0564629674e-01 7.3909878189e-02 2.4397371887e+00 9.1290516351e+00
251 6.0554876134e-01 7.3995428167e-02 2.4312044159e+00 9.1062908917e+00
252 6.0587588171e-01 7.4941438840e-02 2.4585556668e+00 9.3675065986e+00
253 6.0591041090e-01 7.4877472972e-02 2.4588557743e+00 9.3770159060e+00
254 6.0585756447e-01 7.4819290547e-02 2.4596737986e+00 9.3873327019e+00
255 6.0580778824e-01 7.4817027072e-02 2.4618089386e+00 9.3949613989e+00
256 6.0581322494e-01 7.4811780767e-02 2.4606346734e+00 9.3943418301e+00
257 6.0600587102e-01 7.4944757479e-02 2.4433082798e+00 9.2943357227e+00
258 6.0595982347e-01 7.4869832854e-02 2.4417634434e+00 9.2930983251e+00
259 6.0559040479e-01 7.4465718568e-02 2.4558568546e+00 9.4189166304e+00
260 6.0592353440e-01 7.5192015106e-02 2.4602693934e+00 9.4286137496e+00
261 6.0581935583e-01 7.4728039108e-02 2.4183609142e+00 9.1173292936e+00
262 6.0605205257e-01 7.5087345765e-02 2.4034901220e+00 9.0017334623e+00
263 6.0612740661e-01 7.5747536369e-02 2.4443373078e+00 9.2862652634e+00
264 6.0604723500e-01 7.5720215260e-02 2.4425546486e+00 9.2836652054e+00
265 6.0590564653e-01 7.5572774495e-02 2.4420444371e+00 9.3006748837e+00
266 6.0635355773e-01 7.6049368630e-02 2.4092351313e+00 9.0913566866e+00
267 6.0667680753e-01 7.6420860575e-02 2.3912168294e+00 8.9709691576e+00
268 6.0650753765e-01 7.6662978529e-02 2.4508230292e+00 9.4250479007e+00
269 6.0606707420e-01 7.5915512329e-02 2.4519324631e+00 9.4657849145e+00
270 6.0625135320e-01 7.6606612428e-02 2.4989373190e+00 9.8380043049e+00
271 6.0650380317e-01 7.7255899976e-02 2.5313146606e+00 1.0063421212e+01
272 6.0661261767e-01 7.7919250979e-02 2.5626084795e+00 1.0293733876e+01
273 6.0661771828e-01 7.7953413014e-02 2.5627676379e+00 1.0288752833e+01
274 6.0682496739e-01 7.8470241273e-02 2.5509410413e+00 1.0200419122e+01
275 6.0697274787e-01 7.8855659981e-02 2.5339287461e+00 1.0068724645e+01
276 6.0696395725e-01 7.8790307105e-02 2.5349399918e+00 1.0085182233e+01
277 6.0654479721e-01 7.7737440100e-02 2.5018258337e+00 9.8823013784e+00
278 6.0640742665e-01 7.8080911980e-02 2.5426839763e+00 1.0189251273e+01
279 6.0631560954e-01 7.8096290495e-02 2.5402974112e+00 1.0184639689e+01
280 6.0614292559e-01 7.7793012748e-02 2.5510384072e+00 1.0297046966e+01
281 6.0614310360e-01 7.7823147161e-02 2.5564469931e+00 1.0348844907e+01
282 6.0610061037e-01 7.7846799818e-02 2.5505750884e+00 1.0326604853e+01
283 6.0575623644e-01 7.7403094779e-02 2.5575263091e+00 1.0376953017e+01
284 6.0629570037e-01 7.8915637526e-02 2.5927611062e+00 1.0574191968e+01
285 6.0632323393e-01 7.9013291130e-02 2.5931111759e+00 1.0558976364e+01
286 6.0626677863e-01 7.9113246737e-02 2.5877879155e+00 1.0534000423e+01
287 6.0692276769e-01 8.0574734926e-02 2.5965837232e+00 1.0557473275e+01
288 6.0688909548e-01 8.0513376635e-02 2.6010382801e+00 1.0581698146e+01
289 6.0684654194e-01 8.0480776217e-02 2.6039356403e+00 1.0598739816e+01
290 6.0699146608e-01 8.1215952146e-02 2.6558101329e+00 1.1003106672e+01
291 6.0662599116e-01 7.9868395082e-02 2.5824832143e+00 1.0495581254e+01
292 6.0645227349e-01 7.9171723940e-02 2.5577667477e+00 1.0360678756e+01
293 6.0641038886e-01 7.9180713898e-02 2.5582355421e+00 1.0361458326e+01
294 6.0625318097e-01 7.9168612020e-02 2.5587667392e+00 1.0367561268e+01
295 6.0632749012e-01 7.8861305169e-02 2.5094949906e+00 1.0031701366e+01
296 6.0653636034e-01 7.9493581033e-02 2.4949782816e+00 9.8984395283e+00
297 6.0697619968e-01 8.0039720610e-02 2.4634398519e+00 9.6675316355e+00
298 6.0739369187e-01 8.0447568247e-02 2.4344583800e+00 9.4854922403e+00
299 6.0736897326e-01 8.0463709987e-02 2.4362720521e+00 9.4942060311e+00
300 6.0736845353e-01 8.0532197606e-02 2.4311122303e+00 9.4709932539e+00
301 6.0750477964e-01 8.1337497215e-02 2.4753359452e+00 9.8253597463e+00
302 6.0744293092e-01 8.1767588771e-02 2.5028324075e+00 9.9829850019e+00
303 6.0758178882e-01 8.2261552509e-02 2.5120895943e+00 9.9984265729e+00
304 6.0749184323e-01 8.2304079299e-02 2.5106692611e+00 9.9895337929e+00
305 6.0712950375e-01 8.1288993561e-02 2.4953335522e+00 9.9369886858e+00
306 6.0713018985e-01 8.1318803239e-02 2.4920201346e+00 9.9230988520e+00
307 6.0709504828e-01 8.1277696899e-02 2.4898170592e+00 9.9269142962e+00
308 6.0753875764e-01 8.1735681427e-02 2.4589180743e+00 9.7188250470e+00
309 6.0765704691e-01 8.1741936564e-02 2.4543131007e+00 9.7019071942e+00
310 6.0765078557e-01 8.1525029409e-02 2.4357521241e+00 9.5898824232e+00
311 6.0782459230e-01 8.1844525141e-02 2.4206270873e+00 9.4769648824e+00
312 6.0800936074e-01 8.2075212349e-02 2.4064842360e+00 9.3790008005e+00
313 6.0799238587e-01 8.2092512813e-02 2.4053493727e+00 9.3737580782e+00
314 6.0733928882e-01 8.0958941750e-02 2.4079015609e+00 9.3952005978e+00
315 6.0734483427e-01 8.0882198445e-02 2.4081864816e+00 9.4090254530e+00
316 6.0742705275e-01 8.1269488369e-02 2.4137020521e+00 9.3975775874e+00
317 6.0753797492e-01 8.1468696169e-02 2.4011758649e+00 9.3135184451e+00
318 6.0737501772e-01 8.1068303678e-02 2.3841986556e+00 9.2367844287e+00
319 6.0776464323e-01 8.1797408936e-02 2.3578150295e+00 9.0213449559e+00
320 6.0808663257e-01 8.2775718470e-02 2.3710179690e+00 9.1273861459e+00
321 6.0804254673e-01 8.2766373562e-02 2.3725722804e+00 9.1333891716e+00
322 6.0776970105e-01 8.2072470534e-02 2.3287428931e+00 8.8738673536e+00
323 6.0784746994e-01 8.2618460687e-02 2.3348572553e+00 8.8866035195e+00
324 6.0774209417e-01 8.2140600908e-02 2.3150754211e+00 8.7719442696e+00
325 6.0776081453e-01 8.2110453162e-02 2.3139751063e+00 8.7734150271e+00
326 6.0772370022e-01 8.2097446117e-02 2.3169038270e+00 8.7824840128e+00
327 6.0714307068e-01 8.1297847068e-02 2.3345562773e+00 8.9423016748e+00
328 6.0734347638e-01 8.1416339015e-02 2.3198402675e+00 8.8624525840e+00
329 6.0727699341e-01 8.1351842128e-02 2.3200454134e+00 8.8744589555e+00
330 6.0724473755e-01 8.1357894087e-02 2.3206185183e+00 8.8755530323e+00
331 6.0718897427e-01 8.1398198737e-02 2.3178052332e+00 8.8660364586e+00
332 6.0697960937e-01 8.1201660207e-02 2.3011459425e+00 8.7767390626e+00
333 6.0702297550e-01 8.0828561255e-02 2.2540582280e+00 8.4717253274e+00
334 6.0669272048e-01 7.9921288984e-02 2.2294574444e+00 8.3477012568e+00
335 6.0680567023e-01 8.0368228734e-02 2.2491952664e+00 8.4413430577e+00
336 6.0724170212e-01 8.1951661489e-02 2.3073383183e+00 8.9313561938e+00
337 6.0722297449e-01 8.1893550810e-02 2.3058620783e+00 8.9329149979e+00
338 6.0677735433e-01 8.0626323820e-02 2.2438960223e+00 8.4717454902e+00
339 6.0679230631e-01 8.0607704561e-02 2.2454963987e+00 8.4774175968e+00
340 6.0653100704e-01 8.0655003347e-02 2.2681100703e+00 8.6101336225e+00
341 6.0662516452e-01 8.1120188478e-02 2.2760709757e+00 8.6480194236e+00
342 6.0707410013e-01 8.1860696653e-02 2.2528269982e+00 8.4538659290e+00
343 6.0710439344e-01 8.1868947524e-02 2.2503437476e+00 8.4483724277e+00
344 6.0717707074e-01 8.2358490856e-02 2.2688440475e+00 8.5139174040e+00
345 6.0717683263e-01 8.2654768590e-02 2.2679449136e+00 8.4751542847e+00
346 6.0750414634e-01 8.3528171597e-02 2.2712226813e+00 8.4724364455e+00
347 6.0723699779e-01 8.3538578477e-02 2.3032283685e+00 8.7110669432e+00
348 6.0768553173e-01 8.3925775305e-02 2.2711684272e+00 8.5338600158e+00
349 6.0746251127e-01 8.3253122516e-02 2.2596566007e+00 8.5205466861e+00
350 6.0751798566e-01 8.3778434943e-02 2.2852463810e+00 8.6853907866e+00
351 6.0791837821e-01 8.4266000919e-02 2.2580501971e+00 8.5061230206e+00
352 6.0797354093e-01 8.4791994400e-02 2.2713665301e+00 8.5578895163e+00
353 6.0818297873e-01 8.5008958837e-02 2.2605271945e+00 8.4917551837e+00
354 6.0808657419e-01 8.5008221827e-02 2.2638886477e+00 8.5022130766e+00
355 6.0865578780e-01 8.6283630028e-02 2.2794368687e+00 8.5429820388e+00
356 6.0829227972e-01 8.5414292551e-02 2.2699453265e+00 8.5178352950e+00
357 6.0824228991e-01 8.5416069057e-02 2.2697187446e+00 8.5195955384e+00
358 6.0792738213e-01 8.4844345249e-02 2.2758892343e+00 8.5909286011e+00
359 6.0792263941e-01 8.4877860446e-02 2.2721523592e+00 8.5798053771e+00
360 6.0833470966e-01 8.5433313279e-02 2.2574212342e+00 8.4547941187e+00
361 6.0878089390e-01 8.6321748250e-02 2.2478804586e+00 8.3363765100e+00
362 6.0842056169e-01 8.6257287094e-02 2.2937602065e+00 8.6096482238e+00
363 6.0869650650e-01 8.6681547326e-02 2.2692182535e+00 8.4250844679e+00
364 6.0866883194e-01 8.6754420140e-02 2.2843646678e+00 8.5225244240e+00
365 6.0870134155e-01 8.6766244499e-02 2.2824376552e+00 8.5140547609e+00
