1 5.9282947138e-01 1.1102230246e-16 1.0000000000e+00 1.0000000000e+00
2 5.9286288032e-01 2.9393797719e-03 -4.4126613609e+00 1.9875402032e+02
3 5.9296390428e-01 3.5756069998e-03 -8.5204277462e-01 1.1061681151e+02
4 5.9323393267e-01 8.2750215079e-03 2.2141643113e+01 6.2717162745e+02
5 5.9325675465e-01 8.3354721211e-03 2.1678090231e+01 6.0901472689e+02
6 5.9325937756e-01 8.4435608228e-03 2.0862365554e+01 5.7850860911e+02
7 5.9316856061e-01 8.7341148696e-03 1.8534141309e+01 5.0799733812e+02
8 5.9316543916e-01 8.9794977508e-03 1.6961922629e+01 4.5585972154e+02
9 5.9332210246e-01 1.1865841443e-02 1.4704004487e+01 2.9689093499e+02
10 5.9348273523e-01 1.4045490231e-02 1.3354030160e+01 2.2561710414e+02
11 5.9370780193e-01 1.5870440544e-02 1.2345040653e+01 1.8357458757e+02
12 5.9361083903e-01 1.6051973272e-02 1.1887907738e+01 1.7587954120e+02
13 5.9362062525e-01 1.6152277265e-02 1.1657811889e+01 1.7158351340e+02
14 5.9353213663e-01 1.6322166024e-02 1.1258968266e+01 1.6495947368e+02
15 5.9352803497e-01 1.6381862337e-02 1.1136340377e+01 1.6259977505e+02
16 5.9350080631e-01 1.6387771034e-02 1.1128497726e+01 1.6243953037e+02
17 5.9353071805e-01 1.6412657819e-02 1.1077147726e+01 1.6137798735e+02
18 5.9369767440e-01 1.8065734388e-02 1.0377051159e+01 1.3689696228e+02
19 5.9373863051e-01 1.8121732246e-02 1.0281410799e+01 1.3514206792e+02
20 5.9399321227e-01 1.9577906568e-02 9.7766453772e+00 1.1841300474e+02
21 5.9414178998e-01 2.1873846429e-02 1.1236466332e+01 1.5866762816e+02
22 5.9416469677e-01 2.1979599427e-02 1.1066694615e+01 1.5562555130e+02
23 5.9433685355e-01 2.3231374305e-02 1.0330682528e+01 1.3428476478e+02
24 5.9446894045e-01 2.4530745667e-02 9.5769086886e+00 1.1578446251e+02
25 5.9459187040e-01 2.5699866014e-02 9.0274274874e+00 1.0252438954e+02
26 5.9447581836e-01 2.3868752800e-02 8.0289418896e+00 7.9756403658e+01
27 5.9495630351e-01 2.6148477484e-02 7.5529356018e+00 6.8485723972e+01
28 5.9520920546e-01 2.7159591277e-02 7.2855280262e+00 6.3389550005e+01
29 5.9520878526e-01 2.7231937731e-02 7.2221308051e+00 6.2732004829e+01
30 5.9510215883e-01 2.7339451836e-02 7.1354507435e+00 6.1886595611e+01
31 5.9532714660e-01 2.8356362825e-02 6.9040536988e+00 5.7646597977e+01
32 5.9525964599e-01 2.8405238178e-02 6.8714633702e+00 5.7321403750e+01
33 5.9525432130e-01 2.8544849906e-02 6.8638830702e+00 5.7240658492e+01
34 5.9573366071e-01 3.0400786479e-02 6.5038967582e+00 5.0698359329e+01
35 5.9572821328e-01 3.0442991244e-02 6.4727995513e+00 5.0430407377e+01
36 5.9595337944e-01 3.1241978872e-02 6.3027069537e+00 4.7626363584e+01
37 5.9610415899e-01 3.2156220594e-02 6.1229349117e+00 4.4941988321e+01
38 5.9614602230e-01 3.2220231669e-02 6.0796614935e+00 4.4562059406e+01
39 5.9610041404e-01 3.2255781989e-02 6.0613859121e+00 4.4403042781e+01
40 5.9632313203e-01 3.3080203607e-02 5.9329116038e+00 4.2301850523e+01
41 5.9649227347e-01 3.3942483105e-02 5.8005695081e+00 4.0308984791e+01
42 5.9674136987e-01 3.4711842676e-02 5.6899310437e+00 3.8590949979e+01
43 5.9700551873e-01 3.5677816219e-02 5.6059513538e+00 3.7291799365e+01
44 5.9740607008e-01 3.7229655539e-02 5.4050284753e+00 3.4415988906e+01
45 5.9732848198e-01 3.7244184473e-02 5.3882235214e+00 3.4297887440e+01
46 5.9764522005e-01 3.7995157905e-02 5.2820411573e+00 3.2902526681e+01
47 5.9812182314e-01 3.9270273920e-02 5.1085374070e+00 3.0627035195e+01
48 5.9802725237e-01 3.9187150291e-02 5.0910891871e+00 3.0455209325e+01
49 5.9803088588e-01 3.9221400877e-02 5.0778918899e+00 3.0348522498e+01
50 5.9827570764e-01 4.0034522946e-02 5.0050079565e+00 2.9386336191e+01
51 5.9851329337e-01 4.0678772253e-02 4.9282710009e+00 2.8430592693e+01
52 5.9893680571e-01 4.1915750499e-02 4.7762464357e+00 2.6638840731e+01
53 5.9934099378e-01 4.3185455390e-02 4.6242264466e+00 2.4988832746e+01
54 5.9925941798e-01 4.3323650544e-02 4.6077703675e+00 2.4893932389e+01
55 5.9933508755e-01 4.4442631302e-02 4.7883840158e+00 2.7738204270e+01
56 5.9935999352e-01 4.4452171908e-02 4.7832361248e+00 2.7703678260e+01
57 5.9953467861e-01 4.5137562875e-02 4.7025825338e+00 2.6779006887e+01
58 5.9998438411e-01 4.6647109321e-02 4.7510186626e+00 2.7542520027e+01
59 5.9996988792e-01 4.6829096802e-02 4.7449826465e+00 2.7472466214e+01
60 5.9968666136e-01 4.6389263407e-02 4.8004499719e+00 2.8203632197e+01
61 5.9988610131e-01 4.6955574367e-02 4.7271563558e+00 2.7324412514e+01
62 5.9948900220e-01 4.5275498426e-02 4.6360989650e+00 2.5992039666e+01
63 5.9920837757e-01 4.4798010789e-02 4.6950537003e+00 2.6720495892e+01
64 5.9917901748e-01 4.4850715080e-02 4.6784203250e+00 2.6609920287e+01
65 5.9925302651e-01 4.6086820269e-02 4.8756503561e+00 2.9639532294e+01
66 5.9966426749e-01 4.7108326051e-02 4.7241361744e+00 2.7836207669e+01
67 6.0009507710e-01 4.8269748071e-02 4.5905071712e+00 2.6194431748e+01
68 6.0005357155e-01 4.8293107472e-02 4.5854737476e+00 2.6160456268e+01
69 6.0013688398e-01 4.9349174508e-02 4.6880432773e+00 2.7509337866e+01
70 6.0055575873e-01 5.0273975040e-02 4.5609198613e+00 2.6031534980e+01
71 6.0074505312e-01 5.0893337925e-02 4.4956178447e+00 2.5250851899e+01
72 6.0088187232e-01 5.1860228242e-02 4.5608143373e+00 2.5922918015e+01
73 6.0093641731e-01 5.1866974965e-02 4.5564706886e+00 2.5889708572e+01
74 6.0088716621e-01 5.1877461142e-02 4.5563644829e+00 2.5886152543e+01
75 6.0101322556e-01 5.2927970677e-02 4.6010916209e+00 2.6511419176e+01
76 6.0092984738e-01 5.2985665880e-02 4.5884005636e+00 2.6427826569e+01
77 6.0084543148e-01 5.3043540105e-02 4.5772062281e+00 2.6342129062e+01
78 6.0081258555e-01 5.3101645648e-02 4.5622264644e+00 2.6240409477e+01
79 6.0104940309e-01 5.3521099834e-02 4.5060009734e+00 2.5592780969e+01
80 6.0097589167e-01 5.3622328238e-02 4.4960103530e+00 2.5503756852e+01
81 6.0091364515e-01 5.3592165938e-02 4.4981996688e+00 2.5531915107e+01
82 6.0108649326e-01 5.4094391082e-02 4.4351095132e+00 2.4839657156e+01
83 6.0105676341e-01 5.4118748271e-02 4.4299470334e+00 2.4805510707e+01
84 6.0118009889e-01 5.4643478092e-02 4.3640562165e+00 2.4114886213e+01
85 6.0131823476e-01 5.5559228165e-02 4.3920036259e+00 2.4385946577e+01
86 6.0152470603e-01 5.6082893872e-02 4.3342604440e+00 2.3744625812e+01
87 6.0151825826e-01 5.6132170925e-02 4.3216198288e+00 2.3665609916e+01
88 6.0218261695e-01 5.7537527297e-02 4.1643980996e+00 2.1995615973e+01
89 6.0211362066e-01 5.7564985002e-02 4.1613945225e+00 2.1974137264e+01
90 6.0221411470e-01 5.7776986653e-02 4.1003639135e+00 2.1404717889e+01
91 6.0240266420e-01 5.8161826037e-02 4.0461313522e+00 2.0922277564e+01
92 6.0270270907e-01 5.8594021398e-02 3.9971839509e+00 2.0441054014e+01
93 6.0283789086e-01 5.9335120538e-02 4.0300219624e+00 2.0688745978e+01
94 6.0287142632e-01 5.9341491874e-02 4.0266845922e+00 2.0671170146e+01
95 6.0285482342e-01 5.9528277166e-02 4.0492456520e+00 2.0917908530e+01
96 6.0246724080e-01 5.8243996116e-02 4.0432672635e+00 2.0927832210e+01
97 6.0263293394e-01 5.8700547708e-02 3.9912270201e+00 2.0433116578e+01
98 6.0263178597e-01 5.8641516791e-02 3.9931680203e+00 2.0463126152e+01
99 6.0278224579e-01 5.9006762624e-02 3.9511439168e+00 2.0059952516e+01
100 6.0292575707e-01 5.9481037680e-02 3.9005693663e+00 1.9590131624e+01
101 6.0277952341e-01 5.8653506624e-02 3.8422827263e+00 1.9027626701e+01
102 6.0296467208e-01 5.9003209204e-02 3.8035249944e+00 1.8659983600e+01
103 6.0313698706e-01 5.9517806874e-02 3.7580621596e+00 1.8229931578e+01
104 6.0360597118e-01 6.0283997540e-02 3.6827588962e+00 1.7524485268e+01
105 6.0354982805e-01 6.0308692040e-02 3.6805275334e+00 1.7509805411e+01
106 6.0344966797e-01 6.0357003991e-02 3.6753907765e+00 1.7479238595e+01
107 6.0349899910e-01 6.0431469127e-02 3.6716288778e+00 1.7442299657e+01
108 6.0331881238e-01 5.9690601096e-02 3.6220375402e+00 1.7001245725e+01
109 6.0345461333e-01 6.0570177591e-02 3.6797602621e+00 1.7563472732e+01
110 6.0362206462e-01 6.1296640618e-02 3.7186276281e+00 1.7918778164e+01
111 6.0374866021e-01 6.2023720785e-02 3.7427577544e+00 1.8092316584e+01
112 6.0435286933e-01 6.3583465704e-02 3.7087738094e+00 1.7710298054e+01
113 6.0394828050e-01 6.2491078839e-02 3.7109199222e+00 1.7791240488e+01
114 6.0390425730e-01 6.2492100267e-02 3.7049527593e+00 1.7770398403e+01
115 6.0388893152e-01 6.2498492589e-02 3.7044367114e+00 1.7766820151e+01
116 6.0387228059e-01 6.2504487447e-02 3.7040444120e+00 1.7764059267e+01
117 6.0365277210e-01 6.2221141497e-02 3.7335968769e+00 1.8042005416e+01
118 6.0409007209e-01 6.3105800332e-02 3.6562792273e+00 1.7329879155e+01
119 6.0383588237e-01 6.2898918233e-02 3.6857047902e+00 1.7591581216e+01
120 6.0379872402e-01 6.2899213945e-02 3.6879192219e+00 1.7599020646e+01
121 6.0436943240e-01 6.4818729724e-02 3.7186432231e+00 1.7788017524e+01
122 6.0437566497e-01 6.4814797728e-02 3.7190802540e+00 1.7790885382e+01
123 6.0434853413e-01 6.4980879446e-02 3.7319373420e+00 1.7976910927e+01
124 6.0459700699e-01 6.5503298299e-02 3.6909696573e+00 1.7670584938e+01
125 6.0481799857e-01 6.5844904142e-02 3.6466497903e+00 1.7229958483e+01
126 6.0503579812e-01 6.6304315973e-02 3.6096489427e+00 1.6890277495e+01
127 6.0525692813e-01 6.6797658719e-02 3.5762464459e+00 1.6572952823e+01
128 6.0538612764e-01 6.7205570068e-02 3.5399061756e+00 1.6263775414e+01
129 6.0534465867e-01 6.7215638838e-02 3.5352273710e+00 1.6247864841e+01
130 6.0559742694e-01 6.8514645080e-02 3.5606797239e+00 1.6357665150e+01
131 6.0557818100e-01 6.8545677133e-02 3.5557615641e+00 1.6333058640e+01
132 6.0550278001e-01 6.8661210973e-02 3.5384862663e+00 1.6243834666e+01
133 6.0588833996e-01 6.9554941228e-02 3.5150474212e+00 1.5986776968e+01
134 6.0554550337e-01 6.8511211476e-02 3.5163325829e+00 1.6043788322e+01
135 6.0555077327e-01 6.8525868601e-02 3.5158862969e+00 1.6037947582e+01
136 6.0581931861e-01 6.8831988493e-02 3.4849844477e+00 1.5782603518e+01
137 6.0587503445e-01 6.8825782254e-02 3.4901874775e+00 1.5842031647e+01
138 6.0462161862e-01 6.5331714163e-02 3.4750599127e+00 1.5816779534e+01
139 6.0469640818e-01 6.5313379805e-02 3.4749595022e+00 1.5818366015e+01
140 6.0463630264e-01 6.5332055026e-02 3.4745403207e+00 1.5813007917e+01
141 6.0509661202e-01 6.6050255538e-02 3.4143353280e+00 1.5281514199e+01
142 6.0535211801e-01 6.6436584780e-02 3.3798219475e+00 1.4999178299e+01
143 6.0524126767e-01 6.5708042382e-02 3.3469193834e+00 1.4756740365e+01
144 6.0530657766e-01 6.5816184369e-02 3.3630793234e+00 1.4941364967e+01
145 6.0533841579e-01 6.5860795653e-02 3.3543681098e+00 1.4895717380e+01
146 6.0498343674e-01 6.4831596043e-02 3.3322158130e+00 1.4679049999e+01
147 6.0566096050e-01 6.6049986002e-02 3.2571247643e+00 1.3991666540e+01
148 6.0566820317e-01 6.6125293859e-02 3.2556017685e+00 1.3983900741e+01
149 6.0572442688e-01 6.6802803970e-02 3.2765863117e+00 1.4139048633e+01
150 6.0597059403e-01 6.7169040031e-02 3.2473745166e+00 1.3900650436e+01
151 6.0590282304e-01 6.7186720935e-02 3.2472867109e+00 1.3899475945e+01
152 6.0586548107e-01 6.7194497718e-02 3.2472560588e+00 1.3901047698e+01
153 6.0611227996e-01 6.7472753556e-02 3.2202098212e+00 1.3693086557e+01
154 6.0615988794e-01 6.7461229835e-02 3.2201588279e+00 1.3692673226e+01
155 6.0658510426e-01 6.8108592839e-02 3.1666010052e+00 1.3276053403e+01
156 6.0671835700e-01 6.8415654089e-02 3.1402570740e+00 1.3079406766e+01
157 6.0657422831e-01 6.8561771699e-02 3.1286005325e+00 1.3026737949e+01
158 6.0674442559e-01 6.9231894318e-02 3.1539296718e+00 1.3233432240e+01
159 6.0671913223e-01 6.9272053887e-02 3.1479029063e+00 1.3209687922e+01
160 6.0634394543e-01 6.8316913049e-02 3.1480148449e+00 1.3251484557e+01
161 6.0614898161e-01 6.7969118540e-02 3.1744065001e+00 1.3462819980e+01
162 6.0616723164e-01 6.7684425905e-02 3.1130385475e+00 1.2954778919e+01
163 6.0618980073e-01 6.7692567108e-02 3.1108979924e+00 1.2944510406e+01
164 6.0616602789e-01 6.7645258009e-02 3.1117837864e+00 1.2954409630e+01
165 6.0640275350e-01 6.8068696470e-02 3.0827807215e+00 1.2728614298e+01
166 6.0644955122e-01 6.8255787437e-02 3.0887595881e+00 1.2828402876e+01
167 6.0614165330e-01 6.8004427304e-02 3.1098218242e+00 1.2999432214e+01
168 6.0629312308e-01 6.8384450608e-02 3.0838713517e+00 1.2791651298e+01
169 6.0625486622e-01 6.8357816115e-02 3.0835169457e+00 1.2796141214e+01
170 6.0626709201e-01 6.8281833777e-02 3.0824312671e+00 1.2803440695e+01
171 6.0622076939e-01 6.8321290416e-02 3.0777745175e+00 1.2783730989e+01
172 6.0672827137e-01 6.8924280363e-02 3.0272841465e+00 1.2404058578e+01
173 6.0692131011e-01 6.9311360697e-02 3.0033103161e+00 1.2211545761e+01
174 6.0696771382e-01 6.9307238455e-02 3.0021939594e+00 1.2205930731e+01
175 6.0679478639e-01 6.8700281782e-02 2.9710022028e+00 1.2004478138e+01
176 6.0635943321e-01 6.7686810188e-02 2.9472965716e+00 1.1820308882e+01
177 6.0680133091e-01 6.8390943352e-02 2.9030101357e+00 1.1473358322e+01
178 6.0681313693e-01 6.8244784048e-02 2.8691537692e+00 1.1102079756e+01
179 6.0684677998e-01 6.7895713765e-02 2.8067828214e+00 1.0612670461e+01
180 6.0700357178e-01 6.8710758443e-02 2.8781201918e+00 1.1300880432e+01
181 6.0657879902e-01 6.7872294209e-02 2.8707385215e+00 1.1281057843e+01
182 6.0653192407e-01 6.7878128524e-02 2.8732028274e+00 1.1282547804e+01
183 6.0670177274e-01 6.8971791779e-02 2.8776628221e+00 1.1350683091e+01
184 6.0688769460e-01 6.9367784483e-02 2.8544879806e+00 1.1184315024e+01
185 6.0685359165e-01 6.9315117357e-02 2.8438133146e+00 1.1102333181e+01
186 6.0724559350e-01 7.0267658192e-02 2.8474148280e+00 1.1127492309e+01
187 6.0718477200e-01 7.0159235782e-02 2.8470582053e+00 1.1144167787e+01
188 6.0721689093e-01 6.9982876240e-02 2.7984091659e+00 1.0784470754e+01
189 6.0725202694e-01 7.0050853068e-02 2.7993013697e+00 1.0779229096e+01
190 6.0687517972e-01 6.9813840227e-02 2.8082018709e+00 1.0888051039e+01
191 6.0714325163e-01 7.0135595722e-02 2.7890657243e+00 1.0743716082e+01
192 6.0752785712e-01 7.0870797466e-02 2.7565277481e+00 1.0488410989e+01
193 6.0812851558e-01 7.2141970782e-02 2.7363761543e+00 1.0319102664e+01
194 6.0792022579e-01 7.1899780260e-02 2.7557358813e+00 1.0449650568e+01
195 6.0786565091e-01 7.1910988395e-02 2.7544973456e+00 1.0443052533e+01
196 6.0796110256e-01 7.2459934313e-02 2.7691510170e+00 1.0539049509e+01
197 6.0794851582e-01 7.2477976384e-02 2.7671010844e+00 1.0531008208e+01
198 6.0864029298e-01 7.3373620618e-02 2.7094757879e+00 1.0128744463e+01
199 6.0883750104e-01 7.3757797372e-02 2.6936427493e+00 1.0003215033e+01
200 6.0884062585e-01 7.3802977388e-02 2.6906886077e+00 9.9988545129e+00
201 6.0880847199e-01 7.4101798999e-02 2.7338696040e+00 1.0317087486e+01
202 6.0944465197e-01 7.5379142754e-02 2.7158307315e+00 1.0168340530e+01
203 6.0957277939e-01 7.5922255778e-02 2.7309283674e+00 1.0255026799e+01
204 6.0919496283e-01 7.5007564715e-02 2.7256219264e+00 1.0212542190e+01
205 6.0917457843e-01 7.5002160547e-02 2.7230388607e+00 1.0209496698e+01
206 6.0894846137e-01 7.4869087991e-02 2.7405091949e+00 1.0347599650e+01
207 6.0909817750e-01 7.5526192540e-02 2.7686180173e+00 1.0565330747e+01
208 6.0960423966e-01 7.6981476220e-02 2.7853578537e+00 1.0662902307e+01
209 6.0978565356e-01 7.7500446265e-02 2.7997047818e+00 1.0759097799e+01
210 6.1046066892e-01 7.8419108913e-02 2.7431276847e+00 1.0392049447e+01
211 6.1099298635e-01 7.9595150501e-02 2.7227710358e+00 1.0234768120e+01
212 6.1081812716e-01 7.9968603623e-02 2.7625014233e+00 1.0500902286e+01
213 6.1055155006e-01 7.8834599438e-02 2.7258329721e+00 1.0271601157e+01
214 6.1034376293e-01 7.8290069859e-02 2.7168889452e+00 1.0248759669e+01
215 6.1033587232e-01 7.8289999074e-02 2.7171632131e+00 1.0249926447e+01
216 6.1054873372e-01 7.9124307916e-02 2.7132930410e+00 1.0235737751e+01
217 6.1033245662e-01 7.8552552530e-02 2.7006393309e+00 1.0184607752e+01
218 6.1024074696e-01 7.8658606493e-02 2.6989215294e+00 1.0182889740e+01
219 6.1040841925e-01 7.9277110687e-02 2.7171821573e+00 1.0301459428e+01
220 6.1041530181e-01 7.9278521831e-02 2.7166835580e+00 1.0299895156e+01
221 6.1055156392e-01 7.9643709507e-02 2.6897381118e+00 1.0109597353e+01
222 6.1092309124e-01 8.0445643429e-02 2.6875463975e+00 1.0086376415e+01
223 6.1054774999e-01 7.9496468131e-02 2.6701287564e+00 1.0021809058e+01
224 6.1069433757e-01 7.9297136717e-02 2.6358491148e+00 9.8030636910e+00
225 6.1075161123e-01 7.9513245562e-02 2.6190431769e+00 9.7058362257e+00
226 6.1098317422e-01 7.9808393809e-02 2.6007120697e+00 9.5856260551e+00
227 6.1095220544e-01 7.9642727027e-02 2.5828655443e+00 9.4093331137e+00
228 6.1052543773e-01 7.8750464300e-02 2.5813495867e+00 9.4075808681e+00
229 6.1011083670e-01 7.7974630844e-02 2.5808485986e+00 9.4258539310e+00
230 6.1010556505e-01 7.7988917869e-02 2.5796079291e+00 9.4196919399e+00
231 6.0971524881e-01 7.7204877885e-02 2.5784692746e+00 9.4251872890e+00
232 6.0852204208e-01 7.4322218370e-02 2.5388470445e+00 9.1209688368e+00
233 6.0849276887e-01 7.4325009188e-02 2.5401143402e+00 9.1227112274e+00
234 6.0846105137e-01 7.4377393849e-02 2.5341209638e+00 9.1036520924e+00
235 6.0863422851e-01 7.4394926630e-02 2.5132729567e+00 8.9908407636e+00
236 6.0908340871e-01 7.5087703223e-02 2.4821369258e+00 8.7728322082e+00
237 6.0922608163e-01 7.5680294895e-02 2.5073431222e+00 8.9503699593e+00
238 6.0972170183e-01 7.7444397235e-02 2.5786947517e+00 9.4417363912e+00
239 6.0962795615e-01 7.7511537151e-02 2.5735282485e+00 9.4239461797e+00
240 6.0925844703e-01 7.6627203847e-02 2.5663534233e+00 9.3785380389e+00
241 6.0957568319e-01 7.7711474158e-02 2.5943874730e+00 9.5534806282e+00
242 6.0947087791e-01 7.7147853104e-02 2.5708622726e+00 9.3969431558e+00
243 6.0970548648e-01 7.7531314718e-02 2.5596089608e+00 9.3478433057e+00
244 6.0965734314e-01 7.7546538516e-02 2.5578954667e+00 9.3440640321e+00
245 6.0903170191e-01 7.6556000387e-02 2.5798046309e+00 9.5001325062e+00
246 6.0923578829e-01 7.6863648435e-02 2.5616698325e+00 9.3792241865e+00
247 6.0920797162e-01 7.6848148061e-02 2.5634591343e+00 9.3839371153e+00
248 6.0926286816e-01 7.6835645577e-02 2.5628198277e+00 9.3823137529e+00
249 6.0923150553e-01 7.6927309033e-02 2.5573373423e+00 9.3547882950e+00
250 6.0930367903e-01 7.6891802033e-02 2.5539454541e+00 9.3462574313e+00
251 6.0910847772e-01 7.6216132648e-02 2.5267980653e+00 9.1915788747e+00
252 6.0914363633e-01 7.6160648573e-02 2.5257425276e+00 9.1929421873e+00
253 6.0976392554e-01 7.8205959154e-02 2.5865966660e+00 9.6288065653e+00
254 6.0975731511e-01 7.8288778365e-02 2.5866947207e+00 9.6456120508e+00
255 6.1014886137e-01 7.9127542857e-02 2.5840888461e+00 9.6001607725e+00
256 6.1024581342e-01 7.9454435278e-02 2.5851752545e+00 9.5687265447e+00
257 6.0960151756e-01 7.8069979436e-02 2.5624310845e+00 9.4371419090e+00
258 6.0948836553e-01 7.8079548043e-02 2.5573987042e+00 9.4329025431e+00
259 6.0895413423e-01 7.6684787926e-02 2.5287543193e+00 9.2523792266e+00
260 6.0897367591e-01 7.6756112060e-02 2.5237741507e+00 9.2342884355e+00
261 6.0899951042e-01 7.6896227406e-02 2.5265176379e+00 9.2536994689e+00
262 6.0900909007e-01 7.6968881900e-02 2.5250616926e+00 9.2571794778e+00
263 6.0944367104e-01 7.8043974410e-02 2.5726184125e+00 9.7313186898e+00
264 6.0933379330e-01 7.8010603251e-02 2.5673865613e+00 9.6939433822e+00
265 6.0965584232e-01 7.9027581202e-02 2.5751652358e+00 9.7380543400e+00
266 6.0960481237e-01 7.9146531898e-02 2.5798736136e+00 9.7885448042e+00
267 6.0962590445e-01 7.9145137115e-02 2.5791497582e+00 9.7865495675e+00
268 6.0975952496e-01 7.9875507243e-02 2.6238994178e+00 1.0145791822e+01
269 6.0970520104e-01 7.9936063748e-02 2.6232572801e+00 1.0136982896e+01
270 6.0970731602e-01 7.9889905010e-02 2.6247224080e+00 1.0147806659e+01
271 6.0980861928e-01 8.0342217188e-02 2.6305939465e+00 1.0144560426e+01
272 6.1006155750e-01 8.0938140862e-02 2.6574573166e+00 1.0325051644e+01
273 6.0978572386e-01 8.0029678829e-02 2.6091878197e+00 9.9842894243e+00
274 6.0979600364e-01 8.0070812383e-02 2.6080316278e+00 9.9743575205e+00
275 6.0942787659e-01 7.9266281024e-02 2.6152622262e+00 1.0038812382e+01
276 6.0957173626e-01 7.9640346938e-02 2.5960239791e+00 9.9016907658e+00
277 6.0956451096e-01 7.9668699470e-02 2.5929559438e+00 9.8892975976e+00
278 6.0978578564e-01 7.9979250941e-02 2.5737619288e+00 9.7621071966e+00
279 6.0979559354e-01 8.0056210731e-02 2.5736687435e+00 9.7522513890e+00
280 6.0981011775e-01 8.0012183975e-02 2.5735779440e+00 9.7575215913e+00
281 6.0960435612e-01 7.9510648882e-02 2.5538668944e+00 9.6568150465e+00
282 6.1000573703e-01 8.0275616636e-02 2.5461368939e+00 9.5925749676e+00
283 6.0990019675e-01 8.0340150352e-02 2.5411954281e+00 9.5730878085e+00
284 6.0984777537e-01 8.0395096290e-02 2.5403109947e+00 9.5623922156e+00
285 6.0973543124e-01 7.9864866938e-02 2.5258415285e+00 9.4935526867e+00
286 6.0934236971e-01 7.9090276219e-02 2.5304704204e+00 9.5618848715e+00
287 6.0923852728e-01 7.9141752379e-02 2.5283513164e+00 9.5513694891e+00
288 6.0922007645e-01 7.9199028150e-02 2.5262822041e+00 9.5390309580e+00
289 6.0934462395e-01 7.9913288948e-02 2.5509477984e+00 9.6922383035e+00
290 6.0935395794e-01 7.9677163626e-02 2.5102252882e+00 9.4298760526e+00
291 6.0920357347e-01 7.9708189449e-02 2.5101090198e+00 9.4320656198e+00
292 6.0917679192e-01 7.9721167264e-02 2.5095605717e+00 9.4295852641e+00
293 6.0909175204e-01 7.9591043908e-02 2.4939082033e+00 9.2884486608e+00
294 6.0900228295e-01 7.9531827577e-02 2.4896348066e+00 9.2378224167e+00
295 6.0897806465e-01 7.9574344367e-02 2.4894740739e+00 9.2328687558e+00
296 6.0895647206e-01 7.9546545508e-02 2.4886383750e+00 9.2349730412e+00
297 6.0881091565e-01 7.9099259580e-02 2.4669259286e+00 9.0890812813e+00
298 6.0916968002e-01 7.9956980677e-02 2.4724698289e+00 9.1137666435e+00
299 6.0900062835e-01 8.0037431409e-02 2.4664124415e+00 9.0971726327e+00
300 6.0929546324e-01 8.0678829505e-02 2.4600138059e+00 9.0391320923e+00
301 6.0934103891e-01 8.0684268082e-02 2.4593412242e+00 9.0356418484e+00
302 6.0890488340e-01 7.9477353738e-02 2.4167548613e+00 8.6851092006e+00
303 6.0932863937e-01 8.0534042195e-02 2.4263811861e+00 8.7311860407e+00
304 6.0939108710e-01 8.0525274167e-02 2.4254356089e+00 8.7268174203e+00
305 6.0939926761e-01 8.0546591211e-02 2.4274330708e+00 8.7308678455e+00
306 6.0952693003e-01 8.0539663681e-02 2.3983365679e+00 8.5327678720e+00
307 6.0945161769e-01 8.0543818094e-02 2.3953936482e+00 8.5254032892e+00
308 6.0937396470e-01 8.0534194766e-02 2.3906962381e+00 8.5180153481e+00
309 6.0973749140e-01 8.1379300951e-02 2.3865720098e+00 8.4590843821e+00
310 6.0988748565e-01 8.1875124312e-02 2.3928067392e+00 8.4726001900e+00
311 6.0953079132e-01 8.1111622543e-02 2.3934647729e+00 8.4954054040e+00
312 6.0994604249e-01 8.2010237325e-02 2.4056261677e+00 8.5808948532e+00
313 6.1007334117e-01 8.2334864629e-02 2.3890664574e+00 8.4794954991e+00
314 6.1008381344e-01 8.2209327453e-02 2.3740920729e+00 8.3800950539e+00
315 6.1008193885e-01 8.2218478580e-02 2.3627593731e+00 8.2987280268e+00
316 6.1067238233e-01 8.3398621152e-02 2.3572003131e+00 8.2505033755e+00
317 6.1061550464e-01 8.3332867251e-02 2.3525763253e+00 8.2089631688e+00
318 6.1059060935e-01 8.3358691205e-02 2.3503746384e+00 8.2029095813e+00
319 6.1073348460e-01 8.3887218285e-02 2.3714556989e+00 8.3414776833e+00
320 6.1096775135e-01 8.4204934365e-02 2.3577902833e+00 8.2483648434e+00
321 6.1126677000e-01 8.4461876992e-02 2.3424228903e+00 8.1567989032e+00
322 6.1143775532e-01 8.4626227554e-02 2.3296277793e+00 8.0898583955e+00
323 6.1141286334e-01 8.4659089964e-02 2.3276748901e+00 8.0803914842e+00
324 6.1123320289e-01 8.4428431722e-02 2.3399013344e+00 8.1570444337e+00
325 6.1104704159e-01 8.4111933209e-02 2.3535338507e+00 8.2482089274e+00
326 6.1108949749e-01 8.4165734266e-02 2.3562851103e+00 8.2711644073e+00
327 6.1106034839e-01 8.4243957825e-02 2.3511875888e+00 8.2560509951e+00
328 6.1089725236e-01 8.3827461595e-02 2.3321377275e+00 8.1489411121e+00
329 6.1077650962e-01 8.3746560273e-02 2.3244731397e+00 8.0893506820e+00
330 6.1095248108e-01 8.4195268010e-02 2.3394238682e+00 8.1799839949e+00
331 6.1096027661e-01 8.4359845674e-02 2.3468990555e+00 8.2253748926e+00
332 6.1091137123e-01 8.4397073775e-02 2.3444212775e+00 8.2176513224e+00
333 6.1105251468e-01 8.5053231451e-02 2.3705461124e+00 8.3900184014e+00
334 6.1163084724e-01 8.6133425079e-02 2.3532788983e+00 8.2591140476e+00
335 6.1120581058e-01 8.5310025586e-02 2.3503431552e+00 8.2663590032e+00
336 6.1089607655e-01 8.4631414809e-02 2.3539742082e+00 8.3070289344e+00
337 6.1080918424e-01 8.4798978748e-02 2.3510410388e+00 8.2819659949e+00
338 6.1080795331e-01 8.4819189720e-02 2.3505769954e+00 8.2786646651e+00
339 6.1083867891e-01 8.4894769505e-02 2.3453063582e+00 8.2535805177e+00
340 6.1107838690e-01 8.5302147409e-02 2.3493006316e+00 8.2568943031e+00
341 6.1118195583e-01 8.5849677618e-02 2.3691369459e+00 8.3764842673e+00
342 6.1138681584e-01 8.6403986573e-02 2.3812833123e+00 8.4395965856e+00
343 6.1127786374e-01 8.6535465580e-02 2.4054076171e+00 8.5686306210e+00
344 6.1147392438e-01 8.6692113251e-02 2.3911337330e+00 8.4918760320e+00
345 6.1148285693e-01 8.6709140137e-02 2.3870577572e+00 8.4815349548e+00
346 6.1134451532e-01 8.6146518128e-02 2.3622693745e+00 8.3323386795e+00
347 6.1099010756e-01 8.5529243568e-02 2.3701847821e+00 8.4011613349e+00
348 6.1113737815e-01 8.5804623375e-02 2.3545877616e+00 8.3089869542e+00
349 6.1099157000e-01 8.5659483173e-02 2.3760680588e+00 8.4643021908e+00
350 6.1151468139e-01 8.6335803637e-02 2.3467397804e+00 8.2728736543e+00
351 6.1190794537e-01 8.7291153763e-02 2.3766988631e+00 8.4334194175e+00
352 6.1187702059e-01 8.7310721210e-02 2.3759091059e+00 8.4295696809e+00
353 6.1213212180e-01 8.7553759267e-02 2.3648140582e+00 8.3707019812e+00
354 6.1212980358e-01 8.7545159904e-02 2.3646880609e+00 8.3711519089e+00
355 6.1196027035e-01 8.7048028558e-02 2.3563596371e+00 8.3394801354e+00
356 6.1218105940e-01 8.7326650769e-02 2.3404699263e+00 8.2482834749e+00
357 6.1268802481e-01 8.7944776805e-02 2.3128126843e+00 8.0704929052e+00
358 6.1278089653e-01 8.8208441983e-02 2.2994814672e+00 7.9951002319e+00
359 6.1280459143e-01 8.8190405213e-02 2.2990342571e+00 7.9955244121e+00
360 6.1293417952e-01 8.8286325757e-02 2.2887188044e+00 7.9434629702e+00
361 6.1279831393e-01 8.7690369440e-02 2.2779277668e+00 7.8927246077e+00
362 6.1301658485e-01 8.7884193508e-02 2.2592479821e+00 7.7781852973e+00
363 6.1286618889e-01 8.8113479809e-02 2.2901370156e+00 7.9718092133e+00
364 6.1287431480e-01 8.8163333194e-02 2.2890798698e+00 7.9635116290e+00
365 6.1270757919e-01 8.7629969411e-02 2.2748252818e+00 7.8980994642e+00
