1 5.9282947138e-01 1.1102230246e-16 1.0000000000e+00 1.0000000000e+00
2 5.9286269459e-01 1.3107558586e-03 2.3598955343e+00 2.4897090612e+02
3 5.9279547959e-01 2.2645862128e-03 -1.0142003122e+01 2.4823677683e+02
4 5.9375107726e-01 1.4926986540e-02 1.4973727343e+01 2.3348861045e+02
5 5.9380395800e-01 1.4969174080e-02 1.4844496578e+01 2.3066994942e+02
6 5.9395552943e-01 1.6786435732e-02 1.3105221888e+01 1.8191417428e+02
7 5.9400805384e-01 1.8711418117e-02 1.1618599961e+01 1.4689995862e+02
8 5.9421623291e-01 2.0157436346e-02 1.0766653945e+01 1.2612526263e+02
9 5.9468029784e-01 2.2678318336e-02 9.6278289771e+00 9.9655693942e+01
10 5.9500861301e-01 2.3997771171e-02 9.1315491199e+00 8.9590784369e+01
11 5.9524882180e-01 2.5111004389e-02 8.7164678096e+00 8.1524069720e+01
12 5.9540565594e-01 2.6226186745e-02 8.3027174104e+00 7.4299777033e+01
13 5.9541432449e-01 2.6247101609e-02 8.2809127893e+00 7.4053393889e+01
14 5.9551018790e-01 2.8030675323e-02 8.7820525614e+00 8.7184678472e+01
15 5.9541751256e-01 2.8117068508e-02 8.7003788566e+00 8.6252660769e+01
16 5.9509761665e-01 2.6513075066e-02 8.0367943889e+00 7.1569087817e+01
17 5.9527453074e-01 2.7487348648e-02 7.6825260509e+00 6.5751783046e+01
18 5.9530570195e-01 2.7537121971e-02 7.6389042959e+00 6.5246726100e+01
19 5.9528482891e-01 2.7554215934e-02 7.6259635539e+00 6.5108961028e+01
20 5.9528520823e-01 2.7573556113e-02 7.6090738998e+00 6.4926941874e+01
21 5.9574894648e-01 2.9545634214e-02 7.1701958857e+00 5.7095827103e+01
22 5.9622356990e-01 3.1399718602e-02 6.7812411982e+00 5.0781777300e+01
23 5.9641875633e-01 3.2254755394e-02 6.5972273433e+00 4.8012216369e+01
24 5.9649387288e-01 3.2272216913e-02 6.5817845988e+00 4.7863773128e+01
25 5.9671027659e-01 3.3079647138e-02 6.4245540805e+00 4.5496840273e+01
26 5.9662421102e-01 3.3202241720e-02 6.3526092906e+00 4.4908340878e+01
27 5.9670714692e-01 3.3299456069e-02 6.3480695079e+00 4.4868136969e+01
28 5.9714174830e-01 3.4894833748e-02 6.0389305823e+00 4.0628085617e+01
29 5.9743607280e-01 3.5640128923e-02 5.9070994298e+00 3.8831606643e+01
30 5.9731456727e-01 3.5780097448e-02 5.8374080171e+00 3.8323338741e+01
31 5.9731691717e-01 3.5783583116e-02 5.8355345796e+00 3.8306922516e+01
32 5.9724400305e-01 3.5888371773e-02 5.7845324975e+00 3.7917250090e+01
33 5.9719027660e-01 3.5945937274e-02 5.7576109553e+00 3.7714401275e+01
34 5.9739480082e-01 3.6610989981e-02 5.6377193137e+00 3.6130789723e+01
35 5.9737105578e-01 3.6677800369e-02 5.6058394836e+00 3.5887760629e+01
36 5.9800738547e-01 3.8778494619e-02 5.3056610414e+00 3.1979643856e+01
37 5.9804392683e-01 4.0028900564e-02 5.4916523776e+00 3.5278915374e+01
38 5.9802793245e-01 4.0047636408e-02 5.4851525206e+00 3.5221861191e+01
39 5.9817085301e-01 4.0720978485e-02 5.3810823535e+00 3.3851391772e+01
40 5.9811221028e-01 4.0778741177e-02 5.3598344482e+00 3.3694046735e+01
41 5.9828952471e-01 4.1448699366e-02 5.2543897851e+00 3.2390610829e+01
42 5.9823986342e-01 4.1495185775e-02 5.2377941210e+00 3.2273850262e+01
43 5.9816862011e-01 4.1526784650e-02 5.2181583824e+00 3.2142488031e+01
44 5.9810948744e-01 4.1484376574e-02 5.2114320309e+00 3.2118829952e+01
45 5.9828663250e-01 4.2171124071e-02 5.1022086107e+00 3.0844242000e+01
46 5.9822922759e-01 4.2252411122e-02 5.0726784330e+00 3.0640351583e+01
47 5.9847157776e-01 4.2952007835e-02 4.9856381251e+00 2.9554973929e+01
48 5.9839006019e-01 4.3026564430e-02 4.9613539087e+00 2.9393405195e+01
49 5.9839542812e-01 4.3031715443e-02 4.9589886545e+00 2.9377054054e+01
50 5.9864990359e-01 4.3692176923e-02 4.8762886795e+00 2.8365122363e+01
51 5.9863738109e-01 4.3779800347e-02 4.8722592462e+00 2.8322322007e+01
52 5.9887134586e-01 4.4361355405e-02 4.7931047938e+00 2.7396901213e+01
53 5.9910242380e-01 4.5004856305e-02 4.7018767448e+00 2.6413714087e+01
54 5.9914762100e-01 4.5019263940e-02 4.6947347574e+00 2.6361072816e+01
55 5.9916838070e-01 4.5079539077e-02 4.6735719351e+00 2.6214609995e+01
56 5.9934726702e-01 4.5620865155e-02 4.6060609351e+00 2.5441740207e+01
57 5.9953394010e-01 4.6352498290e-02 4.5330039582e+00 2.4632085759e+01
58 5.9973940579e-01 4.6856049455e-02 4.4695121239e+00 2.3943141548e+01
59 5.9961563838e-01 4.6901485614e-02 4.4621056060e+00 2.3899772315e+01
60 5.9961699243e-01 4.6906946863e-02 4.4603245915e+00 2.3888177369e+01
61 5.9969153985e-01 4.7037099834e-02 4.4579462855e+00 2.3854981744e+01
62 5.9970423999e-01 4.7017976438e-02 4.4558039885e+00 2.3845771118e+01
63 5.9993201190e-01 4.7568844156e-02 4.3954777884e+00 2.3185844119e+01
64 5.9995154347e-01 4.7569674659e-02 4.3941027101e+00 2.3177034742e+01
65 6.0011416005e-01 4.8093584432e-02 4.3271194053e+00 2.2512089001e+01
66 6.0032979545e-01 4.8769395592e-02 4.2697532811e+00 2.1896367077e+01
67 6.0017997935e-01 4.8790563724e-02 4.2179152071e+00 2.1456102100e+01
68 6.0003063832e-01 4.8856984472e-02 4.2069553544e+00 2.1394546056e+01
69 5.9983192272e-01 4.8396911977e-02 4.2579376670e+00 2.1943589748e+01
70 5.9985305518e-01 4.8428372126e-02 4.2543181914e+00 2.1918119441e+01
71 5.9996593364e-01 4.9117499850e-02 4.2029813221e+00 2.1357680513e+01
72 6.0015983480e-01 4.9682033217e-02 4.1482160672e+00 2.0800593349e+01
73 6.0012847827e-01 4.9629906709e-02 4.1482975480e+00 2.0810130825e+01
74 6.0030181096e-01 5.0139917222e-02 4.0864648563e+00 2.0247984939e+01
75 6.0046398193e-01 5.0698959361e-02 4.0292406960e+00 1.9710688087e+01
76 6.0040456418e-01 5.1177417729e-02 4.1919092054e+00 2.1680737916e+01
77 6.0059094797e-01 5.1782216067e-02 4.1369053240e+00 2.1103801508e+01
78 6.0019206546e-01 5.0448948960e-02 4.0962161261e+00 2.0700029369e+01
79 6.0009629390e-01 5.0529900124e-02 4.0767941224e+00 2.0608242887e+01
80 6.0030502990e-01 5.1023776255e-02 4.0187021235e+00 2.0063327099e+01
81 6.0020544462e-01 5.1088457808e-02 4.0056437979e+00 1.9998853989e+01
82 6.0039926828e-01 5.1705439511e-02 3.9462981569e+00 1.9456910897e+01
83 6.0009948621e-01 5.1246988251e-02 3.9841606281e+00 1.9883353965e+01
84 6.0039695108e-01 5.1750595338e-02 3.9380870490e+00 1.9414352504e+01
85 6.0035899114e-01 5.1788475478e-02 3.9301811634e+00 1.9370743653e+01
86 6.0023685446e-01 5.1886050871e-02 3.9262653067e+00 1.9335869157e+01
87 6.0044858380e-01 5.2395500918e-02 3.8758709369e+00 1.8862070483e+01
88 6.0072850651e-01 5.2970233889e-02 3.8353043559e+00 1.8440851747e+01
89 6.0064797895e-01 5.3015735903e-02 3.8287303671e+00 1.8401870003e+01
90 6.0123879623e-01 5.4796983529e-02 3.8278518367e+00 1.8482515167e+01
91 6.0120388755e-01 5.4826424753e-02 3.8227644721e+00 1.8453326124e+01
92 6.0133013859e-01 5.5606656061e-02 3.9046056239e+00 1.9398267678e+01
93 6.0134264882e-01 5.5653285815e-02 3.9024466662e+00 1.9376985471e+01
94 6.0110508628e-01 5.4676964894e-02 3.8070605465e+00 1.8421596706e+01
95 6.0065815776e-01 5.3168664040e-02 3.7630182365e+00 1.7935733781e+01
96 6.0062549522e-01 5.3211491090e-02 3.7524887255e+00 1.7893357388e+01
97 6.0068473568e-01 5.3144415675e-02 3.7517841530e+00 1.7900038555e+01
98 6.0081087619e-01 5.4118502299e-02 3.8450232254e+00 1.9048614239e+01
99 6.0079305120e-01 5.4139140571e-02 3.8405746404e+00 1.9025927264e+01
100 6.0153905282e-01 5.6651074767e-02 3.8910781358e+00 1.9551382974e+01
101 6.0155421528e-01 5.6672815873e-02 3.8842569468e+00 1.9519859259e+01
102 6.0178639653e-01 5.7117906476e-02 3.8450611057e+00 1.9110678132e+01
103 6.0180119809e-01 5.7125273950e-02 3.8429146438e+00 1.9097118981e+01
104 6.0216387643e-01 5.8075154101e-02 3.7633291437e+00 1.8290038000e+01
105 6.0247223159e-01 5.9112784632e-02 3.7664326729e+00 1.8297090803e+01
106 6.0232996160e-01 5.9046552358e-02 3.7704913882e+00 1.8347275419e+01
107 6.0278447064e-01 5.9774078193e-02 3.6998333623e+00 1.7666366903e+01
108 6.0311270495e-01 6.0871246946e-02 3.7022286641e+00 1.7657063610e+01
109 6.0309503956e-01 6.0879025375e-02 3.7015204290e+00 1.7652435097e+01
110 6.0309162213e-01 6.0888540465e-02 3.6994225743e+00 1.7642998105e+01
111 6.0293062323e-01 6.0383934613e-02 3.7362542565e+00 1.8015395910e+01
112 6.0293730522e-01 6.0381894826e-02 3.7363561593e+00 1.8016110645e+01
113 6.0272331154e-01 5.9641911216e-02 3.6703826022e+00 1.7417713939e+01
114 6.0265804156e-01 5.9710673143e-02 3.6581121810e+00 1.7357162637e+01
115 6.0239489077e-01 5.9251527653e-02 3.6938432686e+00 1.7715929280e+01
116 6.0286446335e-01 6.0207475806e-02 3.6172835067e+00 1.6978095913e+01
117 6.0310152626e-01 6.1592008301e-02 3.6754211338e+00 1.7412907564e+01
118 6.0344282846e-01 6.2645998555e-02 3.6032704110e+00 1.6799299104e+01
119 6.0338105493e-01 6.2669933651e-02 3.6015938200e+00 1.6788172382e+01
120 6.0315622904e-01 6.2244202324e-02 3.6503176558e+00 1.7312230581e+01
121 6.0355675163e-01 6.3111664557e-02 3.5774348390e+00 1.6636760770e+01
122 6.0367274408e-01 6.3873068921e-02 3.6053774909e+00 1.6874177198e+01
123 6.0362158294e-01 6.3896598994e-02 3.6025277849e+00 1.6862106461e+01
124 6.0369298420e-01 6.3744422212e-02 3.6028059656e+00 1.6897151813e+01
125 6.0411313717e-01 6.4589998685e-02 3.5300583540e+00 1.6265925892e+01
126 6.0403669303e-01 6.4613707314e-02 3.5268501640e+00 1.6264117649e+01
127 6.0402432144e-01 6.4636293600e-02 3.5229380861e+00 1.6244877376e+01
128 6.0444902546e-01 6.5745817896e-02 3.5389343553e+00 1.6416015172e+01
129 6.0398848195e-01 6.4546353922e-02 3.4638351531e+00 1.5858633063e+01
130 6.0400173869e-01 6.4548070028e-02 3.4629088770e+00 1.5854122267e+01
131 6.0398296281e-01 6.4453112606e-02 3.4642027640e+00 1.5881250988e+01
132 6.0443555472e-01 6.5176076338e-02 3.4120466503e+00 1.5481816943e+01
133 6.0446550619e-01 6.5174048588e-02 3.4109634718e+00 1.5477499590e+01
134 6.0443756742e-01 6.5206820780e-02 3.4061638402e+00 1.5453100303e+01
135 6.0460774010e-01 6.5612940420e-02 3.3731729290e+00 1.5168889310e+01
136 6.0452485375e-01 6.5533177099e-02 3.3727330494e+00 1.5191558301e+01
137 6.0468903342e-01 6.5881648556e-02 3.3417739630e+00 1.4935374405e+01
138 6.0491144368e-01 6.6251866571e-02 3.3102988178e+00 1.4674006065e+01
139 6.0534095797e-01 6.7203969246e-02 3.3088948995e+00 1.4648322894e+01
140 6.0536299748e-01 6.7870592071e-02 3.3282412155e+00 1.4792615315e+01
141 6.0511048208e-01 6.7153095659e-02 3.2898076026e+00 1.4489532132e+01
142 6.0503260759e-01 6.7100769924e-02 3.2932684889e+00 1.4525541399e+01
143 6.0521323687e-01 6.7415709534e-02 3.2609324473e+00 1.4291086410e+01
144 6.0523452978e-01 6.7417467605e-02 3.2597098237e+00 1.4285508145e+01
145 6.0540661991e-01 6.8111115392e-02 3.3034935271e+00 1.4642386623e+01
146 6.0514862869e-01 6.7818815747e-02 3.3222403491e+00 1.4806807622e+01
147 6.0568043271e-01 6.9111391487e-02 3.2824852441e+00 1.4415974022e+01
148 6.0557399261e-01 6.9152671505e-02 3.2800979935e+00 1.4402851872e+01
149 6.0521397554e-01 6.8138082109e-02 3.2588136488e+00 1.4205533087e+01
150 6.0504383115e-01 6.7758825854e-02 3.2849477288e+00 1.4437418086e+01
151 6.0531436420e-01 6.8059708958e-02 3.2553828087e+00 1.4199051413e+01
152 6.0550805201e-01 6.8454269119e-02 3.2275521854e+00 1.3961405411e+01
153 6.0541760169e-01 6.8443170955e-02 3.2140239739e+00 1.3877908469e+01
154 6.0522640378e-01 6.8120907395e-02 3.2395140719e+00 1.4089876630e+01
155 6.0554302278e-01 6.8514887139e-02 3.2096405290e+00 1.3842742302e+01
156 6.0568973469e-01 6.8654407641e-02 3.1747034723e+00 1.3539132368e+01
157 6.0551630832e-01 6.7802306794e-02 3.1109332667e+00 1.3128007594e+01
158 6.0550568105e-01 6.7810784378e-02 3.1100265942e+00 1.3123549080e+01
159 6.0531424744e-01 6.7438374741e-02 3.1332796043e+00 1.3328205875e+01
160 6.0529658868e-01 6.7401624742e-02 3.1340536568e+00 1.3342279079e+01
161 6.0557365591e-01 6.7835776828e-02 3.1073073065e+00 1.3113710556e+01
162 6.0567731309e-01 6.8435570165e-02 3.1295515834e+00 1.3273616518e+01
163 6.0589114346e-01 6.8699197736e-02 3.1016517834e+00 1.3074110646e+01
164 6.0556023327e-01 6.8124554718e-02 3.0699436973e+00 1.2884844758e+01
165 6.0557930938e-01 6.8109202923e-02 3.0718061884e+00 1.2892301836e+01
166 6.0567937077e-01 6.9105487685e-02 3.1632489539e+00 1.3629582580e+01
167 6.0560378970e-01 6.9067734074e-02 3.1610641927e+00 1.3634455950e+01
168 6.0621839453e-01 7.0345416211e-02 3.1278388195e+00 1.3304685853e+01
169 6.0605677601e-01 6.9750752473e-02 3.1102121600e+00 1.3211261167e+01
170 6.0623417871e-01 6.9964119162e-02 3.0865649645e+00 1.3040979570e+01
171 6.0618411413e-01 6.9873027976e-02 3.0892542127e+00 1.3079190125e+01
172 6.0641345867e-01 7.0081046202e-02 3.0685917542e+00 1.2922440622e+01
173 6.0647534139e-01 6.9918409526e-02 3.0167996531e+00 1.2534376732e+01
174 6.0646972751e-01 6.9872451837e-02 3.0080540326e+00 1.2440911025e+01
175 6.0623068031e-01 6.9584453921e-02 3.0267182168e+00 1.2600242080e+01
176 6.0621929866e-01 6.9629509656e-02 3.0261743490e+00 1.2589680968e+01
177 6.0613841689e-01 6.9628391756e-02 3.0278272021e+00 1.2598326906e+01
178 6.0604401750e-01 6.9459911640e-02 3.0281913399e+00 1.2638172922e+01
179 6.0650477449e-01 7.0356923859e-02 3.0206468930e+00 1.2530126318e+01
180 6.0607748002e-01 6.9330255283e-02 3.0104184471e+00 1.2473791385e+01
181 6.0590995178e-01 6.8798042760e-02 2.9956737777e+00 1.2403672588e+01
182 6.0590603020e-01 6.8931551612e-02 3.0142327918e+00 1.2586697962e+01
183 6.0616622236e-01 6.9274352391e-02 2.9910130147e+00 1.2394975437e+01
184 6.0616270058e-01 6.9307520021e-02 2.9882073907e+00 1.2379036609e+01
185 6.0606010256e-01 6.9391037652e-02 2.9780253052e+00 1.2343881213e+01
186 6.0608473625e-01 6.9386843271e-02 2.9775559302e+00 1.2342647276e+01
187 6.0605193722e-01 6.9495307250e-02 2.9826517813e+00 1.2414571508e+01
188 6.0598506476e-01 6.9529543438e-02 2.9802669391e+00 1.2402293567e+01
189 6.0621557848e-01 6.9877660688e-02 2.9571181585e+00 1.2215721307e+01
190 6.0687492317e-01 7.0986295603e-02 2.8923004814e+00 1.1681318683e+01
191 6.0681727283e-01 7.1014321658e-02 2.8902881631e+00 1.1670990231e+01
192 6.0698405022e-01 7.1644285888e-02 2.9054880529e+00 1.1778134387e+01
193 6.0761309115e-01 7.2705278062e-02 2.8936651004e+00 1.1658362389e+01
194 6.0832170566e-01 7.3739366755e-02 2.8302788873e+00 1.1170039222e+01
195 6.0829838322e-01 7.3744231573e-02 2.8305970916e+00 1.1170728580e+01
196 6.0845463122e-01 7.4432008362e-02 2.8614216437e+00 1.1390115916e+01
197 6.0847193672e-01 7.4464883363e-02 2.8591106466e+00 1.1375304716e+01
198 6.0842767264e-01 7.4472010455e-02 2.8600836940e+00 1.1377614189e+01
199 6.0841571231e-01 7.4504623689e-02 2.8558305747e+00 1.1360563053e+01
200 6.0868485585e-01 7.5603088634e-02 2.8875140088e+00 1.1536092846e+01
201 6.0880896438e-01 7.6226806503e-02 2.9072842539e+00 1.1646070053e+01
202 6.0825696103e-01 7.4916297455e-02 2.8948094761e+00 1.1612200816e+01
203 6.0845301414e-01 7.5676240538e-02 2.9250824566e+00 1.1827954961e+01
204 6.0847834317e-01 7.5750209062e-02 2.9294647701e+00 1.1873397504e+01
205 6.0878542830e-01 7.6625550554e-02 2.9042921744e+00 1.1674660078e+01
206 6.0829840734e-01 7.5885320562e-02 2.9063575707e+00 1.1739252015e+01
207 6.0756390981e-01 7.4157365460e-02 2.9246140697e+00 1.1944159279e+01
208 6.0778838079e-01 7.4563242590e-02 2.9025005994e+00 1.1764920874e+01
209 6.0796287665e-01 7.4881307095e-02 2.8725246369e+00 1.1583913158e+01
210 6.0810362684e-01 7.4977930773e-02 2.8679554346e+00 1.1556421304e+01
211 6.0746548255e-01 7.3841095440e-02 2.8856147548e+00 1.1753382635e+01
212 6.0768144764e-01 7.4141011818e-02 2.8600934626e+00 1.1584174935e+01
213 6.0797378186e-01 7.4221198557e-02 2.7822537657e+00 1.0980271062e+01
214 6.0797257417e-01 7.4312937261e-02 2.7887225069e+00 1.1041096417e+01
215 6.0764451524e-01 7.3735905823e-02 2.7458433713e+00 1.0716849799e+01
216 6.0764607869e-01 7.3743913068e-02 2.7445134445e+00 1.0712461232e+01
217 6.0766820874e-01 7.3836545195e-02 2.7461501859e+00 1.0712014111e+01
218 6.0780990474e-01 7.4164636182e-02 2.7248484196e+00 1.0563722745e+01
219 6.0774230820e-01 7.4160215265e-02 2.7234286611e+00 1.0563184884e+01
220 6.0801233704e-01 7.4504598272e-02 2.7055114570e+00 1.0420356673e+01
221 6.0800638463e-01 7.4529146464e-02 2.7026990592e+00 1.0407866896e+01
222 6.0790283892e-01 7.4606889273e-02 2.7011602257e+00 1.0395291927e+01
223 6.0846391454e-01 7.5679532702e-02 2.6846365444e+00 1.0261483381e+01
224 6.0855038011e-01 7.5719385722e-02 2.6906125661e+00 1.0315440407e+01
225 6.0873143665e-01 7.6051416407e-02 2.6722950576e+00 1.0180835392e+01
226 6.0876050331e-01 7.6107031827e-02 2.6720344097e+00 1.0175457569e+01
227 6.0878111317e-01 7.5880551394e-02 2.6179794808e+00 9.7638419031e+00
228 6.0903361346e-01 7.6213453752e-02 2.5996653086e+00 9.6359188551e+00
229 6.0979694035e-01 7.7686692542e-02 2.5601769969e+00 9.3293556769e+00
230 6.0964152846e-01 7.7060573830e-02 2.5303377974e+00 9.1133010475e+00
231 6.1008231066e-01 7.8038895349e-02 2.5409648231e+00 9.2084788433e+00
232 6.1063013396e-01 7.9228882835e-02 2.5605953543e+00 9.3447550544e+00
233 6.1040246943e-01 7.8740394968e-02 2.5397623097e+00 9.2262152912e+00
234 6.1023070462e-01 7.8466091621e-02 2.5318346261e+00 9.1945107547e+00
235 6.1072963755e-01 8.0071613331e-02 2.5900101060e+00 9.5708936068e+00
236 6.1085300729e-01 8.0389863937e-02 2.5708479142e+00 9.4490278832e+00
237 6.1076705077e-01 8.0420704624e-02 2.5675898039e+00 9.4356161522e+00
238 6.1102593186e-01 8.0755894382e-02 2.5491551686e+00 9.3120162632e+00
239 6.1100140104e-01 8.0677783540e-02 2.5217322485e+00 9.0936048671e+00
240 6.1127037441e-01 8.0985531718e-02 2.5055601713e+00 8.9848938268e+00
241 6.1129766681e-01 8.0988162073e-02 2.4988855441e+00 8.9400773761e+00
242 6.1130037949e-01 8.1051917936e-02 2.4942456088e+00 8.9219403943e+00
243 6.1143197403e-01 8.1556553707e-02 2.5011081043e+00 8.9559590187e+00
244 6.1138296818e-01 8.1333469687e-02 2.4504122356e+00 8.6400911811e+00
245 6.1178170480e-01 8.2247231405e-02 2.4512408151e+00 8.6342733880e+00
246 6.1202392324e-01 8.2524162870e-02 2.4366641098e+00 8.5366372510e+00
247 6.1199607870e-01 8.2501201954e-02 2.4360802055e+00 8.5379361336e+00
248 6.1222031960e-01 8.2664631196e-02 2.4212511178e+00 8.4606537179e+00
249 6.1206045423e-01 8.2995278550e-02 2.4489407675e+00 8.6617467319e+00
250 6.1233482195e-01 8.3173320823e-02 2.4329299175e+00 8.5773971572e+00
251 6.1248674202e-01 8.3527745699e-02 2.4337684299e+00 8.5701961141e+00
252 6.1229101920e-01 8.3291955461e-02 2.4468464619e+00 8.6565305196e+00
253 6.1231845731e-01 8.3208202255e-02 2.4419258763e+00 8.6213774886e+00
254 6.1254584873e-01 8.3583405583e-02 2.4178819833e+00 8.4964567003e+00
255 6.1295547730e-01 8.4094635698e-02 2.3879371141e+00 8.3170744524e+00
256 6.1236259641e-01 8.3176671611e-02 2.3794473228e+00 8.3160019088e+00
257 6.1194954617e-01 8.2300838152e-02 2.3726656617e+00 8.2623120976e+00
258 6.1179309886e-01 8.2263379811e-02 2.3713217790e+00 8.2691357894e+00
259 6.1208566512e-01 8.2941796245e-02 2.3783439183e+00 8.3360807824e+00
260 6.1231136515e-01 8.3272591316e-02 2.3651795971e+00 8.2559756364e+00
261 6.1236760728e-01 8.3283144740e-02 2.3635979577e+00 8.2489928606e+00
262 6.1193368643e-01 8.2800081662e-02 2.3934377350e+00 8.4256022123e+00
263 6.1196684558e-01 8.2957452822e-02 2.3969541212e+00 8.4497644680e+00
264 6.1169405829e-01 8.2851066960e-02 2.4123932857e+00 8.5542723602e+00
265 6.1175648538e-01 8.3498619374e-02 2.4431883127e+00 8.7796573313e+00
266 6.1192801141e-01 8.3811737875e-02 2.4267088462e+00 8.6763050421e+00
267 6.1219148531e-01 8.4193904170e-02 2.4112145322e+00 8.5707165517e+00
268 6.1260434041e-01 8.4671698028e-02 2.3772699015e+00 8.3604712106e+00
269 6.1231673121e-01 8.4473741587e-02 2.3921130234e+00 8.4446838081e+00
270 6.1197037216e-01 8.4214194995e-02 2.4232961372e+00 8.7210108918e+00
271 6.1200847545e-01 8.4178977509e-02 2.4232107186e+00 8.7252787273e+00
272 6.1199417511e-01 8.4217057339e-02 2.4219781960e+00 8.7183542667e+00
273 6.1278898067e-01 8.5596247985e-02 2.3593534208e+00 8.2808641263e+00
274 6.1281365134e-01 8.5689978269e-02 2.3583349063e+00 8.2675368271e+00
275 6.1262489445e-01 8.5523998698e-02 2.3708108835e+00 8.3396854721e+00
276 6.1280776781e-01 8.5797217361e-02 2.3536887875e+00 8.2447256870e+00
277 6.1269307396e-01 8.5859413547e-02 2.3511335141e+00 8.2350251593e+00
278 6.1225979024e-01 8.5081843104e-02 2.3460268338e+00 8.2177702408e+00
279 6.1210057906e-01 8.4603925909e-02 2.3294357987e+00 8.1223215734e+00
280 6.1199359733e-01 8.4632936895e-02 2.3275466144e+00 8.1181068149e+00
281 6.1192185600e-01 8.4692592476e-02 2.3252944884e+00 8.1066457789e+00
282 6.1189645608e-01 8.4744468949e-02 2.3237397493e+00 8.0990404032e+00
283 6.1238813117e-01 8.5467678246e-02 2.2989981059e+00 7.9211563300e+00
284 6.1195320489e-01 8.4738421793e-02 2.3149502236e+00 8.0088166082e+00
285 6.1196445227e-01 8.4755539493e-02 2.3128990008e+00 8.0014388637e+00
286 6.1157585491e-01 8.3956379365e-02 2.3085446247e+00 7.9762517885e+00
287 6.1181564993e-01 8.4112223520e-02 2.2957506080e+00 7.9076132380e+00
288 6.1196927413e-01 8.4623627343e-02 2.3115437150e+00 7.9928416888e+00
289 6.1198524131e-01 8.4710980643e-02 2.3096042355e+00 7.9812382489e+00
290 6.1191280308e-01 8.4153072652e-02 2.2881715921e+00 7.8486676782e+00
291 6.1165078099e-01 8.4197973824e-02 2.3078957152e+00 7.9622698974e+00
292 6.1188341141e-01 8.4403487698e-02 2.2951056349e+00 7.8914624307e+00
293 6.1233536361e-01 8.4988499849e-02 2.2662134453e+00 7.7168159154e+00
294 6.1131764815e-01 8.3843348859e-02 2.3013156963e+00 7.9420442749e+00
295 6.1182798454e-01 8.4960515531e-02 2.2991300188e+00 7.9665019160e+00
296 6.1159273037e-01 8.4786812921e-02 2.3112807052e+00 8.0358787554e+00
297 6.1201887412e-01 8.5666588787e-02 2.3296471904e+00 8.1739132748e+00
298 6.1153679609e-01 8.4988785667e-02 2.3281605081e+00 8.1820407833e+00
299 6.1130966033e-01 8.4470981281e-02 2.3084102078e+00 8.0647733968e+00
300 6.1132823540e-01 8.4450964409e-02 2.3089239120e+00 8.0664100091e+00
301 6.1143177525e-01 8.4963016996e-02 2.3262851483e+00 8.1647256327e+00
302 6.1150398949e-01 8.5426998947e-02 2.3425387642e+00 8.2517072452e+00
303 6.1150243385e-01 8.5392942621e-02 2.3418903374e+00 8.2543407368e+00
304 6.1129264130e-01 8.5190381630e-02 2.3559226741e+00 8.3351816513e+00
305 6.1107754778e-01 8.4617552091e-02 2.3215905165e+00 8.0969066355e+00
306 6.1125258351e-01 8.4854321905e-02 2.3090631644e+00 8.0176424510e+00
307 6.1134712567e-01 8.4955655980e-02 2.2802593347e+00 7.8536479891e+00
308 6.1124184137e-01 8.4969311424e-02 2.2806549050e+00 7.8558689240e+00
309 6.1163497070e-01 8.5829422712e-02 2.2841694367e+00 7.8864365620e+00
310 6.1153635955e-01 8.5826913007e-02 2.2844745158e+00 7.8908405801e+00
311 6.1156870483e-01 8.6259421919e-02 2.2706876713e+00 7.8019377584e+00
312 6.1173959435e-01 8.6852570744e-02 2.2895794030e+00 7.9132518533e+00
313 6.1175554984e-01 8.7751277325e-02 2.3457874559e+00 8.2969014092e+00
314 6.1176013958e-01 8.7755654578e-02 2.3452447879e+00 8.2946699402e+00
315 6.1194249749e-01 8.7886396469e-02 2.3336897855e+00 8.2329473238e+00
316 6.1198180703e-01 8.7851067532e-02 2.3327810758e+00 8.2344116485e+00
317 6.1197038256e-01 8.7809086680e-02 2.3285207288e+00 8.1987787815e+00
318 6.1211014491e-01 8.7885533056e-02 2.3199166799e+00 8.1592587279e+00
319 6.1214238402e-01 8.7571580844e-02 2.2968503616e+00 8.0517461784e+00
320 6.1208943432e-01 8.7622585614e-02 2.2932680422e+00 8.0402449557e+00
321 6.1225191530e-01 8.8137160961e-02 2.3099858398e+00 8.1349931004e+00
322 6.1204351297e-01 8.7979048167e-02 2.3218824433e+00 8.2026921715e+00
323 6.1213711183e-01 8.7845290842e-02 2.2992926409e+00 8.1008595140e+00
324 6.1204906896e-01 8.7880864435e-02 2.2984464765e+00 8.0978690095e+00
325 6.1202151598e-01 8.7869740578e-02 2.2994486208e+00 8.1021941082e+00
326 6.1191186596e-01 8.7905121707e-02 2.3000332874e+00 8.1008137479e+00
327 6.1190573158e-01 8.7834550173e-02 2.2916497721e+00 8.0571805940e+00
328 6.1184645218e-01 8.7907735433e-02 2.2890679475e+00 8.0435810107e+00
329 6.1155041431e-01 8.7190222743e-02 2.2886942219e+00 8.0742032893e+00
330 6.1148291544e-01 8.6747237637e-02 2.2771638252e+00 8.0271463999e+00
331 6.1151149248e-01 8.7207561859e-02 2.2825241914e+00 8.0515619915e+00
332 6.1150248625e-01 8.7293504126e-02 2.2786340686e+00 8.0281349715e+00
333 6.1165681660e-01 8.7543198519e-02 2.2664557905e+00 7.9508107659e+00
334 6.1176858789e-01 8.7999379959e-02 2.2727923698e+00 7.9659924106e+00
335 6.1188035204e-01 8.8364921335e-02 2.2683749302e+00 7.9321189184e+00
336 6.1149908597e-01 8.7310438267e-02 2.2437695581e+00 7.7631775674e+00
337 6.1147823354e-01 8.7425480041e-02 2.2472748014e+00 7.7888249744e+00
338 6.1144699857e-01 8.7485074204e-02 2.2462683821e+00 7.7794520404e+00
339 6.1132111385e-01 8.6913127714e-02 2.2188671022e+00 7.6070928790e+00
340 6.1097841412e-01 8.6014566158e-02 2.2014450615e+00 7.4989966794e+00
341 6.1112538732e-01 8.6498892966e-02 2.2140860191e+00 7.5610900421e+00
342 6.1129450346e-01 8.6473710661e-02 2.2027268232e+00 7.5078997980e+00
343 6.1136628109e-01 8.6242991902e-02 2.1898376823e+00 7.4647375657e+00
344 6.1130294019e-01 8.6245961428e-02 2.1894193005e+00 7.4662561177e+00
345 6.1148523005e-01 8.6742241878e-02 2.2073705352e+00 7.5744294373e+00
346 6.1143781939e-01 8.6738981127e-02 2.2091386378e+00 7.5804635249e+00
347 6.1119040734e-01 8.6612871143e-02 2.2192351959e+00 7.6349405543e+00
348 6.1155793544e-01 8.7437287916e-02 2.2178490691e+00 7.6080789059e+00
349 6.1147037347e-01 8.7406611161e-02 2.2128746242e+00 7.5754748969e+00
350 6.1146266730e-01 8.7405507518e-02 2.2116072071e+00 7.5745990430e+00
351 6.1092059926e-01 8.5881435014e-02 2.1567542601e+00 7.1787943175e+00
352 6.1097033681e-01 8.5860223924e-02 2.1571202458e+00 7.1803711398e+00
353 6.1081881214e-01 8.5964489487e-02 2.1516441085e+00 7.1645656935e+00
354 6.1077543961e-01 8.5898140013e-02 2.1485009581e+00 7.1500827722e+00
355 6.1069380240e-01 8.5888540401e-02 2.1483840593e+00 7.1502293219e+00
356 6.1057302238e-01 8.5955694542e-02 2.1459684099e+00 7.1416001588e+00
357 6.1050340249e-01 8.6019101203e-02 2.1443959894e+00 7.1337844806e+00
358 6.1044979572e-01 8.5996179309e-02 2.1451831532e+00 7.1377813378e+00
359 6.1046314353e-01 8.6023126444e-02 2.1486813836e+00 7.1500516844e+00
360 6.1049294378e-01 8.6015449054e-02 2.1484567068e+00 7.1493892288e+00
361 6.1050900415e-01 8.5995439495e-02 2.1468365482e+00 7.1472228938e+00
362 6.1037021100e-01 8.5522965100e-02 2.1334634263e+00 7.0798778600e+00
363 6.0999804329e-01 8.4786824350e-02 2.1317390603e+00 7.0669579164e+00
364 6.1013142772e-01 8.4673053811e-02 2.1039652088e+00 6.8982302670e+00
365 6.1028766130e-01 8.4946525871e-02 2.0914454568e+00 6.8285245557e+00
