1 5.9282947138e-01 1.1102230246e-16 1.0000000000e+00 1.0000000000e+00
2 5.9303525560e-01 7.5441549288e-03 2.9249515220e+01 9.0548450964e+02
3 5.9330156827e-01 1.0578794703e-02 2.1165965030e+01 4.6619565057e+02
4 5.9319717423e-01 1.0757651072e-02 2.0039014807e+01 4.3721028237e+02
5 5.9320335630e-01 1.0776136321e-02 1.9932149175e+01 4.3417537373e+02
6 5.9319996110e-01 1.0809724412e-02 1.9745255980e+01 4.2883472387e+02
7 5.9310490467e-01 1.1010698900e-02 1.8598003144e+01 3.9945510725e+02
8 5.9330954034e-01 1.3314935725e-02 1.5786346880e+01 2.7902946586e+02
9 5.9318093306e-01 1.3594809541e-02 1.4721521182e+01 2.5780744253e+02
10 5.9317153079e-01 1.3618227516e-02 1.4642918008e+01 2.5609365154e+02
11 5.9371668120e-01 1.7162313271e-02 1.2201195574e+01 1.6740729197e+02
12 5.9365285110e-01 1.7262832904e-02 1.1974333234e+01 1.6378946364e+02
13 5.9361337529e-01 1.7365339709e-02 1.1747024268e+01 1.6013389600e+02
14 5.9363374587e-01 1.7437810177e-02 1.1577793167e+01 1.5749497057e+02
15 5.9385645323e-01 1.9172529546e-02 1.0742793854e+01 1.3395187521e+02
16 5.9407104720e-01 2.0597658117e-02 1.0045349915e+01 1.1622694110e+02
17 5.9406596915e-01 2.0609825776e-02 1.0027318412e+01 1.1596358303e+02
18 5.9423264506e-01 2.1919382554e-02 9.4896810298e+00 1.0282959736e+02
19 5.9421664778e-01 2.1948516078e-02 9.4519029088e+00 1.0231480006e+02
20 5.9438963373e-01 2.4002003317e-02 1.0415850766e+01 1.2836336356e+02
21 5.9461410087e-01 2.5112870427e-02 9.8477126254e+00 1.1396411557e+02
22 5.9460081933e-01 2.5310893199e-02 9.7422982241e+00 1.1210629696e+02
23 5.9503917429e-01 2.7386422441e-02 8.8391990492e+00 9.1383875422e+01
24 5.9505350525e-01 2.7413949408e-02 8.8087213625e+00 9.1002342153e+01
25 5.9562417980e-01 3.0982966640e-02 8.4271927188e+00 8.2453251077e+01
26 5.9565510761e-01 3.0996442522e-02 8.4131591806e+00 8.2276521451e+01
27 5.9556131188e-01 3.1065125946e-02 8.3592195409e+00 8.1664603570e+01
28 5.9600392080e-01 3.2758224009e-02 7.7801079894e+00 7.0501072003e+01
29 5.9603412824e-01 3.2801135365e-02 7.7430597363e+00 7.0110422424e+01
30 5.9618652711e-01 3.3662643910e-02 7.4629661400e+00 6.5243306996e+01
31 5.9637393083e-01 3.4463742399e-02 7.2328505690e+00 6.1196442930e+01
32 5.9637915348e-01 3.3875328048e-02 6.7780241324e+00 5.3387728369e+01
33 5.9638055407e-01 3.3893655389e-02 6.7663158377e+00 5.3272073140e+01
34 5.9699590656e-01 3.6192199508e-02 6.2663004968e+00 4.5389511303e+01
35 5.9699022601e-01 3.6255337602e-02 6.2301959736e+00 4.5083193242e+01
36 5.9745370975e-01 3.7632461105e-02 5.9779079566e+00 4.1240410175e+01
37 5.9734564016e-01 3.7720405120e-02 5.9382206913e+00 4.0934971358e+01
38 5.9734247463e-01 3.7738299339e-02 5.9289570256e+00 4.0860549878e+01
39 5.9723761417e-01 3.7789505816e-02 5.9112835222e+00 4.0706512834e+01
40 5.9721764528e-01 3.7899009973e-02 5.8993504036e+00 4.0573724834e+01
41 5.9753346541e-01 3.8590847268e-02 5.7726121711e+00 3.8780690750e+01
42 5.9749878397e-01 3.8443173297e-02 5.7659032527e+00 3.8799281187e+01
43 5.9777960185e-01 3.9162769279e-02 5.6279578987e+00 3.7020816217e+01
44 5.9777888325e-01 3.9197168128e-02 5.6132364227e+00 3.6892440362e+01
45 5.9764785301e-01 3.9285393761e-02 5.5807459754e+00 3.6641950938e+01
46 5.9780173944e-01 4.0002503438e-02 5.4568499082e+00 3.5060673390e+01
47 5.9773500332e-01 4.0017578680e-02 5.4555152202e+00 3.5043268831e+01
48 5.9753769119e-01 3.9448683150e-02 5.5499830797e+00 3.6369669019e+01
49 5.9758705491e-01 3.9460995463e-02 5.5416861773e+00 3.6296847602e+01
50 5.9751163517e-01 3.9416227677e-02 5.5312967426e+00 3.6235950637e+01
51 5.9795704296e-01 4.0675170890e-02 5.3239359827e+00 3.3502012316e+01
52 5.9794220119e-01 4.0698246936e-02 5.3154606601e+00 3.3434026320e+01
53 5.9814051629e-01 4.1203352334e-02 5.2221262853e+00 3.2282071230e+01
54 5.9813011643e-01 4.1200439127e-02 5.2249569544e+00 3.2294620452e+01
55 5.9826430839e-01 4.1719200113e-02 5.1305755861e+00 3.1184101188e+01
56 5.9919529430e-01 4.4241276126e-02 4.8283438831e+00 2.7376336524e+01
57 5.9917530580e-01 4.4253294827e-02 4.8246803544e+00 2.7355724586e+01
58 5.9939597903e-01 4.4902879544e-02 4.7549226855e+00 2.6520649169e+01
59 5.9959614028e-01 4.6015070984e-02 4.8670990079e+00 2.8134686392e+01
60 5.9956837951e-01 4.6117932006e-02 4.8554530135e+00 2.8041653879e+01
61 5.9945803069e-01 4.6185382770e-02 4.8379420616e+00 2.7928465524e+01
62 5.9941394367e-01 4.6181722599e-02 4.8411229485e+00 2.7956037380e+01
63 5.9975015285e-01 4.6726996774e-02 4.7619505993e+00 2.7060548145e+01
64 5.9991393943e-01 4.7763718694e-02 4.8688355071e+00 2.8595602938e+01
65 6.0016995250e-01 4.8243967868e-02 4.7953775183e+00 2.7755250267e+01
66 6.0016398781e-01 4.8241761580e-02 4.7964139567e+00 2.7762319187e+01
67 6.0016282899e-01 4.8260465017e-02 4.7902530409e+00 2.7720288617e+01
68 6.0013746986e-01 4.8302636608e-02 4.7769763310e+00 2.7636783119e+01
69 5.9992410584e-01 4.7859286249e-02 4.8296797847e+00 2.8351753244e+01
70 5.9992947015e-01 4.7867772681e-02 4.8265063862e+00 2.8329785341e+01
71 6.0004661642e-01 4.8699509202e-02 4.8618077995e+00 2.8684597871e+01
72 6.0004747657e-01 4.9608927577e-02 4.8921805721e+00 2.9074391533e+01
73 6.0022976888e-01 5.0081430196e-02 4.8155219960e+00 2.8123793538e+01
74 6.0016588596e-01 5.0001331400e-02 4.8076908715e+00 2.8129481357e+01
75 6.0034783696e-01 5.0917240998e-02 4.8658185545e+00 2.8756117594e+01
76 6.0021839142e-01 5.0970173474e-02 4.8494888589e+00 2.8659210265e+01
77 6.0023928056e-01 5.1056623575e-02 4.8380283946e+00 2.8553146410e+01
78 6.0047748149e-01 5.1573749143e-02 4.7626958698e+00 2.7703448546e+01
79 6.0055968269e-01 5.1555510664e-02 4.7585312030e+00 2.7682193091e+01
80 6.0058042572e-01 5.1556072518e-02 4.7571682617e+00 2.7673332502e+01
81 6.0056582308e-01 5.1596622362e-02 4.7454349765e+00 2.7593063206e+01
82 6.0071975155e-01 5.2124014190e-02 4.6671254162e+00 2.6761180226e+01
83 6.0067814317e-01 5.2220685301e-02 4.6567148680e+00 2.6665351391e+01
84 6.0046456255e-01 5.1383886067e-02 4.5837522266e+00 2.5966757576e+01
85 6.0056438125e-01 5.1113840080e-02 4.4884046629e+00 2.5010589253e+01
86 6.0052858894e-01 5.1145869366e-02 4.4806984793e+00 2.4962185869e+01
87 6.0064646143e-01 5.1697677131e-02 4.3967856675e+00 2.4164329959e+01
88 6.0063002383e-01 5.1701690759e-02 4.3968772949e+00 2.4162057463e+01
89 6.0064280416e-01 5.1715441223e-02 4.3919351966e+00 2.4132754154e+01
90 6.0060855019e-01 5.1742939086e-02 4.3863453962e+00 2.4093631361e+01
91 6.0074931812e-01 5.2704577324e-02 4.4586063481e+00 2.4955845807e+01
92 6.0076876263e-01 5.2711548650e-02 4.4555397125e+00 2.4936185347e+01
93 6.0106868846e-01 5.3207368988e-02 4.3907277086e+00 2.4237045074e+01
94 6.0144906712e-01 5.4181156913e-02 4.2785455862e+00 2.3012982336e+01
95 6.0160161848e-01 5.4538833185e-02 4.2279648667e+00 2.2509654865e+01
96 6.0205908988e-01 5.5403785924e-02 4.1252520568e+00 2.1458831780e+01
97 6.0201545844e-01 5.5305028939e-02 4.1282039176e+00 2.1515967893e+01
98 6.0235863470e-01 5.6447745538e-02 4.1256290894e+00 2.1453053860e+01
99 6.0276500552e-01 5.7396314619e-02 4.0339263969e+00 2.0490206326e+01
100 6.0288816479e-01 5.7786179392e-02 3.9827526706e+00 2.0042181684e+01
101 6.0281245257e-01 5.7750754593e-02 3.9754858018e+00 2.0040615740e+01
102 6.0265161558e-01 5.7061091575e-02 3.9287985118e+00 1.9626298928e+01
103 6.0260774992e-01 5.7077297472e-02 3.9274220008e+00 1.9616278149e+01
104 6.0274881448e-01 5.7553579717e-02 3.8802146441e+00 1.9164207009e+01
105 6.0292416396e-01 5.7857990056e-02 3.8244914403e+00 1.8613460812e+01
106 6.0289700190e-01 5.7887903379e-02 3.8182515142e+00 1.8585004866e+01
107 6.0288822424e-01 5.7920079760e-02 3.8110343024e+00 1.8547636107e+01
108 6.0275721499e-01 5.7984499394e-02 3.8030366239e+00 1.8501672808e+01
109 6.0270342897e-01 5.7906072790e-02 3.8030718996e+00 1.8533259303e+01
110 6.0295933944e-01 5.8327045972e-02 3.7644346494e+00 1.8151064967e+01
111 6.0315753259e-01 5.9147903592e-02 3.8210128038e+00 1.8729293901e+01
112 6.0365843810e-01 6.0085955878e-02 3.7434671979e+00 1.7958038084e+01
113 6.0394509084e-01 6.0410562408e-02 3.7047751184e+00 1.7618030667e+01
114 6.0377446228e-01 5.9672144233e-02 3.6559510607e+00 1.7185340151e+01
115 6.0374793324e-01 5.9743328279e-02 3.6455928812e+00 1.7136114439e+01
116 6.0399744049e-01 6.0134761922e-02 3.6091469276e+00 1.6805590320e+01
117 6.0403324846e-01 5.9796608932e-02 3.5248297565e+00 1.6018561970e+01
118 6.0450148173e-01 6.0719225245e-02 3.4579882074e+00 1.5402567133e+01
119 6.0460486024e-01 6.1199567067e-02 3.4164341181e+00 1.5075782737e+01
120 6.0486086479e-01 6.1600853233e-02 3.3840804240e+00 1.4796499350e+01
121 6.0532057438e-01 6.2774104222e-02 3.4112665006e+00 1.5063267904e+01
122 6.0539504633e-01 6.3177944832e-02 3.3779714043e+00 1.4791180815e+01
123 6.0561919822e-01 6.3567219106e-02 3.3471222026e+00 1.4529467378e+01
124 6.0589221263e-01 6.4030121508e-02 3.3192771348e+00 1.4273898178e+01
125 6.0575204880e-01 6.3979311418e-02 3.3212602679e+00 1.4301324648e+01
126 6.0551230182e-01 6.3567079451e-02 3.3482493762e+00 1.4546732996e+01
127 6.0578934249e-01 6.3799110959e-02 3.3249294163e+00 1.4356277679e+01
128 6.0583842429e-01 6.3885024552e-02 3.3342968149e+00 1.4491017882e+01
129 6.0585441110e-01 6.3883130874e-02 3.3337229415e+00 1.4489378932e+01
130 6.0570686910e-01 6.3994696112e-02 3.3189629430e+00 1.4424292945e+01
131 6.0565850495e-01 6.3932303250e-02 3.2956070693e+00 1.4156702756e+01
132 6.0554220478e-01 6.4057927699e-02 3.2880405343e+00 1.4107370991e+01
133 6.0550216156e-01 6.4076439949e-02 3.2865962187e+00 1.4099717484e+01
134 6.0580491131e-01 6.5433499309e-02 3.3279843914e+00 1.4404741283e+01
135 6.0511906708e-01 6.3901365277e-02 3.3353775869e+00 1.4474186641e+01
136 6.0513288701e-01 6.3911043770e-02 3.3369107033e+00 1.4484201876e+01
137 6.0549546621e-01 6.5063644079e-02 3.3457223839e+00 1.4560025800e+01
138 6.0564374405e-01 6.5770631212e-02 3.3769472897e+00 1.4823598519e+01
139 6.0569035501e-01 6.5863140581e-02 3.3706980826e+00 1.4781350206e+01
140 6.0566250834e-01 6.5906565564e-02 3.3610009904e+00 1.4738049552e+01
141 6.0502845620e-01 6.4493538518e-02 3.3823588868e+00 1.4955670838e+01
142 6.0494183093e-01 6.4530997811e-02 3.3796632468e+00 1.4939696927e+01
143 6.0492588816e-01 6.4545281975e-02 3.3779002835e+00 1.4929993370e+01
144 6.0521096018e-01 6.4931813739e-02 3.3436285085e+00 1.4653551766e+01
145 6.0499800790e-01 6.4364714729e-02 3.3101280264e+00 1.4410631633e+01
146 6.0497690782e-01 6.4502437377e-02 3.3035705108e+00 1.4363985956e+01
147 6.0488210543e-01 6.4488762077e-02 3.3023943161e+00 1.4362021892e+01
148 6.0490897364e-01 6.5240585400e-02 3.3358196645e+00 1.4652807547e+01
149 6.0485610680e-01 6.5313467284e-02 3.3332211832e+00 1.4628898593e+01
150 6.0483961983e-01 6.5321627477e-02 3.3322457034e+00 1.4625583142e+01
151 6.0504624013e-01 6.5777322653e-02 3.2971212486e+00 1.4341890703e+01
152 6.0508575175e-01 6.5811884947e-02 3.2973634049e+00 1.4342412043e+01
153 6.0528621153e-01 6.6135740963e-02 3.2690906398e+00 1.4113912093e+01
154 6.0535749587e-01 6.6131297501e-02 3.2700469365e+00 1.4114819038e+01
155 6.0536243236e-01 6.6146119439e-02 3.2673435031e+00 1.4101250011e+01
156 6.0498529456e-01 6.5077094116e-02 3.2604377739e+00 1.4043026696e+01
157 6.0510995548e-01 6.4699849827e-02 3.1924061206e+00 1.3478170386e+01
158 6.0498914620e-01 6.3651662941e-02 3.0942631938e+00 1.2678044781e+01
159 6.0498540092e-01 6.3703061984e-02 3.0957638154e+00 1.2679199640e+01
160 6.0517465872e-01 6.4017097990e-02 3.0689335694e+00 1.2471583041e+01
161 6.0518426991e-01 6.4061224931e-02 3.0643453223e+00 1.2449800022e+01
162 6.0562554637e-01 6.4828032407e-02 3.0093065823e+00 1.1990411126e+01
163 6.0560070511e-01 6.5149326807e-02 3.0744214471e+00 1.2547493237e+01
164 6.0606876273e-01 6.5957549518e-02 3.0214161107e+00 1.2139059069e+01
165 6.0630864210e-01 6.6194163797e-02 2.9978463511e+00 1.1971784220e+01
166 6.0629594725e-01 6.6331844735e-02 2.9852631708e+00 1.1922839324e+01
167 6.0624964497e-01 6.6336383067e-02 2.9867076214e+00 1.1927893713e+01
168 6.0639727522e-01 6.6993996792e-02 3.0076663194e+00 1.2081648314e+01
169 6.0649001209e-01 6.7347648294e-02 2.9778530301e+00 1.1885358763e+01
170 6.0650381246e-01 6.7341983597e-02 2.9782411671e+00 1.1886134096e+01
171 6.0672151391e-01 6.7839243790e-02 2.9559500161e+00 1.1695798954e+01
172 6.0667858987e-01 6.7854678143e-02 2.9556819129e+00 1.1692407556e+01
173 6.0668605700e-01 6.7700449543e-02 2.9549072402e+00 1.1718095125e+01
174 6.0693665310e-01 6.7994978471e-02 2.9335613448e+00 1.1558203696e+01
175 6.0686192279e-01 6.8024739846e-02 2.9326242631e+00 1.1550944584e+01
176 6.0683282523e-01 6.8036368119e-02 2.9321691393e+00 1.1548228471e+01
177 6.0688258623e-01 6.8763499895e-02 2.9658496174e+00 1.1838194158e+01
178 6.0711039970e-01 6.9157639776e-02 2.9436856803e+00 1.1661976861e+01
179 6.0715992755e-01 6.9166496532e-02 2.9455809261e+00 1.1663446346e+01
180 6.0739657498e-01 6.9442236398e-02 2.9226966542e+00 1.1502757581e+01
181 6.0746005738e-01 7.0102388533e-02 2.9726781179e+00 1.1929379132e+01
182 6.0745369247e-01 7.0151429012e-02 2.9709895287e+00 1.1915311827e+01
183 6.0750122336e-01 7.0054295457e-02 2.9716839427e+00 1.1933783749e+01
184 6.0750176624e-01 7.0036512045e-02 2.9716772376e+00 1.1934502883e+01
185 6.0719506043e-01 6.9569647118e-02 2.9701162247e+00 1.1936826034e+01
186 6.0702461244e-01 6.8955619578e-02 2.9344538576e+00 1.1649765529e+01
187 6.0726799981e-01 6.9243762072e-02 2.9090620883e+00 1.1474901570e+01
188 6.0755126827e-01 6.9385170178e-02 2.8931328721e+00 1.1361860582e+01
189 6.0776574272e-01 6.9714036165e-02 2.8717217196e+00 1.1200760304e+01
190 6.0769089258e-01 6.9733817567e-02 2.8721081655e+00 1.1200691278e+01
191 6.0765653241e-01 6.9560766191e-02 2.8723916124e+00 1.1222662138e+01
192 6.0769916721e-01 6.9685153253e-02 2.8667101407e+00 1.1191367440e+01
193 6.0770862925e-01 6.9680526747e-02 2.8670651277e+00 1.1192580919e+01
194 6.0775474057e-01 6.9641750662e-02 2.8701481822e+00 1.1205149026e+01
195 6.0788187625e-01 7.0224034492e-02 2.8929808685e+00 1.1351219274e+01
196 6.0707683616e-01 6.8108138370e-02 2.8630341549e+00 1.1090391758e+01
197 6.0738318409e-01 6.8370028498e-02 2.8411093619e+00 1.0935440349e+01
198 6.0738852692e-01 6.8383502676e-02 2.8384841945e+00 1.0927388263e+01
199 6.0737270263e-01 6.8377098136e-02 2.8385957274e+00 1.0926809159e+01
200 6.0753360153e-01 6.8663548440e-02 2.8167466174e+00 1.0779669224e+01
201 6.0753775279e-01 6.8786526788e-02 2.8141712276e+00 1.0763178001e+01
202 6.0743454610e-01 6.9155892168e-02 2.8563467898e+00 1.1097972373e+01
203 6.0740230385e-01 6.9158303603e-02 2.8579555299e+00 1.1100991831e+01
204 6.0696954531e-01 6.8255472024e-02 2.8397453265e+00 1.0977143897e+01
205 6.0697441983e-01 6.8179932889e-02 2.8432331081e+00 1.0995136568e+01
206 6.0709438552e-01 6.8562563451e-02 2.8221121717e+00 1.0834142600e+01
207 6.0711324267e-01 6.8561902258e-02 2.8217622059e+00 1.0830835254e+01
208 6.0664363704e-01 6.7203054040e-02 2.7844243860e+00 1.0530187224e+01
209 6.0653329871e-01 6.7177901925e-02 2.7805665730e+00 1.0525721349e+01
210 6.0635166998e-01 6.7270768430e-02 2.7769732089e+00 1.0497597770e+01
211 6.0647004438e-01 6.7928825413e-02 2.8133590980e+00 1.0799937588e+01
212 6.0678187059e-01 6.8626896823e-02 2.7604975111e+00 1.0390013063e+01
213 6.0693038236e-01 6.8936899606e-02 2.7324875205e+00 1.0174647156e+01
214 6.0706895926e-01 6.9572092590e-02 2.7819287692e+00 1.0609111707e+01
215 6.0758790534e-01 7.0299695611e-02 2.7433713197e+00 1.0324475781e+01
216 6.0776669600e-01 7.0878996171e-02 2.7627299445e+00 1.0442804761e+01
217 6.0737057459e-01 7.0487277595e-02 2.7927947798e+00 1.0629964415e+01
218 6.0733997547e-01 7.0410916744e-02 2.7917647264e+00 1.0634256398e+01
219 6.0729369762e-01 7.0409208371e-02 2.7920649025e+00 1.0640390944e+01
220 6.0729792032e-01 7.1159025797e-02 2.8110761036e+00 1.0829708480e+01
221 6.0745511648e-01 7.1509290644e-02 2.7908538470e+00 1.0680575756e+01
222 6.0722053107e-01 7.0893287833e-02 2.7435388190e+00 1.0318458676e+01
223 6.0718852116e-01 7.0795935135e-02 2.7471404975e+00 1.0340279381e+01
224 6.0713243935e-01 7.0902962121e-02 2.7379426121e+00 1.0304995290e+01
225 6.0697845893e-01 7.0309349369e-02 2.7124883684e+00 1.0126867630e+01
226 6.0709274119e-01 7.0327705340e-02 2.7114237008e+00 1.0120953904e+01
227 6.0705545543e-01 7.0309983667e-02 2.7066481228e+00 1.0084796884e+01
228 6.0667384900e-01 6.9507950593e-02 2.7062336811e+00 1.0080075977e+01
229 6.0663212999e-01 6.9538206451e-02 2.6994776433e+00 1.0059207597e+01
230 6.0637996443e-01 6.9260076484e-02 2.7180440702e+00 1.0189627907e+01
231 6.0636024429e-01 6.9273923111e-02 2.7144337061e+00 1.0173520855e+01
232 6.0607568707e-01 6.8937879908e-02 2.7336106266e+00 1.0315989108e+01
233 6.0609761449e-01 6.8968337115e-02 2.7359423166e+00 1.0324366348e+01
234 6.0614998089e-01 6.9671936727e-02 2.7633729477e+00 1.0545130779e+01
235 6.0639849911e-01 7.0928352791e-02 2.8143144410e+00 1.0916824381e+01
236 6.0625510666e-01 7.0402488169e-02 2.7995963294e+00 1.0853536799e+01
237 6.0630663599e-01 7.0417310188e-02 2.7948795259e+00 1.0837580972e+01
238 6.0635199795e-01 7.0396618905e-02 2.7960333287e+00 1.0842613101e+01
239 6.0660210211e-01 7.0726630365e-02 2.7708872950e+00 1.0673419742e+01
240 6.0637790846e-01 7.0169017438e-02 2.7413227011e+00 1.0475086436e+01
241 6.0690979624e-01 7.1697095240e-02 2.7872283327e+00 1.0878735797e+01
242 6.0705560774e-01 7.2141821431e-02 2.7606771972e+00 1.0700583567e+01
243 6.0725734363e-01 7.3216920876e-02 2.7679536720e+00 1.0793112836e+01
244 6.0717946318e-01 7.3232702993e-02 2.7617926669e+00 1.0782368418e+01
245 6.0696294216e-01 7.2889574766e-02 2.7801742790e+00 1.0927785757e+01
246 6.0691396395e-01 7.2958035727e-02 2.7774423692e+00 1.0906585823e+01
247 6.0700638497e-01 7.2779816639e-02 2.7327462428e+00 1.0568149835e+01
248 6.0723558765e-01 7.3145867905e-02 2.7141950317e+00 1.0423834775e+01
249 6.0748508480e-01 7.3543298242e-02 2.6926604067e+00 1.0268403382e+01
250 6.0747695411e-01 7.3562428774e-02 2.6904588944e+00 1.0259443859e+01
251 6.0747910938e-01 7.3586108186e-02 2.6890630318e+00 1.0256282210e+01
252 6.0746834366e-01 7.3624519339e-02 2.6842520951e+00 1.0236690531e+01
253 6.0773763177e-01 7.3854276665e-02 2.6680098561e+00 1.0123504008e+01
254 6.0738136822e-01 7.3144567652e-02 2.6713085536e+00 1.0154425777e+01
255 6.0768477440e-01 7.4395970891e-02 2.7202369621e+00 1.0482514138e+01
256 6.0736988680e-01 7.3116120944e-02 2.6759582797e+00 1.0216049862e+01
257 6.0744500748e-01 7.3840589004e-02 2.7063495610e+00 1.0460287903e+01
258 6.0763496395e-01 7.4447038433e-02 2.7244398174e+00 1.0567081218e+01
259 6.0808503836e-01 7.5193167636e-02 2.6906892683e+00 1.0309239856e+01
260 6.0749916890e-01 7.4032819261e-02 2.7049603270e+00 1.0440024743e+01
261 6.0765226998e-01 7.4238807700e-02 2.6860122370e+00 1.0324121778e+01
262 6.0777012121e-01 7.4805067947e-02 2.6705752686e+00 1.0204513266e+01
263 6.0804650783e-01 7.5071028782e-02 2.6492768341e+00 1.0070962319e+01
264 6.0812170803e-01 7.5909961452e-02 2.6862527520e+00 1.0393888810e+01
265 6.0831480243e-01 7.6166576232e-02 2.6680620068e+00 1.0278274616e+01
266 6.0827361847e-01 7.6164612139e-02 2.6656246963e+00 1.0274115421e+01
267 6.0791416670e-01 7.5814489773e-02 2.6723018414e+00 1.0319818279e+01
268 6.0799772476e-01 7.6191671995e-02 2.6520385641e+00 1.0176677517e+01
269 6.0768449685e-01 7.5833578836e-02 2.6701199471e+00 1.0317349885e+01
270 6.0779986821e-01 7.6122062286e-02 2.6318580928e+00 1.0021805915e+01
271 6.0783993336e-01 7.6115153815e-02 2.6305872169e+00 1.0016083685e+01
272 6.0783014645e-01 7.6126055498e-02 2.6296970450e+00 1.0011736315e+01
273 6.0778386558e-01 7.6235409110e-02 2.6272433590e+00 9.9875384031e+00
274 6.0747590887e-01 7.5956172644e-02 2.6388108223e+00 1.0099061174e+01
275 6.0750843790e-01 7.5957803463e-02 2.6376001111e+00 1.0093559817e+01
276 6.0744124319e-01 7.6029397192e-02 2.6344470837e+00 1.0079392207e+01
277 6.0746222357e-01 7.5861270596e-02 2.5794192458e+00 9.7022846057e+00
278 6.0767130103e-01 7.6094978581e-02 2.5633570338e+00 9.5947023247e+00
279 6.0796881643e-01 7.6431243708e-02 2.5476295127e+00 9.4765089746e+00
280 6.0792359417e-01 7.6527017054e-02 2.5476810219e+00 9.4691163816e+00
281 6.0810581339e-01 7.6972894908e-02 2.5279910026e+00 9.3473108128e+00
282 6.0839386455e-01 7.7317194552e-02 2.5098174315e+00 9.2233361372e+00
283 6.0874131274e-01 7.7897763125e-02 2.5029611136e+00 9.1527577835e+00
284 6.0892161189e-01 7.8177406315e-02 2.4873665453e+00 9.0506969848e+00
285 6.0935996857e-01 7.8806374520e-02 2.4542094048e+00 8.8308838931e+00
286 6.0917690958e-01 7.8212481055e-02 2.4370608611e+00 8.7394128738e+00
287 6.0947278176e-01 7.9383940946e-02 2.4971185173e+00 9.1638649748e+00
288 6.0965145790e-01 7.9948345062e-02 2.5242461287e+00 9.3600838281e+00
289 6.0950020454e-01 7.9470807987e-02 2.5034963351e+00 9.2630736368e+00
290 6.0963005317e-01 8.0102162739e-02 2.5333863144e+00 9.4735014797e+00
291 6.0941635995e-01 7.9481076257e-02 2.5048116199e+00 9.2746317756e+00
292 6.0981469649e-01 7.9925095060e-02 2.4751582098e+00 9.0896704017e+00
293 6.0953514662e-01 7.9684673886e-02 2.4878405316e+00 9.1847185508e+00
294 6.0923046536e-01 7.8628936663e-02 2.4479507110e+00 8.9379847956e+00
295 6.0915809950e-01 7.8664693053e-02 2.4407636052e+00 8.9136985811e+00
296 6.0913762654e-01 7.8616564552e-02 2.4331580324e+00 8.8501511443e+00
297 6.0890335804e-01 7.8053285669e-02 2.4174823904e+00 8.7841067675e+00
298 6.0891499537e-01 7.7997274445e-02 2.4114820065e+00 8.7424074998e+00
299 6.0894955714e-01 7.7968197033e-02 2.4105548729e+00 8.7432959545e+00
300 6.0899612521e-01 7.7967751563e-02 2.4087959742e+00 8.7377668914e+00
301 6.0899624496e-01 7.8000380315e-02 2.4089609596e+00 8.7345775636e+00
302 6.0913328592e-01 7.8445582918e-02 2.3878026545e+00 8.6104604608e+00
303 6.0925438581e-01 7.8892224237e-02 2.4067991455e+00 8.7242669074e+00
304 6.0934510495e-01 7.8606833373e-02 2.3648278727e+00 8.4481119948e+00
305 6.0998257075e-01 7.9719119134e-02 2.3204170882e+00 8.1531660333e+00
306 6.1002461295e-01 7.9759152257e-02 2.3187906388e+00 8.1452916926e+00
307 6.1004006455e-01 7.9746357099e-02 2.3198254161e+00 8.1479870570e+00
308 6.1003929230e-01 7.9750995362e-02 2.3209827024e+00 8.1519616694e+00
309 6.0985170111e-01 7.9113146773e-02 2.3031219595e+00 8.0549277081e+00
310 6.0983522209e-01 7.9134476906e-02 2.3016561413e+00 8.0496827295e+00
311 6.0976884142e-01 7.9331392514e-02 2.3431617961e+00 8.3505099767e+00
312 6.0970162391e-01 7.9355834273e-02 2.3396581315e+00 8.3394361730e+00
313 6.1025998827e-01 8.1064312218e-02 2.4043408774e+00 8.8192758218e+00
314 6.1014107357e-01 8.1106654051e-02 2.4061259324e+00 8.8211160771e+00
315 6.0976002163e-01 8.0239326389e-02 2.3940845265e+00 8.7589012412e+00
316 6.0952387090e-01 7.9688406465e-02 2.3475255045e+00 8.4385097305e+00
317 6.0982932308e-01 8.0032551122e-02 2.3329684563e+00 8.3399756769e+00
318 6.0993377302e-01 7.9730855501e-02 2.2999688735e+00 8.1325852613e+00
319 6.1015841507e-01 8.0007325174e-02 2.2851062858e+00 8.0387317441e+00
320 6.0962974265e-01 7.9428486405e-02 2.3099624956e+00 8.2079759827e+00
321 6.0964078970e-01 7.9424855428e-02 2.3099795089e+00 8.2080682402e+00
322 6.1015463512e-01 8.0057448688e-02 2.2834338301e+00 8.0257931035e+00
323 6.1011906208e-01 8.0074030319e-02 2.2830996770e+00 8.0233282664e+00
324 6.1015740827e-01 8.0227290112e-02 2.2851442011e+00 8.0242108032e+00
325 6.1011955525e-01 8.0215798982e-02 2.2875887937e+00 8.0405457249e+00
326 6.1018713931e-01 8.0231348583e-02 2.2846162589e+00 8.0314567059e+00
327 6.1035626926e-01 8.0650029387e-02 2.2976760504e+00 8.0849342399e+00
328 6.1039818973e-01 8.1210201532e-02 2.3105004510e+00 8.1571426240e+00
329 6.1033169226e-01 8.1264247351e-02 2.3314954131e+00 8.3365130134e+00
330 6.1026250124e-01 8.1238303441e-02 2.3158783208e+00 8.2084864842e+00
331 6.1056472612e-01 8.1529344691e-02 2.2986915514e+00 8.1070952687e+00
332 6.1034029810e-01 8.1240240155e-02 2.3102663109e+00 8.1922982640e+00
333 6.1020773924e-01 8.0935807588e-02 2.2918014380e+00 8.1007227447e+00
334 6.1017583375e-01 8.1543504625e-02 2.3305753023e+00 8.3218452887e+00
335 6.1027504218e-01 8.2059533109e-02 2.3459708980e+00 8.3922377487e+00
336 6.1024677552e-01 8.2086170403e-02 2.3456343757e+00 8.3887556466e+00
337 6.1037525016e-01 8.2319221324e-02 2.3303489069e+00 8.3018005472e+00
338 6.1009729724e-01 8.1993773799e-02 2.3474111444e+00 8.4054384399e+00
339 6.1010250538e-01 8.2121339190e-02 2.3674952589e+00 8.5860986279e+00
340 6.0988494160e-01 8.1731997706e-02 2.3760438706e+00 8.6687969915e+00
341 6.1002216881e-01 8.2383303621e-02 2.4041279854e+00 8.8630231274e+00
342 6.0981956654e-01 8.1866230921e-02 2.3901046161e+00 8.8080921884e+00
343 6.0977678560e-01 8.1857165153e-02 2.3887724094e+00 8.8059032790e+00
344 6.1010837884e-01 8.2710616877e-02 2.3968949066e+00 8.8345167611e+00
345 6.1010683838e-01 8.2725571326e-02 2.3968400388e+00 8.8329990432e+00
346 6.1042055657e-01 8.3584411727e-02 2.4025812259e+00 8.8414394106e+00
347 6.1049452861e-01 8.4022880019e-02 2.4160789236e+00 8.9242459555e+00
348 6.1048854620e-01 8.4028432214e-02 2.4160820260e+00 8.9220125579e+00
349 6.1058032162e-01 8.4673854492e-02 2.4246535615e+00 8.9415537263e+00
350 6.1065156368e-01 8.5091614121e-02 2.4276959165e+00 8.9248034145e+00
351 6.1086366317e-01 8.5422138116e-02 2.4155771247e+00 8.8694365826e+00
352 6.1084702622e-01 8.5440536039e-02 2.4138701384e+00 8.8568468099e+00
353 6.1078766706e-01 8.5447455114e-02 2.4151330337e+00 8.8609860505e+00
354 6.1084355543e-01 8.5446807647e-02 2.4136493919e+00 8.8543793554e+00
355 6.0989205406e-01 8.3360862995e-02 2.3727796006e+00 8.6112376825e+00
356 6.0976800556e-01 8.2611302711e-02 2.3125296879e+00 8.1549945315e+00
357 6.0971107985e-01 8.2688277478e-02 2.3081485097e+00 8.1453873555e+00
358 6.0968650076e-01 8.2660157163e-02 2.3083895661e+00 8.1500265288e+00
359 6.0990065253e-01 8.3039665123e-02 2.2944442399e+00 8.0554150197e+00
360 6.0955698251e-01 8.2343263317e-02 2.2942835325e+00 8.0678043318e+00
361 6.0977939133e-01 8.2693678829e-02 2.2771909614e+00 7.9671923100e+00
362 6.0929003418e-01 8.1988652726e-02 2.2701384070e+00 7.9530374986e+00
363 6.0925700362e-01 8.2007830119e-02 2.2692683056e+00 7.9497347728e+00
364 6.0920945955e-01 8.2075689291e-02 2.2634473892e+00 7.9310981698e+00
365 6.0909213728e-01 8.2095488846e-02 2.2623960843e+00 7.9286585116e+00
