1 5.9282947138e-01 1.1102230246e-16 1.0000000000e+00 1.0000000000e+00
2 5.9277436358e-01 1.4001688170e-03 -1.4071856652e+01 2.5507741110e+02
3 5.9314378596e-01 1.0780993034e-02 1.9866234556e+01 4.3420906515e+02
4 5.9355060382e-01 1.5094008317e-02 1.4434183369e+01 2.2434671227e+02
5 5.9355769320e-01 1.5216940155e-02 1.4060166183e+01 2.1727803521e+02
6 5.9350694569e-01 1.5320244318e-02 1.3751087830e+01 2.1177055157e+02
7 5.9358562597e-01 1.5341237353e-02 1.3680830975e+01 2.1033405357e+02
8 5.9362130842e-01 1.5366445356e-02 1.3610575829e+01 2.0883673154e+02
9 5.9384496032e-01 1.6985476024e-02 1.2434755723e+01 1.7136378502e+02
10 5.9401495216e-01 1.8545841581e-02 1.1474821627e+01 1.4459770268e+02
11 5.9423605660e-01 2.0049830770e-02 1.0576514810e+01 1.2326725564e+02
12 5.9443421914e-01 2.1368304175e-02 9.9775819373e+00 1.0895440320e+02
13 5.9445391743e-01 2.1373562674e-02 9.9674962548e+00 1.0881054404e+02
14 5.9440828722e-01 2.1411828364e-02 9.9167973032e+00 1.0812353799e+02
15 5.9485930303e-01 2.3724038447e-02 8.9383703023e+00 8.7376460819e+01
16 5.9482520680e-01 2.3742691326e-02 8.9208012058e+00 8.7154050876e+01
17 5.9481772993e-01 2.3632096819e-02 8.9054452115e+00 8.7007109342e+01
18 5.9478720805e-01 2.3580995765e-02 8.8181372957e+00 8.6079184544e+01
19 5.9495778359e-01 2.4791539119e-02 8.3595411427e+00 7.7792236637e+01
20 5.9525318761e-01 2.5859992581e-02 8.0427386703e+00 7.1685246860e+01
21 5.9547957042e-01 2.6897311752e-02 7.7504681443e+00 6.6381428430e+01
22 5.9556622944e-01 2.8014365917e-02 7.3901672988e+00 6.0909356498e+01
23 5.9555338290e-01 2.8010277522e-02 7.3943340571e+00 6.0958161919e+01
24 5.9555438491e-01 2.8042591487e-02 7.3669798257e+00 6.0678313440e+01
25 5.9556385668e-01 2.8049812348e-02 7.3601311322e+00 6.0606008001e+01
26 5.9549041106e-01 2.8239629204e-02 7.2936448906e+00 5.9982700182e+01
27 5.9519688015e-01 2.7311506533e-02 7.4930757416e+00 6.3812272014e+01
28 5.9552050394e-01 2.8386230829e-02 7.2677953140e+00 5.9724355358e+01
29 5.9589397505e-01 3.0268662124e-02 6.8299785080e+00 5.2561657766e+01
30 5.9609279054e-01 3.1234571302e-02 6.5862984619e+00 4.9135826214e+01
31 5.9667231600e-01 3.3666416067e-02 6.1037932177e+00 4.2044949944e+01
32 5.9713391358e-01 3.5294421955e-02 5.8525210251e+00 3.8480735209e+01
33 5.9700245236e-01 3.5402865454e-02 5.8040433405e+00 3.8104922739e+01
34 5.9696906009e-01 3.5425365691e-02 5.7947881962e+00 3.8030854276e+01
35 5.9697613521e-01 3.5435371922e-02 5.7893630163e+00 3.7983443671e+01
36 5.9694706516e-01 3.5421145128e-02 5.7520897659e+00 3.7714705736e+01
37 5.9696469375e-01 3.5378179895e-02 5.7329461396e+00 3.7594144323e+01
38 5.9690503183e-01 3.5274361178e-02 5.6979150236e+00 3.7372688651e+01
39 5.9693983479e-01 3.5326488944e-02 5.6664748838e+00 3.7137509651e+01
40 5.9693817910e-01 3.5337196936e-02 5.6609252494e+00 3.7093927773e+01
41 5.9786529873e-01 3.8187392275e-02 5.2725124749e+00 3.1837833217e+01
42 5.9791259198e-01 3.8191178712e-02 5.2673728444e+00 3.1799174178e+01
43 5.9789613028e-01 3.8201733377e-02 5.2640391441e+00 3.1773299021e+01
44 5.9784232687e-01 3.8212372377e-02 5.2482161413e+00 3.1669941646e+01
45 5.9794703857e-01 3.9537710091e-02 5.5128074058e+00 3.6353840194e+01
46 5.9801491095e-01 3.8956032062e-02 5.1366521864e+00 3.0404443581e+01
47 5.9828204567e-01 3.9618538644e-02 5.0531476815e+00 2.9375673238e+01
48 5.9894722582e-01 4.1631844863e-02 4.8132396209e+00 2.6605952687e+01
49 5.9890578430e-01 4.1709592010e-02 4.7829755597e+00 2.6438349081e+01
50 5.9892191099e-01 4.1646519989e-02 4.7781681798e+00 2.6410195537e+01
51 5.9932180651e-01 4.2773003884e-02 4.6290946666e+00 2.4829735413e+01
52 5.9952691242e-01 4.3451884095e-02 4.5389398954e+00 2.3970869723e+01
53 5.9948817222e-01 4.3514022959e-02 4.5206881260e+00 2.3854100129e+01
54 5.9939891015e-01 4.4071806776e-02 4.7432458784e+00 2.6935238412e+01
55 5.9933216522e-01 4.4125357955e-02 4.7277564016e+00 2.6836505084e+01
56 5.9955612465e-01 4.4708005145e-02 4.6600227451e+00 2.6028752337e+01
57 5.9946989569e-01 4.4776762365e-02 4.6395040666e+00 2.5912074401e+01
58 6.0012650079e-01 4.6793241645e-02 4.4682681781e+00 2.3915951178e+01
59 6.0043458072e-01 4.7401665644e-02 4.4064012426e+00 2.3236739764e+01
60 6.0016303180e-01 4.6871155637e-02 4.4489939796e+00 2.3640022983e+01
61 6.0002049771e-01 4.6966381138e-02 4.4262805912e+00 2.3508651130e+01
62 6.0004786949e-01 4.6980043391e-02 4.4201000304e+00 2.3471567781e+01
63 6.0003383967e-01 4.7015676173e-02 4.4093623820e+00 2.3407721805e+01
64 5.9996205617e-01 4.7089857372e-02 4.3900744036e+00 2.3291339183e+01
65 5.9995791723e-01 4.8152531801e-02 4.4853251155e+00 2.4647886591e+01
66 5.9995725396e-01 4.8159095023e-02 4.4834650457e+00 2.4634733225e+01
67 5.9997836750e-01 4.8226572563e-02 4.4813217676e+00 2.4604810133e+01
68 6.0017713015e-01 4.8786693230e-02 4.4146783650e+00 2.3881637370e+01
69 6.0012107241e-01 4.8837663490e-02 4.4026122931e+00 2.3803958940e+01
70 6.0042497220e-01 5.0323991086e-02 4.4296914116e+00 2.4207539865e+01
71 6.0036021442e-01 5.0373249107e-02 4.4189600032e+00 2.4137653986e+01
72 6.0104100264e-01 5.1857844684e-02 4.2588538701e+00 2.2351646599e+01
73 6.0102078211e-01 5.1925945732e-02 4.2576670630e+00 2.2328411684e+01
74 6.0102859893e-01 5.1927987725e-02 4.2566770428e+00 2.2322355315e+01
75 6.0106224030e-01 5.2788676136e-02 4.2808728071e+00 2.2589392110e+01
76 6.0099686957e-01 5.2806075506e-02 4.2788589830e+00 2.2581930744e+01
77 6.0102146597e-01 5.2710751958e-02 4.2795376969e+00 2.2625408122e+01
78 6.0159840468e-01 5.4707248952e-02 4.2318869703e+00 2.2096513558e+01
79 6.0187038764e-01 5.5224602008e-02 4.1782002349e+00 2.1536600576e+01
80 6.0209982755e-01 5.6792458875e-02 4.2467221848e+00 2.2134605744e+01
81 6.0168780330e-01 5.6390590708e-02 4.2828706983e+00 2.2591878376e+01
82 6.0164614375e-01 5.6426704722e-02 4.2756070365e+00 2.2548014688e+01
83 6.0158744916e-01 5.6466236457e-02 4.2683868272e+00 2.2503972154e+01
84 6.0136445055e-01 5.5709197053e-02 4.2092685171e+00 2.1987227699e+01
85 6.0130522397e-01 5.5743281715e-02 4.2036296740e+00 2.1952425644e+01
86 6.0162510257e-01 5.6242791444e-02 4.1508819466e+00 2.1404617564e+01
87 6.0140511138e-01 5.5544071930e-02 4.1198987047e+00 2.1195191345e+01
88 6.0156191768e-01 5.6023681076e-02 4.0653666625e+00 2.0670630386e+01
89 6.0164279917e-01 5.6036423854e-02 4.0575172157e+00 2.0629573604e+01
90 6.0162996438e-01 5.6040495275e-02 4.0572400548e+00 2.0627329675e+01
91 6.0179401503e-01 5.6421478951e-02 4.0117704666e+00 2.0189027443e+01
92 6.0174894253e-01 5.6448694664e-02 4.0070865258e+00 2.0164497962e+01
93 6.0188571013e-01 5.6802977305e-02 3.9630945763e+00 1.9751009460e+01
94 6.0228172391e-01 5.7710235665e-02 3.8741547687e+00 1.8885052990e+01
95 6.0223706967e-01 5.7795312874e-02 3.8683437239e+00 1.8839793147e+01
96 6.0201478436e-01 5.7295354038e-02 3.9175174914e+00 1.9384926067e+01
97 6.0169353782e-01 5.6980462683e-02 3.9429882853e+00 1.9711252132e+01
98 6.0185564141e-01 5.7790725697e-02 3.9902135300e+00 2.0167500413e+01
99 6.0207724619e-01 5.8418477855e-02 3.9500067972e+00 1.9709570708e+01
100 6.0206733080e-01 5.8386185657e-02 3.9530663117e+00 1.9748434333e+01
101 6.0198626798e-01 5.8337500940e-02 3.9321198718e+00 1.9565564051e+01
102 6.0225619943e-01 5.8772478576e-02 3.8865997929e+00 1.9131588442e+01
103 6.0238783747e-01 5.9157528428e-02 3.8386058415e+00 1.8727012515e+01
104 6.0263485612e-01 5.9528750844e-02 3.7993445027e+00 1.8358831717e+01
105 6.0255602458e-01 5.9563131426e-02 3.7956901983e+00 1.8337528342e+01
106 6.0251047417e-01 5.8963058340e-02 3.7578425485e+00 1.7996181915e+01
107 6.0272852773e-01 5.9401233814e-02 3.7172953544e+00 1.7615917203e+01
108 6.0293095084e-01 5.9980150861e-02 3.6779619882e+00 1.7221862270e+01
109 6.0295344225e-01 5.9983269898e-02 3.6762941448e+00 1.7212690348e+01
110 6.0326684441e-01 6.0314106844e-02 3.6361106571e+00 1.6878378027e+01
111 6.0323713114e-01 6.0386121183e-02 3.6342095978e+00 1.6860695899e+01
112 6.0386375362e-01 6.2056532949e-02 3.6270065221e+00 1.6870499185e+01
113 6.0409055559e-01 6.2428176746e-02 3.5889688119e+00 1.6546327389e+01
114 6.0416623750e-01 6.2086441598e-02 3.5115382339e+00 1.5874451738e+01
115 6.0429491572e-01 6.2878616375e-02 3.5561046795e+00 1.6312614989e+01
116 6.0400728475e-01 6.2505516758e-02 3.5890760925e+00 1.6614337493e+01
117 6.0424952593e-01 6.2887117300e-02 3.5538399551e+00 1.6303749206e+01
118 6.0449882741e-01 6.3282208303e-02 3.5159360871e+00 1.5982747955e+01
119 6.0459137832e-01 6.3276931730e-02 3.5129084847e+00 1.5967121878e+01
120 6.0485514112e-01 6.3798517260e-02 3.4848402370e+00 1.5678314233e+01
121 6.0487485897e-01 6.3850914462e-02 3.4829264387e+00 1.5658795659e+01
122 6.0478542390e-01 6.3937595965e-02 3.4804252363e+00 1.5637503655e+01
123 6.0452252153e-01 6.3593946761e-02 3.5126346415e+00 1.5914980919e+01
124 6.0450768861e-01 6.3622238946e-02 3.5074097059e+00 1.5891822277e+01
125 6.0411097663e-01 6.2278294595e-02 3.4779914472e+00 1.5598001719e+01
126 6.0433520855e-01 6.2617093553e-02 3.4448619585e+00 1.5325844316e+01
127 6.0424483863e-01 6.2673993690e-02 3.4381391127e+00 1.5291569509e+01
128 6.0427818662e-01 6.2664216489e-02 3.4384513581e+00 1.5293515018e+01
129 6.0412637695e-01 6.3033855465e-02 3.5109258692e+00 1.5978072669e+01
130 6.0438251438e-01 6.3461718208e-02 3.4785724036e+00 1.5680354641e+01
131 6.0461256708e-01 6.3797133096e-02 3.4468738827e+00 1.5412119987e+01
132 6.0531299105e-01 6.4954065324e-02 3.3511113146e+00 1.4601802504e+01
133 6.0532514986e-01 6.4946949622e-02 3.3518790308e+00 1.4605476579e+01
134 6.0548703054e-01 6.5522210952e-02 3.3619809583e+00 1.4642583647e+01
135 6.0552277251e-01 6.5504899531e-02 3.3636704526e+00 1.4649924789e+01
136 6.0590153418e-01 6.6597798912e-02 3.3706459959e+00 1.4709517014e+01
137 6.0610698142e-01 6.6992135449e-02 3.3402670449e+00 1.4455638370e+01
138 6.0621088382e-01 6.7328757628e-02 3.3073537677e+00 1.4215975660e+01
139 6.0622128442e-01 6.7276446772e-02 3.3077443936e+00 1.4223406813e+01
140 6.0617334295e-01 6.6976777531e-02 3.2342161926e+00 1.3656868024e+01
141 6.0616926915e-01 6.7011904566e-02 3.2294150945e+00 1.3630230917e+01
142 6.0636624390e-01 6.7395513374e-02 3.2000603282e+00 1.3397864359e+01
143 6.0663329104e-01 6.7704762807e-02 3.1726987132e+00 1.3191121969e+01
144 6.0664251545e-01 6.7804523880e-02 3.1818892733e+00 1.3291613834e+01
145 6.0685544302e-01 6.8136965227e-02 3.1548692515e+00 1.3083923577e+01
146 6.0675087608e-01 6.8188937005e-02 3.1508167338e+00 1.3064747763e+01
147 6.0654023822e-01 6.7778025386e-02 3.1809057494e+00 1.3293416881e+01
148 6.0673833467e-01 6.8113183101e-02 3.1555855195e+00 1.3093085257e+01
149 6.0700227064e-01 6.8521005045e-02 3.1261770808e+00 1.2866704077e+01
150 6.0734557379e-01 6.9356171929e-02 3.0651467168e+00 1.2430076085e+01
151 6.0735924516e-01 6.9326827562e-02 3.0622160883e+00 1.2423955257e+01
152 6.0656028207e-01 6.7186914989e-02 3.0208455886e+00 1.2008945426e+01
153 6.0707234841e-01 6.8013828972e-02 2.9776343046e+00 1.1653914433e+01
154 6.0704931040e-01 6.8013211227e-02 2.9724227960e+00 1.1639942505e+01
155 6.0696342201e-01 6.8037068765e-02 2.9726746666e+00 1.1638893039e+01
156 6.0739431005e-01 6.8945674947e-02 2.9834435328e+00 1.1761391349e+01
157 6.0751731545e-01 6.9570191059e-02 3.0053860651e+00 1.1928797093e+01
158 6.0747891190e-01 6.9569555099e-02 2.9966314220e+00 1.1854548399e+01
159 6.0726535958e-01 6.8968426759e-02 2.9619287646e+00 1.1580473584e+01
160 6.0728459340e-01 6.8972668062e-02 2.9600460075e+00 1.1575372998e+01
161 6.0704627769e-01 6.8713894662e-02 2.9932358266e+00 1.1868194432e+01
162 6.0728057995e-01 6.9017130071e-02 2.9703459742e+00 1.1699979280e+01
163 6.0721568081e-01 6.9028632522e-02 2.9714197697e+00 1.1703424568e+01
164 6.0745329877e-01 6.9481469748e-02 2.9451210751e+00 1.1508488029e+01
165 6.0819702601e-01 7.0677847501e-02 2.8785971221e+00 1.1000996162e+01
166 6.0823020248e-01 7.0690756265e-02 2.8784261402e+00 1.1006849343e+01
167 6.0826492818e-01 7.0670969509e-02 2.8804679458e+00 1.1015173002e+01
168 6.0864698516e-01 7.1923024113e-02 2.8942082287e+00 1.1142507460e+01
169 6.0867687262e-01 7.1995680817e-02 2.8931356165e+00 1.1127810313e+01
170 6.0845910670e-01 7.1714208130e-02 2.9150489222e+00 1.1278705719e+01
171 6.0849099670e-01 7.1730957564e-02 2.9138534984e+00 1.1273224109e+01
172 6.0847368807e-01 7.1790668894e-02 2.9149251392e+00 1.1267447255e+01
173 6.0842835260e-01 7.1800108883e-02 2.9156114089e+00 1.1268914416e+01
174 6.0847994630e-01 7.2455278382e-02 2.9306379474e+00 1.1386443006e+01
175 6.0835546806e-01 7.2028300660e-02 2.9214980802e+00 1.1334149288e+01
176 6.0829364209e-01 7.2046618367e-02 2.9214743451e+00 1.1332914605e+01
177 6.0832526582e-01 7.2086240033e-02 2.9209186443e+00 1.1326443129e+01
178 6.0799020599e-01 7.1160307188e-02 2.9153577606e+00 1.1271277488e+01
179 6.0820099941e-01 7.1457290829e-02 2.8914877302e+00 1.1113969316e+01
180 6.0837702043e-01 7.1762618871e-02 2.8682966223e+00 1.0958903923e+01
181 6.0846478879e-01 7.1768351454e-02 2.8639729889e+00 1.0941429398e+01
182 6.0873160709e-01 7.1813197828e-02 2.7819852089e+00 1.0336008239e+01
183 6.0870278059e-01 7.2474618946e-02 2.7989052751e+00 1.0449869169e+01
184 6.0894031768e-01 7.2771926925e-02 2.7768640138e+00 1.0306201558e+01
185 6.0939243099e-01 7.3833952876e-02 2.7843414446e+00 1.0399475518e+01
186 6.1022253571e-01 7.5259476237e-02 2.7412529132e+00 1.0103239354e+01
187 6.0998529568e-01 7.4797384005e-02 2.7167872898e+00 9.9818415806e+00
188 6.1020423554e-01 7.5020232413e-02 2.6985776556e+00 9.8655849522e+00
189 6.1049885192e-01 7.6316910458e-02 2.7567821301e+00 1.0309210992e+01
190 6.1038755076e-01 7.6323780972e-02 2.7558369860e+00 1.0308593513e+01
191 6.1031897829e-01 7.6389635808e-02 2.7553994330e+00 1.0305951175e+01
192 6.1072257234e-01 7.7400124735e-02 2.7571067934e+00 1.0329824544e+01
193 6.1070081424e-01 7.7555713656e-02 2.7548724946e+00 1.0307970410e+01
194 6.1045608194e-01 7.7386758416e-02 2.7722860277e+00 1.0417922554e+01
195 6.1047315932e-01 7.7476181380e-02 2.7688926030e+00 1.0395104911e+01
196 6.1024418338e-01 7.6970262444e-02 2.7495344258e+00 1.0295664005e+01
197 6.1045852553e-01 7.7198185681e-02 2.7300290117e+00 1.0177213958e+01
198 6.1088323161e-01 7.9198127083e-02 2.8250074302e+00 1.0949195983e+01
199 6.1112965691e-01 7.9537608231e-02 2.8041226793e+00 1.0803793425e+01
200 6.1121632558e-01 8.0169753370e-02 2.8210002255e+00 1.0914725176e+01
201 6.1117815597e-01 8.0105288026e-02 2.8198598212e+00 1.0922812873e+01
202 6.1116839937e-01 8.0108087621e-02 2.8199256407e+00 1.0922628524e+01
203 6.1107775864e-01 8.0139623791e-02 2.8196130678e+00 1.0918318000e+01
204 6.1107850793e-01 8.0111183261e-02 2.8162183478e+00 1.0877968216e+01
205 6.1065069756e-01 7.9330000253e-02 2.8245785367e+00 1.0974537567e+01
206 6.1083865845e-01 7.9914261811e-02 2.8397357545e+00 1.1063612885e+01
207 6.1051240773e-01 7.9069220820e-02 2.8330869455e+00 1.1050414446e+01
208 6.1060300107e-01 7.9148254477e-02 2.8295870124e+00 1.1025874801e+01
209 6.1054199889e-01 7.9449153107e-02 2.8546113736e+00 1.1164469504e+01
210 6.1052772568e-01 7.9474684871e-02 2.8518387224e+00 1.1152713525e+01
211 6.1119401255e-01 8.0711044833e-02 2.8380184431e+00 1.1057324822e+01
212 6.1108216956e-01 8.0975437528e-02 2.8700359805e+00 1.1245612550e+01
213 6.1088476021e-01 8.0329712352e-02 2.8555635521e+00 1.1174609474e+01
214 6.1100808968e-01 8.0844480147e-02 2.8628199774e+00 1.1214026774e+01
215 6.1072464471e-01 8.0540032282e-02 2.8839768294e+00 1.1378097900e+01
216 6.1065152700e-01 8.0635484457e-02 2.8815255550e+00 1.1361081026e+01
217 6.1085066611e-01 8.0881534856e-02 2.8597091675e+00 1.1223700681e+01
218 6.1089703373e-01 8.0899247542e-02 2.8610210663e+00 1.1225314161e+01
219 6.1132764891e-01 8.0985571797e-02 2.7924475482e+00 1.0781818974e+01
220 6.1137116958e-01 8.1572325818e-02 2.7985174665e+00 1.0789196304e+01
221 6.1097120276e-01 8.0856556307e-02 2.8095364840e+00 1.0897379507e+01
222 6.1093475391e-01 8.0884206974e-02 2.8075232344e+00 1.0888048974e+01
223 6.1118886660e-01 8.1235098779e-02 2.7877370032e+00 1.0743286457e+01
224 6.1115296352e-01 8.1290202479e-02 2.7855693517e+00 1.0728135361e+01
225 6.1123598696e-01 8.1174902078e-02 2.7595933760e+00 1.0578155867e+01
226 6.1102825638e-01 8.0576447350e-02 2.7318073825e+00 1.0371861129e+01
227 6.1129838762e-01 8.1172121710e-02 2.7283311328e+00 1.0350684906e+01
228 6.1129364409e-01 8.1297299586e-02 2.7348767472e+00 1.0406758881e+01
229 6.1148433449e-01 8.1925414087e-02 2.7615688986e+00 1.0604939183e+01
230 6.1137801537e-01 8.0765507500e-02 2.6708917303e+00 9.9080451967e+00
231 6.1133824541e-01 8.0561612909e-02 2.6380394001e+00 9.6992356082e+00
232 6.1142019591e-01 8.1240775347e-02 2.6591370701e+00 9.8291288922e+00
233 6.1143398302e-01 8.1318601961e-02 2.6589127731e+00 9.8206990007e+00
234 6.1139069560e-01 8.1392803800e-02 2.6511482539e+00 9.7930877888e+00
235 6.1144858688e-01 8.1387745517e-02 2.6496044583e+00 9.7879228918e+00
236 6.1170686526e-01 8.1808126629e-02 2.6319660666e+00 9.6604212368e+00
237 6.1196627185e-01 8.2089054391e-02 2.6132990187e+00 9.5419828116e+00
238 6.1210859322e-01 8.2531246209e-02 2.6108113086e+00 9.5019651007e+00
239 6.1229302463e-01 8.2713229507e-02 2.5962390134e+00 9.4150240436e+00
240 6.1174116555e-01 8.1417487786e-02 2.5857922601e+00 9.3814149060e+00
241 6.1173828509e-01 8.1396977186e-02 2.5841112103e+00 9.3788687005e+00
242 6.1209722710e-01 8.3074959971e-02 2.6261524151e+00 9.6445779313e+00
243 6.1248116434e-01 8.3620382837e-02 2.5891825917e+00 9.3990107256e+00
244 6.1275664288e-01 8.4349625540e-02 2.5932076513e+00 9.4194530424e+00
245 6.1285104465e-01 8.4131767191e-02 2.5636608411e+00 9.2437961128e+00
246 6.1285209055e-01 8.4137440680e-02 2.5629933010e+00 9.2412408030e+00
247 6.1245552879e-01 8.3241374859e-02 2.5599732656e+00 9.2246129480e+00
248 6.1201037112e-01 8.2217081186e-02 2.5462250983e+00 9.1251729490e+00
249 6.1217734410e-01 8.2509204737e-02 2.5288337499e+00 9.0178718038e+00
250 6.1231872634e-01 8.3052062005e-02 2.5419192504e+00 9.0992604286e+00
251 6.1231841441e-01 8.3188528720e-02 2.5569491502e+00 9.2436697487e+00
252 6.1266524948e-01 8.3829113345e-02 2.5463210639e+00 9.1579801786e+00
253 6.1253908995e-01 8.3905342287e-02 2.5414046738e+00 9.1389083286e+00
254 6.1225769881e-01 8.3592575488e-02 2.5441449880e+00 9.1084814474e+00
255 6.1228448595e-01 8.3589015819e-02 2.5435271689e+00 9.1067777384e+00
256 6.1218126311e-01 8.3120813773e-02 2.5325121226e+00 9.0536678131e+00
257 6.1189390251e-01 8.2099008796e-02 2.5150258290e+00 8.9834831299e+00
258 6.1193470724e-01 8.2088858732e-02 2.5146589081e+00 8.9827503658e+00
259 6.1211978534e-01 8.2869291908e-02 2.5318362128e+00 9.1106935412e+00
260 6.1231987948e-01 8.3116883035e-02 2.5137124760e+00 8.9876017016e+00
261 6.1227535521e-01 8.3151721542e-02 2.5127138317e+00 8.9830063622e+00
262 6.1238565398e-01 8.3529841098e-02 2.5227412206e+00 9.0422282601e+00
263 6.1212907178e-01 8.3240320094e-02 2.5378738849e+00 9.1478110497e+00
264 6.1228652395e-01 8.3801470912e-02 2.5548653589e+00 9.2541326571e+00
265 6.1250985127e-01 8.4134714417e-02 2.5363890047e+00 9.1386804146e+00
266 6.1242327164e-01 8.4194132957e-02 2.5327907142e+00 9.1244777923e+00
267 6.1227733112e-01 8.3616979068e-02 2.5197898306e+00 9.0634101712e+00
268 6.1225798554e-01 8.3636909078e-02 2.5180333830e+00 9.0578496169e+00
269 6.1209310236e-01 8.3133908983e-02 2.4988662838e+00 8.9306988976e+00
270 6.1235065693e-01 8.3487541599e-02 2.4839682944e+00 8.8256721773e+00
271 6.1220837230e-01 8.2927589057e-02 2.4701525527e+00 8.7582752734e+00
272 6.1207245694e-01 8.2861812206e-02 2.4789746781e+00 8.8535517950e+00
273 6.1227956259e-01 8.3136308561e-02 2.4597538140e+00 8.7308633406e+00
274 6.1227495895e-01 8.3167258586e-02 2.4592093012e+00 8.7256055275e+00
275 6.1311816979e-01 8.4447578872e-02 2.4314044884e+00 8.5674914010e+00
276 6.1372038457e-01 8.5374437682e-02 2.4044410746e+00 8.3903533691e+00
277 6.1419981237e-01 8.5819579450e-02 2.3758390724e+00 8.2225215572e+00
278 6.1416073967e-01 8.5762037616e-02 2.3759132698e+00 8.2299732487e+00
279 6.1386598625e-01 8.5388918570e-02 2.3780645953e+00 8.2266752811e+00
280 6.1358089022e-01 8.5264481707e-02 2.3907653138e+00 8.2982205728e+00
281 6.1394027440e-01 8.6053663846e-02 2.3892112643e+00 8.2818041844e+00
282 6.1404650791e-01 8.6578136516e-02 2.4050300327e+00 8.3808253207e+00
283 6.1326381314e-01 8.5218056345e-02 2.4125148353e+00 8.4437257714e+00
284 6.1344375616e-01 8.5387674839e-02 2.3979633792e+00 8.3668292719e+00
285 6.1353432881e-01 8.6077212797e-02 2.4269873010e+00 8.5977063435e+00
286 6.1328636525e-01 8.5931461782e-02 2.4406367472e+00 8.6734977594e+00
287 6.1428893704e-01 8.6974997361e-02 2.3795482600e+00 8.3022999434e+00
288 6.1417292879e-01 8.7177948583e-02 2.4083659860e+00 8.4690260949e+00
289 6.1391097907e-01 8.6794691897e-02 2.4152495950e+00 8.5063262421e+00
290 6.1348570785e-01 8.5587052455e-02 2.3728655509e+00 8.2270854747e+00
291 6.1382633657e-01 8.6536216229e-02 2.3887276286e+00 8.2963207468e+00
292 6.1445331018e-01 8.7176805077e-02 2.3494571608e+00 8.0709874075e+00
293 6.1446971253e-01 8.7113081750e-02 2.3510931113e+00 8.0791922212e+00
294 6.1356916850e-01 8.5528692023e-02 2.3590086874e+00 8.0914676130e+00
295 6.1322042476e-01 8.5330651823e-02 2.3709247784e+00 8.1686417075e+00
296 6.1364427992e-01 8.5891173345e-02 2.3426173658e+00 7.9955161492e+00
297 6.1344138491e-01 8.5619380241e-02 2.3570931613e+00 8.0820395607e+00
298 6.1385914434e-01 8.6101298949e-02 2.3230113399e+00 7.8579507683e+00
299 6.1386546888e-01 8.6088500864e-02 2.3242803359e+00 7.8614074616e+00
300 6.1365859146e-01 8.5754560823e-02 2.3364851251e+00 7.9428005301e+00
301 6.1351956731e-01 8.5934374522e-02 2.3606150348e+00 8.0822252848e+00
302 6.1341340258e-01 8.6005149598e-02 2.3551956012e+00 8.0665399419e+00
303 6.1357408397e-01 8.6576445737e-02 2.3740946581e+00 8.1936258375e+00
304 6.1350161229e-01 8.6602276324e-02 2.3740282130e+00 8.1920999502e+00
305 6.1357583651e-01 8.6597940777e-02 2.3714258723e+00 8.1818708455e+00
306 6.1423855871e-01 8.7290305251e-02 2.3277383932e+00 7.9351053633e+00
307 6.1370297429e-01 8.6752073381e-02 2.3560938873e+00 8.1075292548e+00
308 6.1367916226e-01 8.6779214849e-02 2.3529314618e+00 8.0756474833e+00
309 6.1393230395e-01 8.7802382099e-02 2.3772634518e+00 8.2031785029e+00
310 6.1375000948e-01 8.7377496163e-02 2.3677516043e+00 8.1829453915e+00
311 6.1371726219e-01 8.7432541658e-02 2.3665448259e+00 8.1762085766e+00
312 6.1393992679e-01 8.7511042862e-02 2.3477698150e+00 8.0683599850e+00
313 6.1376574198e-01 8.7102742695e-02 2.3381133096e+00 8.0407495623e+00
314 6.1337194865e-01 8.6658727052e-02 2.3449278179e+00 8.0888625097e+00
315 6.1293292546e-01 8.6004961277e-02 2.3485711829e+00 8.1141624919e+00
316 6.1295695137e-01 8.5953455092e-02 2.3409902280e+00 8.0545526828e+00
317 6.1292121123e-01 8.5966820073e-02 2.3410841174e+00 8.0532668934e+00
318 6.1306480251e-01 8.6070944637e-02 2.3273771369e+00 7.9698850561e+00
319 6.1307078831e-01 8.6059182285e-02 2.3229472359e+00 7.9327780548e+00
320 6.1338487532e-01 8.6929805493e-02 2.3184683647e+00 7.8755120436e+00
321 6.1339616516e-01 8.6829812117e-02 2.3148826797e+00 7.8554065840e+00
322 6.1345950056e-01 8.6887557668e-02 2.3157631312e+00 7.8504787144e+00
323 6.1331214712e-01 8.6453806040e-02 2.3099168355e+00 7.8321676295e+00
324 6.1297155614e-01 8.5863407523e-02 2.3176873558e+00 7.8890658431e+00
325 6.1308441518e-01 8.6442860683e-02 2.3350966569e+00 8.0020407862e+00
326 6.1307354931e-01 8.6464322531e-02 2.3333050166e+00 7.9956906978e+00
327 6.1303248342e-01 8.6423120348e-02 2.3346230007e+00 8.0056768952e+00
328 6.1281977582e-01 8.6077461474e-02 2.3484992744e+00 8.0967367712e+00
329 6.1299287750e-01 8.6786448149e-02 2.3846057255e+00 8.3740634005e+00
330 6.1322259834e-01 8.7124650996e-02 2.3690633212e+00 8.2762420069e+00
331 6.1303299148e-01 8.6744532602e-02 2.3681500739e+00 8.2977929167e+00
332 6.1293181484e-01 8.6791990771e-02 2.3668128046e+00 8.2915137068e+00
333 6.1313286155e-01 8.6541613665e-02 2.2953383393e+00 7.8289328050e+00
334 6.1337850186e-01 8.6936496868e-02 2.2808798469e+00 7.7368829015e+00
335 6.1367404862e-01 8.7679181561e-02 2.2882004635e+00 7.8145754080e+00
336 6.1393445025e-01 8.7971787008e-02 2.2718687292e+00 7.7236886429e+00
337 6.1388552473e-01 8.8325537299e-02 2.3055414139e+00 7.9288292744e+00
338 6.1409329614e-01 8.8545074258e-02 2.2923667839e+00 7.8532913440e+00
339 6.1447003194e-01 8.9240193418e-02 2.2846508925e+00 7.7958031588e+00
340 6.1469390903e-01 9.0344661954e-02 2.3181043880e+00 7.9875810240e+00
341 6.1500019011e-01 9.0998923173e-02 2.3109710371e+00 7.9302898596e+00
342 6.1519240041e-01 9.1619162201e-02 2.3429218917e+00 8.1694656933e+00
343 6.1508076697e-01 9.0676424045e-02 2.2804539422e+00 7.7637025130e+00
344 6.1487532105e-01 9.0702643330e-02 2.3197079596e+00 8.0665084962e+00
345 6.1456172047e-01 8.9611946821e-02 2.2904147185e+00 7.9130300167e+00
346 6.1468532106e-01 9.0172005795e-02 2.2978830377e+00 7.9496639866e+00
347 6.1501885948e-01 9.0767515023e-02 2.2830613163e+00 7.8474361340e+00
348 6.1481779493e-01 9.0332796314e-02 2.2727051221e+00 7.7966355399e+00
349 6.1407755214e-01 8.9118428021e-02 2.2861936156e+00 7.9063138773e+00
350 6.1421007725e-01 8.9805895638e-02 2.3019841184e+00 7.9904964125e+00
351 6.1448071325e-01 8.9939673486e-02 2.2898281018e+00 7.9279059695e+00
352 6.1464785820e-01 9.0429076281e-02 2.2998130687e+00 7.9725644800e+00
353 6.1512675590e-01 9.1080949186e-02 2.2693775969e+00 7.7769499568e+00
354 6.1535094632e-01 9.1444593959e-02 2.2526473749e+00 7.6864708516e+00
355 6.1539767393e-01 9.1434660795e-02 2.2520640349e+00 7.6850039680e+00
356 6.1541756748e-01 9.1437601394e-02 2.2512004436e+00 7.6820584321e+00
357 6.1547519714e-01 9.1531361381e-02 2.2507156860e+00 7.6780643510e+00
358 6.1548629296e-01 9.1526375886e-02 2.2508608712e+00 7.6784898253e+00
359 6.1543857185e-01 9.1577511354e-02 2.2499187628e+00 7.6710379665e+00
360 6.1500764561e-01 9.0777302410e-02 2.2445327976e+00 7.6418798108e+00
361 6.1480698708e-01 9.0537809508e-02 2.2562754912e+00 7.7139182826e+00
362 6.1525624279e-01 9.1497057037e-02 2.2551256860e+00 7.6914507780e+00
363 6.1523836253e-01 9.1531255787e-02 2.2590018740e+00 7.7149987369e+00
364 6.1543219370e-01 9.2087892309e-02 2.2771703794e+00 7.8259418589e+00
365 6.1621639986e-01 9.3070848162e-02 2.2423169214e+00 7.6063910371e+00
