1 5.9282947138e-01 1.1102230246e-16 1.0000000000e+00 1.0000000000e+00
2 5.9298477329e-01 7.7375529843e-03 2.6703248852e+01 8.2187273713e+02
3 5.9335263967e-01 1.3107370731e-02 1.6543467834e+01 2.9699385329e+02
4 5.9334220405e-01 1.3141065845e-02 1.6411957217e+01 2.9402418015e+02
5 5.9355303540e-01 1.5068478805e-02 1.4511140786e+01 2.2582777035e+02
6 5.9355235556e-01 1.5299679249e-02 1.4474090730e+01 2.2519232991e+02
7 5.9392783492e-01 1.8575445958e-02 1.1911458389e+01 1.5154245347e+02
8 5.9387565366e-01 1.8648638815e-02 1.1761364554e+01 1.4935824188e+02
9 5.9391502095e-01 1.8674745297e-02 1.1707947849e+01 1.4842877809e+02
10 5.9430275557e-01 2.1444375750e-02 1.0189140388e+01 1.1197067618e+02
11 5.9434272636e-01 2.1451429945e-02 1.0173560558e+01 1.1174769783e+02
12 5.9444503883e-01 2.2710081849e-02 9.4314008134e+00 9.7497993716e+01
13 5.9442013576e-01 2.2730654463e-02 9.4074769566e+00 9.7188422173e+01
14 5.9498784975e-01 2.5015793373e-02 8.5781427914e+00 8.0101609906e+01
15 5.9500628814e-01 2.5027870891e-02 8.5641684305e+00 7.9922508603e+01
16 5.9491315981e-01 2.5135268546e-02 8.4497165300e+00 7.8723009288e+01
17 5.9492932442e-01 2.5160004339e-02 8.4218433454e+00 7.8393533383e+01
18 5.9491198018e-01 2.5180640767e-02 8.4020523168e+00 7.8161232726e+01
19 5.9512027412e-01 2.6123283503e-02 8.0822383912e+00 7.2079761451e+01
20 5.9507528051e-01 2.6170141330e-02 8.0372221528e+00 7.1633615970e+01
21 5.9508934303e-01 2.6203041162e-02 8.0048591535e+00 7.1258969852e+01
22 5.9503326034e-01 2.6260777797e-02 7.9521594046e+00 7.0714438498e+01
23 5.9507574162e-01 2.6283755073e-02 7.9261810468e+00 7.0417712814e+01
24 5.9501438407e-01 2.6344948026e-02 7.8712916720e+00 6.9853356252e+01
25 5.9500020174e-01 2.6409637589e-02 7.8087340517e+00 6.9202185266e+01
26 5.9500885998e-01 2.6438007987e-02 7.7821804938e+00 6.8896953568e+01
27 5.9543924845e-01 2.8433403123e-02 7.2740208281e+00 5.9738813925e+01
28 5.9552816022e-01 2.9518070138e-02 6.9492695105e+00 5.5081328239e+01
29 5.9551854653e-01 2.9550747319e-02 6.9281963662e+00 5.4849112977e+01
30 5.9557573888e-01 2.9563034784e-02 6.9149349368e+00 5.4704965796e+01
31 5.9562919749e-01 2.9570363750e-02 6.9044937601e+00 5.4600880049e+01
32 5.9561861611e-01 2.9697079331e-02 6.8132907623e+00 5.3701955850e+01
33 5.9564372366e-01 2.9730752849e-02 6.7841261687e+00 5.3446018625e+01
34 5.9565449520e-01 2.9730249308e-02 6.7838410392e+00 5.3438740230e+01
35 5.9571466374e-01 2.9743219484e-02 6.7694280017e+00 5.3291099076e+01
36 5.9570422400e-01 2.9760706788e-02 6.7585661122e+00 5.3178484161e+01
37 5.9594958550e-01 3.0744239695e-02 6.6005347323e+00 5.0372559148e+01
38 5.9596529348e-01 3.0769910292e-02 6.5814979297e+00 5.0192516177e+01
39 5.9625754747e-01 3.1649702359e-02 6.4054906837e+00 4.7384518948e+01
40 5.9624017224e-01 3.1697420389e-02 6.3742403189e+00 4.7121063827e+01
41 5.9647432528e-01 3.2519360618e-02 6.2328311580e+00 4.4835098769e+01
42 5.9669656188e-01 3.3334385865e-02 6.0915314224e+00 4.2683547791e+01
43 5.9669166112e-01 3.3392880757e-02 6.0552028365e+00 4.2396200494e+01
44 5.9717936250e-01 3.4935881836e-02 5.8095888306e+00 3.8757343535e+01
45 5.9711109197e-01 3.4985761955e-02 5.7866815779e+00 3.8587484864e+01
46 5.9730487909e-01 3.5910199447e-02 5.6377972955e+00 3.6772105330e+01
47 5.9782043485e-01 3.7355971902e-02 5.4384876619e+00 3.4008992740e+01
48 5.9811193745e-01 3.8051441352e-02 5.3376982012e+00 3.2713137033e+01
49 5.9805773566e-01 3.8124195416e-02 5.3084383389e+00 3.2499213746e+01
50 5.9782235771e-01 3.7461972214e-02 5.3884754499e+00 3.3630374835e+01
51 5.9819319353e-01 3.9367308877e-02 5.5192252927e+00 3.6122011105e+01
52 5.9864796678e-01 4.0416186239e-02 5.3336385277e+00 3.3636808078e+01
53 5.9921143943e-01 4.1674537979e-02 5.1493312941e+00 3.1236917349e+01
54 5.9943937776e-01 4.2308004113e-02 5.0572552133e+00 3.0122633575e+01
55 5.9966738303e-01 4.2885699951e-02 4.9775160325e+00 2.9138728258e+01
56 5.9994240074e-01 4.3610656468e-02 4.9038801143e+00 2.8203106917e+01
57 5.9993584896e-01 4.3623089837e-02 4.9001295611e+00 2.8174065351e+01
58 6.0015576083e-01 4.4236559636e-02 4.8152899676e+00 2.7228808208e+01
59 6.0035338512e-01 4.4912146869e-02 4.7477544519e+00 2.6432172688e+01
60 6.0035533889e-01 4.4910453684e-02 4.7483769021e+00 2.6434933425e+01
61 6.0083161473e-01 4.5961539784e-02 4.5979467318e+00 2.4665306209e+01
62 6.0098858335e-01 4.6951946481e-02 4.7140214379e+00 2.6250272330e+01
63 6.0111733440e-01 4.7938261504e-02 4.8060476752e+00 2.7471428040e+01
64 6.0137546755e-01 4.8441418311e-02 4.7356643491e+00 2.6671275418e+01
65 6.0152230362e-01 4.9383327896e-02 4.8129035676e+00 2.7615251195e+01
66 6.0172646374e-01 4.9907292898e-02 4.7407770867e+00 2.6803694916e+01
67 6.0200642030e-01 5.0406978275e-02 4.6724047600e+00 2.6042599784e+01
68 6.0205959812e-01 5.0402803504e-02 4.6704184301e+00 2.6031516760e+01
69 6.0200330653e-01 5.0487066597e-02 4.6671511887e+00 2.5991554227e+01
70 6.0210331310e-01 5.0041852329e-02 4.5343473141e+00 2.4451034281e+01
71 6.0217822778e-01 5.0110111946e-02 4.5269640010e+00 2.4387701969e+01
72 6.0210229500e-01 5.0209167047e-02 4.5063596057e+00 2.4262364450e+01
73 6.0231035315e-01 5.0720496393e-02 4.4442260117e+00 2.3604159583e+01
74 6.0230656439e-01 5.0800011449e-02 4.4369697070e+00 2.3543363452e+01
75 6.0299527895e-01 5.2261775514e-02 4.2689146365e+00 2.1795262395e+01
76 6.0322051840e-01 5.2733195083e-02 4.2179691327e+00 2.1272442916e+01
77 6.0345501995e-01 5.3191529132e-02 4.1697321742e+00 2.0781201735e+01
78 6.0359503460e-01 5.4066538362e-02 4.2272221281e+00 2.1456939896e+01
79 6.0378589276e-01 5.4556775919e-02 4.1698809177e+00 2.0913939062e+01
80 6.0406413768e-01 5.5113518354e-02 4.1221312583e+00 2.0420758848e+01
81 6.0422088697e-01 5.5879878491e-02 4.1736755888e+00 2.0984651314e+01
82 6.0426751269e-01 5.5937860872e-02 4.1683060314e+00 2.0935251263e+01
83 6.0450123946e-01 5.6382375720e-02 4.1183670500e+00 2.0452686320e+01
84 6.0437070260e-01 5.5612139180e-02 4.0545165989e+00 1.9854973407e+01
85 6.0453808078e-01 5.5939175086e-02 4.0062865058e+00 1.9440055025e+01
86 6.0458839504e-01 5.5930182635e-02 4.0060024172e+00 1.9437517183e+01
87 6.0480002353e-01 5.6348671166e-02 3.9555170590e+00 1.8995547676e+01
88 6.0479212692e-01 5.6373828718e-02 3.9496976378e+00 1.8964987267e+01
89 6.0481367904e-01 5.6410358743e-02 3.9396898321e+00 1.8911262234e+01
90 6.0516847180e-01 5.7193120366e-02 3.8513969839e+00 1.8118799409e+01
91 6.0501675125e-01 5.6503829364e-02 3.8030986968e+00 1.7611037867e+01
92 6.0485608397e-01 5.5750274818e-02 3.7253262090e+00 1.6861760000e+01
93 6.0506558897e-01 5.6382706085e-02 3.6901902668e+00 1.6532368332e+01
94 6.0505090374e-01 5.6409450394e-02 3.6848518450e+00 1.6505662748e+01
95 6.0502681602e-01 5.6411308937e-02 3.6854110659e+00 1.6509989653e+01
96 6.0503872764e-01 5.6473682049e-02 3.6789735697e+00 1.6472994679e+01
97 6.0501231971e-01 5.6483184949e-02 3.6782970139e+00 1.6468952556e+01
98 6.0510827624e-01 5.7343096708e-02 3.7280675068e+00 1.7061762389e+01
99 6.0550467163e-01 5.8543983810e-02 3.7426792107e+00 1.7259215164e+01
100 6.0591467041e-01 5.9451671919e-02 3.6630253449e+00 1.6553273737e+01
101 6.0590441000e-01 5.9500944144e-02 3.6534595454e+00 1.6502198778e+01
102 6.0596997390e-01 5.9463971581e-02 3.6542156552e+00 1.6511372567e+01
103 6.0643809170e-01 6.0286107695e-02 3.5831940727e+00 1.5885385038e+01
104 6.0644012089e-01 6.0293560892e-02 3.5814945969e+00 1.5877325435e+01
105 6.0633717639e-01 5.9480115416e-02 3.5345506835e+00 1.5407123729e+01
106 6.0629754040e-01 5.9549365508e-02 3.5218138855e+00 1.5347719387e+01
107 6.0652199336e-01 6.0092328505e-02 3.4852457114e+00 1.5038051721e+01
108 6.0650052023e-01 6.0158700327e-02 3.4826364091e+00 1.5021759576e+01
109 6.0666082904e-01 6.0921314647e-02 3.5243493978e+00 1.5412714934e+01
110 6.0682236841e-01 6.1426394919e-02 3.4812696595e+00 1.5081724064e+01
111 6.0657977455e-01 5.9976871657e-02 3.3820841134e+00 1.4095392583e+01
112 6.0681924228e-01 6.0297645472e-02 3.3508557874e+00 1.3855258028e+01
113 6.0703492642e-01 6.0724387396e-02 3.3154207025e+00 1.3593619869e+01
114 6.0709657149e-01 6.0719264052e-02 3.3139619672e+00 1.3583983197e+01
115 6.0723662819e-01 6.1563530042e-02 3.3857516050e+00 1.4379864948e+01
116 6.0711221106e-01 6.1634623068e-02 3.3777495586e+00 1.4343269545e+01
117 6.0736936865e-01 6.1946755149e-02 3.3459956657e+00 1.4099012711e+01
118 6.0759740257e-01 6.2401119316e-02 3.3116364351e+00 1.3835411447e+01
119 6.0822762297e-01 6.3992702755e-02 3.3018308121e+00 1.3812693776e+01
120 6.0820050147e-01 6.4045838149e-02 3.3013363811e+00 1.3803604625e+01
121 6.0822945976e-01 6.3946721153e-02 3.3026698095e+00 1.3826963407e+01
122 6.0825576275e-01 6.4057844340e-02 3.3307215905e+00 1.4192217639e+01
123 6.0826637580e-01 6.4132272835e-02 3.3275006546e+00 1.4169478959e+01
124 6.0837535472e-01 6.4428896900e-02 3.2959590109e+00 1.3947654845e+01
125 6.0816138377e-01 6.4006180518e-02 3.2531733793e+00 1.3603326116e+01
126 6.0831915921e-01 6.4710652229e-02 3.2903193865e+00 1.3934593043e+01
127 6.0833242494e-01 6.4730419962e-02 3.2860569138e+00 1.3915831512e+01
128 6.0823411363e-01 6.5006276922e-02 3.3298644560e+00 1.4258618822e+01
129 6.0830143476e-01 6.5003861667e-02 3.3271947417e+00 1.4247106108e+01
130 6.0828239839e-01 6.4878049465e-02 3.3307516848e+00 1.4291871977e+01
131 6.0810174875e-01 6.4046229790e-02 3.2952835428e+00 1.4006651061e+01
132 6.0806708526e-01 6.4049264474e-02 3.2966177874e+00 1.4010693068e+01
133 6.0795373735e-01 6.4076201643e-02 3.2971863567e+00 1.4010587248e+01
134 6.0799642924e-01 6.4070295396e-02 3.2962484538e+00 1.4006852254e+01
135 6.0795712246e-01 6.4127249329e-02 3.2874776758e+00 1.3967086544e+01
136 6.0831036357e-01 6.5200546842e-02 3.2800765709e+00 1.3910241259e+01
137 6.0826198642e-01 6.5208288239e-02 3.2729951713e+00 1.3889715098e+01
138 6.0852747007e-01 6.5663659379e-02 3.2438781715e+00 1.3643464637e+01
139 6.0854801317e-01 6.5624924434e-02 3.2418354717e+00 1.3641404543e+01
140 6.0855831744e-01 6.5530665958e-02 3.2360116222e+00 1.3578180963e+01
141 6.0785465808e-01 6.4247840665e-02 3.2489165628e+00 1.3668082358e+01
142 6.0815455147e-01 6.4746348041e-02 3.2191533353e+00 1.3427005581e+01
143 6.0834643474e-01 6.5416760022e-02 3.2472789660e+00 1.3637877283e+01
144 6.0857672833e-01 6.5779056461e-02 3.2194005099e+00 1.3414093348e+01
145 6.0863149306e-01 6.5699423526e-02 3.1644597328e+00 1.2959878000e+01
146 6.0909155036e-01 6.6507512858e-02 3.1130647300e+00 1.2546311151e+01
147 6.0974492040e-01 6.8990356713e-02 3.1984614839e+00 1.3326517151e+01
148 6.0971443240e-01 6.9027048665e-02 3.1938120338e+00 1.3304819124e+01
149 6.0949074574e-01 6.8659584187e-02 3.2161338136e+00 1.3510349298e+01
150 6.0919035115e-01 6.8095870582e-02 3.1709006413e+00 1.3177945362e+01
151 6.0930794365e-01 6.8943707564e-02 3.2124782890e+00 1.3543700424e+01
152 6.0928006490e-01 6.8932445979e-02 3.2165449973e+00 1.3555250645e+01
153 6.0920412896e-01 6.8981545303e-02 3.2148664408e+00 1.3540206316e+01
154 6.0920150114e-01 6.9042858356e-02 3.2117795720e+00 1.3518091421e+01
155 6.0979319123e-01 7.0790064910e-02 3.2402021027e+00 1.3730810063e+01
156 6.1043916178e-01 7.1884079669e-02 3.1613780839e+00 1.3101142362e+01
157 6.1042623454e-01 7.1889386491e-02 3.1611281282e+00 1.3099595268e+01
158 6.1031874007e-01 7.1890008119e-02 3.1601010915e+00 1.3101464307e+01
159 6.1035310936e-01 7.1434056321e-02 3.1032828446e+00 1.2665224606e+01
160 6.1057562136e-01 7.1815628095e-02 3.0776144183e+00 1.2464337105e+01
161 6.1072849573e-01 7.2074177647e-02 3.0490736536e+00 1.2296056416e+01
162 6.1094625458e-01 7.2741586911e-02 3.0632167835e+00 1.2398916535e+01
163 6.1095229216e-01 7.2739832377e-02 3.0632106080e+00 1.2399087491e+01
164 6.1136443238e-01 7.3773342068e-02 3.0461481710e+00 1.2213604916e+01
165 6.1172739968e-01 7.4744670978e-02 3.0309718010e+00 1.2073631670e+01
166 6.1169503736e-01 7.4776645541e-02 3.0273764862e+00 1.2059374191e+01
167 6.1171948354e-01 7.4773291334e-02 3.0268252273e+00 1.2057567544e+01
168 6.1165863013e-01 7.4916726634e-02 3.0352686268e+00 1.2144652170e+01
169 6.1183848820e-01 7.5253172565e-02 3.0133087420e+00 1.1975940329e+01
170 6.1157203703e-01 7.4877513438e-02 3.0381403638e+00 1.2162882298e+01
171 6.1156359971e-01 7.5229666330e-02 3.0765156914e+00 1.2435616540e+01
172 6.1180516643e-01 7.5552418347e-02 3.0515267615e+00 1.2256053603e+01
173 6.1177363920e-01 7.5576824439e-02 3.0474889466e+00 1.2239520520e+01
174 6.1195178006e-01 7.5840391105e-02 3.0244831134e+00 1.2082881273e+01
175 6.1159452506e-01 7.4682612364e-02 2.9960478955e+00 1.1840123975e+01
176 6.1115480265e-01 7.3765976194e-02 2.9943003748e+00 1.1840479151e+01
177 6.1112364020e-01 7.3778611090e-02 2.9937010093e+00 1.1837536796e+01
178 6.1132814152e-01 7.4082985364e-02 2.9710242476e+00 1.1675234761e+01
179 6.1104562187e-01 7.3881127004e-02 2.9900987821e+00 1.1826202450e+01
180 6.1096409264e-01 7.3910826546e-02 2.9893530806e+00 1.1820610572e+01
181 6.1098672141e-01 7.3889643081e-02 2.9888459543e+00 1.1824211420e+01
182 6.1119205041e-01 7.4216375058e-02 2.9625684074e+00 1.1646267214e+01
183 6.1121210914e-01 7.4325991693e-02 2.9644653112e+00 1.1638236587e+01
184 6.1143471133e-01 7.4662596039e-02 2.9405302832e+00 1.1468970247e+01
185 6.1175701167e-01 7.5543778984e-02 2.9478903075e+00 1.1538233568e+01
186 6.1164765340e-01 7.5050055403e-02 2.9397754014e+00 1.1508473106e+01
187 6.1167836872e-01 7.5037871624e-02 2.9403057421e+00 1.1510794194e+01
188 6.1221237028e-01 7.5710428252e-02 2.8937766290e+00 1.1180107122e+01
189 6.1236254544e-01 7.6352281375e-02 2.9117999896e+00 1.1320278784e+01
190 6.1221146778e-01 7.5842982596e-02 2.8979455104e+00 1.1263810497e+01
191 6.1236615946e-01 7.6144320187e-02 2.8735384097e+00 1.1109492897e+01
192 6.1238831895e-01 7.6042676884e-02 2.8554865911e+00 1.0961148503e+01
193 6.1223242570e-01 7.6466623735e-02 2.8961974512e+00 1.1243412526e+01
194 6.1206454661e-01 7.5948367547e-02 2.8817526392e+00 1.1170436073e+01
195 6.1206311489e-01 7.5992865838e-02 2.8806650303e+00 1.1160667948e+01
196 6.1229135015e-01 7.6294780096e-02 2.8575588619e+00 1.1007061376e+01
197 6.1283930491e-01 7.7518044222e-02 2.8294724294e+00 1.0808614784e+01
198 6.1263608650e-01 7.7004264464e-02 2.8146941128e+00 1.0737093581e+01
199 6.1259765509e-01 7.7034328363e-02 2.8119023508e+00 1.0727227827e+01
200 6.1221392250e-01 7.6132952445e-02 2.8086732759e+00 1.0701435460e+01
201 6.1220133541e-01 7.6289969688e-02 2.8045397029e+00 1.0673636676e+01
202 6.1241216136e-01 7.6705067329e-02 2.7822867379e+00 1.0516290332e+01
203 6.1197759004e-01 7.5746589124e-02 2.7758798557e+00 1.0477597119e+01
204 6.1202819013e-01 7.5703732786e-02 2.7744269915e+00 1.0477071818e+01
205 6.1205501009e-01 7.5702041635e-02 2.7735564168e+00 1.0474080120e+01
206 6.1165599585e-01 7.4612805115e-02 2.7531776413e+00 1.0291938834e+01
207 6.1151579581e-01 7.4708090453e-02 2.7456074833e+00 1.0262794352e+01
208 6.1168057321e-01 7.5080641791e-02 2.7241283409e+00 1.0115402050e+01
209 6.1217831813e-01 7.5761556760e-02 2.6863047317e+00 9.8520601894e+00
210 6.1218250644e-01 7.5801523277e-02 2.6864886559e+00 9.8490507065e+00
211 6.1221422890e-01 7.5821339481e-02 2.6829442298e+00 9.8348254409e+00
212 6.1214913808e-01 7.5821066938e-02 2.6807175817e+00 9.8321027764e+00
213 6.1213091698e-01 7.5882343224e-02 2.6734206960e+00 9.8044526091e+00
214 6.1226607448e-01 7.6183430497e-02 2.6524398626e+00 9.6764642290e+00
215 6.1247901406e-01 7.6873810429e-02 2.6765551498e+00 9.8672098722e+00
216 6.1276541857e-01 7.7897440259e-02 2.7000329764e+00 9.9814564339e+00
217 6.1219335515e-01 7.6453705654e-02 2.6737101025e+00 9.8042029037e+00
218 6.1247024402e-01 7.6635660906e-02 2.6564444979e+00 9.7005799653e+00
219 6.1263033622e-01 7.6907046464e-02 2.6378766760e+00 9.5831984327e+00
220 6.1245824739e-01 7.6609382424e-02 2.6493023330e+00 9.6403267878e+00
221 6.1253853827e-01 7.6613268940e-02 2.6456600219e+00 9.6274025972e+00
222 6.1261099247e-01 7.6314203268e-02 2.6080512562e+00 9.3760013239e+00
223 6.1239337097e-01 7.6035535351e-02 2.6254981498e+00 9.4915366506e+00
224 6.1217362059e-01 7.5652814034e-02 2.6428630173e+00 9.6163642525e+00
225 6.1232193185e-01 7.6295149893e-02 2.6551329622e+00 9.6901793170e+00
226 6.1230211775e-01 7.6269308370e-02 2.6535981133e+00 9.6870374131e+00
227 6.1245435395e-01 7.6206206192e-02 2.6266880705e+00 9.5271110168e+00
228 6.1286283829e-01 7.6791051325e-02 2.5938342238e+00 9.3026529333e+00
229 6.1291733813e-01 7.6765610787e-02 2.5924373737e+00 9.2946769989e+00
230 6.1235409494e-01 7.5891905449e-02 2.5757927339e+00 9.1679959497e+00
231 6.1241380143e-01 7.5893128178e-02 2.5734357496e+00 9.1593080905e+00
232 6.1266553976e-01 7.6331674173e-02 2.5546480265e+00 9.0364681739e+00
233 6.1294529463e-01 7.6557073880e-02 2.5386545125e+00 8.9362721032e+00
234 6.1297297179e-01 7.6550751724e-02 2.5383946154e+00 8.9353892215e+00
235 6.1320971552e-01 7.6831383085e-02 2.5213192106e+00 8.8281816504e+00
236 6.1339408900e-01 7.7220242615e-02 2.5031348885e+00 8.7198693609e+00
237 6.1347941226e-01 7.6954419258e-02 2.4636342191e+00 8.4502468228e+00
238 6.1367936708e-01 7.7269472572e-02 2.4439169075e+00 8.3427521824e+00
239 6.1374321041e-01 7.7423261964e-02 2.4463499630e+00 8.3611226595e+00
240 6.1405337545e-01 7.7773744740e-02 2.4337244482e+00 8.2821900481e+00
241 6.1350281733e-01 7.6682821913e-02 2.4503811417e+00 8.3847781480e+00
242 6.1334624439e-01 7.6025047537e-02 2.4220301211e+00 8.1879330638e+00
243 6.1390265623e-01 7.6828754924e-02 2.3953803290e+00 8.0152855214e+00
244 6.1391059881e-01 7.6908260782e-02 2.3968490546e+00 8.0270035094e+00
245 6.1409546328e-01 7.7227234928e-02 2.3759862012e+00 7.9225510949e+00
246 6.1415135110e-01 7.7213248461e-02 2.3754285995e+00 7.9210632262e+00
247 6.1432860263e-01 7.7494560748e-02 2.3562000718e+00 7.8216996777e+00
248 6.1431657480e-01 7.7541038920e-02 2.3561923279e+00 7.8198353698e+00
249 6.1458923836e-01 7.8771566664e-02 2.4105387219e+00 8.2337349704e+00
250 6.1462006706e-01 7.8767049950e-02 2.4098274548e+00 8.2318310650e+00
251 6.1481907237e-01 7.9344726798e-02 2.4308325707e+00 8.3724976888e+00
252 6.1499762696e-01 7.9958570176e-02 2.4586625761e+00 8.5790647336e+00
253 6.1499368947e-01 7.9982501799e-02 2.4562260767e+00 8.5695999174e+00
254 6.1479856447e-01 7.9630052234e-02 2.4723751561e+00 8.6746108871e+00
255 6.1423935100e-01 7.8230488791e-02 2.4415106934e+00 8.4525301149e+00
256 6.1463416292e-01 7.8978413373e-02 2.4106800694e+00 8.2512364953e+00
257 6.1434466638e-01 7.8865651842e-02 2.4611572394e+00 8.6226059693e+00
258 6.1440731935e-01 7.8851829862e-02 2.4606710678e+00 8.6201040733e+00
259 6.1465652888e-01 7.9489059465e-02 2.4744792120e+00 8.6997306083e+00
260 6.1449741320e-01 7.8918831321e-02 2.4477052676e+00 8.5170331584e+00
261 6.1451940839e-01 7.8954249375e-02 2.4476535756e+00 8.5148587156e+00
262 6.1467376272e-01 7.9579891641e-02 2.4705322714e+00 8.6703599854e+00
263 6.1433765070e-01 7.8712886919e-02 2.4618169532e+00 8.6034455083e+00
264 6.1452911705e-01 7.9294583448e-02 2.4772532092e+00 8.6947387063e+00
265 6.1475028779e-01 7.9639317215e-02 2.4601595993e+00 8.5857080635e+00
266 6.1469749593e-01 7.9728708957e-02 2.4556274091e+00 8.5684081875e+00
267 6.1428723158e-01 7.8990181812e-02 2.4507737373e+00 8.5308499783e+00
268 6.1468799905e-01 7.9812057153e-02 2.4456442050e+00 8.4838845637e+00
269 6.1477129770e-01 8.0443798050e-02 2.4695538648e+00 8.6430761243e+00
270 6.1473786101e-01 8.0379557668e-02 2.4701256243e+00 8.6517410863e+00
271 6.1470753832e-01 8.0455623506e-02 2.4675096343e+00 8.6409442620e+00
272 6.1472362881e-01 8.0224663030e-02 2.4395512874e+00 8.4858260661e+00
273 6.1462827767e-01 8.0084213724e-02 2.4083588070e+00 8.2910513376e+00
274 6.1479173484e-01 8.0754133975e-02 2.4388932179e+00 8.5437796197e+00
275 6.1479858318e-01 8.0742425564e-02 2.4401909787e+00 8.5471738881e+00
276 6.1473143022e-01 8.0766936762e-02 2.4398751981e+00 8.5456297263e+00
277 6.1438175760e-01 8.0115439271e-02 2.4406100214e+00 8.5684214859e+00
278 6.1403255152e-01 7.9134471278e-02 2.4207901352e+00 8.3932708632e+00
279 6.1397550976e-01 7.9083325159e-02 2.4230031036e+00 8.4039737624e+00
280 6.1427670626e-01 7.9385906421e-02 2.4051000352e+00 8.2991246852e+00
281 6.1478726802e-01 8.0171537260e-02 2.3961639318e+00 8.3064149599e+00
282 6.1480591412e-01 8.0100447490e-02 2.3924774145e+00 8.2933429830e+00
283 6.1465576564e-01 7.9427232645e-02 2.3638277844e+00 8.1130344225e+00
284 6.1482136152e-01 7.9725723896e-02 2.3448928932e+00 8.0128956249e+00
285 6.1482772750e-01 7.9766853201e-02 2.3396046048e+00 7.9974221784e+00
286 6.1546611442e-01 8.0543845408e-02 2.2968044390e+00 7.7410086376e+00
287 6.1563279399e-01 8.1019432782e-02 2.3112226066e+00 7.8329355686e+00
288 6.1586550533e-01 8.1252140208e-02 2.2973294540e+00 7.7522500375e+00
289 6.1627982678e-01 8.1665321870e-02 2.2711013594e+00 7.6031565682e+00
290 6.1630517966e-01 8.1699600367e-02 2.2699562422e+00 7.5963113370e+00
291 6.1638687285e-01 8.2260848017e-02 2.2811019271e+00 7.6714995395e+00
292 6.1635006223e-01 8.2299036463e-02 2.2783431042e+00 7.6624600831e+00
293 6.1630698841e-01 8.2247580672e-02 2.2776717790e+00 7.6661252894e+00
294 6.1641014146e-01 8.2208733944e-02 2.2754160544e+00 7.6632390916e+00
295 6.1628202777e-01 8.2172047850e-02 2.2758401808e+00 7.6698042454e+00
296 6.1639383947e-01 8.2188328978e-02 2.2707516852e+00 7.6519262068e+00
297 6.1578775565e-01 8.1002343099e-02 2.2513186394e+00 7.5440249748e+00
298 6.1575597317e-01 8.1000897020e-02 2.2497517835e+00 7.5371042272e+00
299 6.1628055802e-01 8.2457143680e-02 2.2839819613e+00 7.7805607130e+00
300 6.1618602434e-01 8.2419476832e-02 2.2845312554e+00 7.7874782808e+00
301 6.1627596257e-01 8.2387197056e-02 2.2862197835e+00 7.7929212017e+00
302 6.1630910951e-01 8.2904748376e-02 2.2954108814e+00 7.8422884681e+00
303 6.1667059142e-01 8.3620555671e-02 2.3005660521e+00 7.8803325164e+00
304 6.1693604881e-01 8.3959093870e-02 2.2881115393e+00 7.7964443371e+00
305 6.1679181075e-01 8.3996743169e-02 2.2876072934e+00 7.7927006135e+00
306 6.1684090033e-01 8.4042572556e-02 2.2875478520e+00 7.7870302909e+00
307 6.1684859030e-01 8.4037873150e-02 2.2856232266e+00 7.7834906999e+00
308 6.1699567845e-01 8.4577522464e-02 2.3081792504e+00 7.9324466007e+00
309 6.1667253912e-01 8.4311134692e-02 2.3182975796e+00 8.0112002151e+00
310 6.1750058518e-01 8.5814483464e-02 2.3101335540e+00 7.9365054486e+00
311 6.1759180166e-01 8.5479022769e-02 2.2756140327e+00 7.7291198455e+00
312 6.1712434863e-01 8.4730747546e-02 2.2706262323e+00 7.7105361345e+00
313 6.1718780311e-01 8.4602257909e-02 2.2399334130e+00 7.5226688761e+00
314 6.1747544309e-01 8.5405910949e-02 2.2585935612e+00 7.6167747094e+00
315 6.1749176717e-01 8.5451097546e-02 2.2565830208e+00 7.6067669825e+00
316 6.1746460600e-01 8.5407933861e-02 2.2563571323e+00 7.6061098352e+00
317 6.1743365701e-01 8.5297403521e-02 2.2565625584e+00 7.6152131620e+00
318 6.1748891447e-01 8.5365895040e-02 2.2550161460e+00 7.6050392247e+00
319 6.1749094532e-01 8.5417018277e-02 2.2540997142e+00 7.5977849912e+00
320 6.1742735449e-01 8.5442751750e-02 2.2519245333e+00 7.5930477008e+00
321 6.1741410853e-01 8.5436841929e-02 2.2520402869e+00 7.5942036374e+00
322 6.1714818281e-01 8.5224315659e-02 2.2650195609e+00 7.6670742002e+00
323 6.1689705908e-01 8.4853442307e-02 2.2727738849e+00 7.7146201182e+00
324 6.1674874952e-01 8.4865828812e-02 2.2840292466e+00 7.7501359539e+00
325 6.1671582007e-01 8.4890589800e-02 2.2825205423e+00 7.7453780805e+00
326 6.1650283819e-01 8.4060682035e-02 2.2779088201e+00 7.7244535883e+00
327 6.1670233026e-01 8.4389628794e-02 2.2640729758e+00 7.6387728463e+00
328 6.1691044226e-01 8.4629360868e-02 2.2493929395e+00 7.5578836905e+00
329 6.1679684163e-01 8.4699109429e-02 2.2447753577e+00 7.5448668888e+00
330 6.1712468898e-01 8.4782058048e-02 2.1975452828e+00 7.2291460487e+00
331 6.1688772054e-01 8.4568437808e-02 2.2147206615e+00 7.3402218398e+00
332 6.1684213607e-01 8.4570085333e-02 2.2119949370e+00 7.3334214434e+00
333 6.1708968884e-01 8.4808889880e-02 2.1964882202e+00 7.2543316704e+00
334 6.1715925533e-01 8.5344238123e-02 2.2111516461e+00 7.3453095848e+00
335 6.1723910909e-01 8.5380520402e-02 2.2095776784e+00 7.3396302267e+00
336 6.1705146024e-01 8.5433106559e-02 2.2072795951e+00 7.3337667808e+00
337 6.1697217640e-01 8.4891704047e-02 2.1869002320e+00 7.2036761822e+00
338 6.1711017188e-01 8.5359198183e-02 2.1993542323e+00 7.2689854425e+00
339 6.1673395955e-01 8.4869921497e-02 2.2079539919e+00 7.3088663036e+00
340 6.1676283100e-01 8.4863402618e-02 2.2065070314e+00 7.3049191261e+00
341 6.1691425208e-01 8.5306736566e-02 2.2181315033e+00 7.3680679119e+00
342 6.1690816664e-01 8.5240812527e-02 2.2187712450e+00 7.3765480601e+00
343 6.1692478674e-01 8.5314532906e-02 2.2311891031e+00 7.4873374529e+00
344 6.1700492033e-01 8.5324260093e-02 2.2272738878e+00 7.4761466383e+00
345 6.1713224505e-01 8.5799118873e-02 2.2341239554e+00 7.5034761983e+00
346 6.1718384708e-01 8.5772135775e-02 2.2352363522e+00 7.5065260731e+00
347 6.1746246655e-01 8.6133323823e-02 2.2232263771e+00 7.4353033252e+00
348 6.1752456329e-01 8.6144210026e-02 2.2229318012e+00 7.4326807373e+00
349 6.1772998717e-01 8.6578489195e-02 2.2121314752e+00 7.3588342426e+00
350 6.1795247270e-01 8.6783255173e-02 2.1990037644e+00 7.2843479865e+00
351 6.1808107936e-01 8.7354050169e-02 2.2167830280e+00 7.3874945138e+00
352 6.1768223664e-01 8.6743424123e-02 2.2183343400e+00 7.4053580121e+00
353 6.1767963725e-01 8.6787407664e-02 2.2162893639e+00 7.3965623369e+00
354 6.1771138070e-01 8.7478753668e-02 2.2570278116e+00 7.6215114713e+00
355 6.1817796080e-01 8.8496568895e-02 2.2700808154e+00 7.7134080452e+00
356 6.1804884235e-01 8.7824624910e-02 2.2386138202e+00 7.4981629796e+00
357 6.1812909901e-01 8.8027750082e-02 2.2255408074e+00 7.4300234794e+00
358 6.1811021260e-01 8.8049958713e-02 2.2240239103e+00 7.4248203818e+00
359 6.1823361098e-01 8.8568665750e-02 2.2427269614e+00 7.5414175686e+00
360 6.1795641606e-01 8.7902181554e-02 2.2445220742e+00 7.5679052670e+00
361 6.1842009619e-01 8.8737396667e-02 2.2429265383e+00 7.5435356969e+00
362 6.1809216689e-01 8.8045605022e-02 2.2426941341e+00 7.5521844840e+00
363 6.1787505071e-01 8.7618231880e-02 2.2516909743e+00 7.6264310093e+00
364 6.1766199339e-01 8.7059872130e-02 2.2345963686e+00 7.5370579686e+00
365 6.1741366073e-01 8.6475550294e-02 2.2161616170e+00 7.4360213661e+00
