1 5.9282947138e-01 1.1102230246e-16 1.0000000000e+00 1.0000000000e+00
2 5.9271778895e-01 2.1125870656e-03 -1.6089516389e+01 3.2049943365e+02
3 5.9279937574e-01 8.2262377638e-03 2.1828810559e+01 6.4798368767e+02
4 5.9273595681e-01 8.5111375893e-03 1.9172666953e+01 5.7081375768e+02
5 5.9288655077e-01 1.1422890705e-02 1.6285390234e+01 3.4852278896e+02
6 5.9277891090e-01 1.1585965760e-02 1.5543973772e+01 3.3022906853e+02
7 5.9313654076e-01 1.5786540243e-02 1.2446691295e+01 1.8969489010e+02
8 5.9328284131e-01 1.7551872965e-02 1.1329812481e+01 1.5467113360e+02
9 5.9353748090e-01 1.9066029171e-02 1.0611408383e+01 1.3261773752e+02
10 5.9390550596e-01 2.1894867413e-02 9.3174895462e+00 1.0098601413e+02
11 5.9407514921e-01 2.3118574799e-02 8.8972966756e+00 9.1095083794e+01
12 5.9456472578e-01 2.5348647208e-02 8.2173017408e+00 7.6340475970e+01
13 5.9473549469e-01 2.6459357925e-02 7.8654871138e+00 6.9944024663e+01
14 5.9464901404e-01 2.6294111735e-02 7.8019196563e+00 6.9463987679e+01
15 5.9465987538e-01 2.6357596206e-02 7.7383354321e+00 6.8798084476e+01
16 5.9466416063e-01 2.6357639977e-02 7.7378101150e+00 6.8792595251e+01
17 5.9483964312e-01 2.8089828271e-02 8.3708082971e+00 8.3443111192e+01
18 5.9505164264e-01 2.9039262981e-02 8.0582164598e+00 7.6810892110e+01
19 5.9506670855e-01 2.9072936574e-02 8.0282140903e+00 7.6440166148e+01
20 5.9533861119e-01 3.0044126334e-02 7.6971063829e+00 7.0230641326e+01
21 5.9530309682e-01 3.0077630415e-02 7.6730231088e+00 6.9956391282e+01
22 5.9528326783e-01 3.0088857032e-02 7.6659420326e+00 6.9872559752e+01
23 5.9522040318e-01 3.0144431929e-02 7.6244939708e+00 6.9430833023e+01
24 5.9541440063e-01 3.0860190173e-02 7.3677351593e+00 6.4902909546e+01
25 5.9562982356e-01 3.1735954121e-02 7.1358577016e+00 6.0610712319e+01
26 5.9560766375e-01 3.1777995144e-02 7.1055576497e+00 6.0317116278e+01
27 5.9578200078e-01 3.2796376106e-02 6.8477387075e+00 5.6044667762e+01
28 5.9558931748e-01 3.2192977093e-02 7.0090596723e+00 5.8971771801e+01
29 5.9554099365e-01 3.2279489938e-02 6.9524702801e+00 5.8391896218e+01
30 5.9558887235e-01 3.2305210508e-02 6.9312194147e+00 5.8165793419e+01
31 5.9605595965e-01 3.4028262174e-02 6.5595419433e+00 5.1584094234e+01
32 5.9630784851e-01 3.4718886219e-02 6.3983232406e+00 4.8940081410e+01
33 5.9630132313e-01 3.4743950802e-02 6.3849621295e+00 4.8804421427e+01
34 5.9646062434e-01 3.5534535830e-02 6.2234669306e+00 4.6229906771e+01
35 5.9640881659e-01 3.5564169983e-02 6.2106707068e+00 4.6113667744e+01
36 5.9634986048e-01 3.5509064543e-02 6.1753065285e+00 4.5996721910e+01
37 5.9632642546e-01 3.5526514669e-02 6.1674605217e+00 4.5923326702e+01
38 5.9634969546e-01 3.5531944638e-02 6.1627550559e+00 4.5879153886e+01
39 5.9676679694e-01 3.6998305096e-02 5.9008009186e+00 4.1715366841e+01
40 5.9663422553e-01 3.7084050836e-02 5.8671636649e+00 4.1420457394e+01
41 5.9667233099e-01 3.7172935277e-02 5.8678203776e+00 4.1408747225e+01
42 5.9694219924e-01 3.7711456102e-02 5.7512453739e+00 3.9744540860e+01
43 5.9691669804e-01 3.7724711299e-02 5.7467013118e+00 3.9704610841e+01
44 5.9712637221e-01 3.8426820551e-02 5.6170262774e+00 3.7918946055e+01
45 5.9707335581e-01 3.8512452576e-02 5.5741005438e+00 3.7635878885e+01
46 5.9708563731e-01 3.8547885106e-02 5.5552666450e+00 3.7495023346e+01
47 5.9703174596e-01 3.8411726850e-02 5.5418992340e+00 3.7454455565e+01
48 5.9698809284e-01 3.8486244263e-02 5.5084250507e+00 3.7196903159e+01
49 5.9691865268e-01 3.8559738832e-02 5.4794808824e+00 3.6958160092e+01
50 5.9683282124e-01 3.8478412149e-02 5.4219215262e+00 3.6029542689e+01
51 5.9681220486e-01 3.8488906872e-02 5.4188468581e+00 3.6002057445e+01
52 5.9678775989e-01 3.8608962701e-02 5.4039630305e+00 3.5866176750e+01
53 5.9708201532e-01 4.0650963239e-02 5.5019760411e+00 3.7337420083e+01
54 5.9706473727e-01 4.0680974523e-02 5.4915632935e+00 3.7237038805e+01
55 5.9722463613e-01 4.1297375634e-02 5.3780592925e+00 3.5730947975e+01
56 5.9746916205e-01 4.1943222564e-02 5.2775250278e+00 3.4338513117e+01
57 5.9750178405e-01 4.1988089779e-02 5.2616434596e+00 3.4215042037e+01
58 5.9753630306e-01 4.1993056744e-02 5.2571333899e+00 3.4181709009e+01
59 5.9756030588e-01 4.2000003405e-02 5.2528739860e+00 3.4147155773e+01
60 5.9754692202e-01 4.2007611505e-02 5.2517431048e+00 3.4127532192e+01
61 5.9754307994e-01 4.2024573868e-02 5.2448261233e+00 3.4075181133e+01
62 5.9745322106e-01 4.2073627733e-02 5.2303539629e+00 3.3964193180e+01
63 5.9743074729e-01 4.2495769812e-02 5.3714921622e+00 3.6515733968e+01
64 5.9758189624e-01 4.2998217874e-02 5.2747981578e+00 3.5238316958e+01
65 5.9772130276e-01 4.3589190144e-02 5.1724526794e+00 3.3902803480e+01
66 5.9767406626e-01 4.3634670192e-02 5.1357449121e+00 3.3754316245e+01
67 5.9788963474e-01 4.4253037390e-02 5.0456221548e+00 3.2514375338e+01
68 5.9784785791e-01 4.4268939157e-02 5.0423577632e+00 3.2487351836e+01
69 5.9779657913e-01 4.4323232457e-02 5.0241777650e+00 3.2355668933e+01
70 5.9816084885e-01 4.5401407134e-02 4.8609111585e+00 3.0250618591e+01
71 5.9801779131e-01 4.5348357876e-02 4.8441581724e+00 3.0202082260e+01
72 5.9831994894e-01 4.5868295903e-02 4.7731628186e+00 2.9306411370e+01
73 5.9776682755e-01 4.4221167581e-02 4.6382927634e+00 2.7706244785e+01
74 5.9795601169e-01 4.4858390271e-02 4.5682366250e+00 2.6811026522e+01
75 5.9786064804e-01 4.4871391764e-02 4.5455382976e+00 2.6688536169e+01
76 5.9776120438e-01 4.4875977943e-02 4.5203048485e+00 2.6529958784e+01
77 5.9772955926e-01 4.4935077913e-02 4.5017463663e+00 2.6407506670e+01
78 5.9801910895e-01 4.5383626592e-02 4.4370360114e+00 2.5646267192e+01
79 5.9800301574e-01 4.5389260687e-02 4.4363783583e+00 2.5639851414e+01
80 5.9789225819e-01 4.5323480509e-02 4.4442567615e+00 2.5750547532e+01
81 5.9805353653e-01 4.5952591636e-02 4.3724578392e+00 2.4915991151e+01
82 5.9801190106e-01 4.5960635377e-02 4.3727470950e+00 2.4914426943e+01
83 5.9804558871e-01 4.5956209366e-02 4.3646701295e+00 2.4870551823e+01
84 5.9798377354e-01 4.5986211778e-02 4.3571611414e+00 2.4836217720e+01
85 5.9798924951e-01 4.5970713975e-02 4.3624213709e+00 2.4866033452e+01
86 5.9774679588e-01 4.4864387437e-02 4.1252920888e+00 2.1531359104e+01
87 5.9800012107e-01 4.5512456898e-02 4.0782926680e+00 2.0985311116e+01
88 5.9834832561e-01 4.7091085588e-02 4.1870363734e+00 2.2452932175e+01
89 5.9829863099e-01 4.7195247691e-02 4.1761933792e+00 2.2361925537e+01
90 5.9855177557e-01 4.7730016301e-02 4.1305710364e+00 2.1802896614e+01
91 5.9869278724e-01 4.8324719697e-02 4.0726027081e+00 2.1192934049e+01
92 5.9872610947e-01 4.8417382751e-02 4.0772456712e+00 2.1237874364e+01
93 5.9870646804e-01 4.8421227403e-02 4.0773456346e+00 2.1236640130e+01
94 5.9865615762e-01 4.8523448183e-02 4.0688234585e+00 2.1173153412e+01
95 5.9884008140e-01 4.9025490743e-02 4.0165411505e+00 2.0628000261e+01
96 5.9880782817e-01 4.9099793400e-02 4.0152003594e+00 2.0608379306e+01
97 5.9908191670e-01 4.9607469690e-02 3.9726765741e+00 2.0127258482e+01
98 5.9900062643e-01 4.9626166965e-02 3.9596508830e+00 2.0061959852e+01
99 5.9937252448e-01 5.0591155825e-02 3.8665736773e+00 1.9112883333e+01
100 5.9917898782e-01 5.0642553036e-02 3.8493909533e+00 1.9030813573e+01
101 5.9913814783e-01 5.0650769213e-02 3.8498056910e+00 1.9030876934e+01
102 5.9906212261e-01 5.0696301273e-02 3.8423379044e+00 1.8987187141e+01
103 5.9920663791e-01 5.1234532695e-02 3.7768593232e+00 1.8464821803e+01
104 5.9918568865e-01 5.1253893209e-02 3.7725531937e+00 1.8445277588e+01
105 5.9917832951e-01 5.1257101337e-02 3.7722521379e+00 1.8442837559e+01
106 5.9913899596e-01 5.1277005147e-02 3.7694847989e+00 1.8426379551e+01
107 5.9909492161e-01 5.1298647937e-02 3.7670970161e+00 1.8408458903e+01
108 5.9938419267e-01 5.1803166297e-02 3.7260541096e+00 1.7992352158e+01
109 5.9944716168e-01 5.1910856946e-02 3.7274735147e+00 1.7988820305e+01
110 5.9935201085e-01 5.2015443526e-02 3.7049930223e+00 1.7879347744e+01
111 5.9941424694e-01 5.2073012021e-02 3.7039571906e+00 1.7870635076e+01
112 5.9945768555e-01 5.2069840732e-02 3.7022435384e+00 1.7862594587e+01
113 5.9964796473e-01 5.2534333657e-02 3.6530114782e+00 1.7444256043e+01
114 5.9960859256e-01 5.2574329053e-02 3.6456364865e+00 1.7403493630e+01
115 5.9959195521e-01 5.2591336361e-02 3.6444434166e+00 1.7390678098e+01
116 5.9971740172e-01 5.3732922855e-02 3.7694991240e+00 1.8920129332e+01
117 5.9995806467e-01 5.4035916042e-02 3.7359793754e+00 1.8576589306e+01
118 6.0012038218e-01 5.4528451027e-02 3.6966455661e+00 1.8165544133e+01
119 5.9995094485e-01 5.3393198124e-02 3.5641518579e+00 1.6662945698e+01
120 5.9993927214e-01 5.3417771170e-02 3.5595169702e+00 1.6636340122e+01
121 6.0044488158e-01 5.5509673585e-02 3.6892212356e+00 1.8060879887e+01
122 6.0035357103e-01 5.5545583691e-02 3.6859080945e+00 1.8039428881e+01
123 6.0044204935e-01 5.5865334641e-02 3.6523584899e+00 1.7722615987e+01
124 6.0017014414e-01 5.5565845806e-02 3.6794583871e+00 1.8021414030e+01
125 5.9991493156e-01 5.5998078949e-02 3.7561198746e+00 1.8866835308e+01
126 5.9979582239e-01 5.5995311768e-02 3.7481519332e+00 1.8839803593e+01
127 6.0017374238e-01 5.6752334911e-02 3.6757327499e+00 1.8112792833e+01
128 6.0061293698e-01 5.7655179137e-02 3.6018797009e+00 1.7364029503e+01
129 6.0081222869e-01 5.8081307479e-02 3.5673446155e+00 1.7018584702e+01
130 6.0048672684e-01 5.7572667383e-02 3.5968658261e+00 1.7359301496e+01
131 6.0052977766e-01 5.8264943594e-02 3.6622625781e+00 1.7997537662e+01
132 6.0048635993e-01 5.8283091663e-02 3.6606887619e+00 1.7986282267e+01
133 6.0045169209e-01 5.8184105467e-02 3.6571143925e+00 1.7987965901e+01
134 6.0009416538e-01 5.6944922042e-02 3.6274515488e+00 1.7751469009e+01
135 5.9994225293e-01 5.7057344624e-02 3.6043475367e+00 1.7638518415e+01
136 6.0015387862e-01 5.7381021552e-02 3.5712176202e+00 1.7321188020e+01
137 6.0000856556e-01 5.7465769909e-02 3.5596281331e+00 1.7259347911e+01
138 5.9998381738e-01 5.8095938315e-02 3.6019554460e+00 1.7723195917e+01
139 6.0015125186e-01 5.8497685146e-02 3.5636873720e+00 1.7362808987e+01
140 6.0016574204e-01 5.8487063335e-02 3.5652974929e+00 1.7371507954e+01
141 6.0022230711e-01 5.8647051599e-02 3.5759036363e+00 1.7526059026e+01
142 5.9983507265e-01 5.7456053198e-02 3.5442924139e+00 1.7269269497e+01
143 5.9987655360e-01 5.7448903171e-02 3.5435830886e+00 1.7267561050e+01
144 5.9978490179e-01 5.7555268203e-02 3.5275373761e+00 1.7190019336e+01
145 5.9975342074e-01 5.7608246465e-02 3.5181733475e+00 1.7136412887e+01
146 5.9989157944e-01 5.8479992217e-02 3.5844620074e+00 1.7787267402e+01
147 6.0052668672e-01 6.0030296492e-02 3.5839381113e+00 1.7737493026e+01
148 6.0025296381e-01 5.9240076141e-02 3.5191812400e+00 1.7239417052e+01
149 6.0042993036e-01 5.9603168453e-02 3.4860764739e+00 1.6920444703e+01
150 6.0032977366e-01 5.9663816817e-02 3.4783990750e+00 1.6877027271e+01
151 6.0031039082e-01 5.9780529686e-02 3.4761731278e+00 1.6931052762e+01
152 5.9985330227e-01 5.8436774598e-02 3.4205869128e+00 1.6414515027e+01
153 5.9980898390e-01 5.8542800595e-02 3.4066801965e+00 1.6345541881e+01
154 6.0000475487e-01 5.8721673469e-02 3.3756367293e+00 1.6091976023e+01
155 6.0045908980e-01 5.9500653193e-02 3.3094633290e+00 1.5487137198e+01
156 6.0043503678e-01 5.9595476385e-02 3.2950925344e+00 1.5420074329e+01
157 6.0015213764e-01 5.9103244501e-02 3.3248656795e+00 1.5729695701e+01
158 6.0039937890e-01 5.9555026515e-02 3.2941258564e+00 1.5427479786e+01
159 6.0043643688e-01 5.9564870011e-02 3.2878712005e+00 1.5391495049e+01
160 6.0041274267e-01 5.9558005289e-02 3.2834783301e+00 1.5376070656e+01
161 6.0047132568e-01 5.9566872620e-02 3.2769216956e+00 1.5341081063e+01
162 6.0045979913e-01 5.9641432155e-02 3.2746926806e+00 1.5320887719e+01
163 6.0088333109e-01 6.0554009364e-02 3.2256272897e+00 1.4811721873e+01
164 6.0095193230e-01 6.0519794092e-02 3.2162551312e+00 1.4784600375e+01
165 6.0082031654e-01 6.0121434109e-02 3.2399134865e+00 1.5029362536e+01
166 6.0080680234e-01 6.0138779781e-02 3.2308420857e+00 1.4997852737e+01
167 6.0078319614e-01 6.0220909709e-02 3.2161260784e+00 1.4925354676e+01
168 6.0063913382e-01 6.0392629374e-02 3.2155328662e+00 1.4905611506e+01
169 6.0050156398e-01 6.0473035893e-02 3.2066095094e+00 1.4859025040e+01
170 6.0070624972e-01 6.0924704988e-02 3.1747040695e+00 1.4570354446e+01
171 6.0053931985e-01 6.1029606233e-02 3.1631645047e+00 1.4508665297e+01
172 6.0063216117e-01 6.1681271775e-02 3.2209855788e+00 1.5058169151e+01
173 6.0084562783e-01 6.2267119008e-02 3.1975970811e+00 1.4784444337e+01
174 6.0104187929e-01 6.2780324037e-02 3.1704735197e+00 1.4505912112e+01
175 6.0082898689e-01 6.2473404184e-02 3.1963759624e+00 1.4737232829e+01
176 6.0076398117e-01 6.2484934128e-02 3.1975424973e+00 1.4739740830e+01
177 6.0094110605e-01 6.2756286493e-02 3.1688463319e+00 1.4511927244e+01
178 6.0117930565e-01 6.3221114886e-02 3.1408070774e+00 1.4241081957e+01
179 6.0075960732e-01 6.2135950480e-02 3.1023215817e+00 1.3987412210e+01
180 6.0066650343e-01 6.1392316122e-02 3.0340660268e+00 1.3398162186e+01
181 6.0062682416e-01 6.1387312975e-02 3.0271192288e+00 1.3375587883e+01
182 6.0050323764e-01 6.1299396708e-02 2.9843584511e+00 1.2904210075e+01
183 6.0072600127e-01 6.1621430334e-02 2.9623060340e+00 1.2708820620e+01
184 6.0121260016e-01 6.3594416378e-02 3.0324781196e+00 1.3299363864e+01
185 6.0118162186e-01 6.3615702841e-02 3.0301980423e+00 1.3288148398e+01
186 6.0132795457e-01 6.4429836395e-02 3.0553243199e+00 1.3431368203e+01
187 6.0122280615e-01 6.4480190580e-02 3.0517658346e+00 1.3410470416e+01
188 6.0124296968e-01 6.4438028143e-02 3.0538272347e+00 1.3429908751e+01
189 6.0118652833e-01 6.4370705628e-02 3.0469207506e+00 1.3382107498e+01
190 6.0108956820e-01 6.4259098143e-02 3.0455346838e+00 1.3405393195e+01
191 6.0149435697e-01 6.5121401591e-02 3.0738119718e+00 1.3638153621e+01
192 6.0140701787e-01 6.5174913168e-02 3.0683230244e+00 1.3612649380e+01
193 6.0146793750e-01 6.5901392754e-02 3.1178581610e+00 1.4010248997e+01
194 6.0096484902e-01 6.4043013588e-02 3.0500165556e+00 1.3509445936e+01
195 6.0134326861e-01 6.4612391022e-02 3.0065187967e+00 1.3133726700e+01
196 6.0183824563e-01 6.6269637939e-02 3.0789870306e+00 1.3724435841e+01
197 6.0208708944e-01 6.6555357147e-02 3.0540339631e+00 1.3520339351e+01
198 6.0212817135e-01 6.6570541652e-02 3.0497865676e+00 1.3501102479e+01
199 6.0228987916e-01 6.6970319046e-02 3.0173661851e+00 1.3253392621e+01
200 6.0171747642e-01 6.5076611106e-02 2.9155194773e+00 1.2418124052e+01
201 6.0170280939e-01 6.5258721763e-02 2.9152624305e+00 1.2401244333e+01
202 6.0167570861e-01 6.5286593845e-02 2.9150738997e+00 1.2396323545e+01
203 6.0180063456e-01 6.5969567883e-02 2.9565446226e+00 1.2720124364e+01
204 6.0169061766e-01 6.5920207331e-02 2.9449546274e+00 1.2611577988e+01
205 6.0171379114e-01 6.5984154809e-02 2.9427094867e+00 1.2601053144e+01
206 6.0191018309e-01 6.6466596730e-02 2.9204924962e+00 1.2388319973e+01
207 6.0209018405e-01 6.6867104235e-02 2.8956904664e+00 1.2182876712e+01
208 6.0252113732e-01 6.7847824820e-02 2.8981105338e+00 1.2150750534e+01
209 6.0258370325e-01 6.7594016405e-02 2.8454638439e+00 1.1761578500e+01
210 6.0273516827e-01 6.7974808951e-02 2.8238703995e+00 1.1581996230e+01
211 6.0236041989e-01 6.7355267401e-02 2.8254532900e+00 1.1657825242e+01
212 6.0235203607e-01 6.7413907838e-02 2.8156971303e+00 1.1623638661e+01
213 6.0230854313e-01 6.7255900769e-02 2.8097341651e+00 1.1617960732e+01
214 6.0249036422e-01 6.7825397668e-02 2.7814904440e+00 1.1396505210e+01
215 6.0245136324e-01 6.7856629856e-02 2.7778662171e+00 1.1383910327e+01
216 6.0232190284e-01 6.8199834525e-02 2.8099393467e+00 1.1586700864e+01
217 6.0244171447e-01 6.8906291291e-02 2.8497286858e+00 1.1905302577e+01
218 6.0205516560e-01 6.7864151100e-02 2.8280822780e+00 1.1742905346e+01
219 6.0237220175e-01 6.9040285860e-02 2.8893482704e+00 1.2164144924e+01
220 6.0252924247e-01 6.9511889158e-02 2.8575384780e+00 1.1939121999e+01
221 6.0310925162e-01 7.0405221044e-02 2.7953009965e+00 1.1458178981e+01
222 6.0346193844e-01 7.1320335915e-02 2.7939020836e+00 1.1388212923e+01
223 6.0343590140e-01 7.1346844090e-02 2.7910717560e+00 1.1376274462e+01
224 6.0393570898e-01 7.2030858915e-02 2.7487628073e+00 1.1049052634e+01
225 6.0409442250e-01 7.2392474381e-02 2.7266643637e+00 1.0887619687e+01
226 6.0404504989e-01 7.2386635453e-02 2.7292839373e+00 1.0898550129e+01
227 6.0327567396e-01 7.0732273077e-02 2.7228876909e+00 1.0927823887e+01
228 6.0337070693e-01 7.1357730778e-02 2.7489437268e+00 1.1101013163e+01
229 6.0297555998e-01 7.0477439859e-02 2.7400171204e+00 1.1087087042e+01
230 6.0329031732e-01 7.0631126974e-02 2.6689345374e+00 1.0518126654e+01
231 6.0326117901e-01 7.0569583448e-02 2.6658730216e+00 1.0520731517e+01
232 6.0359951993e-01 7.1512090629e-02 2.6807691954e+00 1.0632348092e+01
233 6.0370722200e-01 7.1389478317e-02 2.6468379071e+00 1.0402572426e+01
234 6.0383148633e-01 7.1676495210e-02 2.6291013193e+00 1.0275168347e+01
235 6.0380583529e-01 7.1740956262e-02 2.6313698528e+00 1.0309735606e+01
236 6.0360250718e-01 7.1314405044e-02 2.6308336036e+00 1.0306276017e+01
237 6.0367031221e-01 7.2043756519e-02 2.6729625664e+00 1.0616742876e+01
238 6.0403083787e-01 7.2907191101e-02 2.6689856855e+00 1.0538710004e+01
239 6.0405370416e-01 7.2999597033e-02 2.6613924080e+00 1.0501659515e+01
240 6.0400243555e-01 7.3046663387e-02 2.6593307278e+00 1.0488014798e+01
241 6.0424140362e-01 7.3351175578e-02 2.6404709118e+00 1.0349697555e+01
242 6.0433467493e-01 7.3233715238e-02 2.6482761253e+00 1.0384867178e+01
243 6.0456022895e-01 7.3520435561e-02 2.6294249023e+00 1.0250837959e+01
244 6.0458969318e-01 7.3533425617e-02 2.6265972306e+00 1.0239978792e+01
245 6.0404067342e-01 7.2408687167e-02 2.6438769181e+00 1.0404787799e+01
246 6.0463222021e-01 7.3169028879e-02 2.5905631534e+00 1.0024398084e+01
247 6.0497035569e-01 7.4620993850e-02 2.6591276877e+00 1.0483871811e+01
248 6.0491067603e-01 7.4689231684e-02 2.6523035688e+00 1.0455997539e+01
249 6.0492817701e-01 7.4703291756e-02 2.6499746854e+00 1.0445844636e+01
250 6.0541959445e-01 7.5265359545e-02 2.6119285569e+00 1.0179322176e+01
251 6.0574089521e-01 7.5691649246e-02 2.5955128037e+00 1.0044993003e+01
252 6.0575766628e-01 7.6131759134e-02 2.6102297713e+00 1.0112661666e+01
253 6.0586406910e-01 7.6464344153e-02 2.5908428482e+00 9.9786396142e+00
254 6.0584974351e-01 7.6485899205e-02 2.5892936007e+00 9.9694904470e+00
255 6.0577242303e-01 7.6397350434e-02 2.5737376120e+00 9.8469301978e+00
256 6.0600727416e-01 7.6746625664e-02 2.5572604377e+00 9.7222769600e+00
257 6.0620159636e-01 7.7002335083e-02 2.5439778374e+00 9.6215612634e+00
258 6.0659963543e-01 7.7497158779e-02 2.5078148158e+00 9.3955888772e+00
259 6.0635675105e-01 7.7048819877e-02 2.4864958770e+00 9.2844354334e+00
260 6.0583397251e-01 7.6476923452e-02 2.5143198337e+00 9.5004419131e+00
261 6.0596503258e-01 7.6832510033e-02 2.4932079405e+00 9.3677310054e+00
262 6.0598064742e-01 7.6458194169e-02 2.4565007393e+00 9.1452599500e+00
263 6.0600596442e-01 7.6111354036e-02 2.4099021273e+00 8.8430836906e+00
264 6.0640147255e-01 7.6874016683e-02 2.3809197393e+00 8.6231374665e+00
265 6.0649469565e-01 7.7568898926e-02 2.4222898187e+00 8.9437020961e+00
266 6.0625210882e-01 7.7310469872e-02 2.4378189071e+00 9.0463133492e+00
267 6.0614760050e-01 7.7295366554e-02 2.4367621674e+00 9.0435197701e+00
268 6.0609545730e-01 7.7285174463e-02 2.4320931418e+00 9.0231160694e+00
269 6.0607767257e-01 7.7389802957e-02 2.4347392205e+00 9.0523866776e+00
270 6.0606365391e-01 7.7396846285e-02 2.4354227838e+00 9.0524053046e+00
271 6.0603140164e-01 7.7401783569e-02 2.4361259181e+00 9.0541162551e+00
272 6.0615825221e-01 7.8064296647e-02 2.4618293279e+00 9.2216969691e+00
273 6.0637353723e-01 7.8378195027e-02 2.4443703268e+00 9.1049097113e+00
274 6.0674238697e-01 7.9014757136e-02 2.4363451148e+00 9.0215571983e+00
275 6.0675862288e-01 7.9019718074e-02 2.4350947090e+00 9.0176615587e+00
276 6.0669131415e-01 7.9043058584e-02 2.4337864496e+00 9.0131210007e+00
277 6.0735186516e-01 7.9999244130e-02 2.4269476415e+00 8.9750524501e+00
278 6.0741024392e-01 8.0304360806e-02 2.4066618409e+00 8.8629895523e+00
279 6.0700466938e-01 7.9613231048e-02 2.4095536553e+00 8.9144113940e+00
280 6.0720221798e-01 7.9933155897e-02 2.3921047150e+00 8.8033446965e+00
281 6.0731756806e-01 8.0416330890e-02 2.3958168934e+00 8.8048298846e+00
282 6.0750536315e-01 8.0592854191e-02 2.3730289436e+00 8.6338074350e+00
283 6.0749321963e-01 8.0601087858e-02 2.3776092429e+00 8.6576346866e+00
284 6.0801750639e-01 8.1679034600e-02 2.3632972425e+00 8.5476325290e+00
285 6.0815680752e-01 8.2028204768e-02 2.3724137343e+00 8.5802942052e+00
286 6.0714485875e-01 7.9965954698e-02 2.3514428084e+00 8.5166065649e+00
287 6.0735375582e-01 8.0245942954e-02 2.3344912216e+00 8.4139892648e+00
288 6.0736560231e-01 8.0409263131e-02 2.3312805700e+00 8.4190426840e+00
289 6.0674847393e-01 7.9230011828e-02 2.3153488837e+00 8.3107494514e+00
290 6.0683041160e-01 7.9764090165e-02 2.3420037934e+00 8.4959529726e+00
291 6.0671045409e-01 7.9605888752e-02 2.3549338797e+00 8.5715466078e+00
292 6.0633375418e-01 7.8817586504e-02 2.3514780333e+00 8.5713484004e+00
293 6.0604655648e-01 7.8622856706e-02 2.3600831500e+00 8.6479565696e+00
294 6.0606657194e-01 7.8467045456e-02 2.3505693673e+00 8.5704654464e+00
295 6.0601529526e-01 7.8490189263e-02 2.3500317021e+00 8.5667734480e+00
296 6.0597944223e-01 7.8513148460e-02 2.3490567676e+00 8.5613229511e+00
297 6.0603430579e-01 7.8598332451e-02 2.3649894977e+00 8.6854533244e+00
298 6.0620068447e-01 7.8834932691e-02 2.3509677665e+00 8.5927488065e+00
299 6.0619296641e-01 7.8827596708e-02 2.3472697383e+00 8.5841791291e+00
300 6.0606074745e-01 7.8849758438e-02 2.3469295227e+00 8.5993639277e+00
301 6.0605343570e-01 7.8895625332e-02 2.3475075017e+00 8.5980051475e+00
302 6.0525518135e-01 7.7371017119e-02 2.3403554555e+00 8.6065630034e+00
303 6.0566683367e-01 7.8130300822e-02 2.3132267810e+00 8.4205108630e+00
304 6.0576715028e-01 7.8692926310e-02 2.3347917967e+00 8.5439621166e+00
305 6.0564600450e-01 7.9092258795e-02 2.3585680610e+00 8.6836413187e+00
306 6.0553531456e-01 7.8634687519e-02 2.3455205114e+00 8.6369083615e+00
307 6.0529744216e-01 7.8248872886e-02 2.3355436317e+00 8.6077943838e+00
308 6.0517782972e-01 7.8311261650e-02 2.3381807032e+00 8.6097736294e+00
309 6.0508558435e-01 7.8348875581e-02 2.3376478003e+00 8.6048141555e+00
310 6.0510151586e-01 7.8485603343e-02 2.3399505463e+00 8.6166136129e+00
311 6.0505375258e-01 7.8503197864e-02 2.3399253078e+00 8.6148850090e+00
312 6.0501537133e-01 7.8389675945e-02 2.3260222547e+00 8.5164287321e+00
313 6.0500368096e-01 7.8437087293e-02 2.3239858355e+00 8.5095009547e+00
314 6.0541553654e-01 7.9317934860e-02 2.3399197897e+00 8.5895173019e+00
315 6.0520559078e-01 7.8989695579e-02 2.3501301980e+00 8.6352671934e+00
316 6.0516059812e-01 7.8724221918e-02 2.3084897551e+00 8.3888511425e+00
317 6.0507673465e-01 7.8709866890e-02 2.3057018744e+00 8.3834773571e+00
318 6.0504563963e-01 7.8693475150e-02 2.3025625658e+00 8.3765379208e+00
319 6.0534793101e-01 7.9602259532e-02 2.3196369260e+00 8.4701959326e+00
320 6.0486881357e-01 7.8691982100e-02 2.2945777461e+00 8.3233915197e+00
321 6.0481089408e-01 7.8969736372e-02 2.3330713817e+00 8.5561815876e+00
322 6.0497649371e-01 7.9207692818e-02 2.3174979630e+00 8.4659052803e+00
323 6.0506281890e-01 7.9986857227e-02 2.3960970283e+00 9.1747977896e+00
324 6.0502247625e-01 7.9941433427e-02 2.3959795203e+00 9.1850747058e+00
325 6.0501955698e-01 7.9881250927e-02 2.3968761455e+00 9.2074776842e+00
326 6.0516854305e-01 8.0457219722e-02 2.4170351045e+00 9.3307608312e+00
327 6.0529737543e-01 8.0817042572e-02 2.3965332719e+00 9.2053090384e+00
328 6.0516316088e-01 8.0337271190e-02 2.3704165915e+00 9.0770184399e+00
329 6.0477993706e-01 7.9358784804e-02 2.3319534701e+00 8.8997558033e+00
330 6.0496066500e-01 7.9649100609e-02 2.3155262318e+00 8.7890014131e+00
331 6.0528955774e-01 8.0602012212e-02 2.3213326982e+00 8.7856351226e+00
332 6.0552719966e-01 8.0871421467e-02 2.3098017391e+00 8.6971809374e+00
333 6.0593895317e-01 8.1466933810e-02 2.2820058606e+00 8.5010218172e+00
334 6.0590911788e-01 8.1569248171e-02 2.2805969902e+00 8.4908152296e+00
335 6.0602331698e-01 8.1937482642e-02 2.2873287830e+00 8.5067383167e+00
336 6.0609100420e-01 8.1608604417e-02 2.2509500002e+00 8.2862915911e+00
337 6.0597606859e-01 8.1729499213e-02 2.2425877446e+00 8.2627918828e+00
338 6.0600072565e-01 8.2195457630e-02 2.2488203105e+00 8.2809601452e+00
339 6.0586056028e-01 8.1672746381e-02 2.2207541102e+00 8.1312872643e+00
340 6.0581161009e-01 8.1654316727e-02 2.2186936211e+00 8.1342044539e+00
341 6.0583303287e-01 8.1604671077e-02 2.2168873574e+00 8.1112465996e+00
342 6.0616459781e-01 8.2545086498e-02 2.2422894493e+00 8.2470515716e+00
343 6.0613344011e-01 8.2507299752e-02 2.2431839652e+00 8.2576246429e+00
344 6.0610962244e-01 8.2419202012e-02 2.2449909193e+00 8.2710470912e+00
345 6.0591161509e-01 8.2237377444e-02 2.2933509657e+00 8.6401701523e+00
346 6.0580513274e-01 8.2242747635e-02 2.2928393572e+00 8.6438206588e+00
347 6.0561809082e-01 8.1958976344e-02 2.3066222048e+00 8.7418103114e+00
348 6.0592071024e-01 8.2933491062e-02 2.3393141326e+00 8.8951502157e+00
349 6.0610672880e-01 8.3185409175e-02 2.3238637298e+00 8.7983723100e+00
350 6.0616511018e-01 8.3239711140e-02 2.3229183351e+00 8.7866128742e+00
351 6.0676495238e-01 8.4631773763e-02 2.3233158572e+00 8.7392538210e+00
352 6.0696278338e-01 8.4875205493e-02 2.3114082960e+00 8.6548639181e+00
353 6.0678035264e-01 8.4267236517e-02 2.2819577923e+00 8.4863860685e+00
354 6.0674400370e-01 8.4286238789e-02 2.2813060341e+00 8.4831229880e+00
355 6.0663259477e-01 8.3812108976e-02 2.2685060051e+00 8.4357922425e+00
356 6.0691965532e-01 8.4170700658e-02 2.2547114245e+00 8.3284636755e+00
357 6.0690633624e-01 8.4176439616e-02 2.2545991175e+00 8.3277359329e+00
358 6.0642197295e-01 8.3552746471e-02 2.2746726161e+00 8.4584892208e+00
359 6.0646872131e-01 8.3992343439e-02 2.2871181978e+00 8.5016258233e+00
360 6.0642476872e-01 8.4017322202e-02 2.2859776189e+00 8.4969966493e+00
361 6.0645297675e-01 8.4029272262e-02 2.2819265048e+00 8.4851773287e+00
362 6.0574072563e-01 8.2933155939e-02 2.2816037863e+00 8.4898917970e+00
363 6.0572212629e-01 8.2984386797e-02 2.2782026283e+00 8.4771884869e+00
364 6.0540889845e-01 8.2753903597e-02 2.2928446374e+00 8.5686015867e+00
365 6.0537263492e-01 8.2741188604e-02 2.2927081422e+00 8.5716533749e+00
