1 5.9282947138e-01 1.1102230246e-16 1.0000000000e+00 1.0000000000e+00
2 5.9282251013e-01 1.0218941619e-03 -1.1039529243e+01 3.4589720504e+02
3 5.9316294915e-01 1.0734733987e-02 2.0199697038e+01 4.4121067383e+02
4 5.9335440549e-01 1.3043271314e-02 1.6878586239e+01 3.0252377253e+02
5 5.9380164392e-01 1.6761493361e-02 1.3179017879e+01 1.8347801613e+02
6 5.9378403630e-01 1.6805010490e-02 1.3078997585e+01 1.8164860273e+02
7 5.9369692216e-01 1.6916664287e-02 1.2807270555e+01 1.7724194266e+02
8 5.9388310064e-01 1.8466327984e-02 1.1797128522e+01 1.4928068866e+02
9 5.9393465499e-01 1.8535069289e-02 1.1665494570e+01 1.4696606981e+02
10 5.9414581134e-01 2.0000351951e-02 1.0795009616e+01 1.2602623757e+02
11 5.9410333165e-01 2.0071906973e-02 1.0671541719e+01 1.2436676795e+02
12 5.9438883934e-01 2.1566630667e-02 9.8709535313e+00 1.0719127949e+02
13 5.9456372885e-01 2.2800733890e-02 9.3730561521e+00 9.6113217279e+01
14 5.9501706754e-01 2.5049697321e-02 8.5846841019e+00 7.9856532171e+01
15 5.9501537384e-01 2.5132611185e-02 8.4932801509e+00 7.8827734350e+01
16 5.9493321163e-01 2.5154945404e-02 8.4255934612e+00 7.8113994464e+01
17 5.9512285747e-01 2.6219048754e-02 8.0992345493e+00 7.1955851194e+01
18 5.9570169410e-01 2.9188192145e-02 7.2822773521e+00 5.7971009146e+01
19 5.9620951153e-01 3.0946401578e-02 6.8828368402e+00 5.1529396806e+01
20 5.9618554812e-01 3.0990854504e-02 6.8509425323e+00 5.1263313382e+01
21 5.9613079333e-01 3.1032767047e-02 6.8256605195e+00 5.1038845374e+01
22 5.9685647131e-01 3.3568348882e-02 6.3445213872e+00 4.3824019510e+01
23 5.9679129939e-01 3.3602605947e-02 6.3291188787e+00 4.3696295351e+01
24 5.9686327099e-01 3.3646490165e-02 6.3002484036e+00 4.3418017911e+01
25 5.9710494945e-01 3.4541157722e-02 6.1197984409e+00 4.1123906016e+01
26 5.9719823582e-01 3.4546990510e-02 6.1089854933e+00 4.1030052936e+01
27 5.9720359439e-01 3.4549120665e-02 6.1073198656e+00 4.1016178502e+01
28 5.9742673804e-01 3.5305116657e-02 5.9753282462e+00 3.9218606652e+01
29 5.9755548247e-01 3.6118602086e-02 5.8160650000e+00 3.7325610098e+01
30 5.9756742417e-01 3.6359282724e-02 5.8012316697e+00 3.7266594535e+01
31 5.9827726302e-01 3.8609257897e-02 5.4962240439e+00 3.3285950311e+01
32 5.9850475934e-01 3.9273990265e-02 5.3986745161e+00 3.2088728968e+01
33 5.9840680783e-01 3.9382699258e-02 5.3541103918e+00 3.1799807681e+01
34 5.9859687833e-01 4.0081243070e-02 5.2314085817e+00 3.0501873431e+01
35 5.9898359667e-01 4.1465213532e-02 5.0539653277e+00 2.8462374120e+01
36 5.9920311976e-01 4.2150221591e-02 4.9477058001e+00 2.7398211704e+01
37 5.9956367544e-01 4.3395715536e-02 4.7907971181e+00 2.5713842181e+01
38 5.9966823263e-01 4.4470897552e-02 4.9318536525e+00 2.7878262927e+01
39 5.9993942347e-01 4.5117962516e-02 4.8528216322e+00 2.6982066886e+01
40 6.0020553175e-01 4.5691298177e-02 4.7784760834e+00 2.6162003363e+01
41 6.0018189906e-01 4.5699507723e-02 4.7772708040e+00 2.6153176861e+01
42 6.0039783852e-01 4.6271426852e-02 4.7036337163e+00 2.5360987128e+01
43 6.0036441979e-01 4.6322060413e-02 4.6685078443e+00 2.5153307617e+01
44 6.0017849193e-01 4.5359360945e-02 4.5254265509e+00 2.3208648513e+01
45 6.0032061599e-01 4.6085908891e-02 4.4470989867e+00 2.2491587980e+01
46 6.0049488585e-01 4.6687498329e-02 4.3755267279e+00 2.1837409939e+01
47 6.0070179180e-01 4.7244497490e-02 4.3174614119e+00 2.1266796410e+01
48 6.0063458115e-01 4.7303999184e-02 4.3020713323e+00 2.1189042672e+01
49 6.0077469842e-01 4.7888547959e-02 4.2392560902e+00 2.0614226623e+01
50 6.0069341102e-01 4.7948868387e-02 4.2259793326e+00 2.0541815227e+01
51 6.0088504024e-01 4.8498543177e-02 4.1707606324e+00 2.0025595021e+01
52 6.0083895108e-01 4.8611581146e-02 4.1616857521e+00 1.9994923218e+01
53 6.0087650957e-01 4.8676255249e-02 4.1605527044e+00 1.9989046878e+01
54 6.0084692912e-01 4.8785674259e-02 4.1445221373e+00 1.9898248524e+01
55 6.0091522863e-01 4.9778603800e-02 4.2393972044e+00 2.1237389902e+01
56 6.0088862646e-01 4.9812342546e-02 4.2324471667e+00 2.1189680337e+01
57 6.0083297581e-01 4.9851790269e-02 4.2241385674e+00 2.1143214010e+01
58 6.0101562027e-01 5.0276171132e-02 4.1646154211e+00 2.0613845244e+01
59 6.0124393168e-01 5.0814512816e-02 4.1044454569e+00 2.0065601148e+01
60 6.0171085798e-01 5.1777440281e-02 4.0166352086e+00 1.9174120983e+01
61 6.0187511526e-01 5.2547516154e-02 4.0995021919e+00 2.0204485948e+01
62 6.0190876972e-01 5.3477111828e-02 4.1616191805e+00 2.0983135039e+01
63 6.0213478108e-01 5.3897288147e-02 4.1124286479e+00 2.0502916640e+01
64 6.0214623898e-01 5.3896738176e-02 4.1119245246e+00 2.0500251255e+01
65 6.0241684250e-01 5.4206197631e-02 4.0662981669e+00 2.0086692429e+01
66 6.0285221241e-01 5.5252464304e-02 3.9608576386e+00 1.9114111146e+01
67 6.0284804749e-01 5.5269456176e-02 3.9577113062e+00 1.9092430187e+01
68 6.0322449572e-01 5.6167233694e-02 3.8637781711e+00 1.8244451847e+01
69 6.0313180530e-01 5.6213718413e-02 3.8574884498e+00 1.8211226587e+01
70 6.0328631018e-01 5.6731073685e-02 3.8025242688e+00 1.7754210334e+01
71 6.0347663719e-01 5.7461592811e-02 3.8410245445e+00 1.8140913207e+01
72 6.0386192444e-01 5.8245685552e-02 3.7606853062e+00 1.7423777232e+01
73 6.0403909253e-01 5.9062245686e-02 3.7181971026e+00 1.7021212585e+01
74 6.0426486184e-01 5.9532109450e-02 3.6802043445e+00 1.6673916467e+01
75 6.0427243745e-01 5.9594211823e-02 3.6775959814e+00 1.6650838743e+01
76 6.0444060169e-01 5.9938627674e-02 3.6406663419e+00 1.6347038667e+01
77 6.0451299583e-01 6.0212233455e-02 3.6030530310e+00 1.6060904050e+01
78 6.0457395517e-01 6.0644817045e-02 3.5599374714e+00 1.5729351318e+01
79 6.0471421666e-01 6.1078903575e-02 3.5234376423e+00 1.5424988695e+01
80 6.0493001000e-01 6.1490853357e-02 3.4888029614e+00 1.5133858889e+01
81 6.0523723700e-01 6.2483268650e-02 3.4014579926e+00 1.4485896150e+01
82 6.0505917383e-01 6.1758678561e-02 3.3558249711e+00 1.4042924125e+01
83 6.0481519364e-01 6.1334225713e-02 3.3852754439e+00 1.4298260384e+01
84 6.0477519769e-01 6.1368660119e-02 3.3806738756e+00 1.4275910211e+01
85 6.0500126487e-01 6.1836791070e-02 3.3500144860e+00 1.4020606587e+01
86 6.0510169410e-01 6.2538126209e-02 3.3613362816e+00 1.4114043449e+01
87 6.0509166300e-01 6.2515883076e-02 3.3599759027e+00 1.4115396369e+01
88 6.0522463372e-01 6.3002720841e-02 3.3258021783e+00 1.3845762964e+01
89 6.0521454610e-01 6.2737106112e-02 3.2419955674e+00 1.3138195890e+01
90 6.0569402882e-01 6.3554610451e-02 3.1842555291e+00 1.2687499485e+01
91 6.0588241845e-01 6.3953600290e-02 3.1534552287e+00 1.2465946089e+01
92 6.0604542235e-01 6.4701969773e-02 3.1466413292e+00 1.2414477163e+01
93 6.0584556232e-01 6.4092660920e-02 3.1101184031e+00 1.2101862245e+01
94 6.0552197451e-01 6.3767916045e-02 3.1306919312e+00 1.2273526963e+01
95 6.0564150347e-01 6.4129265918e-02 3.1009641364e+00 1.2083379348e+01
96 6.0558515991e-01 6.4126176545e-02 3.0965596316e+00 1.2068166090e+01
97 6.0585463870e-01 6.4526118109e-02 3.0721987708e+00 1.1884257707e+01
98 6.0596969208e-01 6.5230950053e-02 3.1165569820e+00 1.2294035513e+01
99 6.0591607726e-01 6.5277408331e-02 3.1108308792e+00 1.2270978947e+01
100 6.0591539428e-01 6.5266591059e-02 3.1098714411e+00 1.2268649650e+01
101 6.0592710009e-01 6.5268091913e-02 3.1090082617e+00 1.2265423198e+01
102 6.0614040102e-01 6.5681184180e-02 3.0774525000e+00 1.2046057462e+01
103 6.0637929927e-01 6.6045627948e-02 3.0528558483e+00 1.1860816228e+01
104 6.0561151434e-01 6.4573765667e-02 3.0468304920e+00 1.1757753610e+01
105 6.0608005723e-01 6.6013865897e-02 3.0345591890e+00 1.1776498305e+01
106 6.0623350926e-01 6.6784433746e-02 3.0772819112e+00 1.2215662691e+01
107 6.0641145362e-01 6.7023446130e-02 3.0540910551e+00 1.2056704355e+01
108 6.0640026655e-01 6.7042172303e-02 3.0514083981e+00 1.2045885192e+01
109 6.0571183044e-01 6.5685849608e-02 3.0546662967e+00 1.2046807359e+01
110 6.0561521861e-01 6.5951276327e-02 3.0838801417e+00 1.2427169290e+01
111 6.0574896042e-01 6.6304450972e-02 3.0509848482e+00 1.2214274997e+01
112 6.0533958651e-01 6.5048051225e-02 3.0081895596e+00 1.1754122309e+01
113 6.0531679737e-01 6.5111989234e-02 3.0074175284e+00 1.1756359378e+01
114 6.0513205329e-01 6.4561080436e-02 2.9831214054e+00 1.1589888477e+01
115 6.0498485257e-01 6.4632229870e-02 2.9777831151e+00 1.1568260253e+01
116 6.0526949561e-01 6.6030544021e-02 3.0535999295e+00 1.2253464137e+01
117 6.0543494516e-01 6.6239346611e-02 3.0315138785e+00 1.2098395386e+01
118 6.0530219259e-01 6.6223674359e-02 3.0178656199e+00 1.1995047013e+01
119 6.0545136193e-01 6.6638389217e-02 2.9871679367e+00 1.1784202062e+01
120 6.0584853416e-01 6.7138831788e-02 2.9592630096e+00 1.1580546370e+01
121 6.0583657679e-01 6.7203319703e-02 2.9568829558e+00 1.1564057489e+01
122 6.0569748120e-01 6.7324548124e-02 2.9440313768e+00 1.1516331291e+01
123 6.0563470103e-01 6.7369232525e-02 2.9396956197e+00 1.1498072232e+01
124 6.0542280623e-01 6.6601599403e-02 2.8766076042e+00 1.0886774456e+01
125 6.0518311887e-01 6.6208853054e-02 2.8958156884e+00 1.1040713525e+01
126 6.0564542523e-01 6.6881321257e-02 2.8536689235e+00 1.0729866588e+01
127 6.0575667569e-01 6.7234660521e-02 2.8325900711e+00 1.0578226399e+01
128 6.0577208714e-01 6.7235208944e-02 2.8318145598e+00 1.0575293828e+01
129 6.0570403032e-01 6.7264319744e-02 2.8305131341e+00 1.0568769427e+01
130 6.0608923215e-01 6.8015417210e-02 2.7995116327e+00 1.0428501931e+01
131 6.0660021817e-01 6.9563670093e-02 2.8332557086e+00 1.0711173860e+01
132 6.0679475597e-01 7.0146116061e-02 2.8581354598e+00 1.0904012937e+01
133 6.0694006751e-01 7.0819388570e-02 2.8848841905e+00 1.1142258857e+01
134 6.0710904871e-01 7.1080020724e-02 2.8592310591e+00 1.0952265692e+01
135 6.0728693624e-01 7.1481195364e-02 2.8373751460e+00 1.0790305942e+01
136 6.0721904994e-01 7.1516597894e-02 2.8352414814e+00 1.0780363545e+01
137 6.0717113238e-01 7.1490753410e-02 2.8300578013e+00 1.0771382144e+01
138 6.0713797469e-01 7.1292941219e-02 2.8199213529e+00 1.0696473681e+01
139 6.0719149519e-01 7.0937889188e-02 2.7681716563e+00 1.0305311162e+01
140 6.0735096473e-01 7.1425265607e-02 2.7860023649e+00 1.0439081010e+01
141 6.0747216013e-01 7.2286617756e-02 2.8674532959e+00 1.1273113763e+01
142 6.0700126546e-01 7.1522965038e-02 2.8767025628e+00 1.1378251864e+01
143 6.0701077566e-01 7.1594862335e-02 2.8699179285e+00 1.1346809741e+01
144 6.0716716832e-01 7.1745916481e-02 2.8007422138e+00 1.0649948445e+01
145 6.0709162195e-01 7.1812987710e-02 2.8026342171e+00 1.0654590174e+01
146 6.0735204833e-01 7.1837592229e-02 2.7273861004e+00 1.0121241931e+01
147 6.0694159330e-01 7.1100121351e-02 2.7287920952e+00 1.0145431282e+01
148 6.0685352896e-01 7.0934897069e-02 2.7167940987e+00 1.0031926297e+01
149 6.0708692487e-01 7.1012740637e-02 2.7066665014e+00 9.9592263569e+00
150 6.0702592355e-01 7.1050887978e-02 2.7039075098e+00 9.9479621568e+00
151 6.0724959792e-01 7.1303364880e-02 2.6799313864e+00 9.8122610016e+00
152 6.0725887736e-01 7.1294644295e-02 2.6811925881e+00 9.8146056884e+00
153 6.0745646548e-01 7.1867627193e-02 2.7120860797e+00 1.0057580393e+01
154 6.0746025701e-01 7.1865145107e-02 2.7122744993e+00 1.0058344463e+01
155 6.0743743734e-01 7.1953052637e-02 2.7237820161e+00 1.0177860117e+01
156 6.0714494579e-01 7.1410145173e-02 2.7255027352e+00 1.0157475152e+01
157 6.0727895095e-01 7.2033363885e-02 2.7502745864e+00 1.0359491390e+01
158 6.0735424140e-01 7.2457287286e-02 2.7240948878e+00 1.0192767855e+01
159 6.0733397183e-01 7.2486065240e-02 2.7206463187e+00 1.0181023497e+01
160 6.0730339097e-01 7.2148455144e-02 2.6622842164e+00 9.7270633290e+00
161 6.0791911439e-01 7.3721464267e-02 2.6917417675e+00 1.0070508768e+01
162 6.0805827263e-01 7.4426989814e-02 2.7340596809e+00 1.0419616467e+01
163 6.0801354265e-01 7.4454780547e-02 2.7319407915e+00 1.0411477574e+01
164 6.0821829792e-01 7.4774394681e-02 2.7133276592e+00 1.0276272116e+01
165 6.0803610641e-01 7.3938426773e-02 2.6508362432e+00 9.7347732455e+00
166 6.0800935438e-01 7.3989800292e-02 2.6515469019e+00 9.7341598844e+00
167 6.0801546618e-01 7.3713904135e-02 2.5868174131e+00 9.2172643452e+00
168 6.0770867460e-01 7.3160920888e-02 2.5557981707e+00 8.9849310880e+00
169 6.0790193016e-01 7.3813004645e-02 2.5844974513e+00 9.2018960146e+00
170 6.0753296439e-01 7.3096873848e-02 2.5803726554e+00 9.1763368962e+00
171 6.0749725484e-01 7.3131520394e-02 2.5774065730e+00 9.1647085905e+00
172 6.0743491056e-01 7.3157729188e-02 2.5767863305e+00 9.1604926869e+00
173 6.0754326767e-01 7.3546236654e-02 2.5562043004e+00 9.0325848285e+00
174 6.0772843141e-01 7.4384325257e-02 2.6340567804e+00 9.8076765037e+00
175 6.0792423060e-01 7.4714267522e-02 2.6161066077e+00 9.6806968505e+00
176 6.0801941769e-01 7.5122418270e-02 2.5972109889e+00 9.5480140353e+00
177 6.0806091820e-01 7.5133768739e-02 2.5941713822e+00 9.5366917438e+00
178 6.0792107387e-01 7.5189885994e-02 2.5926276288e+00 9.5286782902e+00
179 6.0810917028e-01 7.5398972628e-02 2.5756027841e+00 9.4299390076e+00
180 6.0805771359e-01 7.5457876423e-02 2.5681769855e+00 9.4049685549e+00
181 6.0803170569e-01 7.5425954989e-02 2.5676304770e+00 9.4028413984e+00
182 6.0798778980e-01 7.5445662274e-02 2.5682843973e+00 9.4019739863e+00
183 6.0768178903e-01 7.4706724916e-02 2.5534676099e+00 9.2961533210e+00
184 6.0798374104e-01 7.5932696714e-02 2.6026548067e+00 9.6807345968e+00
185 6.0798850838e-01 7.5712536586e-02 2.5487535279e+00 9.0972171755e+00
186 6.0793948282e-01 7.5709885958e-02 2.5462727861e+00 9.0914656812e+00
187 6.0840051019e-01 7.6407358994e-02 2.5123667336e+00 8.8623039895e+00
188 6.0879282882e-01 7.7444981599e-02 2.5525071815e+00 9.2378220372e+00
189 6.0881993123e-01 7.7044810940e-02 2.4780882489e+00 8.6447536204e+00
190 6.0809040596e-01 7.5726152900e-02 2.4739322275e+00 8.6074619479e+00
191 6.0849868696e-01 7.6577156186e-02 2.4862652312e+00 8.7121319118e+00
192 6.0863783386e-01 7.7099833870e-02 2.5075428177e+00 8.8479918327e+00
193 6.0897979641e-01 7.7926377334e-02 2.4968037248e+00 8.7722493879e+00
194 6.0900450241e-01 7.7925726670e-02 2.4958723951e+00 8.7696144707e+00
195 6.0925966319e-01 7.8345817836e-02 2.4811365483e+00 8.6660104006e+00
196 6.0937949730e-01 7.8672981365e-02 2.4642543860e+00 8.5603130689e+00
197 6.0894585389e-01 7.7791315969e-02 2.4543814273e+00 8.4912118962e+00
198 6.0934908815e-01 7.8314022117e-02 2.4218458280e+00 8.2971180310e+00
199 6.0928165610e-01 7.8368902241e-02 2.4226893342e+00 8.2971436501e+00
200 6.0917623718e-01 7.8580300001e-02 2.4652286373e+00 8.5948688483e+00
201 6.0899780439e-01 7.7954023692e-02 2.4418523822e+00 8.4351992528e+00
202 6.0917751089e-01 7.8521212909e-02 2.4646004783e+00 8.6052792544e+00
203 6.0985314528e-01 7.9503116706e-02 2.4182236409e+00 8.3092406182e+00
204 6.0982528393e-01 7.9894285051e-02 2.4730539376e+00 8.7294405251e+00
205 6.1000206761e-01 8.0197785262e-02 2.4578052240e+00 8.6321678955e+00
206 6.1051883743e-01 8.0771772480e-02 2.4250304414e+00 8.4316334573e+00
207 6.1050542176e-01 8.0791052431e-02 2.4249152425e+00 8.4295030708e+00
208 6.1023204243e-01 8.0126824587e-02 2.4433972280e+00 8.5679706612e+00
209 6.1041058213e-01 8.0787322749e-02 2.4741968481e+00 8.7935443084e+00
210 6.1034227818e-01 8.0668028622e-02 2.4618173282e+00 8.6934321641e+00
211 6.1077623515e-01 8.1205328365e-02 2.4307985270e+00 8.5000184847e+00
212 6.1034168631e-01 8.0280435776e-02 2.4269513105e+00 8.4821643693e+00
213 6.1024869456e-01 8.0384997626e-02 2.4218656764e+00 8.4649873241e+00
214 6.1025495204e-01 8.0366382642e-02 2.4188569899e+00 8.4556742478e+00
215 6.0981529093e-01 8.0355505812e-02 2.4345672162e+00 8.5764413816e+00
216 6.1020923189e-01 8.1320557679e-02 2.4547222292e+00 8.7427767621e+00
217 6.1013439459e-01 8.1409545603e-02 2.4474352455e+00 8.7161169846e+00
218 6.1015012086e-01 8.1386268159e-02 2.4450398369e+00 8.7119113271e+00
219 6.1046700839e-01 8.2357111100e-02 2.4660981166e+00 8.9205180293e+00
220 6.1024018700e-01 8.1894544448e-02 2.4535113049e+00 8.8562828302e+00
221 6.1013240699e-01 8.1961075374e-02 2.4495857671e+00 8.8425595275e+00
222 6.1011044453e-01 8.1312365636e-02 2.3817031123e+00 8.3376806454e+00
223 6.1030335109e-01 8.1560513610e-02 2.3671706244e+00 8.2554336058e+00
224 6.1057780837e-01 8.2444354942e-02 2.3850279855e+00 8.4015076786e+00
225 6.1160525998e-01 8.4110370104e-02 2.3443090211e+00 8.1465052584e+00
226 6.1117037890e-01 8.3368404871e-02 2.3414574575e+00 8.1296842702e+00
227 6.1129278394e-01 8.3776349856e-02 2.3224367283e+00 7.9932326934e+00
228 6.1124873154e-01 8.3726203240e-02 2.3171750649e+00 7.9581116080e+00
229 6.1124195762e-01 8.3773183439e-02 2.3154179658e+00 7.9482032782e+00
230 6.1122476073e-01 8.3776825319e-02 2.3156692968e+00 7.9487811457e+00
231 6.1154998897e-01 8.4483721543e-02 2.3128975698e+00 7.9352328513e+00
232 6.1178468157e-01 8.4861856891e-02 2.2949118671e+00 7.8201514216e+00
233 6.1198157500e-01 8.5197295449e-02 2.2789941092e+00 7.7272549310e+00
234 6.1188578488e-01 8.5437267224e-02 2.3078945337e+00 7.8966429912e+00
235 6.1201995503e-01 8.5862104613e-02 2.3146596641e+00 7.9220119273e+00
236 6.1196781748e-01 8.5883752072e-02 2.3143795586e+00 7.9198809901e+00
237 6.1174925624e-01 8.5380673507e-02 2.3042644161e+00 7.8705601704e+00
238 6.1204580397e-01 8.5610070316e-02 2.2904445880e+00 7.7900482058e+00
239 6.1201105302e-01 8.5575527705e-02 2.2857025509e+00 7.7523378174e+00
240 6.1197809514e-01 8.5473634691e-02 2.2874771257e+00 7.7676250230e+00
241 6.1240442877e-01 8.6015862347e-02 2.2591503560e+00 7.6010069690e+00
242 6.1237003996e-01 8.6115902053e-02 2.2589244940e+00 7.5978020126e+00
243 6.1233909490e-01 8.6201936709e-02 2.2564579162e+00 7.5817145573e+00
244 6.1252742741e-01 8.6285984815e-02 2.2362045137e+00 7.4534225323e+00
245 6.1276411177e-01 8.6613082587e-02 2.2237089724e+00 7.3742052759e+00
246 6.1289284669e-01 8.7179545483e-02 2.2391696810e+00 7.4593399525e+00
247 6.1322971168e-01 8.7826377620e-02 2.2119131294e+00 7.2974717984e+00
248 6.1384033614e-01 8.9114194883e-02 2.2002657655e+00 7.2145172809e+00
249 6.1402033707e-01 8.9762776455e-02 2.2147672671e+00 7.2959892466e+00
250 6.1415218747e-01 9.0127709626e-02 2.2206124120e+00 7.3146446320e+00
251 6.1433695156e-01 9.0575544916e-02 2.2282540810e+00 7.3489515502e+00
252 6.1472199542e-01 9.0943856749e-02 2.2035451163e+00 7.2243595727e+00
253 6.1464365030e-01 9.0913675134e-02 2.2025250885e+00 7.2273626680e+00
254 6.1475326136e-01 9.1270741894e-02 2.2033382386e+00 7.2145385907e+00
255 6.1493499880e-01 9.1531024398e-02 2.1906097003e+00 7.1438113012e+00
256 6.1518018507e-01 9.1422213520e-02 2.1594536488e+00 6.9934186664e+00
257 6.1540215818e-01 9.1607115428e-02 2.1481353392e+00 6.9350540655e+00
258 6.1511887692e-01 9.1285092842e-02 2.1520208702e+00 6.9361045964e+00
259 6.1494064058e-01 9.0963806305e-02 2.1591307075e+00 6.9780782113e+00
260 6.1450770544e-01 9.0407836076e-02 2.1654131005e+00 7.0156421393e+00
261 6.1444102470e-01 9.0447131633e-02 2.1630801922e+00 7.0074203992e+00
262 6.1405315825e-01 8.9813152515e-02 2.1679093830e+00 7.0395060160e+00
263 6.1391620700e-01 8.9884756829e-02 2.1697025270e+00 7.0402722569e+00
264 6.1403936197e-01 9.0380409851e-02 2.1778440270e+00 7.0864430727e+00
265 6.1446699592e-01 9.1027806521e-02 2.1744605297e+00 7.0712306892e+00
266 6.1459293705e-01 9.1264991511e-02 2.1634960978e+00 7.0152812189e+00
267 6.1516219031e-01 9.2436985378e-02 2.1486385034e+00 6.9219218676e+00
268 6.1469536615e-01 9.1689282110e-02 2.1511931312e+00 6.9401653683e+00
269 6.1441353806e-01 9.1824638371e-02 2.1833325571e+00 7.1080111088e+00
270 6.1384552476e-01 9.0438797865e-02 2.1666448918e+00 7.0150323330e+00
271 6.1381020936e-01 9.0348225551e-02 2.1669442990e+00 7.0232240209e+00
272 6.1377003766e-01 9.0322993467e-02 2.1627672482e+00 6.9994100847e+00
273 6.1449755001e-01 9.0947154052e-02 2.0987082598e+00 6.6575800102e+00
274 6.1452927693e-01 9.1036364008e-02 2.0988295976e+00 6.6563717053e+00
275 6.1450175506e-01 9.1073555037e-02 2.0962322038e+00 6.6489510831e+00
276 6.1482233454e-01 9.1426400169e-02 2.0834872419e+00 6.5750693239e+00
277 6.1473614769e-01 9.1484558326e-02 2.0800313187e+00 6.5672640626e+00
278 6.1474457458e-01 9.1503065197e-02 2.0784210940e+00 6.5613686987e+00
279 6.1453060108e-01 9.1031200605e-02 2.0665563330e+00 6.5055836098e+00
280 6.1453925647e-01 9.0984462757e-02 2.0670547887e+00 6.5085286740e+00
281 6.1425792388e-01 9.0689562848e-02 2.0761820241e+00 6.5560783171e+00
282 6.1444729273e-01 9.1048879111e-02 2.0641399440e+00 6.4882225097e+00
283 6.1423489852e-01 9.0618666965e-02 2.0492901596e+00 6.4166347670e+00
284 6.1397217738e-01 9.0215819858e-02 2.0539071240e+00 6.4283393167e+00
285 6.1448531041e-01 9.0640821705e-02 2.0318746491e+00 6.3144785986e+00
286 6.1437291818e-01 9.0686509516e-02 2.0543540002e+00 6.4502505705e+00
287 6.1432868161e-01 9.0812457440e-02 2.0531300815e+00 6.4451011545e+00
288 6.1396452429e-01 8.9960035485e-02 2.0455428306e+00 6.3935200701e+00
289 6.1393327397e-01 8.9908789429e-02 2.0457444084e+00 6.3961304379e+00
290 6.1344298379e-01 8.9172698041e-02 2.0407188735e+00 6.3630643472e+00
291 6.1385825441e-01 8.9576008468e-02 2.0191681634e+00 6.2547533846e+00
292 6.1412652827e-01 9.0095546348e-02 1.9931082584e+00 6.1350966207e+00
293 6.1359996520e-01 8.9579007244e-02 2.0154189439e+00 6.2528658904e+00
294 6.1443198345e-01 9.0457757250e-02 1.9831559557e+00 6.0898536520e+00
295 6.1454337111e-01 9.0949968019e-02 2.0015213438e+00 6.2027294628e+00
296 6.1476151580e-01 9.1130814291e-02 1.9860535610e+00 6.1167589063e+00
297 6.1507899558e-01 9.1752819375e-02 1.9904792169e+00 6.1529981908e+00
298 6.1479451244e-01 9.0818818727e-02 1.9625496959e+00 6.0097557496e+00
299 6.1514688305e-01 9.1450775207e-02 1.9604675625e+00 5.9998090033e+00
300 6.1517211604e-01 9.1495689923e-02 1.9629918786e+00 6.0190891432e+00
301 6.1520807414e-01 9.1702256151e-02 1.9591643069e+00 6.0206709873e+00
302 6.1513763922e-01 9.1759089787e-02 1.9608670109e+00 6.0330172806e+00
303 6.1508435030e-01 9.1746998244e-02 1.9594231616e+00 6.0264875303e+00
304 6.1484459143e-01 9.1303091679e-02 1.9430288683e+00 5.9405421583e+00
305 6.1499218603e-01 9.1721998554e-02 1.9499106924e+00 5.9721884668e+00
306 6.1501773271e-01 9.1753858685e-02 1.9533650224e+00 5.9942102808e+00
307 6.1465646216e-01 9.1475310669e-02 1.9638503951e+00 6.0491810618e+00
308 6.1467538195e-01 9.1489028165e-02 1.9619437754e+00 6.0445179399e+00
309 6.1463241203e-01 9.1430530363e-02 1.9596110713e+00 6.0393369298e+00
310 6.1477004727e-01 9.1867218683e-02 1.9707096983e+00 6.0950038818e+00
311 6.1476217114e-01 9.1866364912e-02 1.9710418394e+00 6.0958833033e+00
312 6.1471469218e-01 9.2047001179e-02 1.9733434783e+00 6.0968212272e+00
313 6.1468757580e-01 9.2031596909e-02 1.9733021483e+00 6.0982804804e+00
314 6.1484371315e-01 9.2369163422e-02 1.9726098189e+00 6.0820381514e+00
315 6.1501124946e-01 9.2700982901e-02 1.9611361271e+00 6.0229542375e+00
316 6.1481047944e-01 9.2294062197e-02 1.9538751892e+00 5.9910474246e+00
317 6.1394175140e-01 9.1249288071e-02 1.9811328997e+00 6.1454130961e+00
318 6.1402605942e-01 9.1732786004e-02 1.9862495621e+00 6.1743484928e+00
319 6.1417057278e-01 9.1981582780e-02 1.9747498577e+00 6.1178606659e+00
320 6.1384490016e-01 9.1302475651e-02 1.9736992201e+00 6.1155567442e+00
321 6.1402209512e-01 9.1424932616e-02 1.9635473547e+00 6.0653737298e+00
322 6.1470274331e-01 9.2731539102e-02 1.9604724720e+00 6.0432855658e+00
323 6.1459586842e-01 9.2754755485e-02 1.9563534970e+00 6.0127596697e+00
324 6.1443199423e-01 9.2552120573e-02 1.9638836327e+00 6.0503611438e+00
325 6.1397916491e-01 9.1928087448e-02 1.9616332325e+00 6.0278102637e+00
326 6.1400956419e-01 9.1901123439e-02 1.9621367610e+00 6.0298240680e+00
327 6.1379936866e-01 9.1465402629e-02 1.9473183645e+00 5.9442103552e+00
328 6.1377052593e-01 9.1450826474e-02 1.9453448202e+00 5.9325007150e+00
329 6.1417351808e-01 9.2047508236e-02 1.9224832781e+00 5.8183993161e+00
330 6.1381773934e-01 9.1609900190e-02 1.9263192320e+00 5.8398186012e+00
331 6.1376275491e-01 9.1937303664e-02 1.9579489816e+00 6.0182749565e+00
332 6.1323124192e-01 9.1325160982e-02 1.9785700963e+00 6.1345616127e+00
333 6.1324028699e-01 9.1324084289e-02 1.9783515750e+00 6.1340633052e+00
334 6.1311881707e-01 9.1381465446e-02 1.9886345705e+00 6.2005368512e+00
335 6.1314180713e-01 9.1351092025e-02 1.9821646952e+00 6.1578847382e+00
336 6.1332749586e-01 9.1834838041e-02 1.9676655218e+00 6.0859063389e+00
337 6.1364613984e-01 9.2745683974e-02 1.9912782838e+00 6.2071782383e+00
338 6.1396300922e-01 9.3577101445e-02 1.9937429448e+00 6.2307567340e+00
339 6.1428408124e-01 9.4193861849e-02 1.9799639526e+00 6.1407960591e+00
340 6.1515327411e-01 9.6049469103e-02 1.9860404071e+00 6.1553217396e+00
341 6.1539374730e-01 9.6263411067e-02 1.9753648315e+00 6.1084958456e+00
342 6.1519635325e-01 9.6445816777e-02 1.9898792293e+00 6.1778052675e+00
343 6.1520405639e-01 9.6518868196e-02 1.9944380088e+00 6.2116065015e+00
344 6.1507249916e-01 9.6530655608e-02 1.9976023396e+00 6.2270770540e+00
345 6.1509673566e-01 9.6525958102e-02 1.9971590859e+00 6.2262909715e+00
346 6.1555460662e-01 9.7056214659e-02 1.9765360817e+00 6.1155309804e+00
347 6.1525228085e-01 9.6477023448e-02 1.9629265612e+00 6.0688534048e+00
348 6.1541139841e-01 9.6970393247e-02 1.9689394381e+00 6.0913220541e+00
349 6.1586360575e-01 9.7430916959e-02 1.9485707969e+00 5.9891350930e+00
350 6.1585232019e-01 9.7488278801e-02 1.9456906122e+00 5.9801907391e+00
351 6.1543221256e-01 9.6555943572e-02 1.9320998684e+00 5.8890148519e+00
352 6.1532104784e-01 9.6500363187e-02 1.9337742428e+00 5.8998945199e+00
353 6.1515838167e-01 9.6619264805e-02 1.9340145937e+00 5.8955456235e+00
354 6.1534764336e-01 9.6758883891e-02 1.9245115723e+00 5.8551572231e+00
355 6.1549078334e-01 9.7120973089e-02 1.9266048481e+00 5.8554030065e+00
356 6.1543647235e-01 9.7131110992e-02 1.9251931047e+00 5.8531058476e+00
357 6.1565646211e-01 9.7341745348e-02 1.9150580851e+00 5.8049586132e+00
358 6.1591696937e-01 9.8047368258e-02 1.9330141614e+00 5.9020389851e+00
359 6.1601108120e-01 9.7991021160e-02 1.9141033551e+00 5.8006239571e+00
360 6.1571599922e-01 9.7764615926e-02 1.9214818398e+00 5.8356992435e+00
361 6.1584554186e-01 9.7848369929e-02 1.9240964267e+00 5.8576354002e+00
362 6.1567490400e-01 9.7504821821e-02 1.9264506218e+00 5.8891928955e+00
363 6.1546504043e-01 9.7170069455e-02 1.9295542767e+00 5.9189969176e+00
364 6.1576755912e-01 9.7425998337e-02 1.9187672268e+00 5.8619351876e+00
365 6.1575299935e-01 9.7481601503e-02 1.9161154246e+00 5.8541058578e+00
