1 5.9282947138e-01 1.1102230246e-16 1.0000000000e+00 1.0000000000e+00
2 5.9293219085e-01 7.5870033055e-03 2.8733762689e+01 8.8693861771e+02
3 5.9287660268e-01 7.7122309946e-03 2.7292017202e+01 8.3178997779e+02
4 5.9323070741e-01 1.3149627538e-02 1.6468867765e+01 2.9353132909e+02
5 5.9325836288e-01 1.3201692034e-02 1.6265199745e+01 2.8880663285e+02
6 5.9374791198e-01 1.6835921951e-02 1.3018624867e+01 1.8038207607e+02
7 5.9384954921e-01 1.8464196690e-02 1.1677546154e+01 1.4748921844e+02
8 5.9426349368e-01 2.1218441612e-02 1.0242641375e+01 1.1230168049e+02
9 5.9441309173e-01 2.2531184229e-02 9.6057291678e+00 9.9238554269e+01
10 5.9465082584e-01 2.3723775227e-02 9.1248324620e+00 8.9413614046e+01
11 5.9467155763e-01 2.3756418940e-02 9.0844237515e+00 8.8893813869e+01
12 5.9468577942e-01 2.3762764809e-02 9.0753742435e+00 8.8777231726e+01
13 5.9495284373e-01 2.4813617147e-02 8.6982443652e+00 8.1213061251e+01
14 5.9490118791e-01 2.4893357325e-02 8.6163102811e+00 8.0255724695e+01
15 5.9480356794e-01 2.5001352045e-02 8.5033812643e+00 7.9034329312e+01
16 5.9467788284e-01 2.5137127457e-02 8.3633678147e+00 7.7542211131e+01
17 5.9463085997e-01 2.5186490931e-02 8.3168432425e+00 7.7001524019e+01
18 5.9486551574e-01 2.6259231046e-02 7.9914097017e+00 7.0884321427e+01
19 5.9496274714e-01 2.6426390775e-02 7.9467494873e+00 7.0361914815e+01
20 5.9509625943e-01 2.7482603073e-02 7.6394518335e+00 6.4979669508e+01
21 5.9528144334e-01 2.8478617880e-02 7.3725337504e+00 6.0472085599e+01
22 5.9525970018e-01 2.8506326291e-02 7.3524993185e+00 6.0260627993e+01
23 5.9518477612e-01 2.8474215938e-02 7.2848965329e+00 5.9581710903e+01
24 5.9518945227e-01 2.8495109497e-02 7.2679835162e+00 5.9403421680e+01
25 5.9539351712e-01 2.9572915451e-02 6.9412174226e+00 5.4737800549e+01
26 5.9543056538e-01 2.9589848276e-02 6.9257962477e+00 5.4578295478e+01
27 5.9513227370e-01 2.8813310357e-02 7.0436649691e+00 5.7251570275e+01
28 5.9506820391e-01 2.8924698223e-02 6.9581457489e+00 5.6456435043e+01
29 5.9502373350e-01 2.9015045641e-02 6.8911962460e+00 5.5811371372e+01
30 5.9521609800e-01 3.0119247287e-02 6.6585667714e+00 5.2197819713e+01
31 5.9528131397e-01 3.1118012661e-02 6.4256802770e+00 4.8790032804e+01
32 5.9519693207e-01 3.1184581760e-02 6.3875297142e+00 4.8451607625e+01
33 5.9533738894e-01 3.2068958294e-02 6.2271107135e+00 4.5891863555e+01
34 5.9574895957e-01 3.4284788323e-02 6.4567790994e+00 5.0435146920e+01
35 5.9569946421e-01 3.4321465388e-02 6.4390101073e+00 5.0257655783e+01
36 5.9568458297e-01 3.4375517999e-02 6.4067368352e+00 4.9959397841e+01
37 5.9567875001e-01 3.4366751521e-02 6.3630723271e+00 4.9662300428e+01
38 5.9587353173e-01 3.5320756235e-02 6.1577131566e+00 4.6639460680e+01
39 5.9581303144e-01 3.5364048225e-02 6.1367906574e+00 4.6457985661e+01
40 5.9573873972e-01 3.5458013592e-02 6.0885294803e+00 4.6027950918e+01
41 5.9577050650e-01 3.5463084721e-02 6.0832484598e+00 4.5979923181e+01
42 5.9570674259e-01 3.5579328938e-02 6.0566978632e+00 4.5714009658e+01
43 5.9560488106e-01 3.5640186348e-02 6.0300433538e+00 4.5476973861e+01
44 5.9552416180e-01 3.5676051286e-02 6.0156771214e+00 4.5353237799e+01
45 5.9573225078e-01 3.6484745223e-02 5.8857861495e+00 4.3162252078e+01
46 5.9570181831e-01 3.6501074557e-02 5.8797821630e+00 4.3105211248e+01
47 5.9600198026e-01 3.7233008681e-02 5.7516521894e+00 4.1085560664e+01
48 5.9600180805e-01 3.7293740936e-02 5.7214636369e+00 4.0823440441e+01
49 5.9596665288e-01 3.7351638836e-02 5.6955103386e+00 4.0596801601e+01
50 5.9595587068e-01 3.7356946088e-02 5.6941655887e+00 4.0579768185e+01
51 5.9593108490e-01 3.7603662807e-02 5.6547298147e+00 4.0205523240e+01
52 5.9578830541e-01 3.7714285820e-02 5.6087527479e+00 3.9831176228e+01
53 5.9573205729e-01 3.7718141498e-02 5.5946535537e+00 3.9721955695e+01
54 5.9561463119e-01 3.7805429254e-02 5.5590755809e+00 3.9433788623e+01
55 5.9561703631e-01 3.7818958408e-02 5.5530189243e+00 3.9376120059e+01
56 5.9557547154e-01 3.7911332509e-02 5.5092138023e+00 3.9032031749e+01
57 5.9552569033e-01 3.7936706104e-02 5.5011426021e+00 3.8957395712e+01
58 5.9638817166e-01 4.0800656324e-02 5.1236235015e+00 3.3133571576e+01
59 5.9669493992e-01 4.1499671727e-02 5.0471190531e+00 3.1964956531e+01
60 5.9667393315e-01 4.1490310527e-02 5.0399128734e+00 3.1919676235e+01
61 5.9693951602e-01 4.2204986351e-02 4.9662446175e+00 3.0878667292e+01
62 5.9685042130e-01 4.2255968440e-02 4.9519554807e+00 3.0774602275e+01
63 5.9700854520e-01 4.2915395445e-02 4.8295799158e+00 2.9490242839e+01
64 5.9696497433e-01 4.2884471181e-02 4.8174200547e+00 2.9431955804e+01
65 5.9688328788e-01 4.2914901379e-02 4.8119238793e+00 2.9386240712e+01
66 5.9680530559e-01 4.2947515242e-02 4.8051714238e+00 2.9333024206e+01
67 5.9703401932e-01 4.3637863814e-02 4.7397361570e+00 2.8399213144e+01
68 5.9725795189e-01 4.4327173841e-02 4.6674482764e+00 2.7461347411e+01
69 5.9723901099e-01 4.4346063310e-02 4.6621156524e+00 2.7423306878e+01
70 5.9718813839e-01 4.4390933069e-02 4.6489035224e+00 2.7337596656e+01
71 5.9722518797e-01 4.4427506468e-02 4.6356827217e+00 2.7234155547e+01
72 5.9718336747e-01 4.4465380377e-02 4.6245435406e+00 2.7161067161e+01
73 5.9717811538e-01 4.4525920004e-02 4.6032420288e+00 2.7019974769e+01
74 5.9709022734e-01 4.4558949655e-02 4.5982796642e+00 2.6976707609e+01
75 5.9724325290e-01 4.5152556393e-02 4.5149050483e+00 2.6052325025e+01
76 5.9723179483e-01 4.5206035750e-02 4.4977741345e+00 2.5936559783e+01
77 5.9789106850e-01 4.8415104729e-02 4.6225171409e+00 2.7439252754e+01
78 5.9776943503e-01 4.8592208456e-02 4.5943447616e+00 2.7254656822e+01
79 5.9798871060e-01 4.9129053668e-02 4.5247551038e+00 2.6429534731e+01
80 5.9799609198e-01 4.9248921263e-02 4.5082721347e+00 2.6307980972e+01
81 5.9789829819e-01 4.9375969743e-02 4.4963663857e+00 2.6208345462e+01
82 5.9818694829e-01 4.9904446926e-02 4.4335078337e+00 2.5446438210e+01
83 5.9813318557e-01 4.9918882236e-02 4.4326304770e+00 2.5436114221e+01
84 5.9808205079e-01 4.9956375278e-02 4.4250150622e+00 2.5378835401e+01
85 5.9824797626e-01 5.0518612489e-02 4.3653020129e+00 2.4656707504e+01
86 5.9827230570e-01 5.0523916518e-02 4.3622657680e+00 2.4638251879e+01
87 5.9824841237e-01 5.0531615874e-02 4.3464847520e+00 2.4569092903e+01
88 5.9845160223e-01 5.1113489705e-02 4.2913540235e+00 2.3886128876e+01
89 5.9803771866e-01 4.9693891598e-02 4.2466726863e+00 2.3451457092e+01
90 5.9806013023e-01 4.9730970921e-02 4.2350721259e+00 2.3375305389e+01
91 5.9799884896e-01 4.9908393303e-02 4.2269045580e+00 2.3296366361e+01
92 5.9777203434e-01 4.9390984446e-02 4.2639383483e+00 2.3849306945e+01
93 5.9774661692e-01 4.9397097117e-02 4.2638603853e+00 2.3846293195e+01
94 5.9785980369e-01 4.9452647895e-02 4.2607342284e+00 2.3807000885e+01
95 5.9796782259e-01 4.9427157874e-02 4.2629892098e+00 2.3816837499e+01
96 5.9840238312e-01 5.0359401602e-02 4.1591012671e+00 2.2626997374e+01
97 5.9845620235e-01 5.0362804473e-02 4.1552058407e+00 2.2602995879e+01
98 5.9844946127e-01 5.0391779032e-02 4.1478963130e+00 2.2553689375e+01
99 5.9847298315e-01 5.0493914637e-02 4.1476633397e+00 2.2646397064e+01
100 5.9868510847e-01 5.1159331269e-02 4.0957697730e+00 2.2019395004e+01
101 5.9865697233e-01 5.1140571701e-02 4.0718510050e+00 2.1803355318e+01
102 5.9867570744e-01 5.1054391893e-02 4.0761549757e+00 2.1829310691e+01
103 5.9867866931e-01 5.1115551185e-02 4.0684093470e+00 2.1788855213e+01
104 5.9866049615e-01 5.1115888673e-02 4.0637915421e+00 2.1762628227e+01
105 5.9861831417e-01 4.9968023430e-02 3.9235142037e+00 2.0216230701e+01
106 5.9876923572e-01 5.1007632351e-02 4.0148477071e+00 2.1369418200e+01
107 5.9851091021e-01 5.0451646907e-02 4.0543684493e+00 2.1881343255e+01
108 5.9826044516e-01 4.9919508730e-02 4.0861780700e+00 2.2383386272e+01
109 5.9791729305e-01 4.8538683091e-02 4.0162463876e+00 2.1710783157e+01
110 5.9787002829e-01 4.8490423997e-02 4.0124371364e+00 2.1696291519e+01
111 5.9780862406e-01 4.8521667420e-02 4.0075310046e+00 2.1661660845e+01
112 5.9799075170e-01 4.8971211997e-02 3.9665019793e+00 2.1158587539e+01
113 5.9811536707e-01 4.9004859095e-02 3.9532913942e+00 2.1062944205e+01
114 5.9820488456e-01 4.9932131561e-02 4.0549628806e+00 2.2196808091e+01
115 5.9813185650e-01 4.9966701016e-02 4.0495109012e+00 2.2160431507e+01
116 5.9829532644e-01 5.0565149128e-02 3.9836167210e+00 2.1497605597e+01
117 5.9824625156e-01 5.0585032678e-02 3.9806309416e+00 2.1479433476e+01
118 5.9822516988e-01 5.0609728752e-02 3.9757537729e+00 2.1444477930e+01
119 5.9790441716e-01 5.0074564011e-02 4.0136959248e+00 2.1966292624e+01
120 5.9793360625e-01 5.0106553548e-02 4.0027110684e+00 2.1882309034e+01
121 5.9813767309e-01 5.0695042201e-02 3.9589776335e+00 2.1324949230e+01
122 5.9887700429e-01 5.2155495728e-02 3.8294044650e+00 1.9830244713e+01
123 5.9936050624e-01 5.3316614728e-02 3.7574769318e+00 1.8951846719e+01
124 5.9935068918e-01 5.3420501222e-02 3.7429173656e+00 1.8886683370e+01
125 5.9931068092e-01 5.3381682392e-02 3.7329149714e+00 1.8872645593e+01
126 5.9916743389e-01 5.3678950461e-02 3.8749795305e+00 2.0574479186e+01
127 5.9918428462e-01 5.3135010634e-02 3.7234112010e+00 1.9010674103e+01
128 5.9918243051e-01 5.3162092785e-02 3.7168171401e+00 1.8973617204e+01
129 5.9931225339e-01 5.3984092622e-02 3.7852668633e+00 1.9619093875e+01
130 5.9932983165e-01 5.3996636149e-02 3.7816760894e+00 1.9595984868e+01
131 5.9932117372e-01 5.4046274954e-02 3.7690491981e+00 1.9530994276e+01
132 5.9922132810e-01 5.3988097877e-02 3.7676676699e+00 1.9563567845e+01
133 5.9922392289e-01 5.4026939576e-02 3.7577468170e+00 1.9509148833e+01
134 5.9920385976e-01 5.4010538573e-02 3.7539589550e+00 1.9456432600e+01
135 5.9908323532e-01 5.4072181350e-02 3.7456396321e+00 1.9404084700e+01
136 5.9906209144e-01 5.4099202945e-02 3.7396078636e+00 1.9373621285e+01
137 5.9903654999e-01 5.4107261873e-02 3.7392393205e+00 1.9369258195e+01
138 5.9894875691e-01 5.4224008153e-02 3.7327520986e+00 1.9318902471e+01
139 5.9917151179e-01 5.4728275088e-02 3.6884253542e+00 1.8852140773e+01
140 5.9910485576e-01 5.4768199698e-02 3.6835003889e+00 1.8815327138e+01
141 5.9932907819e-01 5.5177690315e-02 3.6483929507e+00 1.8429424722e+01
142 5.9933600218e-01 5.4714836769e-02 3.5408713632e+00 1.7369861135e+01
143 5.9959238255e-01 5.5218579939e-02 3.5073581679e+00 1.7003877111e+01
144 5.9907205798e-01 5.4071424812e-02 3.4590064485e+00 1.6593253597e+01
145 5.9910251812e-01 5.4103077366e-02 3.4496736885e+00 1.6549707948e+01
146 5.9921520872e-01 5.4175532849e-02 3.4420885028e+00 1.6508734777e+01
147 5.9927014132e-01 5.4768011930e-02 3.3951930922e+00 1.6089589753e+01
148 5.9919971621e-01 5.4850582277e-02 3.3803555427e+00 1.6015102384e+01
149 5.9960894749e-01 5.5650806930e-02 3.3233827097e+00 1.5417276942e+01
150 5.9968607150e-01 5.6160963412e-02 3.2803712091e+00 1.5060229671e+01
151 5.9971560548e-01 5.6167476578e-02 3.2778720291e+00 1.5046011529e+01
152 5.9980224229e-01 5.6177458875e-02 3.2717013598e+00 1.5015185954e+01
153 5.9993263824e-01 5.6870008236e-02 3.2491385269e+00 1.4757956275e+01
154 6.0007952685e-01 5.7358752546e-02 3.2135740430e+00 1.4452726177e+01
155 6.0005712515e-01 5.7362168651e-02 3.2143096760e+00 1.4454079405e+01
156 6.0015698850e-01 5.7290219563e-02 3.2101883821e+00 1.4432115981e+01
157 6.0003322450e-01 5.7232209316e-02 3.2022422941e+00 1.4445968646e+01
158 6.0032000155e-01 5.7753225145e-02 3.1813154450e+00 1.4214114757e+01
159 6.0025111526e-01 5.7778633360e-02 3.1828725521e+00 1.4230097225e+01
160 6.0013674456e-01 5.7912115519e-02 3.1724580059e+00 1.4174588121e+01
161 6.0011610780e-01 5.7944284935e-02 3.1669190421e+00 1.4149420403e+01
162 6.0011386483e-01 5.7943023119e-02 3.1669233580e+00 1.4151315134e+01
163 6.0009332203e-01 5.7964915949e-02 3.1640293842e+00 1.4134986091e+01
164 6.0036993677e-01 5.8192362183e-02 3.1342729580e+00 1.3902570143e+01
165 6.0041456965e-01 5.9067095865e-02 3.2047948737e+00 1.4610445309e+01
166 6.0088991195e-01 5.9898027795e-02 3.1466476130e+00 1.4076264396e+01
167 6.0093031456e-01 5.9903338825e-02 3.1442134879e+00 1.4062904153e+01
168 6.0137562796e-01 6.0701976712e-02 3.0868839992e+00 1.3563653784e+01
169 6.0138826851e-01 6.0736862539e-02 3.0791998771e+00 1.3532717289e+01
170 6.0160035271e-01 6.1256683663e-02 3.0493349575e+00 1.3279070828e+01
171 6.0151355594e-01 6.0450350958e-02 2.9711628417e+00 1.2602971569e+01
172 6.0128716249e-01 5.9850497253e-02 2.9718711177e+00 1.2693841019e+01
173 6.0130718060e-01 5.9979666827e-02 2.9729075615e+00 1.2700923430e+01
174 6.0118739498e-01 6.0485630907e-02 3.0570104641e+00 1.3469912111e+01
175 6.0125397683e-01 6.0523609684e-02 3.0517094959e+00 1.3438930416e+01
176 6.0126640614e-01 6.0672883123e-02 3.0431921591e+00 1.3393210713e+01
177 6.0151132875e-01 6.1293655370e-02 3.0211809489e+00 1.3155018628e+01
178 6.0176559580e-01 6.1748031681e-02 3.0004035423e+00 1.2947771722e+01
179 6.0215823969e-01 6.2694772470e-02 2.9590221961e+00 1.2539052501e+01
180 6.0244949556e-01 6.3122962134e-02 2.9345501474e+00 1.2337906206e+01
181 6.0290148012e-01 6.4439414684e-02 2.9724226297e+00 1.2625959830e+01
182 6.0299629794e-01 6.5213681780e-02 3.0248096560e+00 1.3103758822e+01
183 6.0300867820e-01 6.5212731218e-02 3.0243632806e+00 1.3102215710e+01
184 6.0282579623e-01 6.5334575348e-02 3.0083748558e+00 1.3030300527e+01
185 6.0282489026e-01 6.5639945540e-02 3.0315801885e+00 1.3278910452e+01
186 6.0283150215e-01 6.5677483149e-02 3.0377735274e+00 1.3312003925e+01
187 6.0318102509e-01 6.6764283349e-02 3.0637568880e+00 1.3534559953e+01
188 6.0340086270e-01 6.7278407049e-02 3.0384460251e+00 1.3306025006e+01
189 6.0379577218e-01 6.8147778728e-02 3.0546790552e+00 1.3413119608e+01
190 6.0357063051e-01 6.7496429246e-02 3.0054388946e+00 1.3024254450e+01
191 6.0363352594e-01 6.8141975163e-02 3.0353487635e+00 1.3209027847e+01
192 6.0357487068e-01 6.8147745402e-02 3.0369961587e+00 1.3214995682e+01
193 6.0347260912e-01 6.8211177325e-02 3.0383305961e+00 1.3207834749e+01
194 6.0389210196e-01 6.9056578006e-02 2.9980225648e+00 1.2929080710e+01
195 6.0405904174e-01 6.9449933018e-02 2.9684988288e+00 1.2725964015e+01
196 6.0399433033e-01 6.9463582419e-02 2.9660249779e+00 1.2715626455e+01
197 6.0392547688e-01 6.9447789285e-02 2.9564492312e+00 1.2654279986e+01
198 6.0400667432e-01 6.9829392743e-02 2.9292730639e+00 1.2449698326e+01
199 6.0377590176e-01 6.8693380009e-02 2.8517092874e+00 1.1791205511e+01
200 6.0373853369e-01 6.8675259388e-02 2.8502772008e+00 1.1791474081e+01
201 6.0375899833e-01 6.8601303982e-02 2.8061158768e+00 1.1430106137e+01
202 6.0372278191e-01 6.8602659397e-02 2.8048084625e+00 1.1424833104e+01
203 6.0319039616e-01 6.7680632096e-02 2.7835383750e+00 1.1291385005e+01
204 6.0332526109e-01 6.8277270137e-02 2.8084120808e+00 1.1454970503e+01
205 6.0323248120e-01 6.8144059812e-02 2.8058196549e+00 1.1471606895e+01
206 6.0321698348e-01 6.8106150509e-02 2.8089849572e+00 1.1488806926e+01
207 6.0335117738e-01 6.8686460337e-02 2.8455611472e+00 1.1783282607e+01
208 6.0356385666e-01 6.9192366176e-02 2.8270309588e+00 1.1604130350e+01
209 6.0332905913e-01 6.8536618632e-02 2.7890127110e+00 1.1306660920e+01
210 6.0331837657e-01 6.8524790763e-02 2.7871394179e+00 1.1303165935e+01
211 6.0334016932e-01 6.9307354876e-02 2.8238398354e+00 1.1584625930e+01
212 6.0340011972e-01 6.9835007772e-02 2.8523892824e+00 1.1799393456e+01
213 6.0363050785e-01 7.0361586982e-02 2.8364075286e+00 1.1635226651e+01
214 6.0378949109e-01 7.0730971776e-02 2.8149298613e+00 1.1466461553e+01
215 6.0398681188e-01 7.0981391249e-02 2.7940202897e+00 1.1315078398e+01
216 6.0376749115e-01 7.0615806754e-02 2.8117371455e+00 1.1474020405e+01
217 6.0370995856e-01 7.0482362253e-02 2.7692621824e+00 1.1181583398e+01
218 6.0372822914e-01 7.0505034703e-02 2.7655753278e+00 1.1164564763e+01
219 6.0373288153e-01 7.0519070930e-02 2.7634675633e+00 1.1155246422e+01
220 6.0374040434e-01 7.0527671162e-02 2.7617910854e+00 1.1149618711e+01
221 6.0392937451e-01 7.0907951610e-02 2.7405575831e+00 1.0987382074e+01
222 6.0393773805e-01 7.0884256303e-02 2.7446619850e+00 1.0997761074e+01
223 6.0413843531e-01 7.1255678441e-02 2.7226979164e+00 1.0834562306e+01
224 6.0424096410e-01 7.1817967239e-02 2.7450750557e+00 1.0965878990e+01
225 6.0454384880e-01 7.2141761321e-02 2.7249291139e+00 1.0812729849e+01
226 6.0456364392e-01 7.2169522019e-02 2.7193673482e+00 1.0795940264e+01
227 6.0496328404e-01 7.3219602746e-02 2.7388411405e+00 1.0935869812e+01
228 6.0491355317e-01 7.3234683824e-02 2.7389694261e+00 1.0934378496e+01
229 6.0451421174e-01 7.2198914453e-02 2.7213069655e+00 1.0811330089e+01
230 6.0471312139e-01 7.2713320639e-02 2.7035882688e+00 1.0661742971e+01
231 6.0478765657e-01 7.3496750539e-02 2.7365411556e+00 1.0955057891e+01
232 6.0467587351e-01 7.3530885483e-02 2.7365786405e+00 1.0951949421e+01
233 6.0474043716e-01 7.3620831899e-02 2.7353825203e+00 1.0935636806e+01
234 6.0491980128e-01 7.3935545101e-02 2.7131451694e+00 1.0783608786e+01
235 6.0496844605e-01 7.3921774760e-02 2.7130564308e+00 1.0784173718e+01
236 6.0493187663e-01 7.3959157776e-02 2.7122105778e+00 1.0779212508e+01
237 6.0489072583e-01 7.4006673539e-02 2.7079661539e+00 1.0758319267e+01
238 6.0513009766e-01 7.4642959405e-02 2.7290088063e+00 1.0890222623e+01
239 6.0530883678e-01 7.5107829717e-02 2.7113291584e+00 1.0739445998e+01
240 6.0526334205e-01 7.5520232908e-02 2.7743222373e+00 1.1233761559e+01
241 6.0484198596e-01 7.4477383408e-02 2.7559333036e+00 1.1127434651e+01
242 6.0484438669e-01 7.4494467581e-02 2.7556518899e+00 1.1123368411e+01
243 6.0485148366e-01 7.4491801322e-02 2.7557109393e+00 1.1123872688e+01
244 6.0480615194e-01 7.4558683031e-02 2.7558800174e+00 1.1118520105e+01
245 6.0478654397e-01 7.4589711133e-02 2.7525569293e+00 1.1103739071e+01
246 6.0476133032e-01 7.4616540752e-02 2.7510998030e+00 1.1091318948e+01
247 6.0502357148e-01 7.5567649860e-02 2.7459221881e+00 1.1019650627e+01
248 6.0505484576e-01 7.5581575458e-02 2.7424561919e+00 1.1007947548e+01
249 6.0511571355e-01 7.5662367915e-02 2.7440091233e+00 1.1021940966e+01
250 6.0502753349e-01 7.5728863163e-02 2.7388312547e+00 1.0998019249e+01
251 6.0549304805e-01 7.6219043565e-02 2.7006380795e+00 1.0725124643e+01
252 6.0573658671e-01 7.6557028340e-02 2.6790508053e+00 1.0571623487e+01
253 6.0583780213e-01 7.7098684966e-02 2.7016285934e+00 1.0711117869e+01
254 6.0631619973e-01 7.7812202525e-02 2.6625338175e+00 1.0419341006e+01
255 6.0621078687e-01 7.7794080014e-02 2.6571355579e+00 1.0410817250e+01
256 6.0676409895e-01 7.9071465831e-02 2.6755735800e+00 1.0495178928e+01
257 6.0703814518e-01 7.9548042455e-02 2.6619625648e+00 1.0386178232e+01
258 6.0715878605e-01 8.0149137501e-02 2.6769663798e+00 1.0469223890e+01
259 6.0717104305e-01 8.0157675043e-02 2.6752995460e+00 1.0463536945e+01
260 6.0739165825e-01 8.0477939989e-02 2.6565768721e+00 1.0330423623e+01
261 6.0756842375e-01 8.0668010158e-02 2.6379930617e+00 1.0221951568e+01
262 6.0735886495e-01 8.0476981689e-02 2.6580393109e+00 1.0360119903e+01
263 6.0758490688e-01 8.0873817016e-02 2.6366169864e+00 1.0206684893e+01
264 6.0750606917e-01 8.0892388781e-02 2.6374655179e+00 1.0207714524e+01
265 6.0746062783e-01 8.0922393715e-02 2.6357620980e+00 1.0198948619e+01
266 6.0762986445e-01 8.1237446328e-02 2.6208838285e+00 1.0088360757e+01
267 6.0783765161e-01 8.1899833334e-02 2.6491599364e+00 1.0263717000e+01
268 6.0827560907e-01 8.3010753161e-02 2.6699400811e+00 1.0428925381e+01
269 6.0820677908e-01 8.3037203318e-02 2.6693720519e+00 1.0424899465e+01
270 6.0816794777e-01 8.2939343671e-02 2.6668222972e+00 1.0429739903e+01
271 6.0822723691e-01 8.2902864712e-02 2.6677504034e+00 1.0436604212e+01
272 6.0839254638e-01 8.3069984729e-02 2.6529298946e+00 1.0349280065e+01
273 6.0832438742e-01 8.3146746557e-02 2.6475666738e+00 1.0325687967e+01
274 6.0866804473e-01 8.3760001819e-02 2.6122063049e+00 1.0083375480e+01
275 6.0808384036e-01 8.2241845636e-02 2.5731224013e+00 9.8287670665e+00
276 6.0828517078e-01 8.2598157718e-02 2.5502912152e+00 9.6518631739e+00
277 6.0832236659e-01 8.2583744622e-02 2.5491808443e+00 9.6510716742e+00
278 6.0837668586e-01 8.2624184850e-02 2.5579023230e+00 9.7172439622e+00
279 6.0825753379e-01 8.2066632760e-02 2.5420690502e+00 9.6347005863e+00
280 6.0784801678e-01 8.1262807269e-02 2.5405488365e+00 9.6666316609e+00
281 6.0772541585e-01 8.1379527370e-02 2.5361182168e+00 9.6444505512e+00
282 6.0761655207e-01 8.1414185677e-02 2.5312612885e+00 9.6333060183e+00
283 6.0756664404e-01 8.1368041604e-02 2.5283651834e+00 9.6087145636e+00
284 6.0780493705e-01 8.1645881989e-02 2.5089435390e+00 9.4867474941e+00
285 6.0803916038e-01 8.1885977604e-02 2.4910712141e+00 9.3766383367e+00
286 6.0806745496e-01 8.2084966859e-02 2.4849074951e+00 9.3258095205e+00
287 6.0765948330e-01 8.1229395805e-02 2.4793902481e+00 9.3248709192e+00
288 6.0770727063e-01 8.1329980627e-02 2.4802902528e+00 9.3390904445e+00
289 6.0793499571e-01 8.1593096702e-02 2.4640100935e+00 9.2320261986e+00
290 6.0800448382e-01 8.1392298594e-02 2.4323835943e+00 9.0506347207e+00
291 6.0794613084e-01 8.0980909312e-02 2.4146843726e+00 8.9448978213e+00
292 6.0793278105e-01 8.0964267365e-02 2.4153544462e+00 8.9294385752e+00
293 6.0789598047e-01 8.0932991376e-02 2.4146947304e+00 8.9312888281e+00
294 6.0815437048e-01 8.1016109206e-02 2.4032480061e+00 8.8718684295e+00
295 6.0840014161e-01 8.1698342561e-02 2.4358669039e+00 9.0891069075e+00
296 6.0842318803e-01 8.1725676682e-02 2.4341753072e+00 9.0794023865e+00
297 6.0824732742e-01 8.1057451540e-02 2.3903018217e+00 8.7516647930e+00
298 6.0821839965e-01 8.1073094911e-02 2.3897671515e+00 8.7485926432e+00
299 6.0775759438e-01 8.0350125799e-02 2.3905376030e+00 8.7760195257e+00
300 6.0760348420e-01 7.9732649897e-02 2.3674664514e+00 8.6417843476e+00
301 6.0806255624e-01 8.0362188400e-02 2.3353369913e+00 8.4350706230e+00
302 6.0825814625e-01 8.0755139474e-02 2.3208146789e+00 8.3322162009e+00
303 6.0869635527e-01 8.1563880685e-02 2.3298410711e+00 8.3783629876e+00
304 6.0880667248e-01 8.1876101543e-02 2.3134815125e+00 8.2776935235e+00
305 6.0917575224e-01 8.2692966114e-02 2.3186421275e+00 8.2966294762e+00
306 6.0944663381e-01 8.2824806284e-02 2.3054037981e+00 8.2202215712e+00
307 6.0940213818e-01 8.2774433165e-02 2.3047631832e+00 8.2106071916e+00
308 6.0924339920e-01 8.2128876624e-02 2.2693363941e+00 7.9636238702e+00
309 6.0939853212e-01 8.2510268125e-02 2.2462534339e+00 7.8552087850e+00
310 6.1004968517e-01 8.3846820632e-02 2.2585345280e+00 7.9439139928e+00
311 6.1009628957e-01 8.4243559245e-02 2.2586096247e+00 7.9233813893e+00
312 6.1002029706e-01 8.4260384734e-02 2.2583736359e+00 7.9216070487e+00
313 6.1010945024e-01 8.4753111889e-02 2.2776455128e+00 8.0297662795e+00
314 6.0994572719e-01 8.4614847525e-02 2.2851004129e+00 8.0755579794e+00
315 6.1012494422e-01 8.4995733365e-02 2.2721930692e+00 7.9832949473e+00
316 6.1015344026e-01 8.4998822919e-02 2.2709779458e+00 7.9791880274e+00
317 6.1037547632e-01 8.5206567730e-02 2.2578957872e+00 7.9031089702e+00
318 6.1036577125e-01 8.5165982408e-02 2.2598573086e+00 7.9239986562e+00
319 6.1069346783e-01 8.5495155233e-02 2.2461672253e+00 7.8342821061e+00
320 6.1044155175e-01 8.5048755371e-02 2.2288115586e+00 7.7304552350e+00
321 6.1069230713e-01 8.5271012098e-02 2.2155141317e+00 7.6521485547e+00
322 6.1064202728e-01 8.5280793485e-02 2.2117109343e+00 7.6429368003e+00
323 6.1118339958e-01 8.6575953442e-02 2.2268677499e+00 7.7122137184e+00
324 6.1110702709e-01 8.6672279280e-02 2.2254448032e+00 7.6988947447e+00
325 6.1100691333e-01 8.6733892584e-02 2.2235483628e+00 7.6900324548e+00
326 6.1099753511e-01 8.6744460422e-02 2.2228756907e+00 7.6873640592e+00
327 6.1105428556e-01 8.6702401380e-02 2.2239940982e+00 7.6920617611e+00
328 6.1098926675e-01 8.6581294807e-02 2.2271315648e+00 7.7131892341e+00
329 6.1101166960e-01 8.6583765269e-02 2.2261475338e+00 7.7100192100e+00
330 6.1101956404e-01 8.6589687822e-02 2.2249427710e+00 7.7079578320e+00
331 6.1116009355e-01 8.6951313868e-02 2.2132314337e+00 7.6246099527e+00
332 6.1115159806e-01 8.6955017197e-02 2.2131889151e+00 7.6242150919e+00
333 6.1138426175e-01 8.7090387849e-02 2.1863569835e+00 7.4357679981e+00
334 6.1101298015e-01 8.6383018412e-02 2.1834094925e+00 7.4268954755e+00
335 6.1141264046e-01 8.6886422222e-02 2.1614097580e+00 7.2948823329e+00
336 6.1137491518e-01 8.6886133587e-02 2.1623898407e+00 7.2989124767e+00
337 6.1174683821e-01 8.7619424589e-02 2.1556189522e+00 7.2465757386e+00
338 6.1179391454e-01 8.7624659568e-02 2.1524385163e+00 7.2401762163e+00
339 6.1218463552e-01 8.8348684910e-02 2.1588865583e+00 7.2862324147e+00
340 6.1196190496e-01 8.7869917871e-02 2.1414925006e+00 7.1700779073e+00
341 6.1183799157e-01 8.7858905002e-02 2.1339048669e+00 7.1162004794e+00
342 6.1182177719e-01 8.7863046837e-02 2.1342354591e+00 7.1161893200e+00
343 6.1139628416e-01 8.7383941830e-02 2.1342902119e+00 7.1534863076e+00
344 6.1159017256e-01 8.7673161612e-02 2.1213516720e+00 7.0783277279e+00
345 6.1164152152e-01 8.8133967234e-02 2.1419978832e+00 7.2003261821e+00
346 6.1179913387e-01 8.8653408672e-02 2.1576824378e+00 7.2786943264e+00
347 6.1180984839e-01 8.8734092377e-02 2.1587600632e+00 7.2774058503e+00
348 6.1184395395e-01 8.8768451374e-02 2.1572699932e+00 7.2701427276e+00
349 6.1184385749e-01 8.8776141991e-02 2.1565999803e+00 7.2677168345e+00
350 6.1161156880e-01 8.8710183766e-02 2.1686670788e+00 7.3598570734e+00
351 6.1187439239e-01 8.8834116216e-02 2.1483721588e+00 7.2397472018e+00
352 6.1211747206e-01 8.9057924788e-02 2.1319966528e+00 7.1352010870e+00
353 6.1168720714e-01 8.8273621984e-02 2.1290103772e+00 7.1240197649e+00
354 6.1169285610e-01 8.8335519452e-02 2.1294940036e+00 7.1383192876e+00
355 6.1203109038e-01 8.8985881210e-02 2.1172967399e+00 7.0625367430e+00
356 6.1239670936e-01 8.8996830044e-02 2.0667513506e+00 6.7552621543e+00
357 6.1222037382e-01 8.8539463889e-02 2.0600110221e+00 6.7305708942e+00
358 6.1245698859e-01 8.8703977733e-02 2.0486119280e+00 6.6728921779e+00
359 6.1228540720e-01 8.8153503067e-02 2.0327493264e+00 6.5867702560e+00
360 6.1221477611e-01 8.8049694252e-02 2.0315989136e+00 6.5937602490e+00
361 6.1220270087e-01 8.7721750874e-02 1.9905390190e+00 6.3356021967e+00
362 6.1209798565e-01 8.7778385642e-02 1.9895226732e+00 6.3327910811e+00
363 6.1242122855e-01 8.8634686004e-02 1.9906288900e+00 6.3369023981e+00
364 6.1224501502e-01 8.8163170600e-02 1.9827124158e+00 6.3086107217e+00
365 6.1286551933e-01 8.9107308324e-02 1.9743053790e+00 6.2616485948e+00
