1 5.9282947138e-01 1.1102230246e-16 1.0000000000e+00 1.0000000000e+00
2 5.9296807581e-01 7.7884305129e-03 2.6209674824e+01 8.0093132480e+02
3 5.9411315383e-01 1.8296067462e-02 1.2113030093e+01 1.5428149741e+02
4 5.9406084050e-01 1.8393797374e-02 1.1907317154e+01 1.5122080031e+02
5 5.9455906196e-01 2.1111227598e-02 1.0455062093e+01 1.1514446538e+02
6 5.9446394210e-01 2.0909580611e-02 1.0330704345e+01 1.1392858434e+02
7 5.9446054317e-01 2.0933434110e-02 1.0296632807e+01 1.1341861430e+02
8 5.9436890534e-01 2.1031449914e-02 1.0149309563e+01 1.1153209560e+02
9 5.9458293225e-01 2.2276108608e-02 9.6323572540e+00 9.9883305653e+01
10 5.9465992389e-01 2.3637058916e-02 8.9646946943e+00 8.7866294772e+01
11 5.9451838732e-01 2.3735137722e-02 8.8592007435e+00 8.6657093727e+01
12 5.9442309322e-01 2.3840118551e-02 8.7437519528e+00 8.5303062797e+01
13 5.9516956452e-01 2.7022590333e-02 7.8031368347e+00 6.6916951851e+01
14 5.9515366120e-01 2.7004064030e-02 7.7272529979e+00 6.6045664825e+01
15 5.9508382835e-01 2.7125843686e-02 7.6139378939e+00 6.4990609380e+01
16 5.9501174168e-01 2.7169748184e-02 7.5822705859e+00 6.4654609520e+01
17 5.9518506494e-01 2.8281264572e-02 7.3389181694e+00 6.0364420948e+01
18 5.9512194902e-01 2.8338504440e-02 7.2986815845e+00 5.9946845339e+01
19 5.9508374241e-01 3.0061425298e-02 7.7309603916e+00 7.0414620542e+01
20 5.9499880247e-01 3.0124718397e-02 7.6852445062e+00 6.9919984283e+01
21 5.9492530276e-01 3.0189760512e-02 7.6374614832e+00 6.9402220349e+01
22 5.9495240449e-01 3.0197591897e-02 7.6287827263e+00 6.9302928749e+01
23 5.9535838167e-01 3.1975162072e-02 7.1389657818e+00 6.0196824908e+01
24 5.9553917800e-01 3.2815048743e-02 6.9342145675e+00 5.6540969622e+01
25 5.9572416920e-01 3.3574370513e-02 6.7274022380e+00 5.3225611946e+01
26 5.9596612355e-01 3.4473345273e-02 6.5416587660e+00 5.0166371116e+01
27 5.9604211286e-01 3.5824481840e-02 6.7767081033e+00 5.4280661140e+01
28 5.9607994449e-01 3.5849899056e-02 6.7595308205e+00 5.4099459998e+01
29 5.9650907928e-01 3.7425564901e-02 6.4012032283e+00 4.8443105987e+01
30 5.9643810121e-01 3.7483334037e-02 6.3739954863e+00 4.8197677637e+01
31 5.9688631873e-01 3.8940507116e-02 6.0944456912e+00 4.3793152429e+01
32 5.9680518664e-01 3.8988239934e-02 6.0755366783e+00 4.3633091121e+01
33 5.9675168476e-01 3.9033903168e-02 6.0563323631e+00 4.3464443990e+01
34 5.9673953564e-01 3.8911838911e-02 6.0496031625e+00 4.3531981980e+01
35 5.9673979733e-01 3.8855518974e-02 6.0436813397e+00 4.3538806991e+01
36 5.9661590680e-01 3.7642494211e-02 5.8357822231e+00 4.0287402883e+01
37 5.9655760862e-01 3.7675908945e-02 5.8226894853e+00 4.0183653371e+01
38 5.9655067474e-01 3.7748289867e-02 5.7845520501e+00 3.9893841507e+01
39 5.9654621635e-01 3.7776266428e-02 5.7701850503e+00 3.9781288252e+01
40 5.9661557581e-01 3.7725996847e-02 5.7492111874e+00 3.9621494922e+01
41 5.9685942612e-01 3.8384298330e-02 5.6293126150e+00 3.7928669588e+01
42 5.9703270909e-01 3.9101406234e-02 5.5096865204e+00 3.6301748966e+01
43 5.9691634994e-01 3.9152109574e-02 5.4941550593e+00 3.6183853859e+01
44 5.9761533919e-01 4.0970203235e-02 5.2209671209e+00 3.2453347032e+01
45 5.9788960903e-01 4.1604157573e-02 5.1345231446e+00 3.1323637835e+01
46 5.9814131319e-01 4.2250700127e-02 5.0412905181e+00 3.0175805651e+01
47 5.9819993382e-01 4.2323001680e-02 5.0083201329e+00 2.9949488815e+01
48 5.9837463963e-01 4.2992446424e-02 4.9097724563e+00 2.8837479730e+01
49 5.9838175886e-01 4.3757023879e-02 4.7730273561e+00 2.7566459612e+01
50 5.9842754476e-01 4.3919234362e-02 4.7756360072e+00 2.7570374107e+01
51 5.9904417986e-01 4.5825467169e-02 4.7764035514e+00 2.7845767456e+01
52 5.9903916128e-01 4.6849292123e-02 4.8392470161e+00 2.8693470741e+01
53 5.9901688009e-01 4.6926782649e-02 4.8365905611e+00 2.8647678498e+01
54 5.9900341355e-01 4.6953869704e-02 4.8281770413e+00 2.8587925752e+01
55 5.9919793843e-01 4.7566875423e-02 4.7563973721e+00 2.7698129153e+01
56 5.9935324165e-01 4.8178609254e-02 4.6688980328e+00 2.6750512446e+01
57 5.9946067099e-01 4.8588447723e-02 4.5949229023e+00 2.6005006782e+01
58 5.9946191390e-01 4.8568838421e-02 4.5948162131e+00 2.6013805698e+01
59 5.9929992699e-01 4.8635962390e-02 4.5833785785e+00 2.5933814594e+01
60 5.9930370301e-01 4.8641933047e-02 4.5813495279e+00 2.5919752367e+01
61 5.9935399557e-01 4.8765073534e-02 4.5758716769e+00 2.5828196678e+01
62 5.9956095124e-01 4.9302023888e-02 4.5118088120e+00 2.5090318387e+01
63 5.9948232727e-01 4.9359844616e-02 4.4973429716e+00 2.5006888409e+01
64 5.9923262451e-01 4.8843515231e-02 4.5573345213e+00 2.5713862573e+01
65 5.9944365183e-01 4.9460476406e-02 4.4888033215e+00 2.4926426477e+01
66 5.9941738119e-01 4.9500009685e-02 4.4782087673e+00 2.4858106483e+01
67 5.9967525461e-01 5.0192257493e-02 4.4176539187e+00 2.4117540413e+01
68 6.0046292612e-01 5.2954429788e-02 4.4362505329e+00 2.4379838564e+01
69 6.0049552816e-01 5.2999098667e-02 4.4224162834e+00 2.4288792192e+01
70 6.0079246179e-01 5.3195260107e-02 4.2530272442e+00 2.2405428738e+01
71 6.0063155917e-01 5.2327017516e-02 4.1804110458e+00 2.1605213700e+01
72 6.0072773789e-01 5.2868229066e-02 4.1216810043e+00 2.1033067448e+01
73 6.0124375936e-01 5.3831798498e-02 4.0213501734e+00 2.0028301417e+01
74 6.0111960022e-01 5.3901088220e-02 4.0144294713e+00 2.0020365462e+01
75 6.0126543529e-01 5.4440256799e-02 3.9563141908e+00 1.9488664642e+01
76 6.0163120473e-01 5.5714384264e-02 3.9785598678e+00 1.9745422353e+01
77 6.0178296765e-01 5.6181359960e-02 3.9229904067e+00 1.9259288743e+01
78 6.0220546828e-01 5.6956627242e-02 3.8407120789e+00 1.8481987232e+01
79 6.0240380407e-01 5.7293763847e-02 3.8029342910e+00 1.8134990622e+01
80 6.0238139853e-01 5.7298980538e-02 3.8030030579e+00 1.8134357455e+01
81 6.0258925674e-01 5.7639106653e-02 3.7632815451e+00 1.7777843581e+01
82 6.0252268625e-01 5.7675464960e-02 3.7536346772e+00 1.7735009946e+01
83 6.0290431964e-01 5.8545897490e-02 3.6682199328e+00 1.6991493088e+01
84 6.0313850877e-01 5.8981990134e-02 3.6288792937e+00 1.6641224608e+01
85 6.0312081813e-01 5.8987267213e-02 3.6286068278e+00 1.6639606432e+01
86 6.0309673386e-01 5.9011055150e-02 3.6245612360e+00 1.6619617487e+01
87 6.0292579486e-01 5.9057664361e-02 3.6146248594e+00 1.6577506859e+01
88 6.0307497377e-01 5.9382071755e-02 3.5810650688e+00 1.6288956573e+01
89 6.0305446837e-01 5.9455686373e-02 3.5780169713e+00 1.6262883832e+01
90 6.0325489085e-01 6.0262780186e-02 3.6458441023e+00 1.6927184723e+01
91 6.0336701036e-01 6.0987997852e-02 3.6825896333e+00 1.7260181927e+01
92 6.0356259827e-01 6.1497734864e-02 3.6359605458e+00 1.6863443587e+01
93 6.0353217247e-01 6.1745006894e-02 3.6562347287e+00 1.7085533679e+01
94 6.0351817681e-01 6.1786725108e-02 3.6518045679e+00 1.7051853193e+01
95 6.0350914838e-01 6.1786353451e-02 3.6494617420e+00 1.7046879840e+01
96 6.0362308301e-01 6.1498662308e-02 3.5620912980e+00 1.6245263989e+01
97 6.0386306772e-01 6.1851970541e-02 3.5286444606e+00 1.5953844176e+01
98 6.0398191741e-01 6.2337641292e-02 3.4887495854e+00 1.5622449170e+01
99 6.0418865945e-01 6.2640972775e-02 3.4580035055e+00 1.5369045344e+01
100 6.0431942356e-01 6.3315181614e-02 3.4736641251e+00 1.5495511190e+01
101 6.0448814429e-01 6.3963289745e-02 3.4877078832e+00 1.5559902581e+01
102 6.0447740525e-01 6.3979340422e-02 3.4848650198e+00 1.5547547452e+01
103 6.0415703923e-01 6.2937086553e-02 3.4774690639e+00 1.5476903729e+01
104 6.0371194342e-01 6.1741172197e-02 3.4658662054e+00 1.5382239186e+01
105 6.0367688019e-01 6.1768855923e-02 3.4620123107e+00 1.5363478274e+01
106 6.0332628960e-01 6.0325150502e-02 3.3674793523e+00 1.4464795933e+01
107 6.0332186968e-01 6.0332909026e-02 3.3662544055e+00 1.4458442201e+01
108 6.0333772588e-01 6.0398365724e-02 3.3621813199e+00 1.4434789238e+01
109 6.0308314927e-01 6.0078340748e-02 3.3850310207e+00 1.4653963763e+01
110 6.0325817544e-01 6.0422759776e-02 3.3540128310e+00 1.4402919182e+01
111 6.0359680112e-01 6.1573729547e-02 3.3754234689e+00 1.4669863254e+01
112 6.0434344851e-01 6.2821315007e-02 3.2889646364e+00 1.3915364213e+01
113 6.0416926663e-01 6.2743837539e-02 3.2829858031e+00 1.3906819221e+01
114 6.0442742243e-01 6.3212018511e-02 3.2479397866e+00 1.3636968195e+01
115 6.0458826730e-01 6.3499100360e-02 3.2208763517e+00 1.3430559558e+01
116 6.0455392294e-01 6.3471410811e-02 3.2213357535e+00 1.3439596569e+01
117 6.0478363448e-01 6.3911144744e-02 3.1941949626e+00 1.3214872006e+01
118 6.0465390188e-01 6.4049568493e-02 3.1869552402e+00 1.3207034300e+01
119 6.0465746435e-01 6.4078191488e-02 3.1820608322e+00 1.3183425127e+01
120 6.0476744327e-01 6.4812951164e-02 3.2298692267e+00 1.3655165198e+01
121 6.0472613758e-01 6.4708472415e-02 3.2329883495e+00 1.3697599189e+01
122 6.0442157062e-01 6.3543692238e-02 3.2026037142e+00 1.3415178729e+01
123 6.0489604176e-01 6.4093073309e-02 3.1475324883e+00 1.2988647010e+01
124 6.0478549326e-01 6.4455532591e-02 3.2193752283e+00 1.3692545683e+01
125 6.0483422930e-01 6.5194290037e-02 3.2255601536e+00 1.3778594204e+01
126 6.0453886950e-01 6.4848950314e-02 3.2538366578e+00 1.4010136026e+01
127 6.0482104805e-01 6.4969952351e-02 3.2280964833e+00 1.3848505059e+01
128 6.0481389214e-01 6.4951566256e-02 3.2286116762e+00 1.3851832115e+01
129 6.0507190151e-01 6.5340500534e-02 3.1978711059e+00 1.3605282686e+01
130 6.0500641392e-01 6.5399236443e-02 3.1895819906e+00 1.3573447693e+01
131 6.0514358894e-01 6.5919190484e-02 3.1587103034e+00 1.3317819219e+01
132 6.0523044822e-01 6.6676330595e-02 3.1995957238e+00 1.3688136292e+01
133 6.0551479400e-01 6.7069985252e-02 3.1651605318e+00 1.3434494041e+01
134 6.0554979662e-01 6.7067393198e-02 3.1643350038e+00 1.3429602794e+01
135 6.0556846469e-01 6.7831035921e-02 3.1994549374e+00 1.3762120476e+01
136 6.0562551988e-01 6.7539205396e-02 3.1436986322e+00 1.3327463317e+01
137 6.0587526255e-01 6.7993367962e-02 3.1154227821e+00 1.3086170890e+01
138 6.0593782975e-01 6.8023084987e-02 3.1068628058e+00 1.3055465874e+01
139 6.0597830709e-01 6.7979363990e-02 3.1126927466e+00 1.3079664765e+01
140 6.0591574320e-01 6.8021272289e-02 3.1116571566e+00 1.3066710439e+01
141 6.0579578275e-01 6.7736038261e-02 3.1340251243e+00 1.3245096118e+01
142 6.0565090125e-01 6.7818046311e-02 3.1274825745e+00 1.3210107945e+01
143 6.0578639302e-01 6.8159887802e-02 3.0952612195e+00 1.2995026969e+01
144 6.0571214021e-01 6.8178860244e-02 3.0972434529e+00 1.2999141652e+01
145 6.0590586218e-01 6.8661078572e-02 3.0601078220e+00 1.2738949857e+01
146 6.0610846341e-01 6.9047506047e-02 3.0330578945e+00 1.2529761039e+01
147 6.0634318143e-01 6.9408067408e-02 3.0036539555e+00 1.2318096838e+01
148 6.0688278014e-01 6.9975337833e-02 2.9589281915e+00 1.1978023525e+01
149 6.0705741620e-01 7.0243329814e-02 2.9359519488e+00 1.1821514244e+01
150 6.0728632781e-01 7.0549802820e-02 2.9136623531e+00 1.1656531180e+01
151 6.0745476980e-01 7.1150252286e-02 2.9364384951e+00 1.1807600438e+01
152 6.0766270979e-01 7.1527020248e-02 2.9151218091e+00 1.1635175294e+01
153 6.0760950994e-01 7.1501635092e-02 2.9119561020e+00 1.1630982970e+01
154 6.0725912883e-01 7.0197051502e-02 2.8267759594e+00 1.0970812817e+01
155 6.0722819001e-01 7.0226118104e-02 2.8244500035e+00 1.0958220286e+01
156 6.0765223094e-01 7.1274517325e-02 2.8342592933e+00 1.1071788247e+01
157 6.0755999123e-01 7.1238609158e-02 2.8321622689e+00 1.1074090345e+01
158 6.0719073446e-01 7.0375480984e-02 2.8318403558e+00 1.1098716089e+01
159 6.0737137266e-01 7.0668501463e-02 2.8134445706e+00 1.0962889595e+01
160 6.0751478212e-01 7.0950652406e-02 2.7932333231e+00 1.0826439878e+01
161 6.0706069366e-01 6.9886813022e-02 2.7713374800e+00 1.0659082254e+01
162 6.0701278659e-01 6.9929940258e-02 2.7665700170e+00 1.0642680247e+01
163 6.0680101443e-01 7.0082108052e-02 2.7898884626e+00 1.0784650128e+01
164 6.0694884780e-01 7.0507954888e-02 2.7656180041e+00 1.0617177336e+01
165 6.0691894338e-01 7.0534801574e-02 2.7625390866e+00 1.0607659389e+01
166 6.0715976012e-01 7.0894269616e-02 2.7425410411e+00 1.0474253904e+01
167 6.0719861511e-01 7.1046184210e-02 2.7402689375e+00 1.0441145842e+01
168 6.0732572176e-01 7.1703460731e-02 2.7644665704e+00 1.0631491130e+01
169 6.0741079435e-01 7.2306485086e-02 2.7876588266e+00 1.0786831685e+01
170 6.0791367837e-01 7.2829951198e-02 2.7496841986e+00 1.0519040654e+01
171 6.0797514719e-01 7.2781429040e-02 2.7487962987e+00 1.0524278066e+01
172 6.0847137540e-01 7.3461965165e-02 2.7100004065e+00 1.0240628013e+01
173 6.0862921060e-01 7.3510923152e-02 2.7037014234e+00 1.0213499852e+01
174 6.0803708205e-01 7.3020893711e-02 2.7393990782e+00 1.0473550650e+01
175 6.0841145646e-01 7.3623294296e-02 2.7061133034e+00 1.0220830114e+01
176 6.0809550923e-01 7.3313646417e-02 2.7213130416e+00 1.0348000973e+01
177 6.0828956903e-01 7.3504210672e-02 2.7033124332e+00 1.0239097373e+01
178 6.0803491330e-01 7.3184386853e-02 2.7229865741e+00 1.0379246945e+01
179 6.0782147908e-01 7.2671909080e-02 2.6933422310e+00 1.0206064360e+01
180 6.0808300319e-01 7.3890563980e-02 2.7432734808e+00 1.0576282167e+01
181 6.0793769242e-01 7.3989784406e-02 2.7353868675e+00 1.0544167949e+01
182 6.0794946982e-01 7.4252393216e-02 2.7506315017e+00 1.0673838440e+01
183 6.0791895126e-01 7.4271934959e-02 2.7498411885e+00 1.0670152919e+01
184 6.0813630945e-01 7.5527551288e-02 2.7909392565e+00 1.0933413656e+01
185 6.0841384093e-01 7.5808893650e-02 2.7702157700e+00 1.0789736107e+01
186 6.0861620718e-01 7.6188264765e-02 2.7461888805e+00 1.0623431623e+01
187 6.0871790297e-01 7.6780398092e-02 2.7615786085e+00 1.0718271251e+01
188 6.0906167399e-01 7.7926010013e-02 2.7973908983e+00 1.0933792804e+01
189 6.0901613007e-01 7.7929581746e-02 2.7986408273e+00 1.0938242417e+01
190 6.0884020609e-01 7.7397892260e-02 2.7807883840e+00 1.0824260298e+01
191 6.0933118752e-01 7.8759409801e-02 2.8024164628e+00 1.0967085946e+01
192 6.0949847851e-01 7.9086216564e-02 2.7919422671e+00 1.0909004354e+01
193 6.0943003817e-01 7.9032092397e-02 2.7942486143e+00 1.0929856969e+01
194 6.0874687161e-01 7.7702802710e-02 2.8030797710e+00 1.1026562136e+01
195 6.0854620352e-01 7.7098942225e-02 2.7883922219e+00 1.0950307471e+01
196 6.0870406788e-01 7.7415458041e-02 2.7674983032e+00 1.0806714173e+01
197 6.0846922021e-01 7.7165329168e-02 2.7799979298e+00 1.0922028298e+01
198 6.0809691600e-01 7.6231430322e-02 2.7799163310e+00 1.0937655062e+01
199 6.0874689633e-01 7.7214215321e-02 2.7224641342e+00 1.0510981224e+01
200 6.0872064482e-01 7.7245771060e-02 2.7199719875e+00 1.0498270619e+01
201 6.0847736833e-01 7.6929512097e-02 2.7363512708e+00 1.0634527750e+01
202 6.0860991370e-01 7.7570738711e-02 2.7624846808e+00 1.0808462869e+01
203 6.0850808987e-01 7.7036731067e-02 2.7453607657e+00 1.0729445482e+01
204 6.0846421124e-01 7.7078770605e-02 2.7476112552e+00 1.0731419512e+01
205 6.0844324003e-01 7.7083778621e-02 2.7478172313e+00 1.0731664055e+01
206 6.0837953644e-01 7.7101202626e-02 2.7481724180e+00 1.0731188956e+01
207 6.0827380738e-01 7.6517086793e-02 2.7253322716e+00 1.0594895364e+01
208 6.0855339444e-01 7.6746536640e-02 2.7053561452e+00 1.0466663489e+01
209 6.0841117951e-01 7.6175074859e-02 2.6708637708e+00 1.0231513602e+01
210 6.0907058546e-01 7.7505503659e-02 2.6614686858e+00 1.0158399525e+01
211 6.0906514785e-01 7.7521255961e-02 2.6596390239e+00 1.0151252980e+01
212 6.0855159341e-01 7.6752953089e-02 2.6594553179e+00 1.0175510110e+01
213 6.0885574689e-01 7.7319877364e-02 2.6682272040e+00 1.0204459914e+01
214 6.0857842301e-01 7.6919650268e-02 2.6741694707e+00 1.0230344045e+01
215 6.0830450493e-01 7.6635151071e-02 2.6914615423e+00 1.0357644564e+01
216 6.0823272602e-01 7.6649631762e-02 2.6926685555e+00 1.0359664456e+01
217 6.0898590804e-01 7.7618795330e-02 2.6456085126e+00 1.0041900442e+01
218 6.0879031249e-01 7.7238997074e-02 2.6502652279e+00 1.0067984100e+01
219 6.0909338942e-01 7.7942990598e-02 2.6347734622e+00 9.9386342655e+00
220 6.0892629349e-01 7.8020717154e-02 2.6316889949e+00 9.9229400528e+00
221 6.0873262981e-01 7.7617948364e-02 2.6315544706e+00 9.9567811014e+00
222 6.0851397262e-01 7.7375512064e-02 2.6470699451e+00 1.0065856225e+01
223 6.0840915330e-01 7.6648980038e-02 2.6088064781e+00 9.7957306834e+00
224 6.0832192594e-01 7.6726951275e-02 2.6023323218e+00 9.7698039159e+00
225 6.0833312451e-01 7.6824402619e-02 2.6051646449e+00 9.7842824518e+00
226 6.0817103647e-01 7.6896244520e-02 2.6027819866e+00 9.7707230893e+00
227 6.0813802986e-01 7.7226238430e-02 2.6298729024e+00 9.9362839628e+00
228 6.0813720321e-01 7.7126127017e-02 2.6315356875e+00 9.9604452983e+00
229 6.0812928611e-01 7.7096525272e-02 2.6293380500e+00 9.9601529204e+00
230 6.0840394480e-01 7.7427780255e-02 2.6076573924e+00 9.8165713168e+00
231 6.0834694419e-01 7.7404457460e-02 2.6102414791e+00 9.8277127499e+00
232 6.0829965200e-01 7.7417379316e-02 2.6088480901e+00 9.8222253671e+00
233 6.0844885373e-01 7.7672198196e-02 2.5903605071e+00 9.7071120969e+00
234 6.0846834173e-01 7.7674132645e-02 2.5894130287e+00 9.7035593019e+00
235 6.0830436187e-01 7.7124267565e-02 2.5692862819e+00 9.5925883318e+00
236 6.0825983858e-01 7.7150556720e-02 2.5678044305e+00 9.5859712232e+00
237 6.0817847817e-01 7.7171013059e-02 2.5653190452e+00 9.5807308070e+00
238 6.0840824555e-01 7.7600219185e-02 2.5499017017e+00 9.4691456023e+00
239 6.0850939552e-01 7.8206124463e-02 2.5709869663e+00 9.6090944477e+00
240 6.0841236944e-01 7.8127675487e-02 2.5670089682e+00 9.5811910485e+00
241 6.0857965863e-01 7.8460671302e-02 2.5538058688e+00 9.4754348977e+00
242 6.0853812406e-01 7.8519243078e-02 2.5508914056e+00 9.4582111416e+00
243 6.0841702898e-01 7.8336581491e-02 2.5024166243e+00 9.1752827557e+00
244 6.0801711073e-01 7.7637628551e-02 2.5024384506e+00 9.2047074097e+00
245 6.0816338612e-01 7.7904380184e-02 2.4837935852e+00 9.0936027064e+00
246 6.0813426399e-01 7.7898914816e-02 2.4855182295e+00 9.0999245102e+00
247 6.0799197317e-01 7.7250947448e-02 2.4531285178e+00 8.8854956066e+00
248 6.0794421304e-01 7.7251575319e-02 2.4547623814e+00 8.8913599260e+00
249 6.0785575111e-01 7.7289501129e-02 2.4542923839e+00 8.8843781119e+00
250 6.0782909048e-01 7.7262395801e-02 2.4538034653e+00 8.8854433783e+00
251 6.0789643648e-01 7.7302143609e-02 2.4584854065e+00 8.9153818855e+00
252 6.0808994315e-01 7.7814499743e-02 2.4768313675e+00 9.0173389114e+00
253 6.0770323312e-01 7.7082698497e-02 2.4747230233e+00 9.0133281547e+00
254 6.0810626647e-01 7.8130211745e-02 2.4852126287e+00 9.0849988461e+00
255 6.0809609404e-01 7.8152152949e-02 2.4816637293e+00 9.0753710565e+00
256 6.0796998734e-01 7.7952112744e-02 2.4948814960e+00 9.1622528280e+00
257 6.0787850524e-01 7.8107820019e-02 2.4976598878e+00 9.1784466894e+00
258 6.0760731744e-01 7.7916841192e-02 2.5216322265e+00 9.3941815733e+00
259 6.0764800340e-01 7.7940651656e-02 2.5225779917e+00 9.3950071547e+00
260 6.0769713274e-01 7.7935824980e-02 2.5210915228e+00 9.3912934119e+00
261 6.0786320277e-01 7.8308166862e-02 2.5060729473e+00 9.2753909842e+00
262 6.0760123550e-01 7.8268036877e-02 2.5117130578e+00 9.3354766483e+00
263 6.0748504319e-01 7.8336087933e-02 2.5081377841e+00 9.3191944005e+00
264 6.0739024319e-01 7.8300112440e-02 2.5094616680e+00 9.3328073106e+00
265 6.0729677818e-01 7.8274853269e-02 2.5030702496e+00 9.3119171797e+00
266 6.0750005426e-01 7.8440344784e-02 2.4884031332e+00 9.2276325011e+00
267 6.0746968245e-01 7.8438824279e-02 2.4850591897e+00 9.2181393339e+00
268 6.0731767388e-01 7.8005519674e-02 2.4686931499e+00 9.1345732607e+00
269 6.0729264659e-01 7.7920502213e-02 2.4538799283e+00 9.0193143163e+00
270 6.0753148039e-01 7.8159604236e-02 2.4391830839e+00 8.9212445674e+00
271 6.0751238189e-01 7.8421356342e-02 2.4487474824e+00 8.9802178829e+00
272 6.0764925973e-01 7.8724932269e-02 2.4330824100e+00 8.8757720453e+00
273 6.0787926109e-01 7.9586644473e-02 2.4487645806e+00 9.0464917812e+00
274 6.0789814215e-01 7.9515894411e-02 2.4448352562e+00 9.0276107176e+00
275 6.0804917541e-01 7.9991114050e-02 2.4540121003e+00 9.0900606361e+00
276 6.0797535332e-01 7.9998541635e-02 2.4519377547e+00 9.0852413504e+00
277 6.0817577678e-01 8.0284089184e-02 2.4383872853e+00 8.9858235588e+00
278 6.0848772079e-01 8.0543436326e-02 2.4212799483e+00 8.8784302242e+00
279 6.0868835318e-01 8.0890345461e-02 2.4070405552e+00 8.7731913532e+00
280 6.0921242610e-01 8.2077205231e-02 2.3982132444e+00 8.6925255560e+00
281 6.0920160038e-01 8.2082653074e-02 2.3978836526e+00 8.6917483905e+00
282 6.0905216295e-01 8.2359399782e-02 2.4221614370e+00 8.8367477184e+00
283 6.0932203487e-01 8.2655705139e-02 2.4045173883e+00 8.7267389667e+00
284 6.0891689152e-01 8.1833661187e-02 2.3976392262e+00 8.6889805198e+00
285 6.0951804093e-01 8.2699793532e-02 2.3487166385e+00 8.3925335903e+00
286 6.0942507122e-01 8.2789805627e-02 2.3657347186e+00 8.5129566170e+00
287 6.0999405088e-01 8.3721244545e-02 2.3407703323e+00 8.3440987145e+00
288 6.0993980412e-01 8.3803451308e-02 2.3366698969e+00 8.3243032063e+00
289 6.0988639417e-01 8.3802180331e-02 2.3349023245e+00 8.3183957397e+00
290 6.0934216817e-01 8.2415884436e-02 2.3059775559e+00 8.1638623064e+00
291 6.0984447701e-01 8.3095325964e-02 2.2784600971e+00 7.9795506256e+00
292 6.1024790135e-01 8.3939109911e-02 2.2802998459e+00 7.9689251417e+00
293 6.1000775805e-01 8.3670329974e-02 2.2953778224e+00 8.0817362608e+00
294 6.0996827517e-01 8.3737532612e-02 2.2925318233e+00 8.0670328008e+00
295 6.0997544168e-01 8.3696427470e-02 2.2908696966e+00 8.0712709288e+00
296 6.0979709796e-01 8.3691101247e-02 2.2927335213e+00 8.0789725560e+00
297 6.1015358233e-01 8.4560049370e-02 2.2935944363e+00 8.0596679464e+00
298 6.1017899446e-01 8.4627267686e-02 2.2928822077e+00 8.0487919239e+00
299 6.1037222591e-01 8.5079674703e-02 2.3124895013e+00 8.1817908308e+00
300 6.0997763966e-01 8.4428406453e-02 2.3166523158e+00 8.2278171574e+00
301 6.1022979234e-01 8.4698475268e-02 2.2997901735e+00 8.1298325775e+00
302 6.1059875044e-01 8.5517757313e-02 2.3039442170e+00 8.1455326490e+00
303 6.1048838568e-01 8.5388245038e-02 2.2964151558e+00 8.0750490021e+00
304 6.1067279571e-01 8.5753942331e-02 2.2809344315e+00 7.9756152581e+00
305 6.1054564028e-01 8.6032191522e-02 2.3070114852e+00 8.1148275955e+00
306 6.0955387716e-01 8.3715193417e-02 2.2726969992e+00 7.9178070820e+00
307 6.0975962344e-01 8.4012869554e-02 2.2591827039e+00 7.8317519091e+00
308 6.0964108830e-01 8.3993234060e-02 2.2591175675e+00 7.8376315153e+00
309 6.0967457047e-01 8.4032315173e-02 2.2519793108e+00 7.8159913864e+00
310 6.0990017325e-01 8.4277880170e-02 2.2371709709e+00 7.7339842296e+00
311 6.1017436248e-01 8.4487748420e-02 2.2248120074e+00 7.6593733206e+00
312 6.1035679324e-01 8.4663887449e-02 2.2130918953e+00 7.5943541480e+00
313 6.1016375844e-01 8.4227663187e-02 2.1971354245e+00 7.4984730907e+00
314 6.1013162601e-01 8.4185596763e-02 2.1962731112e+00 7.5025347585e+00
315 6.1005713619e-01 8.4217120295e-02 2.1929369640e+00 7.4833267049e+00
316 6.1028173279e-01 8.4477192171e-02 2.1794256153e+00 7.4043538760e+00
317 6.0995095392e-01 8.4239862244e-02 2.1943647449e+00 7.4861101433e+00
318 6.1012773287e-01 8.4456569095e-02 2.1808000173e+00 7.4146328848e+00
319 6.1028500259e-01 8.4651245262e-02 2.1705153714e+00 7.3525416065e+00
320 6.0996038227e-01 8.4105272923e-02 2.1768849623e+00 7.3992829633e+00
321 6.0998146414e-01 8.4053569768e-02 2.1821452800e+00 7.4126648472e+00
322 6.0999258188e-01 8.4055953429e-02 2.1815985449e+00 7.4105704251e+00
323 6.0991719399e-01 8.4329253121e-02 2.2115435517e+00 7.5963852847e+00
324 6.1008940256e-01 8.4564217400e-02 2.1986124710e+00 7.5223210338e+00
325 6.1004672337e-01 8.4619307497e-02 2.1964100187e+00 7.5135456528e+00
326 6.0996913812e-01 8.4653901451e-02 2.1958890418e+00 7.5097300746e+00
327 6.0950651628e-01 8.4327862538e-02 2.2181224549e+00 7.6354183080e+00
328 6.0955301055e-01 8.4842892538e-02 2.2304484601e+00 7.7117901309e+00
329 6.0976389116e-01 8.5280565891e-02 2.2160070344e+00 7.6190049898e+00
330 6.0973705216e-01 8.5322150541e-02 2.2171183386e+00 7.6284934802e+00
331 6.0958479529e-01 8.5679046755e-02 2.2470072363e+00 7.7976476404e+00
332 6.0943890094e-01 8.5737385434e-02 2.2418466401e+00 7.7690846048e+00
333 6.0937050781e-01 8.5759738670e-02 2.2423562765e+00 7.7680623009e+00
334 6.0937359277e-01 8.5829711597e-02 2.2381114931e+00 7.7532574048e+00
335 6.0933982592e-01 8.5745625173e-02 2.2388762561e+00 7.7660675247e+00
336 6.0898916519e-01 8.4956315562e-02 2.2297317178e+00 7.7068909180e+00
337 6.0920038290e-01 8.4997893655e-02 2.2184352127e+00 7.6598914481e+00
338 6.0961841146e-01 8.6514231833e-02 2.2615188247e+00 7.9101669303e+00
339 6.0948919338e-01 8.5990749415e-02 2.2433327438e+00 7.8155989410e+00
340 6.0974993534e-01 8.6328163634e-02 2.2280430519e+00 7.7237381614e+00
341 6.0980851767e-01 8.6131050764e-02 2.1971024599e+00 7.5349853683e+00
342 6.0962922276e-01 8.5821830649e-02 2.2056341535e+00 7.6060001184e+00
343 6.0984476004e-01 8.6157635551e-02 2.1915058421e+00 7.5246548658e+00
344 6.1000677282e-01 8.6368123543e-02 2.1802486344e+00 7.4577929980e+00
345 6.1006683458e-01 8.6748351704e-02 2.1837442439e+00 7.4624278499e+00
346 6.1001816131e-01 8.6700133195e-02 2.1801955481e+00 7.4366878851e+00
347 6.0997262412e-01 8.6805185299e-02 2.1798798648e+00 7.4412947839e+00
348 6.0981276371e-01 8.6322019769e-02 2.1595205919e+00 7.3314374350e+00
349 6.0980501378e-01 8.6325968672e-02 2.1594349867e+00 7.3309038463e+00
350 6.1006768610e-01 8.7327644887e-02 2.1884190661e+00 7.4818492166e+00
351 6.1006516336e-01 8.7336387160e-02 2.1909436332e+00 7.4863590571e+00
352 6.0988170184e-01 8.7179788450e-02 2.2006383957e+00 7.5423946330e+00
353 6.0995298418e-01 8.7568724119e-02 2.1865397716e+00 7.4542786798e+00
354 6.1007575871e-01 8.7868539990e-02 2.1860870659e+00 7.4290706956e+00
355 6.1008729971e-01 8.7708173192e-02 2.1597599522e+00 7.2693598166e+00
356 6.0994796008e-01 8.7528966795e-02 2.1553766768e+00 7.2550892533e+00
357 6.0993397392e-01 8.7531661704e-02 2.1555974864e+00 7.2555950157e+00
358 6.1000107272e-01 8.7840191909e-02 2.1361344529e+00 7.1670883721e+00
359 6.1006518253e-01 8.7512624644e-02 2.1129132661e+00 7.0553563370e+00
360 6.1002807509e-01 8.7549597076e-02 2.1121738085e+00 7.0511978522e+00
361 6.0999790625e-01 8.7495979126e-02 2.1138304305e+00 7.0626917344e+00
362 6.0997862801e-01 8.7482918464e-02 2.1137687529e+00 7.0650295547e+00
363 6.1035122787e-01 8.8795404894e-02 2.1194977322e+00 7.0879109917e+00
364 6.1020572091e-01 8.9018217879e-02 2.1493683191e+00 7.2704416813e+00
365 6.1018015087e-01 8.9024466063e-02 2.1493434404e+00 7.2710501102e+00
