1 5.9282947138e-01 1.1102230246e-16 1.0000000000e+00 1.0000000000e+00
2 5.9328288218e-01 1.0458388924e-02 2.1948387980e+01 4.8810000946e+02
3 5.9352823900e-01 1.2847429694e-02 1.7705628363e+01 3.2017485481e+02
4 5.9343883480e-01 1.2994374589e-02 1.7065739685e+01 3.0663366743e+02
5 5.9370939228e-01 1.4934261317e-02 1.4951601740e+01 2.3320363486e+02
6 5.9366277076e-01 1.5151555368e-02 1.4258728208e+01 2.2052208440e+02
7 5.9388104677e-01 1.6888440667e-02 1.2851379514e+01 1.7786167912e+02
8 5.9433142633e-01 1.9899290846e-02 1.0937745210e+01 1.2817944143e+02
9 5.9457002482e-01 2.1304546290e-02 1.0149915773e+01 1.1105732296e+02
10 5.9454573698e-01 2.1336198009e-02 1.0104786241e+01 1.1044992490e+02
11 5.9494421764e-01 2.3777310080e-02 9.0786371108e+00 8.8896305941e+01
12 5.9513436359e-01 2.4948301493e-02 8.6138341892e+00 8.0439650824e+01
13 5.9513176311e-01 2.4960084401e-02 8.6016472842e+00 8.0291673117e+01
14 5.9521179593e-01 2.5009691664e-02 8.5411837732e+00 7.9551363280e+01
15 5.9542672941e-01 2.6097095153e-02 8.1803868189e+00 7.2919136495e+01
16 5.9572964440e-01 2.7186735385e-02 7.9161960926e+00 6.7919156645e+01
17 5.9577062757e-01 2.7196407814e-02 7.9035528551e+00 6.7775115814e+01
18 5.9581869725e-01 2.7203208857e-02 7.8923698359e+00 6.7651612645e+01
19 5.9579196902e-01 2.7258123764e-02 7.8409438893e+00 6.7151478428e+01
20 5.9598631003e-01 2.8178754744e-02 7.5315234241e+00 6.2156561645e+01
21 5.9642647672e-01 3.0032777097e-02 7.0670574903e+00 5.4613690846e+01
22 5.9646709017e-01 3.0058217795e-02 7.0445590257e+00 5.4391952092e+01
23 5.9661511221e-01 3.0811763532e-02 6.8217218622e+00 5.1135897419e+01
24 5.9674238734e-01 3.1716161785e-02 6.6140619933e+00 4.8173219722e+01
25 5.9664445463e-01 3.1824220096e-02 6.5467825871e+00 4.7618099275e+01
26 5.9689917116e-01 3.2713567021e-02 6.3412732505e+00 4.4867893014e+01
27 5.9685945811e-01 3.2771878613e-02 6.3065685288e+00 4.4586911896e+01
28 5.9680442077e-01 3.2795123857e-02 6.2971722785e+00 4.4503669169e+01
29 5.9697355061e-01 3.4178049011e-02 6.6424061582e+00 5.1153204990e+01
30 5.9700418884e-01 3.4173721331e-02 6.6439376957e+00 5.1152097782e+01
31 5.9695477900e-01 3.4206255300e-02 6.6279171933e+00 5.0997182375e+01
32 5.9675370810e-01 3.3443292209e-02 6.7907812264e+00 5.3786345929e+01
33 5.9693109962e-01 3.4244257531e-02 6.6077835689e+00 5.0790657467e+01
34 5.9696417917e-01 3.4168918210e-02 6.6016557891e+00 5.0804368971e+01
35 5.9747673582e-01 3.5683345958e-02 6.2798290891e+00 4.5730465319e+01
36 5.9767722550e-01 3.6501581480e-02 6.0891206807e+00 4.3169333950e+01
37 5.9764488059e-01 3.6537508164e-02 6.0723721243e+00 4.3022888901e+01
38 5.9785339567e-01 3.7280893208e-02 5.9266443500e+00 4.0963335440e+01
39 5.9808034690e-01 3.8009385488e-02 5.7873042871e+00 3.9069304566e+01
40 5.9806073627e-01 3.8072620663e-02 5.7576648939e+00 3.8827087500e+01
41 5.9802288598e-01 3.8142466303e-02 5.7403754900e+00 3.8671424043e+01
42 5.9799025110e-01 3.8132947740e-02 5.7337724495e+00 3.8628029021e+01
43 5.9800198780e-01 3.8147680225e-02 5.7256582941e+00 3.8562433639e+01
44 5.9825910600e-01 3.8650387244e-02 5.6155045900e+00 3.7103100031e+01
45 5.9836937856e-01 3.9830422380e-02 5.7950264185e+00 3.9998814343e+01
46 5.9857058932e-01 4.0529720641e-02 5.6589259839e+00 3.8190195567e+01
47 5.9859909357e-01 4.0485883714e-02 5.6470709618e+00 3.8137219997e+01
48 5.9920763007e-01 4.2814723107e-02 5.5726451145e+00 3.7105916129e+01
49 5.9927646835e-01 4.2825589555e-02 5.5636477175e+00 3.7032592857e+01
50 5.9924234358e-01 4.2877656283e-02 5.5418891493e+00 3.6877228450e+01
51 5.9947511374e-01 4.3612526970e-02 5.4136314413e+00 3.5247895267e+01
52 5.9985886959e-01 4.4804949878e-02 5.2175828601e+00 3.2752082608e+01
53 5.9997093800e-01 4.5400792163e-02 5.1069724679e+00 3.1507115001e+01
54 6.0016267908e-01 4.6470721990e-02 5.1968475188e+00 3.2605715722e+01
55 6.0039459910e-01 4.7051088814e-02 5.1148088968e+00 3.1538075216e+01
56 5.9982191909e-01 4.5049684149e-02 5.1681187669e+00 3.2326070855e+01
57 5.9979026823e-01 4.5627768615e-02 5.3301661249e+00 3.4448393682e+01
58 5.9979296127e-01 4.5636537837e-02 5.3266159157e+00 3.4420875126e+01
59 5.9973907937e-01 4.5670491625e-02 5.3170165803e+00 3.4344810056e+01
60 5.9960869263e-01 4.5702187159e-02 5.2917689987e+00 3.4217488064e+01
61 5.9963539282e-01 4.5704024427e-02 5.2893065939e+00 3.4199670280e+01
62 5.9960905463e-01 4.5773109219e-02 5.2652359817e+00 3.4009453442e+01
63 5.9971672497e-01 4.5846768294e-02 5.2572996974e+00 3.3915002135e+01
64 5.9985680113e-01 4.5389562867e-02 5.0748026353e+00 3.1612643226e+01
65 5.9987244557e-01 4.5424041358e-02 5.0608679613e+00 3.1512579940e+01
66 5.9986040637e-01 4.5574150848e-02 5.0427442114e+00 3.1360017496e+01
67 6.0011683522e-01 4.6142951551e-02 4.9592265601e+00 3.0306092392e+01
68 6.0060127255e-01 4.7244373205e-02 4.8008709518e+00 2.8239554345e+01
69 6.0055939512e-01 4.7278268825e-02 4.7920667449e+00 2.8176710477e+01
70 6.0069197541e-01 4.7936997555e-02 4.7151837505e+00 2.7259352042e+01
71 6.0105392683e-01 4.8949021319e-02 4.5780562438e+00 2.5703965267e+01
72 6.0129212546e-01 4.9528793117e-02 4.5146096313e+00 2.4960257582e+01
73 6.0129071518e-01 4.9551860769e-02 4.5079017995e+00 2.4914685526e+01
74 6.0171514535e-01 5.0502949230e-02 4.3874318718e+00 2.3582295608e+01
75 6.0164179185e-01 5.0551096810e-02 4.3773545358e+00 2.3519844904e+01
76 6.0180618166e-01 5.1294753643e-02 4.4141389637e+00 2.3886014850e+01
77 6.0218748284e-01 5.2310096783e-02 4.3005455969e+00 2.2661139665e+01
78 6.0206033886e-01 5.2306247945e-02 4.2683012334e+00 2.2398326323e+01
79 6.0249401243e-01 5.3264808951e-02 4.1682949686e+00 2.1331909230e+01
80 6.0269437054e-01 5.4166171132e-02 4.2498398237e+00 2.2271629798e+01
81 6.0271580864e-01 5.4180944402e-02 4.2452171118e+00 2.2240811815e+01
82 6.0293745007e-01 5.4682847866e-02 4.1817615253e+00 2.1649114253e+01
83 6.0285899323e-01 5.4739284443e-02 4.1707554896e+00 2.1586759838e+01
84 6.0269384551e-01 5.3927377532e-02 4.1020912780e+00 2.0903156120e+01
85 6.0331007625e-01 5.5757179403e-02 4.0580729860e+00 2.0498878778e+01
86 6.0336461503e-01 5.5764621530e-02 4.0533340376e+00 2.0472394638e+01
87 6.0335403037e-01 5.5843781128e-02 4.0673513029e+00 2.0716845221e+01
88 6.0351346731e-01 5.6319646723e-02 4.0127287041e+00 2.0204678233e+01
89 6.0350403889e-01 5.6336023524e-02 4.0092322498e+00 2.0184311202e+01
90 6.0360065986e-01 5.6849193916e-02 3.9535250688e+00 1.9675069346e+01
91 6.0392661410e-01 5.7784298469e-02 3.8505666335e+00 1.8757624152e+01
92 6.0364025901e-01 5.7374153578e-02 3.8915746041e+00 1.9161108695e+01
93 6.0400871121e-01 5.8333027067e-02 3.9014353512e+00 1.9239312172e+01
94 6.0391007245e-01 5.8413161346e-02 3.8873178596e+00 1.9164005012e+01
95 6.0449488424e-01 5.9642021723e-02 3.7639270734e+00 1.8005234779e+01
96 6.0430384716e-01 5.9282795710e-02 3.7989374578e+00 1.8341604151e+01
97 6.0453736227e-01 5.9753324543e-02 3.7579634679e+00 1.7948479755e+01
98 6.0434243045e-01 5.9054070130e-02 3.7133176727e+00 1.7576476981e+01
99 6.0430220049e-01 5.9065637557e-02 3.7129099167e+00 1.7573022454e+01
100 6.0438100478e-01 5.9062211298e-02 3.7097162967e+00 1.7557212295e+01
101 6.0434445119e-01 5.9017260994e-02 3.7076071345e+00 1.7528669034e+01
102 6.0499085092e-01 6.0408811188e-02 3.5857830254e+00 1.6443514307e+01
103 6.0532405361e-01 6.1502048036e-02 3.5970551898e+00 1.6648386927e+01
104 6.0529691323e-01 6.1479761649e-02 3.5963364454e+00 1.6656504593e+01
105 6.0552448337e-01 6.1883461539e-02 3.5604281295e+00 1.6334780282e+01
106 6.0552075039e-01 6.1865032485e-02 3.5609456341e+00 1.6341800999e+01
107 6.0548243826e-01 6.1775385086e-02 3.5601722473e+00 1.6390121516e+01
108 6.0571158854e-01 6.2231214260e-02 3.5258912416e+00 1.6074994043e+01
109 6.0531379316e-01 6.1148524136e-02 3.5174737823e+00 1.5990494860e+01
110 6.0498461936e-01 6.0019849793e-02 3.4961896151e+00 1.5808458997e+01
111 6.0501552273e-01 6.0018932538e-02 3.4948258370e+00 1.5802224208e+01
112 6.0492937568e-01 5.9928681990e-02 3.4878394610e+00 1.5807006549e+01
113 6.0500334612e-01 5.9960967133e-02 3.4776751540e+00 1.5756883398e+01
114 6.0501030980e-01 5.9956487142e-02 3.4785644922e+00 1.5759276700e+01
115 6.0487846547e-01 6.0068289266e-02 3.4705430397e+00 1.5716709656e+01
116 6.0484692485e-01 6.0041515265e-02 3.4712668645e+00 1.5732203712e+01
117 6.0483991736e-01 6.0113725029e-02 3.4682790170e+00 1.5704696497e+01
118 6.0485919629e-01 6.0125202401e-02 3.4653631814e+00 1.5688388051e+01
119 6.0483134325e-01 6.0138726350e-02 3.4640935718e+00 1.5680924088e+01
120 6.0494547843e-01 6.0966631325e-02 3.5095550686e+00 1.6102416672e+01
121 6.0493485822e-01 6.0980505771e-02 3.5071321508e+00 1.6090813847e+01
122 6.0532811919e-01 6.1807051521e-02 3.4403493666e+00 1.5493835606e+01
123 6.0535810681e-01 6.1830622297e-02 3.4372632110e+00 1.5474678825e+01
124 6.0532663568e-01 6.1806821331e-02 3.4369243856e+00 1.5484230646e+01
125 6.0528717885e-01 6.1831373272e-02 3.4341105713e+00 1.5468877063e+01
126 6.0522346789e-01 6.1911851966e-02 3.4320531929e+00 1.5452129740e+01
127 6.0515879974e-01 6.1930044668e-02 3.4274669933e+00 1.5429464028e+01
128 6.0533490292e-01 6.2518393638e-02 3.3882340118e+00 1.5084736523e+01
129 6.0542287271e-01 6.3256490185e-02 3.4202639157e+00 1.5412166554e+01
130 6.0573766249e-01 6.4279616873e-02 3.4159978507e+00 1.5342613771e+01
131 6.0595619048e-01 6.4600831456e-02 3.3887233516e+00 1.5099224297e+01
132 6.0593089625e-01 6.4684719037e-02 3.3823380218e+00 1.5057157812e+01
133 6.0605111608e-01 6.5198769011e-02 3.3394066819e+00 1.4729199828e+01
134 6.0600989237e-01 6.5231165309e-02 3.3354939258e+00 1.4709384546e+01
135 6.0599612880e-01 6.5294688502e-02 3.3341392203e+00 1.4693995705e+01
136 6.0621468124e-01 6.5577326975e-02 3.3193701123e+00 1.4614891261e+01
137 6.0626448022e-01 6.5605670832e-02 3.3151852564e+00 1.4590301598e+01
138 6.0591910651e-01 6.4835540177e-02 3.3333323925e+00 1.4792848793e+01
139 6.0588951174e-01 6.4792925544e-02 3.3363367258e+00 1.4814488012e+01
140 6.0606272677e-01 6.5413774645e-02 3.3061211868e+00 1.4536144406e+01
141 6.0607711508e-01 6.5372552002e-02 3.3056076955e+00 1.4542913873e+01
142 6.0624633446e-01 6.6108227542e-02 3.3410126842e+00 1.4843219951e+01
143 6.0671569091e-01 6.7754619171e-02 3.3774948504e+00 1.5145324418e+01
144 6.0666227981e-01 6.7812178405e-02 3.3771819907e+00 1.5131615712e+01
145 6.0713589817e-01 6.8611922462e-02 3.3161679297e+00 1.4606351634e+01
146 6.0703206338e-01 6.8680981819e-02 3.3084044013e+00 1.4570397119e+01
147 6.0635983300e-01 6.7406938057e-02 3.3327166654e+00 1.4831527383e+01
148 6.0627890033e-01 6.7451116640e-02 3.3287279379e+00 1.4809638025e+01
149 6.0627614209e-01 6.7696663986e-02 3.3205439017e+00 1.4710719322e+01
150 6.0682311096e-01 6.9340944917e-02 3.3224369480e+00 1.4636059705e+01
151 6.0700435918e-01 7.0076357621e-02 3.3417451007e+00 1.4743065140e+01
152 6.0700939133e-01 7.0080087879e-02 3.3408841515e+00 1.4739073433e+01
153 6.0705959630e-01 7.0066437296e-02 3.3408462931e+00 1.4740850119e+01
154 6.0721208724e-01 7.0476758241e-02 3.3034016536e+00 1.4468332479e+01
155 6.0720026285e-01 7.0539202051e-02 3.3003957899e+00 1.4443144323e+01
156 6.0733103660e-01 7.0872774356e-02 3.2699363521e+00 1.4216468300e+01
157 6.0745541757e-01 7.1470965654e-02 3.2818012273e+00 1.4276523736e+01
158 6.0766185862e-01 7.1854735120e-02 3.2538726925e+00 1.4043632688e+01
159 6.0763111669e-01 7.1877537742e-02 3.2513231963e+00 1.4032209155e+01
160 6.0759849661e-01 7.1930680996e-02 3.2465336367e+00 1.4007137310e+01
161 6.0725255534e-01 7.0949232941e-02 3.2556679932e+00 1.4113983015e+01
162 6.0788376487e-01 7.2244904445e-02 3.2206757372e+00 1.3796866549e+01
163 6.0805795231e-01 7.2461543891e-02 3.1968559598e+00 1.3624540612e+01
164 6.0790251271e-01 7.2508374861e-02 3.1905752558e+00 1.3606308341e+01
165 6.0838726655e-01 7.3256644840e-02 3.1387331945e+00 1.3183550743e+01
166 6.0835794738e-01 7.3262840385e-02 3.1343915965e+00 1.3175258308e+01
167 6.0830683470e-01 7.3306914213e-02 3.1316679396e+00 1.3158044128e+01
168 6.0790535962e-01 7.2319920090e-02 3.1246035679e+00 1.3134314904e+01
169 6.0786597384e-01 7.2361573732e-02 3.1197619377e+00 1.3111985621e+01
170 6.0758293871e-01 7.0959457204e-02 3.0665756162e+00 1.2750329166e+01
171 6.0777278699e-01 7.1322103088e-02 3.0416331406e+00 1.2555722649e+01
172 6.0795246146e-01 7.1933496155e-02 3.0671674702e+00 1.2724369684e+01
173 6.0814752921e-01 7.2185829437e-02 3.0417254521e+00 1.2525900560e+01
174 6.0820019996e-01 7.2219969025e-02 3.0399934426e+00 1.2513923231e+01
175 6.0821405352e-01 7.2172403623e-02 3.0369300365e+00 1.2484400900e+01
176 6.0831233421e-01 7.2800779538e-02 3.0573428900e+00 1.2624817520e+01
177 6.0820269813e-01 7.2717646474e-02 3.0613599131e+00 1.2664909558e+01
178 6.0820219247e-01 7.2765882111e-02 3.0599696807e+00 1.2651565895e+01
179 6.0824077803e-01 7.2808233555e-02 3.0589225986e+00 1.2641047080e+01
180 6.0811012246e-01 7.2775276960e-02 3.0466687110e+00 1.2553477838e+01
181 6.0803994158e-01 7.2794352288e-02 3.0448049945e+00 1.2547472673e+01
182 6.0794605854e-01 7.2749111251e-02 3.0460540609e+00 1.2567205081e+01
183 6.0732453510e-01 7.1369310143e-02 3.0721657167e+00 1.2805628283e+01
184 6.0757112505e-01 7.1699270317e-02 3.0480118721e+00 1.2616002597e+01
185 6.0824784606e-01 7.2688468982e-02 2.9785424926e+00 1.2077123600e+01
186 6.0853963635e-01 7.3072037781e-02 2.9603576049e+00 1.1953082839e+01
187 6.0853076587e-01 7.3163096343e-02 2.9648833926e+00 1.1995005960e+01
188 6.0855262600e-01 7.3192615784e-02 2.9643897742e+00 1.1988514120e+01
189 6.0849872888e-01 7.3184592994e-02 2.9618429997e+00 1.1983355709e+01
190 6.0892698875e-01 7.3791310186e-02 2.9174126251e+00 1.1657259096e+01
191 6.0881120930e-01 7.4155773495e-02 2.9645424486e+00 1.2016445714e+01
192 6.0884154199e-01 7.4152513147e-02 2.9635784421e+00 1.2014085731e+01
193 6.0910947647e-01 7.4492013969e-02 2.9413026539e+00 1.1841447746e+01
194 6.0933629447e-01 7.4741723029e-02 2.9190759871e+00 1.1692999292e+01
195 6.0950774781e-01 7.5301123296e-02 2.9341388714e+00 1.1769097309e+01
196 6.0957640323e-01 7.5355576925e-02 2.9308187090e+00 1.1750894561e+01
197 6.0978606214e-01 7.5657181985e-02 2.9093439250e+00 1.1593376148e+01
198 6.0978412572e-01 7.5752098216e-02 2.9086210540e+00 1.1598687643e+01
199 6.1007356747e-01 7.6036369515e-02 2.8835117473e+00 1.1434214566e+01
200 6.1025657538e-01 7.6628738188e-02 2.9016597971e+00 1.1545462243e+01
201 6.1044268992e-01 7.7349122665e-02 2.9422284536e+00 1.1890816925e+01
202 6.1041351876e-01 7.7351181120e-02 2.9379567290e+00 1.1883554507e+01
203 6.1067078983e-01 7.7671498858e-02 2.9166383715e+00 1.1733935861e+01
204 6.1070805040e-01 7.8306714612e-02 2.9231449629e+00 1.1776945616e+01
205 6.1079892272e-01 7.8072615135e-02 2.8936565014e+00 1.1601128297e+01
206 6.1079893178e-01 7.8063440614e-02 2.8948079191e+00 1.1606226815e+01
207 6.1071228055e-01 7.8108609073e-02 2.8920730145e+00 1.1593174039e+01
208 6.1035566128e-01 7.7688879361e-02 2.9061720896e+00 1.1740687004e+01
209 6.1010710677e-01 7.7464325544e-02 2.9221255607e+00 1.1875167968e+01
210 6.0994922091e-01 7.6931319296e-02 2.9047719823e+00 1.1782448353e+01
211 6.0990133888e-01 7.6302093734e-02 2.8778517332e+00 1.1617393685e+01
212 6.0991599335e-01 7.6330383719e-02 2.8735587542e+00 1.1598605356e+01
213 6.0996428016e-01 7.6230566882e-02 2.8543537280e+00 1.1444435984e+01
214 6.1010132998e-01 7.6723466670e-02 2.8577071091e+00 1.1427881384e+01
215 6.1034973022e-01 7.7072137174e-02 2.8345584584e+00 1.1260252666e+01
216 6.1083322537e-01 7.7730941077e-02 2.7934693371e+00 1.0956280091e+01
217 6.1110593437e-01 7.7992883531e-02 2.7747889227e+00 1.0823460297e+01
218 6.1075443051e-01 7.7134628557e-02 2.7774288055e+00 1.0867169656e+01
219 6.1054030503e-01 7.6805486918e-02 2.7972219078e+00 1.1014542208e+01
220 6.1076469043e-01 7.7102866715e-02 2.7783366246e+00 1.0873406874e+01
221 6.1060201131e-01 7.6599184950e-02 2.7630593881e+00 1.0790977056e+01
222 6.1047337470e-01 7.6653044191e-02 2.7612320479e+00 1.0779984813e+01
223 6.1090539699e-01 7.7455471942e-02 2.7504668096e+00 1.0670812682e+01
224 6.1048920451e-01 7.6710187237e-02 2.7526495897e+00 1.0723113038e+01
225 6.1041686932e-01 7.6647642458e-02 2.7537098105e+00 1.0738915412e+01
226 6.1025246732e-01 7.6361599057e-02 2.7683425912e+00 1.0862069602e+01
227 6.1032017722e-01 7.6438931642e-02 2.7683285248e+00 1.0851270723e+01
228 6.1005742254e-01 7.6026241858e-02 2.7859079762e+00 1.1006610507e+01
229 6.1004422645e-01 7.5997765856e-02 2.7505545599e+00 1.0798939245e+01
230 6.0997320391e-01 7.6038094145e-02 2.7434735514e+00 1.0777067800e+01
231 6.0987170725e-01 7.5444980356e-02 2.7195515940e+00 1.0631518664e+01
232 6.0977234908e-01 7.4600164577e-02 2.6578193301e+00 1.0231464309e+01
233 6.1043034026e-01 7.5453415357e-02 2.5998617710e+00 9.8473413564e+00
234 6.1051995002e-01 7.5601249757e-02 2.5993542106e+00 9.8677863973e+00
235 6.1067823772e-01 7.6050725140e-02 2.5865461663e+00 9.7828562108e+00
236 6.1070206062e-01 7.6089662066e-02 2.5861990313e+00 9.7775827815e+00
237 6.1095596602e-01 7.6407860626e-02 2.5677073526e+00 9.6494580481e+00
238 6.1135284404e-01 7.7149581720e-02 2.5787921668e+00 9.7535762247e+00
239 6.1135918870e-01 7.7166400332e-02 2.5781601262e+00 9.7497700353e+00
240 6.1115714400e-01 7.6707991246e-02 2.5700678627e+00 9.6404399509e+00
241 6.1149170572e-01 7.7641482353e-02 2.5788010440e+00 9.7172338698e+00
242 6.1139438115e-01 7.7637207690e-02 2.5769218410e+00 9.7148587081e+00
243 6.1150759868e-01 7.8166679522e-02 2.5887273092e+00 9.7681409718e+00
244 6.1170822306e-01 7.8385095279e-02 2.5724426113e+00 9.6622561702e+00
245 6.1192287093e-01 7.8637580005e-02 2.5506027847e+00 9.5196546286e+00
246 6.1188430288e-01 7.8569569143e-02 2.5442249187e+00 9.4664667923e+00
247 6.1173904165e-01 7.8096513307e-02 2.5381484091e+00 9.4687293569e+00
248 6.1199837808e-01 7.8559003779e-02 2.5221530295e+00 9.3415459471e+00
249 6.1196742326e-01 7.8630833128e-02 2.5193666040e+00 9.3266516772e+00
250 6.1210545806e-01 7.8949845033e-02 2.5064594639e+00 9.2204225027e+00
251 6.1199835544e-01 7.8842664248e-02 2.4995948245e+00 9.1859489125e+00
252 6.1138261374e-01 7.7767368554e-02 2.5031757125e+00 9.2353915635e+00
253 6.1135449819e-01 7.7743500684e-02 2.5026962459e+00 9.2390951015e+00
254 6.1147426478e-01 7.8084188988e-02 2.4829133552e+00 9.1158171424e+00
255 6.1174346323e-01 7.8252409547e-02 2.4687040887e+00 9.0256389769e+00
256 6.1176771411e-01 7.8228997908e-02 2.4702845467e+00 9.0339207861e+00
257 6.1197021698e-01 7.8514443573e-02 2.4551665938e+00 8.9307937654e+00
258 6.1190301450e-01 7.8600197945e-02 2.4512901879e+00 8.9112775434e+00
259 6.1187664531e-01 7.8640654254e-02 2.4528498241e+00 8.9278033802e+00
260 6.1199920836e-01 7.9273557516e-02 2.4822964524e+00 9.1456118996e+00
261 6.1212319148e-01 7.9968918298e-02 2.5210579323e+00 9.4409347711e+00
262 6.1220643889e-01 8.0578587074e-02 2.5455051185e+00 9.6056929487e+00
263 6.1234796182e-01 8.0316691252e-02 2.5016778843e+00 9.3045109571e+00
264 6.1235145584e-01 8.0318356090e-02 2.5013606943e+00 9.3033201694e+00
265 6.1217239320e-01 7.9734498548e-02 2.4710129651e+00 9.1351395070e+00
266 6.1219719959e-01 7.9730378465e-02 2.4706100095e+00 9.1337602343e+00
267 6.1171886641e-01 7.8669217630e-02 2.4422373423e+00 8.9185303645e+00
268 6.1226355871e-01 7.9719533462e-02 2.4291797409e+00 8.8026765113e+00
269 6.1220896158e-01 7.9803307539e-02 2.4204583429e+00 8.7769009295e+00
270 6.1240527534e-01 8.0078291675e-02 2.3977025638e+00 8.6295297832e+00
271 6.1243009002e-01 7.9875304224e-02 2.3697231247e+00 8.4793892097e+00
272 6.1250762785e-01 7.9567950008e-02 2.3099510578e+00 8.0094476849e+00
273 6.1247357430e-01 7.9518526389e-02 2.3042112380e+00 7.9758077968e+00
274 6.1268385573e-01 7.9811087465e-02 2.2888561901e+00 7.8987870869e+00
275 6.1228330289e-01 7.9104751880e-02 2.2905041007e+00 7.9194058638e+00
276 6.1246094344e-01 7.9755986229e-02 2.3211557154e+00 8.1405766579e+00
277 6.1222671752e-01 7.9509179518e-02 2.3331670834e+00 8.2232530606e+00
278 6.1244976105e-01 7.9781349274e-02 2.3196274447e+00 8.1357906781e+00
279 6.1239243386e-01 7.9953523163e-02 2.3168002038e+00 8.1167092868e+00
280 6.1239560050e-01 8.0091294859e-02 2.3034516265e+00 8.0010626778e+00
281 6.1350832140e-01 8.2507632875e-02 2.3126875763e+00 8.0267018148e+00
282 6.1345057052e-01 8.2514439400e-02 2.3105779412e+00 8.0205347562e+00
283 6.1317737441e-01 8.2078960725e-02 2.3271328172e+00 8.1245543620e+00
284 6.1303460645e-01 8.1998689753e-02 2.3184328965e+00 8.0670862827e+00
285 6.1278133517e-01 8.1871049694e-02 2.3219333366e+00 8.0689162025e+00
286 6.1245683017e-01 8.1213089708e-02 2.3212059880e+00 8.0786866220e+00
287 6.1240995269e-01 8.1218628242e-02 2.3223388170e+00 8.0819106674e+00
288 6.1287847024e-01 8.1715289783e-02 2.2940851271e+00 7.9117025915e+00
289 6.1314121496e-01 8.1982090623e-02 2.2788850154e+00 7.8217110807e+00
290 6.1313536744e-01 8.1983387895e-02 2.2789378450e+00 7.8219695515e+00
291 6.1323652741e-01 8.2848328782e-02 2.3352781750e+00 8.1783276230e+00
292 6.1347926213e-01 8.3038736269e-02 2.3217380120e+00 8.1019987312e+00
293 6.1369584988e-01 8.3598547458e-02 2.3456325326e+00 8.2550824843e+00
294 6.1318976993e-01 8.3163143628e-02 2.3815616983e+00 8.4952773046e+00
295 6.1349067866e-01 8.3947147659e-02 2.3762112699e+00 8.4701385669e+00
296 6.1341189942e-01 8.3943222259e-02 2.3757932956e+00 8.4713735195e+00
297 6.1302448497e-01 8.3340644131e-02 2.3827759626e+00 8.5290887164e+00
298 6.1348851161e-01 8.3954754692e-02 2.3526751778e+00 8.3341029872e+00
299 6.1349452926e-01 8.3919198635e-02 2.3500327318e+00 8.3060685146e+00
300 6.1392339842e-01 8.4262720922e-02 2.3234699071e+00 8.1576849228e+00
301 6.1424874225e-01 8.4231466237e-02 2.2773072203e+00 7.8920070776e+00
302 6.1407294782e-01 8.4298345814e-02 2.2699341760e+00 7.8713245781e+00
303 6.1421672400e-01 8.4868624105e-02 2.2952455794e+00 8.0369609740e+00
304 6.1453260155e-01 8.5717599240e-02 2.2941435687e+00 8.0228842126e+00
305 6.1450521603e-01 8.5516371972e-02 2.2631785757e+00 7.8485096438e+00
306 6.1455257156e-01 8.5601357646e-02 2.2627923012e+00 7.8435043868e+00
307 6.1455935487e-01 8.5638685999e-02 2.2633149459e+00 7.8430435700e+00
308 6.1477208260e-01 8.5867801561e-02 2.2449822249e+00 7.7467670902e+00
309 6.1436722769e-01 8.4969995373e-02 2.2314069867e+00 7.6679932823e+00
310 6.1401886168e-01 8.4129838328e-02 2.2260398622e+00 7.6520419298e+00
311 6.1390991217e-01 8.4183475555e-02 2.2245981231e+00 7.6449414262e+00
312 6.1375894446e-01 8.3655390847e-02 2.1982963730e+00 7.4722236842e+00
313 6.1342926486e-01 8.3428593919e-02 2.2100120429e+00 7.5460086419e+00
314 6.1385521768e-01 8.3826679695e-02 2.1849914905e+00 7.4081932598e+00
315 6.1370749902e-01 8.3872987510e-02 2.1839719389e+00 7.4060561900e+00
316 6.1367766186e-01 8.3861640952e-02 2.1811372199e+00 7.4016431991e+00
317 6.1353018143e-01 8.3456588539e-02 2.1663559230e+00 7.3282971166e+00
318 6.1312017154e-01 8.2862637343e-02 2.1892352184e+00 7.4803358959e+00
319 6.1291405163e-01 8.2794523760e-02 2.2039207224e+00 7.5444142422e+00
320 6.1318593317e-01 8.3226551996e-02 2.1943026275e+00 7.4712312641e+00
321 6.1345918720e-01 8.3211136348e-02 2.1394243599e+00 7.1222784278e+00
322 6.1331254800e-01 8.2844767067e-02 2.1260017395e+00 7.0424755003e+00
323 6.1348631977e-01 8.3310826372e-02 2.1403668105e+00 7.1189506863e+00
324 6.1339911264e-01 8.3195838688e-02 2.1430991258e+00 7.1403661537e+00
325 6.1349362952e-01 8.3730596733e-02 2.1579949916e+00 7.2125871593e+00
326 6.1318965500e-01 8.3036909725e-02 2.1552465689e+00 7.2082224950e+00
327 6.1334086395e-01 8.3364480607e-02 2.1395756378e+00 7.1239155369e+00
328 6.1330546019e-01 8.3395915907e-02 2.1378318108e+00 7.1173702459e+00
329 6.1337349190e-01 8.4026547360e-02 2.1574984151e+00 7.2620137399e+00
330 6.1328305870e-01 8.4176464877e-02 2.1752997311e+00 7.3323839565e+00
331 6.1324548230e-01 8.4235890844e-02 2.1799936366e+00 7.3737128167e+00
332 6.1308966607e-01 8.3762217133e-02 2.1661992424e+00 7.3086254005e+00
333 6.1289126135e-01 8.3542864146e-02 2.1800783053e+00 7.3824855394e+00
334 6.1289649105e-01 8.3621334891e-02 2.1785661551e+00 7.3769646539e+00
335 6.1285372464e-01 8.3586777208e-02 2.1806811318e+00 7.3838020810e+00
336 6.1285606157e-01 8.3653773234e-02 2.1767545135e+00 7.3692765052e+00
337 6.1288844525e-01 8.3639815435e-02 2.1777895802e+00 7.3714186185e+00
338 6.1314989159e-01 8.3948436367e-02 2.1642220460e+00 7.2882468861e+00
339 6.1327425083e-01 8.4543889626e-02 2.1856575391e+00 7.4273771901e+00
340 6.1364295876e-01 8.5255307915e-02 2.1975254792e+00 7.5111954954e+00
341 6.1369784465e-01 8.5614421143e-02 2.2061107908e+00 7.5450100779e+00
342 6.1348230354e-01 8.5339883797e-02 2.2211587489e+00 7.6295554933e+00
343 6.1378061899e-01 8.5573970161e-02 2.2085411533e+00 7.5524819102e+00
344 6.1337302208e-01 8.4701805248e-02 2.1909210684e+00 7.4277195813e+00
345 6.1339103276e-01 8.4679351094e-02 2.1925316620e+00 7.4332817108e+00
346 6.1319132855e-01 8.4225197342e-02 2.2061557800e+00 7.5251875764e+00
347 6.1338956355e-01 8.4468246941e-02 2.1947489960e+00 7.4524170884e+00
348 6.1348691609e-01 8.4497049870e-02 2.1920368205e+00 7.4399640479e+00
349 6.1330168659e-01 8.4324792353e-02 2.2037204909e+00 7.5024721433e+00
350 6.1294299650e-01 8.3537779164e-02 2.1958171873e+00 7.4537460885e+00
351 6.1254131734e-01 8.2695365179e-02 2.1790865578e+00 7.3565461732e+00
352 6.1256207449e-01 8.2692700027e-02 2.1786797925e+00 7.3551570202e+00
353 6.1240149982e-01 8.2748194900e-02 2.1789838597e+00 7.3531448736e+00
354 6.1240049119e-01 8.2740508090e-02 2.1719590267e+00 7.3321569606e+00
355 6.1239670628e-01 8.2764003429e-02 2.1695393791e+00 7.3255961414e+00
356 6.1200293300e-01 8.1962256682e-02 2.1546094719e+00 7.2186601247e+00
357 6.1193175285e-01 8.2024514605e-02 2.1465821862e+00 7.1971888429e+00
358 6.1194168015e-01 8.2085681155e-02 2.1419345550e+00 7.1851184825e+00
359 6.1213189841e-01 8.2675618677e-02 2.1843292632e+00 7.5188910380e+00
360 6.1208516782e-01 8.2692198256e-02 2.1858302815e+00 7.5205431133e+00
361 6.1199860454e-01 8.2717045562e-02 2.1865630630e+00 7.5208968815e+00
362 6.1219016375e-01 8.2995585993e-02 2.1649346091e+00 7.3835301190e+00
363 6.1253555279e-01 8.3888210696e-02 2.1711198500e+00 7.4195801268e+00
364 6.1250301263e-01 8.3913124849e-02 2.1696493870e+00 7.4148765074e+00
365 6.1250727207e-01 8.3959637662e-02 2.1698088491e+00 7.4127739389e+00
