1 5.9282947138e-01 1.1102230246e-16 1.0000000000e+00 1.0000000000e+00
2 5.9353166384e-01 1.2915617147e-02 1.7378412782e+01 3.1364250944e+02
3 5.9347603875e-01 1.3063717998e-02 1.6744211229e+01 3.0016230891e+02
4 5.9368855711e-01 1.5037488953e-02 1.4615618879e+01 2.2705938805e+02
5 5.9390426821e-01 1.6770138561e-02 1.3145101209e+01 1.8277184048e+02
6 5.9388965301e-01 1.6899887744e-02 1.2822079793e+01 1.7734972031e+02
7 5.9381925381e-01 1.7117377273e-02 1.2306915987e+01 1.6886384403e+02
8 5.9377206255e-01 1.7221386648e-02 1.2067086608e+01 1.6502548250e+02
9 5.9433059858e-01 2.1559244381e-02 9.8606469147e+00 1.0749798510e+02
10 5.9447657569e-01 2.2903674341e-02 9.2141964881e+00 9.4625152504e+01
11 5.9446932810e-01 2.2908531844e-02 9.2091718025e+00 9.4556615787e+01
12 5.9482308885e-01 2.5263900053e-02 8.3446255993e+00 7.7525542232e+01
13 5.9501982024e-01 2.6301967888e-02 8.0041645771e+00 7.1229890838e+01
14 5.9499778593e-01 2.6341866734e-02 7.9669207215e+00 7.0830963662e+01
15 5.9518923460e-01 2.7386314410e-02 7.6603330037e+00 6.5464024456e+01
16 5.9520387278e-01 2.7390781112e-02 7.6549601513e+00 6.5404999796e+01
17 5.9519791521e-01 2.7421277477e-02 7.6283838053e+00 6.5122864968e+01
18 5.9514044559e-01 2.7508461658e-02 7.5537433514e+00 6.4378633405e+01
19 5.9502791807e-01 2.7624678822e-02 7.4635319186e+00 6.3440032664e+01
20 5.9507477407e-01 2.7633477917e-02 7.4514279881e+00 6.3308779074e+01
21 5.9504553164e-01 2.7837005104e-02 7.3883680058e+00 6.2662558014e+01
22 5.9507268603e-01 2.7859934200e-02 7.3674218877e+00 6.2428410059e+01
23 5.9504898819e-01 2.7887237760e-02 7.3463747467e+00 6.2212003408e+01
24 5.9500242306e-01 2.7969066927e-02 7.2799024179e+00 6.1547990737e+01
25 5.9497915071e-01 2.8038800965e-02 7.2270332208e+00 6.0967424087e+01
26 5.9521998434e-01 2.9033125983e-02 6.9814387263e+00 5.6802542211e+01
27 5.9529651661e-01 2.8971433586e-02 6.9312558456e+00 5.6249704744e+01
28 5.9564390864e-01 3.0727829243e-02 6.5444531423e+00 4.9854321061e+01
29 5.9562231763e-01 3.0798338182e-02 6.4951136444e+00 4.9427599836e+01
30 5.9560518507e-01 3.0823761110e-02 6.4798057175e+00 4.9279984240e+01
31 5.9551680778e-01 3.0889425702e-02 6.4416593872e+00 4.8944242830e+01
32 5.9605175071e-01 3.2574579527e-02 6.1502961669e+00 4.4159871656e+01
33 5.9598522080e-01 3.2660091978e-02 6.0964901187e+00 4.3775440891e+01
34 5.9592221123e-01 3.2806943560e-02 6.0911810346e+00 4.3743850337e+01
35 5.9616314443e-01 3.3669362702e-02 5.9665704990e+00 4.1754869141e+01
36 5.9596042743e-01 3.3784530141e-02 5.9159706690e+00 4.1339875124e+01
37 5.9595137988e-01 3.3798126329e-02 5.9091945222e+00 4.1280045145e+01
38 5.9661136320e-01 3.6255078427e-02 5.5900317381e+00 3.6453751612e+01
39 5.9657135775e-01 3.6276172911e-02 5.5828987629e+00 3.6394166278e+01
40 5.9656547596e-01 3.6300906574e-02 5.5714445582e+00 3.6299333807e+01
41 5.9678632462e-01 3.7036215666e-02 5.4645337875e+00 3.4837126876e+01
42 5.9742783318e-01 3.9206494715e-02 5.1915643118e+00 3.1209920656e+01
43 5.9768171730e-01 3.9800001250e-02 5.0973177421e+00 3.0066731715e+01
44 5.9775736187e-01 4.0552295292e-02 4.9846664705e+00 2.8868082188e+01
45 5.9798596448e-01 4.1778781934e-02 5.1319920266e+00 3.1074269565e+01
46 5.9823873725e-01 4.2396838429e-02 5.0479156801e+00 3.0013594958e+01
47 5.9840926739e-01 4.3458282216e-02 5.1667741600e+00 3.1777006059e+01
48 5.9861991990e-01 4.4067062722e-02 5.0784360047e+00 3.0667409953e+01
49 5.9867848175e-01 4.4701738372e-02 4.9715560669e+00 2.9500964874e+01
50 5.9869545673e-01 4.4785654316e-02 4.9655459881e+00 2.9435316715e+01
51 5.9868688852e-01 4.4821646589e-02 4.9619240881e+00 2.9398331627e+01
52 5.9897350236e-01 4.5399785346e-02 4.8810433951e+00 2.8431273859e+01
53 5.9916943214e-01 4.6020332195e-02 4.7969499729e+00 2.7472377573e+01
54 5.9913809017e-01 4.6417736722e-02 4.9652092497e+00 2.9719680178e+01
55 5.9930728236e-01 4.7085538855e-02 4.8691496014e+00 2.8634769974e+01
56 5.9919097203e-01 4.6099378155e-02 4.7574799940e+00 2.7212020710e+01
57 5.9911734988e-01 4.6172478155e-02 4.7339478385e+00 2.7080181101e+01
58 5.9903966324e-01 4.6155072446e-02 4.7184054642e+00 2.7014283023e+01
59 5.9880958639e-01 4.5686932466e-02 4.7802573930e+00 2.7775431705e+01
60 5.9854264676e-01 4.5170664929e-02 4.8432526679e+00 2.8597571047e+01
61 5.9816928494e-01 4.3681809460e-02 4.8013693534e+00 2.8031009022e+01
62 5.9810441514e-01 4.3723659744e-02 4.7903067991e+00 2.7953894043e+01
63 5.9810701483e-01 4.3766571623e-02 4.7764812857e+00 2.7844733364e+01
64 5.9876506009e-01 4.5611062342e-02 4.5684363688e+00 2.5354362900e+01
65 5.9867407959e-01 4.5670890409e-02 4.5542143479e+00 2.5260553192e+01
66 5.9897238322e-01 4.6300261814e-02 4.4912894538e+00 2.4518425773e+01
67 5.9928442342e-01 4.6875244275e-02 4.4218628878e+00 2.3767509069e+01
68 5.9922202327e-01 4.6905915238e-02 4.4156186242e+00 2.3730658872e+01
69 5.9912830963e-01 4.7036159291e-02 4.3768697491e+00 2.3516948062e+01
70 5.9937534173e-01 4.7668207999e-02 4.3145046902e+00 2.2844962799e+01
71 5.9954200516e-01 4.8285203040e-02 4.2490292723e+00 2.2171301162e+01
72 5.9965166778e-01 4.9326047142e-02 4.3502741472e+00 2.3585704255e+01
73 5.9995751541e-01 4.9912984504e-02 4.2901479101e+00 2.2915287967e+01
74 6.0029697269e-01 5.1178947469e-02 4.3236537577e+00 2.3345279607e+01
75 6.0049112045e-01 5.1841395732e-02 4.2806198074e+00 2.2967661519e+01
76 6.0050419054e-01 5.1989862395e-02 4.2818113862e+00 2.2953158904e+01
77 6.0021834669e-01 5.1566716172e-02 4.3305383586e+00 2.3497803076e+01
78 6.0048648200e-01 5.2106927087e-02 4.2744388180e+00 2.2868358264e+01
79 6.0048534326e-01 5.1998573836e-02 4.2749833574e+00 2.2916840599e+01
80 6.0067251204e-01 5.2426539608e-02 4.2279263431e+00 2.2387977805e+01
81 6.0091432963e-01 5.2949827369e-02 4.1753673441e+00 2.1815978788e+01
82 6.0108204185e-01 5.3504557235e-02 4.1095024348e+00 2.1187892269e+01
83 6.0072201298e-01 5.2158559973e-02 4.0846356772e+00 2.0889222759e+01
84 6.0094840071e-01 5.2654429530e-02 4.0339652797e+00 2.0379874676e+01
85 6.0110665840e-01 5.3236903444e-02 4.0059146316e+00 2.0199828530e+01
86 6.0113175638e-01 5.3250897615e-02 3.9954520496e+00 2.0146732101e+01
87 6.0160439719e-01 5.4439866466e-02 3.9112137513e+00 1.9223229306e+01
88 6.0246744412e-01 5.6185974746e-02 3.7476338068e+00 1.7650822481e+01
89 6.0221621416e-01 5.5739797788e-02 3.7878916208e+00 1.8033177952e+01
90 6.0208240117e-01 5.5831516403e-02 3.7689682448e+00 1.7935003913e+01
91 6.0198255209e-01 5.5875126266e-02 3.7620954802e+00 1.7909779798e+01
92 6.0225353021e-01 5.7272302655e-02 3.8064552175e+00 1.8539225741e+01
93 6.0226722399e-01 5.7295103363e-02 3.8006363473e+00 1.8506609173e+01
94 6.0237086978e-01 5.7919585329e-02 3.7396472794e+00 1.7991932682e+01
95 6.0253983114e-01 5.8422325399e-02 3.7006078839e+00 1.7603580566e+01
96 6.0247490572e-01 5.8454757480e-02 3.6967816932e+00 1.7581881217e+01
97 6.0233029528e-01 5.8547724632e-02 3.6831826348e+00 1.7510739398e+01
98 6.0237548390e-01 5.8547912200e-02 3.6810216556e+00 1.7499055895e+01
99 6.0286551135e-01 5.9432493161e-02 3.6090168023e+00 1.6802662528e+01
100 6.0287169067e-01 5.9378078611e-02 3.6091122246e+00 1.6813056633e+01
101 6.0303689723e-01 5.9860062925e-02 3.5628486113e+00 1.6433158358e+01
102 6.0352933992e-01 6.0555605615e-02 3.4926254176e+00 1.5829717670e+01
103 6.0409766593e-01 6.1985425223e-02 3.4879265948e+00 1.5842647111e+01
104 6.0448069812e-01 6.3138223442e-02 3.4957163616e+00 1.5894429088e+01
105 6.0451396078e-01 6.3977572888e-02 3.5457951676e+00 1.6385912680e+01
106 6.0540736720e-01 6.5760983400e-02 3.4753162041e+00 1.5710902344e+01
107 6.0562079972e-01 6.6238968178e-02 3.4404213294e+00 1.5402297004e+01
108 6.0564594282e-01 6.6700259418e-02 3.4523965279e+00 1.5478866554e+01
109 6.0593885575e-01 6.7025627872e-02 3.4256598654e+00 1.5229140796e+01
110 6.0590193543e-01 6.7005726194e-02 3.4221389651e+00 1.5225072836e+01
111 6.0569629447e-01 6.6366353470e-02 3.3997573425e+00 1.5065987363e+01
112 6.0584093106e-01 6.7048053674e-02 3.4070300456e+00 1.5082698421e+01
113 6.0627305667e-01 6.8047452392e-02 3.4074764663e+00 1.5077813271e+01
114 6.0673195523e-01 6.8685828989e-02 3.3485760813e+00 1.4602231558e+01
115 6.0708888909e-01 6.9755885890e-02 3.3430119811e+00 1.4542341165e+01
116 6.0707251179e-01 6.9805429362e-02 3.3356880875e+00 1.4505174042e+01
117 6.0706220181e-01 6.9854303919e-02 3.3273187521e+00 1.4468817839e+01
118 6.0700496880e-01 6.9916711743e-02 3.3186770996e+00 1.4430706776e+01
119 6.0724204960e-01 7.0288080109e-02 3.2904597732e+00 1.4193544249e+01
120 6.0703998195e-01 6.9663239036e-02 3.2673017730e+00 1.4037292223e+01
121 6.0690227765e-01 6.9106272302e-02 3.2540613741e+00 1.3967711863e+01
122 6.0690086191e-01 6.9082342122e-02 3.2528081019e+00 1.3970842487e+01
123 6.0657887087e-01 6.8033276975e-02 3.1819107009e+00 1.3434484021e+01
124 6.0659832677e-01 6.7104207113e-02 3.0669019650e+00 1.2485034887e+01
125 6.0661730298e-01 6.7158799022e-02 3.0654965400e+00 1.2472477967e+01
126 6.0666926770e-01 6.7150372181e-02 3.0645800168e+00 1.2469075966e+01
127 6.0705843842e-01 6.8342347300e-02 3.0741361216e+00 1.2621349185e+01
128 6.0669406439e-01 6.7223015622e-02 3.0500861717e+00 1.2383083269e+01
129 6.0632963391e-01 6.6193910461e-02 3.0335291102e+00 1.2241599072e+01
130 6.0630043891e-01 6.6296341966e-02 3.0256684610e+00 1.2202290076e+01
131 6.0695644500e-01 6.7782076079e-02 3.0347709467e+00 1.2334782356e+01
132 6.0707495772e-01 6.8544555195e-02 3.0814287479e+00 1.2751020373e+01
133 6.0722939147e-01 6.9203145658e-02 3.1103140196e+00 1.2976612376e+01
134 6.0728918643e-01 6.9287329139e-02 3.1075928215e+00 1.2952864536e+01
135 6.0738831550e-01 6.9644016120e-02 3.0791563952e+00 1.2743062271e+01
136 6.0726679833e-01 6.8972257622e-02 3.0421376523e+00 1.2459095582e+01
137 6.0738871634e-01 6.8497632114e-02 2.9672469406e+00 1.1838468832e+01
138 6.0777044555e-01 6.9370063140e-02 2.9775477706e+00 1.1943512559e+01
139 6.0798032065e-01 6.9626481390e-02 2.9561459307e+00 1.1788791253e+01
140 6.0816858510e-01 7.0256720366e-02 2.9863202051e+00 1.2021618047e+01
141 6.0834322629e-01 7.0939230441e-02 3.0102472065e+00 1.2204828674e+01
142 6.0847951920e-01 7.1582618493e-02 3.0316009980e+00 1.2373917845e+01
143 6.0845952895e-01 7.1639624797e-02 3.0280695969e+00 1.2351632184e+01
144 6.0852944319e-01 7.1618758534e-02 3.0283486467e+00 1.2353583252e+01
145 6.0843662935e-01 7.1653165833e-02 3.0253940082e+00 1.2338398551e+01
146 6.0754976716e-01 6.9602460096e-02 3.0030159401e+00 1.2156560429e+01
147 6.0801823368e-01 7.0595755362e-02 2.9928472021e+00 1.2043701850e+01
148 6.0789357159e-01 7.0505072270e-02 2.9886632259e+00 1.2056725481e+01
149 6.0800772452e-01 7.1177725264e-02 3.0117752199e+00 1.2236690592e+01
150 6.0829445538e-01 7.1502246337e-02 2.9944197691e+00 1.2144372373e+01
151 6.0829939737e-01 7.1572135778e-02 2.9924353841e+00 1.2131417148e+01
152 6.0832382965e-01 7.1616329750e-02 2.9909418461e+00 1.2118609111e+01
153 6.0850063446e-01 7.2080948818e-02 2.9622664856e+00 1.1913659160e+01
154 6.0840809894e-01 7.2142148412e-02 2.9565300323e+00 1.1891013829e+01
155 6.0821246585e-01 7.1553616213e-02 2.9290174002e+00 1.1695010364e+01
156 6.0839083376e-01 7.2206909381e-02 2.9659528221e+00 1.1991104972e+01
157 6.0834526013e-01 7.2257744829e-02 2.9603235664e+00 1.1966134655e+01
158 6.0822510944e-01 7.2302366302e-02 2.9564361015e+00 1.1951112101e+01
159 6.0836727864e-01 7.2616195225e-02 2.9335169744e+00 1.1785217012e+01
160 6.0856898606e-01 7.2971918046e-02 2.9102604609e+00 1.1610907625e+01
161 6.0870885420e-01 7.3423829471e-02 2.9158832799e+00 1.1620338249e+01
162 6.0833431132e-01 7.2737045728e-02 2.9255376613e+00 1.1730351123e+01
163 6.0785557187e-01 7.1719748513e-02 2.9044477522e+00 1.1589798296e+01
164 6.0797688632e-01 7.2374265610e-02 2.9333705973e+00 1.1807534684e+01
165 6.0814764361e-01 7.3050954800e-02 2.9620273931e+00 1.2035348709e+01
166 6.0797660884e-01 7.2944337772e-02 2.9911765613e+00 1.2269261808e+01
167 6.0829470973e-01 7.4115329732e-02 3.0182186652e+00 1.2416858620e+01
168 6.0774779971e-01 7.2532980487e-02 3.0041862585e+00 1.2385882773e+01
169 6.0811410187e-01 7.3503169398e-02 3.0153096945e+00 1.2479275932e+01
170 6.0861856746e-01 7.5108583543e-02 3.0168962163e+00 1.2425605864e+01
171 6.0883812439e-01 7.5434051917e-02 2.9929200868e+00 1.2246445147e+01
172 6.0911635850e-01 7.6619456098e-02 3.0297584355e+00 1.2494033083e+01
173 6.0934218673e-01 7.7025819761e-02 3.0086331058e+00 1.2321131704e+01
174 6.0923756030e-01 7.7096950721e-02 3.0027119499e+00 1.2293504065e+01
175 6.0894059714e-01 7.6611865566e-02 3.0154091266e+00 1.2383400551e+01
176 6.0912135731e-01 7.7193495787e-02 3.0246335426e+00 1.2421514178e+01
177 6.0899567362e-01 7.7093543447e-02 3.0182901814e+00 1.2391330431e+01
178 6.0925398949e-01 7.7369500083e-02 2.9927286722e+00 1.2215632489e+01
179 6.0895429972e-01 7.6410639145e-02 2.9676613871e+00 1.2112515936e+01
180 6.0855642900e-01 7.5763845743e-02 2.9799886557e+00 1.2247007984e+01
181 6.0863350478e-01 7.5802903953e-02 2.9751982106e+00 1.2222712712e+01
182 6.0852256411e-01 7.5721637474e-02 2.9773993375e+00 1.2253749823e+01
183 6.0874737018e-01 7.6175475815e-02 2.9493385957e+00 1.2042841299e+01
184 6.0880165960e-01 7.6690235261e-02 2.9544303680e+00 1.2046224711e+01
185 6.0874922888e-01 7.6728606514e-02 2.9510076042e+00 1.2031283622e+01
186 6.0875957348e-01 7.6705015659e-02 2.9531846533e+00 1.2044314823e+01
187 6.0809170581e-01 7.5218096382e-02 2.9389703212e+00 1.2008751086e+01
188 6.0806541054e-01 7.5225237512e-02 2.9389172010e+00 1.2008394193e+01
189 6.0803173128e-01 7.5195719259e-02 2.9396320967e+00 1.2017572908e+01
190 6.0802178744e-01 7.5197785426e-02 2.9398834323e+00 1.2017600351e+01
191 6.0873379574e-01 7.6472541458e-02 2.9169603769e+00 1.1809753083e+01
192 6.0863873947e-01 7.6494185712e-02 2.9111464063e+00 1.1791962204e+01
193 6.0863761029e-01 7.6515539075e-02 2.9084533228e+00 1.1779254794e+01
194 6.0800930719e-01 7.5106732041e-02 2.9010601734e+00 1.1814547399e+01
195 6.0783844031e-01 7.4321791165e-02 2.8460031291e+00 1.1332465826e+01
196 6.0820157955e-01 7.5180257214e-02 2.8532711176e+00 1.1404971996e+01
197 6.0796328629e-01 7.4844786974e-02 2.8742537323e+00 1.1566116847e+01
198 6.0855461551e-01 7.6030146759e-02 2.8489705159e+00 1.1337808179e+01
199 6.0844188423e-01 7.6102172724e-02 2.8439365309e+00 1.1312976252e+01
200 6.0829911858e-01 7.5585096391e-02 2.8238826713e+00 1.1219612090e+01
201 6.0827247419e-01 7.5678740295e-02 2.8157062616e+00 1.1186019601e+01
202 6.0828502010e-01 7.5625607078e-02 2.8068612484e+00 1.1119533393e+01
203 6.0850631528e-01 7.5862248600e-02 2.7569132400e+00 1.0771349430e+01
204 6.0859530836e-01 7.6458353853e-02 2.7872746030e+00 1.1029807011e+01
205 6.0881907219e-01 7.6881522218e-02 2.7662282923e+00 1.0863329079e+01
206 6.0875318028e-01 7.6920262835e-02 2.7639048914e+00 1.0851513971e+01
207 6.0899403932e-01 7.7772600767e-02 2.7524899773e+00 1.0746960454e+01
208 6.0924026154e-01 7.8057251836e-02 2.7346231591e+00 1.0615800438e+01
209 6.0896343420e-01 7.7794421856e-02 2.7511899055e+00 1.0739878041e+01
210 6.0901206416e-01 7.7542158321e-02 2.7031216498e+00 1.0417920665e+01
211 6.0916766669e-01 7.7908698424e-02 2.6914137063e+00 1.0353462190e+01
212 6.0846828315e-01 7.6665958598e-02 2.6888596919e+00 1.0352016949e+01
213 6.0868186541e-01 7.7029547888e-02 2.6687401703e+00 1.0207788375e+01
214 6.0871667708e-01 7.7013317508e-02 2.6694842053e+00 1.0211230946e+01
215 6.0887898287e-01 7.7218171962e-02 2.6480605188e+00 1.0063509060e+01
216 6.0882337071e-01 7.7073212574e-02 2.6477071344e+00 1.0079794636e+01
217 6.0861059677e-01 7.6515719273e-02 2.6238985345e+00 9.9419097170e+00
218 6.0905944608e-01 7.7269682853e-02 2.6182791569e+00 9.8839160151e+00
219 6.0879177248e-01 7.7056001713e-02 2.6315682242e+00 9.9849374843e+00
220 6.0902951824e-01 7.8304035712e-02 2.6647912250e+00 1.0197927070e+01
221 6.0888115886e-01 7.7707535242e-02 2.6383922763e+00 1.0022340542e+01
222 6.0912363487e-01 7.8135985385e-02 2.6178178243e+00 9.8717613890e+00
223 6.0878765328e-01 7.6978601490e-02 2.5753271095e+00 9.5864694086e+00
224 6.0836560202e-01 7.7058652066e-02 2.6216508661e+00 9.9953613585e+00
225 6.0836941430e-01 7.7021042817e-02 2.6227667046e+00 1.0006313650e+01
226 6.0781285588e-01 7.6113017022e-02 2.6027174897e+00 9.8760573282e+00
227 6.0799372654e-01 7.6672985485e-02 2.6195904500e+00 9.9774768429e+00
228 6.0826586168e-01 7.7661508164e-02 2.6126755122e+00 9.9184391074e+00
229 6.0845743566e-01 7.8243586691e-02 2.6321863360e+00 1.0040814755e+01
230 6.0826299705e-01 7.7717442693e-02 2.6153659428e+00 9.9542243157e+00
231 6.0821319045e-01 7.7776726562e-02 2.6090818837e+00 9.9338520475e+00
232 6.0817529859e-01 7.7791292722e-02 2.6089100064e+00 9.9315266132e+00
233 6.0834947208e-01 7.8119051378e-02 2.5857282539e+00 9.7974092413e+00
234 6.0833376683e-01 7.8235630902e-02 2.5806369872e+00 9.7662443712e+00
235 6.0807315272e-01 7.7872848515e-02 2.5943572042e+00 9.8876509333e+00
236 6.0805253027e-01 7.7904996613e-02 2.5908896156e+00 9.8754570076e+00
237 6.0809925854e-01 7.7905354215e-02 2.5888540083e+00 9.8695038329e+00
238 6.0818656622e-01 7.8492922398e-02 2.6060629649e+00 9.9947047772e+00
239 6.0804173683e-01 7.7954429828e-02 2.5873026975e+00 9.8998855811e+00
240 6.0831755682e-01 7.8258724990e-02 2.5717860337e+00 9.7827412802e+00
241 6.0795912928e-01 7.8052197437e-02 2.5919083233e+00 9.9501494601e+00
242 6.0758117442e-01 7.7312873262e-02 2.5955329699e+00 1.0008406131e+01
243 6.0762455558e-01 7.7294019808e-02 2.5964454688e+00 1.0011608178e+01
244 6.0764966163e-01 7.7345273348e-02 2.5951565619e+00 1.0001021852e+01
245 6.0783807383e-01 7.7932830993e-02 2.6156652270e+00 1.0129359532e+01
246 6.0808189937e-01 7.8364912778e-02 2.5993040160e+00 9.9946552042e+00
247 6.0789094498e-01 7.7694502555e-02 2.5676420950e+00 9.7738904370e+00
248 6.0789101459e-01 7.7653425861e-02 2.5642420874e+00 9.7677136660e+00
249 6.0778577076e-01 7.7595072992e-02 2.5644600807e+00 9.7792843766e+00
250 6.0796131308e-01 7.8292981557e-02 2.5958708271e+00 1.0015353729e+01
251 6.0807033291e-01 7.8851317467e-02 2.6057911621e+00 1.0082011324e+01
252 6.0778081030e-01 7.8700900304e-02 2.6323757297e+00 1.0291072107e+01
253 6.0780206305e-01 7.8755604676e-02 2.6307430178e+00 1.0281360980e+01
254 6.0776861328e-01 7.8775924692e-02 2.6296839219e+00 1.0275609881e+01
255 6.0814648350e-01 7.9623755098e-02 2.6360830172e+00 1.0307147766e+01
256 6.0823677846e-01 8.0124446305e-02 2.6501794214e+00 1.0368361595e+01
257 6.0816159382e-01 8.0157575893e-02 2.6480618200e+00 1.0356782181e+01
258 6.0794513878e-01 7.9882202825e-02 2.6656176363e+00 1.0481599286e+01
259 6.0792967828e-01 7.9910774779e-02 2.6623359277e+00 1.0470113714e+01
260 6.0783952498e-01 7.9939669238e-02 2.6616804822e+00 1.0468529922e+01
261 6.0760148014e-01 7.9652397952e-02 2.6790536919e+00 1.0595967158e+01
262 6.0769412329e-01 7.9608632177e-02 2.6821939379e+00 1.0607427244e+01
263 6.0738752621e-01 7.9336521615e-02 2.6985294032e+00 1.0733682127e+01
264 6.0765167591e-01 7.9629108937e-02 2.6796738276e+00 1.0597592524e+01
265 6.0759851464e-01 7.9860892773e-02 2.6948784124e+00 1.0763343950e+01
266 6.0765371288e-01 8.0624723935e-02 2.7262496299e+00 1.1024110204e+01
267 6.0763855803e-01 8.0655986359e-02 2.7230253233e+00 1.1010018837e+01
268 6.0723788432e-01 7.9801475593e-02 2.7267317389e+00 1.1081722077e+01
269 6.0762114030e-01 8.0373459746e-02 2.6893736951e+00 1.0813581715e+01
270 6.0765053719e-01 8.0360360848e-02 2.6898550255e+00 1.0816459694e+01
271 6.0768125755e-01 8.0644782718e-02 2.6944921577e+00 1.0852614205e+01
272 6.0787558812e-01 8.1024568437e-02 2.6727719392e+00 1.0697597903e+01
273 6.0759503340e-01 8.0709699014e-02 2.6866390578e+00 1.0809310591e+01
274 6.0773071225e-01 8.0902302378e-02 2.6717897915e+00 1.0710194182e+01
275 6.0778128573e-01 8.0694280095e-02 2.6432253112e+00 1.0508681280e+01
276 6.0842730427e-01 8.1767517337e-02 2.6182510478e+00 1.0284062950e+01
277 6.0866125506e-01 8.1992426814e-02 2.6030869479e+00 1.0173850941e+01
278 6.0826221765e-01 8.0948343844e-02 2.5727256879e+00 1.0022703742e+01
279 6.0837190003e-01 8.1458437238e-02 2.5824295564e+00 1.0048349651e+01
280 6.0867695389e-01 8.2275824888e-02 2.5451949480e+00 9.7759410733e+00
281 6.0882833167e-01 8.2687866505e-02 2.5477926272e+00 9.7451134380e+00
282 6.0865392121e-01 8.2142058241e-02 2.5317099840e+00 9.6672182697e+00
283 6.0923855870e-01 8.3321063243e-02 2.5196341992e+00 9.5610797230e+00
284 6.0956204214e-01 8.4068772598e-02 2.5047828571e+00 9.4308505614e+00
285 6.0971598058e-01 8.4618093753e-02 2.5155544836e+00 9.4750515429e+00
286 6.0930631945e-01 8.3556479596e-02 2.5043137659e+00 9.4209849100e+00
287 6.0886511736e-01 8.2461836717e-02 2.4809399152e+00 9.2580219757e+00
288 6.0903714985e-01 8.2780085487e-02 2.4600857664e+00 9.1399739290e+00
289 6.0952681871e-01 8.3341385214e-02 2.4295572952e+00 8.9346720398e+00
290 6.0972873501e-01 8.3680874666e-02 2.4112847874e+00 8.8226201068e+00
291 6.0887793255e-01 8.1911706262e-02 2.3905918091e+00 8.6877674092e+00
292 6.0880438093e-01 8.2011334106e-02 2.3886356558e+00 8.6747233835e+00
293 6.0945238708e-01 8.2979388871e-02 2.3488921590e+00 8.4246393658e+00
294 6.0925403075e-01 8.2747550276e-02 2.3605916861e+00 8.5039962098e+00
295 6.0914800636e-01 8.3053198696e-02 2.3835810537e+00 8.6425209813e+00
296 6.0909343931e-01 8.3207734372e-02 2.3826058458e+00 8.6202973222e+00
297 6.0878636749e-01 8.2900548769e-02 2.3968704379e+00 8.7205651212e+00
298 6.0901781101e-01 8.3245429689e-02 2.3824389405e+00 8.6188677770e+00
299 6.0926829572e-01 8.3460055525e-02 2.3707482993e+00 8.5365360688e+00
300 6.0942561908e-01 8.3806487872e-02 2.3539691681e+00 8.4213903187e+00
301 6.0991026017e-01 8.4366079938e-02 2.3242320662e+00 8.2274755396e+00
302 6.0995780784e-01 8.4268472780e-02 2.3189062429e+00 8.1961360290e+00
303 6.0996754021e-01 8.4315296004e-02 2.3179642857e+00 8.1907639712e+00
304 6.1020222374e-01 8.4590988919e-02 2.3034282241e+00 8.1021663409e+00
305 6.1027852348e-01 8.4511552333e-02 2.3016079753e+00 8.1036331652e+00
306 6.1043175073e-01 8.4666321196e-02 2.2855971259e+00 8.0271580721e+00
307 6.1104612476e-01 8.5431863750e-02 2.2438996877e+00 7.7707212448e+00
308 6.1141090367e-01 8.5975314048e-02 2.2216707951e+00 7.6261461264e+00
309 6.1185295958e-01 8.6596475294e-02 2.1904395417e+00 7.4525526944e+00
310 6.1173875562e-01 8.6920686883e-02 2.2122244414e+00 7.5593691371e+00
311 6.1158750625e-01 8.6292265478e-02 2.1922064227e+00 7.4461359803e+00
312 6.1167873282e-01 8.6759430501e-02 2.1992939823e+00 7.4928305030e+00
313 6.1168100848e-01 8.6732050154e-02 2.1995031190e+00 7.5012086287e+00
314 6.1188278029e-01 8.6961825657e-02 2.1864730564e+00 7.4276054801e+00
315 6.1197845188e-01 8.7473186458e-02 2.1922953337e+00 7.4569950778e+00
316 6.1193212526e-01 8.7543893726e-02 2.1904606858e+00 7.4487944335e+00
317 6.1249727231e-01 8.8169906430e-02 2.1653670274e+00 7.2913936044e+00
318 6.1276228119e-01 8.8353078409e-02 2.1487649482e+00 7.2206554488e+00
319 6.1274624784e-01 8.8357647108e-02 2.1528555605e+00 7.2734615378e+00
320 6.1198887280e-01 8.7118006494e-02 2.1543974563e+00 7.3246091318e+00
321 6.1233250237e-01 8.8572755206e-02 2.1891847127e+00 7.4827929120e+00
322 6.1274209486e-01 8.9098715542e-02 2.1634571020e+00 7.3318430991e+00
323 6.1293247463e-01 8.9282743102e-02 2.1511266889e+00 7.2671476843e+00
324 6.1274386601e-01 8.8779738812e-02 2.1271022227e+00 7.1176681855e+00
325 6.1245370851e-01 8.8405752293e-02 2.1285742939e+00 7.1424941437e+00
326 6.1309661946e-01 8.9280272917e-02 2.0990742795e+00 6.9603822418e+00
327 6.1325059604e-01 8.9636015805e-02 2.0990498043e+00 6.9417976510e+00
328 6.1332496759e-01 9.0105473988e-02 2.1071828644e+00 6.9754928990e+00
329 6.1326344895e-01 9.0126034039e-02 2.1075642960e+00 6.9750483252e+00
330 6.1315709407e-01 8.9738270410e-02 2.0977487459e+00 6.9394948258e+00
331 6.1266422590e-01 8.9293697103e-02 2.1029914937e+00 6.9930701676e+00
332 6.1266989187e-01 8.9306160380e-02 2.0973749449e+00 6.9841412925e+00
333 6.1188232958e-01 8.7879636699e-02 2.0894742106e+00 6.9589697166e+00
334 6.1189464233e-01 8.7872695838e-02 2.0900408712e+00 6.9588734909e+00
335 6.1183070649e-01 8.8054607927e-02 2.1135862252e+00 7.0769267966e+00
336 6.1182547406e-01 8.8059014336e-02 2.1146907388e+00 7.0801106237e+00
337 6.1220578743e-01 8.8820595664e-02 2.1349341121e+00 7.2342311174e+00
338 6.1237488761e-01 8.8998361443e-02 2.1212614840e+00 7.1694318046e+00
339 6.1208371918e-01 8.8707070166e-02 2.1353796891e+00 7.2612541990e+00
340 6.1232839279e-01 8.9087676490e-02 2.1217731143e+00 7.1804187768e+00
341 6.1225772126e-01 8.9046639820e-02 2.1214412943e+00 7.1893074294e+00
342 6.1190631933e-01 8.8421605432e-02 2.1227121189e+00 7.2083049578e+00
343 6.1170661067e-01 8.8144782449e-02 2.1337290339e+00 7.2763160782e+00
344 6.1181225557e-01 8.8567254019e-02 2.1424349244e+00 7.3127015303e+00
345 6.1159002132e-01 8.8107533368e-02 2.1246185325e+00 7.2193406454e+00
346 6.1157217149e-01 8.8079262553e-02 2.1263826500e+00 7.2306764918e+00
347 6.1148994989e-01 8.8136695534e-02 2.1234638913e+00 7.2215655343e+00
348 6.1134511245e-01 8.7604617868e-02 2.0994044600e+00 7.0808242517e+00
349 6.1153884627e-01 8.7842768948e-02 2.0894105188e+00 7.0174012410e+00
350 6.1120672997e-01 8.6783557905e-02 2.0400469970e+00 6.7028121908e+00
351 6.1122487178e-01 8.6456811025e-02 2.0037881392e+00 6.4922464251e+00
352 6.1137591119e-01 8.6914773473e-02 2.0171532795e+00 6.5530521573e+00
353 6.1156482531e-01 8.7505655020e-02 2.0403004490e+00 6.7049719887e+00
354 6.1154229595e-01 8.7507518335e-02 2.0367187761e+00 6.6881389800e+00
355 6.1161453452e-01 8.7517737895e-02 2.0372074070e+00 6.6919171556e+00
356 6.1171279915e-01 8.8059893887e-02 2.0575477078e+00 6.8126272953e+00
357 6.1203661110e-01 8.8279610957e-02 2.0469502360e+00 6.7510820510e+00
358 6.1202787123e-01 8.8306162421e-02 2.0444090910e+00 6.7450756630e+00
359 6.1202613354e-01 8.8269320901e-02 2.0469941492e+00 6.7533913905e+00
360 6.1244651707e-01 8.8837246446e-02 2.0301713688e+00 6.6663064429e+00
361 6.1225765966e-01 8.8539398433e-02 2.0243753922e+00 6.6401083726e+00
362 6.1162860498e-01 8.7523199017e-02 2.0284444291e+00 6.6891870632e+00
363 6.1182390509e-01 8.7905863153e-02 2.0156473417e+00 6.6191620883e+00
364 6.1199869597e-01 8.8105698100e-02 2.0051829990e+00 6.5688788659e+00
365 6.1175716370e-01 8.7562402177e-02 1.9834297167e+00 6.4455357572e+00
