1 5.9282947138e-01 1.1102230246e-16 1.0000000000e+00 1.0000000000e+00
2 5.9323499718e-01 1.0571488097e-02 2.1166956137e+01 4.6838093663e+02
3 5.9316856432e-01 1.0765562217e-02 1.9956959440e+01 4.3649632862e+02
4 5.9308896472e-01 1.0912083575e-02 1.9085802149e+01 4.1449615623e+02
5 5.9330145502e-01 1.3253326479e-02 1.6013049708e+01 2.8443855573e+02
6 5.9340213457e-01 1.5294835302e-02 1.3863491897e+01 2.1345426290e+02
7 5.9335601475e-01 1.5366526292e-02 1.3667333774e+01 2.0968246524e+02
8 5.9336042281e-01 1.5443806188e-02 1.3458784710e+01 2.0552083864e+02
9 5.9331815095e-01 1.5528036279e-02 1.3241399891e+01 2.0126594405e+02
10 5.9350016327e-01 1.7243863325e-02 1.2077244991e+01 1.6484340158e+02
11 5.9374248296e-01 1.8765612180e-02 1.1225446799e+01 1.4040991394e+02
12 5.9376694688e-01 1.8774058245e-02 1.1206518102e+01 1.4009914694e+02
13 5.9401110934e-01 2.1770024804e-02 9.5127104868e+00 1.0298975283e+02
14 5.9459025020e-01 2.5288618752e-02 8.2982953332e+00 7.6965858064e+01
15 5.9477386378e-01 2.6396678035e-02 7.9398998128e+00 7.0506119151e+01
16 5.9474102610e-01 2.6437425316e-02 7.9055440997e+00 7.0114326871e+01
17 5.9460017657e-01 2.6594158907e-02 7.7618319121e+00 6.8678846991e+01
18 5.9446411033e-01 2.6755706041e-02 7.6143782656e+00 6.7248290102e+01
19 5.9512825539e-01 2.9573434523e-02 6.9768553407e+00 5.5348539833e+01
20 5.9530082030e-01 3.0521468247e-02 6.7561454046e+00 5.1899605921e+01
21 5.9550666268e-01 3.1422969885e-02 6.5616517904e+00 4.8921677617e+01
22 5.9537038013e-01 3.1474998673e-02 6.4682966817e+00 4.8150855564e+01
23 5.9558225884e-01 3.2416194756e-02 6.3229601990e+00 4.5798846417e+01
24 5.9553997639e-01 3.2442871217e-02 6.3098100703e+00 4.5682625550e+01
25 5.9567571618e-01 3.3889406677e-02 6.6514810440e+00 5.2462604087e+01
26 5.9586596485e-01 3.4751076382e-02 6.4707241556e+00 4.9497940457e+01
27 5.9600183060e-01 3.5389430983e-02 6.2993365923e+00 4.6996233746e+01
28 5.9597735212e-01 3.5481462806e-02 6.2931952003e+00 4.6873505926e+01
29 5.9593153358e-01 3.5513310499e-02 6.2785930852e+00 4.6738725351e+01
30 5.9591523546e-01 3.5578735449e-02 6.2401264914e+00 4.6416720229e+01
31 5.9600078028e-01 3.6388980887e-02 6.0698296609e+00 4.3963533228e+01
32 5.9618155060e-01 3.6992625426e-02 5.9232769491e+00 4.1944733030e+01
33 5.9612001634e-01 3.6981626528e-02 5.9030843039e+00 4.1843544873e+01
34 5.9609161050e-01 3.6986291071e-02 5.9032185572e+00 4.1840310523e+01
35 5.9605124340e-01 3.7019592375e-02 5.8881026322e+00 4.1719135385e+01
36 5.9624516977e-01 3.7764202640e-02 5.7535920430e+00 3.9778252079e+01
37 5.9627227594e-01 3.7774623783e-02 5.7463228807e+00 3.9718152806e+01
38 5.9644524643e-01 3.8563978252e-02 5.5887605578e+00 3.7734698580e+01
39 5.9654485218e-01 3.9167498493e-02 5.4579423246e+00 3.6117918612e+01
40 5.9649996918e-01 3.9201830456e-02 5.4449581019e+00 3.6019554771e+01
41 5.9644200986e-01 3.9072185767e-02 5.4386670958e+00 3.6063138309e+01
42 5.9635629632e-01 3.9027166605e-02 5.4334346843e+00 3.6082422306e+01
43 5.9645149033e-01 4.0227439586e-02 5.6261988664e+00 3.9007354767e+01
44 5.9688464029e-01 4.1649808455e-02 5.3942956079e+00 3.5786191793e+01
45 5.9677172456e-01 4.1707202998e-02 5.3775519534e+00 3.5650695924e+01
46 5.9663307891e-01 4.1804079182e-02 5.3445019843e+00 3.5399586764e+01
47 5.9651168003e-01 4.1898780976e-02 5.3128965353e+00 3.5147567376e+01
48 5.9652408567e-01 4.1908449763e-02 5.3087615164e+00 3.5107760091e+01
49 5.9639924214e-01 4.1984548326e-02 5.2845563536e+00 3.4922198453e+01
50 5.9649234149e-01 4.2023641143e-02 5.2643150231e+00 3.4746987479e+01
51 5.9639664298e-01 4.2095362656e-02 5.2410150286e+00 3.4562124573e+01
52 5.9637760661e-01 4.2043501347e-02 5.2329260911e+00 3.4527519355e+01
53 5.9645940371e-01 4.2107690460e-02 5.2240972785e+00 3.4432680757e+01
54 5.9644795593e-01 4.2127004841e-02 5.2171538374e+00 3.4375683916e+01
55 5.9644736320e-01 4.2162654523e-02 5.2041098868e+00 3.4260862544e+01
56 5.9644873009e-01 4.2167691519e-02 5.2022029545e+00 3.4243413501e+01
57 5.9671530101e-01 4.2798504230e-02 5.1102984352e+00 3.2965528142e+01
58 5.9724827994e-01 4.5084456510e-02 5.0735841451e+00 3.2340057464e+01
59 5.9729872379e-01 4.5091273019e-02 5.0680536413e+00 3.2297811952e+01
60 5.9725905912e-01 4.5226220100e-02 5.0475013251e+00 3.2120741947e+01
61 5.9716542913e-01 4.5263122833e-02 5.0401334779e+00 3.2058791967e+01
62 5.9711223716e-01 4.5268732392e-02 5.0424940212e+00 3.2065303557e+01
63 5.9713310560e-01 4.5300054886e-02 5.0292463814e+00 3.1969299840e+01
64 5.9708435957e-01 4.5514028639e-02 5.0119729406e+00 3.1774889602e+01
65 5.9706068393e-01 4.5538987655e-02 5.0045398724e+00 3.1716254880e+01
66 5.9709757171e-01 4.5544661459e-02 5.0005373934e+00 3.1684235793e+01
67 5.9729116553e-01 4.6157837566e-02 4.9131843809e+00 3.0554235223e+01
68 5.9708354299e-01 4.5167445674e-02 4.7832186066e+00 2.8988207561e+01
69 5.9710195085e-01 4.5183383913e-02 4.7764776627e+00 2.8940046895e+01
70 5.9725435088e-01 4.5804903926e-02 4.6975925239e+00 2.7961134992e+01
71 5.9736726329e-01 4.6448691684e-02 4.6119523051e+00 2.6990640598e+01
72 5.9730264798e-01 4.6354239112e-02 4.6032731351e+00 2.7005541895e+01
73 5.9738837018e-01 4.7500200683e-02 4.7649050121e+00 2.9235268854e+01
74 5.9729300489e-01 4.7626968002e-02 4.7327178684e+00 2.9017053959e+01
75 5.9731322110e-01 4.7624627952e-02 4.7321475710e+00 2.9014700658e+01
76 5.9754930733e-01 4.7788779165e-02 4.4871239002e+00 2.6043706896e+01
77 5.9765016299e-01 4.8884857449e-02 4.6366134092e+00 2.8005801003e+01
78 5.9769773727e-01 4.8467809729e-02 4.4775630431e+00 2.6128348869e+01
79 5.9766029243e-01 4.8484609574e-02 4.4754123899e+00 2.6105117700e+01
80 5.9743555476e-01 4.7925476568e-02 4.5336515792e+00 2.6875326418e+01
81 5.9746670667e-01 4.7928277577e-02 4.5312999566e+00 2.6857299151e+01
82 5.9780356024e-01 4.9513199016e-02 4.5620042711e+00 2.7074403639e+01
83 5.9776426372e-01 4.9560212042e-02 4.5491039792e+00 2.6988827822e+01
84 5.9793977479e-01 5.0558895066e-02 4.6334722731e+00 2.7922096321e+01
85 5.9814397144e-01 5.1100484101e-02 4.5622915990e+00 2.7082482198e+01
86 5.9810807152e-01 5.1115404586e-02 4.5538801894e+00 2.7032500450e+01
87 5.9812978400e-01 5.1190569177e-02 4.5442766494e+00 2.6930159184e+01
88 5.9787840678e-01 5.0346536814e-02 4.4482346620e+00 2.6033540338e+01
89 5.9773320739e-01 4.9317068445e-02 4.3430683008e+00 2.4880933530e+01
90 5.9799456275e-01 4.9885573199e-02 4.2897451695e+00 2.4205759994e+01
91 5.9826364878e-01 5.0393712923e-02 4.2297396081e+00 2.3526985890e+01
92 5.9824827808e-01 5.0411171211e-02 4.2257444166e+00 2.3499943251e+01
93 5.9827065931e-01 5.0425098974e-02 4.2207985599e+00 2.3466581036e+01
94 5.9826373315e-01 5.0428555732e-02 4.2204418495e+00 2.3462418535e+01
95 5.9821401607e-01 5.0534829109e-02 4.2125623172e+00 2.3405443174e+01
96 5.9840609576e-01 5.0977487513e-02 4.1550929486e+00 2.2799690386e+01
97 5.9816385792e-01 5.0447985976e-02 4.2099063428e+00 2.3439621550e+01
98 5.9818060184e-01 5.0463451806e-02 4.2106620789e+00 2.3438834101e+01
99 5.9827482348e-01 5.1180411103e-02 4.1479059102e+00 2.2727216116e+01
100 5.9829364203e-01 5.1186243453e-02 4.1452439851e+00 2.2710896411e+01
101 5.9871168965e-01 5.2133858691e-02 4.0501040368e+00 2.1623962666e+01
102 5.9874254564e-01 5.2735576199e-02 3.9657049518e+00 2.0905687513e+01
103 5.9887953648e-01 5.3526490678e-02 4.0173801470e+00 2.1370732147e+01
104 5.9880313111e-01 5.3599907607e-02 4.0006057009e+00 2.1283646507e+01
105 5.9870858861e-01 5.3684112917e-02 3.9832218967e+00 2.1183687965e+01
106 5.9856273764e-01 5.3752720616e-02 3.9733569388e+00 2.1122853659e+01
107 5.9855680726e-01 5.3763542673e-02 3.9712253211e+00 2.1107724920e+01
108 5.9876708313e-01 5.5428724908e-02 4.0699613560e+00 2.1981639450e+01
109 5.9901463088e-01 5.5974774855e-02 4.0284808880e+00 2.1497222869e+01
110 5.9918608908e-01 5.6807343442e-02 4.0617660816e+00 2.1741104073e+01
111 5.9949758813e-01 5.8093869800e-02 4.0597343764e+00 2.1610822953e+01
112 5.9951979720e-01 5.8094189115e-02 4.0586052021e+00 2.1604016483e+01
113 5.9999610984e-01 5.8969943639e-02 3.9691122474e+00 2.0653456302e+01
114 6.0013393247e-01 5.9631567623e-02 4.0114986366e+00 2.1020494094e+01
115 6.0035642187e-01 6.0266375078e-02 3.9616371242e+00 2.0476373415e+01
116 6.0031792679e-01 6.0286344125e-02 3.9588801110e+00 2.0460061422e+01
117 6.0046847177e-01 6.0740736633e-02 3.9134428342e+00 2.0006283435e+01
118 6.0076538900e-01 6.1125381683e-02 3.8678477468e+00 1.9579476159e+01
119 6.0098728312e-01 6.2241523240e-02 3.8595742878e+00 1.9447204603e+01
120 6.0098600068e-01 6.2241322681e-02 3.8597130552e+00 1.9447713591e+01
121 6.0102495585e-01 6.3021005309e-02 3.8850715692e+00 1.9621559354e+01
122 6.0060023367e-01 6.2019513634e-02 3.9023651107e+00 1.9939708425e+01
123 6.0035034733e-01 6.1311051025e-02 3.8738040949e+00 1.9808163723e+01
124 6.0054464950e-01 6.1700909243e-02 3.8289214917e+00 1.9404916168e+01
125 6.0047688444e-01 6.1734209018e-02 3.8251453506e+00 1.9380610620e+01
126 6.0064780425e-01 6.2000875988e-02 3.7915810049e+00 1.9079644646e+01
127 6.0112125734e-01 6.2796419301e-02 3.7150464268e+00 1.8335569167e+01
128 6.0126134243e-01 6.3272332566e-02 3.6738911694e+00 1.7941208367e+01
129 6.0151117380e-01 6.3665975529e-02 3.6382331789e+00 1.7598914073e+01
130 6.0149697038e-01 6.3656097133e-02 3.6412808648e+00 1.7612216297e+01
131 6.0154080131e-01 6.3572854040e-02 3.6328803937e+00 1.7546856117e+01
132 6.0151824514e-01 6.3578971402e-02 3.6326319261e+00 1.7545475699e+01
133 6.0099851496e-01 6.1361130561e-02 3.5113698560e+00 1.6561898240e+01
134 6.0090244324e-01 6.1419811834e-02 3.5039496123e+00 1.6523186881e+01
135 6.0120988159e-01 6.2352804675e-02 3.4388180999e+00 1.5897096501e+01
136 6.0120707214e-01 6.2521084921e-02 3.4339053435e+00 1.5837130597e+01
137 6.0130264847e-01 6.3328037775e-02 3.4645931196e+00 1.6130305298e+01
138 6.0129223904e-01 6.2926309003e-02 3.3581452854e+00 1.5178019431e+01
139 6.0118822792e-01 6.2988924520e-02 3.3508052931e+00 1.5142591635e+01
140 6.0078020343e-01 6.1834486249e-02 3.3274880959e+00 1.4978271005e+01
141 6.0023213582e-01 6.0602398188e-02 3.2911208648e+00 1.4667276738e+01
142 6.0045829979e-01 6.0983026354e-02 3.2613081628e+00 1.4404043157e+01
143 6.0037101612e-01 6.1076023703e-02 3.2558335615e+00 1.4366384726e+01
144 6.0031737747e-01 6.1090132953e-02 3.2559607909e+00 1.4364686076e+01
145 6.0027800192e-01 6.1070669275e-02 3.2527083268e+00 1.4355884808e+01
146 6.0018950429e-01 6.1082831235e-02 3.2434156316e+00 1.4320740575e+01
147 6.0072736331e-01 6.2571868043e-02 3.2311738756e+00 1.4184198686e+01
148 6.0069766655e-01 6.2585060607e-02 3.2264100031e+00 1.4163008750e+01
149 6.0075724973e-01 6.2575723363e-02 3.2252683455e+00 1.4159055038e+01
150 6.0083154069e-01 6.3206375326e-02 3.2338844134e+00 1.4197062295e+01
151 6.0082909176e-01 6.3393486862e-02 3.2298689543e+00 1.4152013302e+01
152 6.0051165158e-01 6.2977243355e-02 3.2516211696e+00 1.4384654662e+01
153 6.0056308487e-01 6.2994177908e-02 3.2494231103e+00 1.4371983651e+01
154 6.0049776434e-01 6.2997451590e-02 3.2475926016e+00 1.4363037384e+01
155 6.0066478216e-01 6.3463786254e-02 3.2111503928e+00 1.4072734087e+01
156 6.0067975696e-01 6.3480931756e-02 3.2074626451e+00 1.4054769889e+01
157 6.0078937539e-01 6.4175181342e-02 3.2318062996e+00 1.4248490923e+01
158 6.0129993428e-01 6.4979436994e-02 3.1820321240e+00 1.3804388963e+01
159 6.0148668530e-01 6.5281361653e-02 3.1569713997e+00 1.3597206411e+01
160 6.0193636746e-01 6.6016181801e-02 3.1072767197e+00 1.3167127269e+01
161 6.0180068601e-01 6.6086952431e-02 3.1013216974e+00 1.3138525885e+01
162 6.0181085116e-01 6.6853756608e-02 3.1462538798e+00 1.3511066272e+01
163 6.0206673524e-01 6.7230934448e-02 3.1191599164e+00 1.3285902194e+01
164 6.0261352856e-01 6.8090970568e-02 3.0750461855e+00 1.2926026533e+01
165 6.0226057378e-01 6.7769102948e-02 3.0983430887e+00 1.3121622704e+01
166 6.0224669501e-01 6.7764246956e-02 3.1000199626e+00 1.3127243270e+01
167 6.0243873906e-01 6.8172629917e-02 3.0728294853e+00 1.2906557792e+01
168 6.0232489432e-01 6.8180670554e-02 3.0687483314e+00 1.2900500448e+01
169 6.0241642933e-01 6.9042320677e-02 3.1069879456e+00 1.3248918841e+01
170 6.0237972789e-01 6.9116016720e-02 3.1044429650e+00 1.3226744631e+01
171 6.0264380279e-01 6.9488768648e-02 3.0764042451e+00 1.3005240512e+01
172 6.0278287044e-01 7.0164033958e-02 3.1097767134e+00 1.3261164663e+01
173 6.0261878088e-01 6.9477155650e-02 3.0675209513e+00 1.2911167799e+01
174 6.0267044380e-01 6.9489732342e-02 3.0638217913e+00 1.2892815699e+01
175 6.0282864885e-01 6.9784433745e-02 3.0401505303e+00 1.2709808400e+01
176 6.0277659818e-01 6.9781021167e-02 3.0433728800e+00 1.2720099732e+01
177 6.0297804159e-01 7.0074406009e-02 3.0173343452e+00 1.2535055008e+01
178 6.0285648799e-01 7.0349071921e-02 3.0688379596e+00 1.2941282570e+01
179 6.0293805594e-01 7.0026163800e-02 3.0122055308e+00 1.2523076231e+01
180 6.0318015359e-01 7.1276532711e-02 3.0618615401e+00 1.2865835869e+01
181 6.0320186566e-01 7.1046880809e-02 3.0163292831e+00 1.2546903021e+01
182 6.0338117925e-01 7.1254630556e-02 2.9948859193e+00 1.2402958199e+01
183 6.0327690044e-01 7.1354439986e-02 2.9830986835e+00 1.2355479768e+01
184 6.0352635383e-01 7.2447853976e-02 2.9706077037e+00 1.2258329552e+01
185 6.0345947767e-01 7.2487287850e-02 2.9675589552e+00 1.2243429979e+01
186 6.0369185555e-01 7.2819587652e-02 2.9432905728e+00 1.2059387996e+01
187 6.0383767208e-01 7.2959753648e-02 2.9085791239e+00 1.1775921459e+01
188 6.0403157272e-01 7.3279900128e-02 2.8858419804e+00 1.1607825700e+01
189 6.0418059718e-01 7.3912518099e-02 2.9018954477e+00 1.1720858591e+01
190 6.0410148235e-01 7.3980121462e-02 2.9006850685e+00 1.1706980684e+01
191 6.0396333068e-01 7.3459611727e-02 2.8767212792e+00 1.1551262913e+01
192 6.0369518419e-01 7.2964177084e-02 2.8408106646e+00 1.1322237527e+01
193 6.0425874777e-01 7.4038992324e-02 2.8285368766e+00 1.1244756567e+01
194 6.0415027530e-01 7.3534346320e-02 2.7964834790e+00 1.1030682054e+01
195 6.0418080048e-01 7.3533614802e-02 2.7952742856e+00 1.1026582731e+01
196 6.0432711787e-01 7.3832756165e-02 2.7615119818e+00 1.0801811156e+01
197 6.0436899778e-01 7.3415564196e-02 2.7152861589e+00 1.0504439731e+01
198 6.0428239074e-01 7.3063830152e-02 2.6973534033e+00 1.0365349467e+01
199 6.0428654765e-01 7.3066983101e-02 2.6967409284e+00 1.0363030578e+01
200 6.0419251637e-01 7.3185063538e-02 2.6880767836e+00 1.0333552513e+01
201 6.0451364961e-01 7.3795001955e-02 2.6604323174e+00 1.0116873834e+01
202 6.0460829000e-01 7.3877314534e-02 2.6691477818e+00 1.0200808511e+01
203 6.0460973383e-01 7.3873900212e-02 2.6695383901e+00 1.0202435759e+01
204 6.0497313165e-01 7.4594610870e-02 2.6330027226e+00 9.9314521531e+00
205 6.0490660554e-01 7.4625488791e-02 2.6331055149e+00 9.9306831822e+00
206 6.0526083996e-01 7.5394754139e-02 2.6028516432e+00 9.6897661751e+00
207 6.0540597604e-01 7.5795531415e-02 2.5816623928e+00 9.5516651374e+00
208 6.0530806300e-01 7.5764040176e-02 2.5817427276e+00 9.5610780451e+00
209 6.0577791696e-01 7.6538225765e-02 2.5478627354e+00 9.3257074581e+00
210 6.0547132976e-01 7.5676725225e-02 2.5396375938e+00 9.2835514192e+00
211 6.0555873398e-01 7.6274141527e-02 2.5734763234e+00 9.5658655854e+00
212 6.0561751450e-01 7.6185991764e-02 2.5286362083e+00 9.2640410495e+00
213 6.0582016686e-01 7.6503853829e-02 2.5115414219e+00 9.1454190883e+00
214 6.0573576549e-01 7.6542880782e-02 2.5098180181e+00 9.1393715171e+00
215 6.0618056760e-01 7.7011234003e-02 2.4778897558e+00 8.9392112646e+00
216 6.0606133901e-01 7.7110555689e-02 2.4775993651e+00 8.9339179408e+00
217 6.0618112978e-01 7.7475774429e-02 2.4593898595e+00 8.8244741852e+00
218 6.0618403588e-01 7.7489438716e-02 2.4573895602e+00 8.8187542678e+00
219 6.0629343915e-01 7.7979685192e-02 2.4823342706e+00 8.9973829175e+00
220 6.0624178757e-01 7.8022598912e-02 2.4815423718e+00 8.9919035027e+00
221 6.0648074354e-01 7.8524632214e-02 2.4790021804e+00 8.9810069372e+00
222 6.0645180958e-01 7.8617871828e-02 2.4767523596e+00 8.9651363512e+00
223 6.0634140559e-01 7.8647177334e-02 2.4775790205e+00 8.9661653533e+00
224 6.0675589583e-01 7.9507329952e-02 2.4788133378e+00 8.9342767623e+00
225 6.0709678054e-01 8.0225993254e-02 2.4805906870e+00 8.9427857452e+00
226 6.0719464062e-01 8.0543553138e-02 2.4634329623e+00 8.8376138743e+00
227 6.0755397870e-01 8.1209865450e-02 2.4542071875e+00 8.7614534149e+00
228 6.0792972348e-01 8.2113589147e-02 2.4636484045e+00 8.8255510678e+00
229 6.0771413879e-01 8.1619248422e-02 2.4598362480e+00 8.8401770682e+00
230 6.0785316741e-01 8.1914516800e-02 2.4436974083e+00 8.7410873530e+00
231 6.0769449165e-01 8.1925741870e-02 2.4474503885e+00 8.7551907524e+00
232 6.0765535375e-01 8.1951879494e-02 2.4459635545e+00 8.7491810327e+00
233 6.0798600669e-01 8.2682176325e-02 2.4480773875e+00 8.7549640781e+00
234 6.0796748471e-01 8.3215148020e-02 2.4652521908e+00 8.8630127334e+00
235 6.0804822783e-01 8.3182786026e-02 2.4661758202e+00 8.8659826482e+00
236 6.0767726965e-01 8.2909419010e-02 2.4809206968e+00 8.9667673392e+00
237 6.0762522537e-01 8.2886736194e-02 2.4792215132e+00 8.9608613841e+00
238 6.0753795710e-01 8.3243481699e-02 2.5012324468e+00 9.0789482595e+00
239 6.0766028728e-01 8.3493097936e-02 2.4855171830e+00 8.9817121444e+00
240 6.0753399737e-01 8.3047767607e-02 2.4627084286e+00 8.8284586093e+00
241 6.0764504436e-01 8.3653265602e-02 2.4844437654e+00 8.9773174110e+00
242 6.0722605561e-01 8.2797036166e-02 2.4804059561e+00 8.9510379520e+00
243 6.0732842744e-01 8.3294999016e-02 2.4954553762e+00 9.0352757674e+00
244 6.0758766446e-01 8.3595782361e-02 2.4800540662e+00 8.9283857394e+00
245 6.0789298272e-01 8.4410176700e-02 2.4837262197e+00 8.9583046059e+00
246 6.0791605401e-01 8.4436688384e-02 2.4840113223e+00 8.9554500451e+00
247 6.0824138182e-01 8.4313665655e-02 2.4361232939e+00 8.6681587088e+00
248 6.0883087027e-01 8.5361039427e-02 2.4195573689e+00 8.5653797521e+00
249 6.0903550725e-01 8.5672122602e-02 2.4057381798e+00 8.4692762192e+00
250 6.0906610264e-01 8.5661060854e-02 2.4058817028e+00 8.4699462712e+00
251 6.0936373664e-01 8.6692560682e-02 2.4318304293e+00 8.6060644083e+00
252 6.0941093040e-01 8.6489527864e-02 2.4028267903e+00 8.4508179096e+00
253 6.0935658325e-01 8.6517935681e-02 2.4016128060e+00 8.4466801676e+00
254 6.0959905316e-01 8.7568875817e-02 2.4156887992e+00 8.4954582264e+00
255 6.0983513988e-01 8.7831620737e-02 2.4000394456e+00 8.4019029760e+00
256 6.0996714642e-01 8.8034611349e-02 2.3860247113e+00 8.3352671710e+00
257 6.1015033537e-01 8.8077966575e-02 2.3733306152e+00 8.2829287726e+00
258 6.1006125266e-01 8.8174437564e-02 2.3761628407e+00 8.3060913174e+00
259 6.1039072662e-01 8.8874137330e-02 2.3597424032e+00 8.1948182330e+00
260 6.1049566539e-01 8.9097851643e-02 2.3454914208e+00 8.1186105692e+00
261 6.1073156284e-01 8.9293063089e-02 2.3258352116e+00 8.0182240122e+00
262 6.1067177219e-01 8.8816438388e-02 2.3066337594e+00 7.9006149411e+00
263 6.1057585703e-01 8.8867174498e-02 2.3065131790e+00 7.8984595224e+00
264 6.1060579505e-01 8.8908175949e-02 2.3010595430e+00 7.8823372220e+00
265 6.1004955838e-01 8.8442896828e-02 2.3272580871e+00 8.0420653694e+00
266 6.1046756778e-01 8.9469354943e-02 2.3219122692e+00 7.9748898902e+00
267 6.1041910409e-01 8.9556819874e-02 2.3211183522e+00 7.9630486697e+00
268 6.1042438672e-01 8.9508216567e-02 2.3176465950e+00 7.9598923711e+00
269 6.1042930170e-01 8.9345356286e-02 2.2897759133e+00 7.8318072060e+00
270 6.0969876841e-01 8.7951098327e-02 2.2959359537e+00 7.8905622730e+00
271 6.0986934340e-01 8.8398156463e-02 2.3010981629e+00 7.9040589278e+00
272 6.0946897321e-01 8.7659449840e-02 2.2974135759e+00 7.8894250796e+00
273 6.0960982728e-01 8.7764829108e-02 2.2835077007e+00 7.8253279587e+00
274 6.0976417107e-01 8.7939882823e-02 2.2648595215e+00 7.7241966713e+00
275 6.0997043815e-01 8.8208242580e-02 2.2506763945e+00 7.6426690180e+00
276 6.0961057528e-01 8.7674036654e-02 2.2554400748e+00 7.6776403439e+00
277 6.0914195823e-01 8.7023262011e-02 2.2586499203e+00 7.7061488157e+00
278 6.0935017989e-01 8.8011016112e-02 2.2842104572e+00 7.8534191684e+00
279 6.0945440893e-01 8.8581931937e-02 2.3001549260e+00 7.9420339146e+00
280 6.0933759788e-01 8.8682567079e-02 2.3041129876e+00 7.9753083552e+00
281 6.0955008519e-01 8.8850587188e-02 2.2911631849e+00 7.9083291640e+00
282 6.0903643578e-01 8.7910614492e-02 2.2962523635e+00 7.9753040553e+00
283 6.0860233867e-01 8.7244253737e-02 2.2963133396e+00 7.9985677640e+00
284 6.0897773483e-01 8.8079730360e-02 2.2988957064e+00 7.9899589560e+00
285 6.0877106282e-01 8.7696423143e-02 2.2837189427e+00 7.9138979127e+00
286 6.0861877527e-01 8.8108930540e-02 2.3112956981e+00 8.1033639706e+00
287 6.0863323503e-01 8.8069733909e-02 2.3115381090e+00 8.1057063190e+00
288 6.0850452050e-01 8.8157527555e-02 2.3070419949e+00 8.0888154864e+00
289 6.0826852276e-01 8.7899410261e-02 2.3197692894e+00 8.1687902869e+00
290 6.0828765824e-01 8.7913264218e-02 2.3197937422e+00 8.1772773233e+00
291 6.0810891655e-01 8.7519378523e-02 2.3143113349e+00 8.1637324936e+00
292 6.0837559442e-01 8.7905727395e-02 2.3047366600e+00 8.1060055612e+00
293 6.0860520442e-01 8.8111249519e-02 2.2912247754e+00 8.0294601158e+00
294 6.0864028628e-01 8.7830301085e-02 2.2549469012e+00 7.8099495425e+00
295 6.0792071145e-01 8.6433168768e-02 2.2569604870e+00 7.8513733862e+00
296 6.0791477276e-01 8.6385961256e-02 2.2582004652e+00 7.8646029698e+00
297 6.0786423393e-01 8.6437165115e-02 2.2565621969e+00 7.8578946593e+00
298 6.0806665285e-01 8.6960045784e-02 2.2730023369e+00 7.9547457280e+00
299 6.0773500177e-01 8.6183499071e-02 2.2722093721e+00 7.9634173585e+00
300 6.0808808813e-01 8.6684419343e-02 2.2469210292e+00 7.8076163200e+00
301 6.0800087936e-01 8.6723377536e-02 2.2463164847e+00 7.8030005092e+00
302 6.0761735842e-01 8.5850106563e-02 2.2336695507e+00 7.7338503932e+00
303 6.0786393796e-01 8.6147304968e-02 2.2173352500e+00 7.6221869000e+00
304 6.0767947134e-01 8.5581999358e-02 2.1917538251e+00 7.4718247981e+00
305 6.0782395891e-01 8.6141401120e-02 2.2087631088e+00 7.5777595068e+00
306 6.0783452043e-01 8.6065596556e-02 2.2079772050e+00 7.5834227919e+00
307 6.0811442041e-01 8.6244574589e-02 2.1653007301e+00 7.3147438442e+00
308 6.0854269963e-01 8.6807333304e-02 2.1386776285e+00 7.1615639758e+00
309 6.0850045505e-01 8.6755640044e-02 2.1332449140e+00 7.1158083659e+00
310 6.0791553211e-01 8.5994019208e-02 2.1133305651e+00 6.9845517058e+00
311 6.0828587930e-01 8.6804278576e-02 2.1195899818e+00 7.0455079841e+00
312 6.0851426734e-01 8.7797261971e-02 2.1470181682e+00 7.1878815263e+00
313 6.0867164341e-01 8.8136106020e-02 2.1293628059e+00 7.0749204392e+00
314 6.0855520808e-01 8.7619563690e-02 2.1113089178e+00 6.9755756483e+00
315 6.0838398387e-01 8.7015308085e-02 2.1014214057e+00 6.9190474282e+00
316 6.0855696587e-01 8.7567490937e-02 2.1220898832e+00 7.0494865156e+00
317 6.0849972517e-01 8.7511164886e-02 2.1206900311e+00 7.0478038163e+00
318 6.0844550063e-01 8.7554224475e-02 2.1175700170e+00 7.0422824844e+00
319 6.0834786640e-01 8.7181344825e-02 2.1091239649e+00 7.0091691646e+00
320 6.0847817094e-01 8.7706299696e-02 2.1335098735e+00 7.1662124647e+00
321 6.0858423407e-01 8.8279486176e-02 2.1553803008e+00 7.2968704698e+00
322 6.0866401182e-01 8.7979223201e-02 2.0960046012e+00 6.9761736860e+00
323 6.0872482855e-01 8.7864381531e-02 2.0814117648e+00 6.9074202536e+00
324 6.0888272064e-01 8.8207915031e-02 2.0710234783e+00 6.8490048844e+00
325 6.0888986553e-01 8.8127482652e-02 2.0673409132e+00 6.8306317806e+00
326 6.0861076977e-01 8.7869962067e-02 2.0780031465e+00 6.8945995652e+00
327 6.0892625382e-01 8.8269355677e-02 2.0651685393e+00 6.8120055768e+00
328 6.0875162309e-01 8.8301990948e-02 2.0632503910e+00 6.8093923391e+00
329 6.0886266821e-01 8.8828129557e-02 2.0803491768e+00 6.9042003572e+00
330 6.0880152365e-01 8.8781411576e-02 2.0805814238e+00 6.9088093437e+00
331 6.0874661323e-01 8.8786370457e-02 2.0808844635e+00 6.9089269813e+00
332 6.0906602919e-01 8.9590512409e-02 2.0827188443e+00 6.9004178748e+00
333 6.0899716858e-01 8.9622914783e-02 2.0819747401e+00 6.8976102837e+00
334 6.0901564826e-01 8.9632733878e-02 2.0884119300e+00 6.9448275968e+00
335 6.0944595892e-01 9.0129888679e-02 2.0645660181e+00 6.8166799261e+00
336 6.0954498809e-01 9.0691652181e-02 2.0839500978e+00 6.9357302754e+00
337 6.0958352650e-01 9.0535631796e-02 2.0736619879e+00 6.8766279094e+00
338 6.0937310016e-01 9.0006572389e-02 2.0485183858e+00 6.7223327857e+00
339 6.0966295966e-01 9.0735003710e-02 2.0515522090e+00 6.7438965836e+00
340 6.0981735696e-01 9.0998290880e-02 2.0408975386e+00 6.6836978993e+00
341 6.0993718248e-01 9.1513407683e-02 2.0491330949e+00 6.7300225780e+00
342 6.0992986347e-01 9.1996293815e-02 2.0582338494e+00 6.7562908987e+00
343 6.0979270079e-01 9.1468133821e-02 2.0388875443e+00 6.6422052422e+00
344 6.0978829798e-01 9.1361794021e-02 2.0360145473e+00 6.6363274817e+00
345 6.0967577522e-01 9.1401384581e-02 2.0319704147e+00 6.6238794587e+00
346 6.0928500012e-01 9.0553576353e-02 2.0135275907e+00 6.5522792250e+00
347 6.0939630376e-01 9.1005363938e-02 2.0235647841e+00 6.5924246314e+00
348 6.0933898964e-01 9.0843694266e-02 2.0124931903e+00 6.5289485112e+00
349 6.0870922190e-01 8.9802290453e-02 2.0186955394e+00 6.5857880391e+00
350 6.0866320843e-01 8.9170531784e-02 1.9869205362e+00 6.4392566950e+00
351 6.0881477482e-01 8.9410947029e-02 1.9767358436e+00 6.3812992121e+00
352 6.0928704665e-01 9.0594986365e-02 2.0055904553e+00 6.5499315781e+00
353 6.0881623939e-01 8.9831958605e-02 1.9991026393e+00 6.5201118873e+00
354 6.0859627981e-01 8.9590775986e-02 2.0126340114e+00 6.6084487122e+00
355 6.0919569463e-01 9.0536066828e-02 2.0086811460e+00 6.6006683094e+00
356 6.0926559931e-01 9.1020445193e-02 2.0264183067e+00 6.6928339347e+00
357 6.0908106483e-01 9.1459149668e-02 2.0774314820e+00 7.0341231351e+00
358 6.0915603153e-01 9.1586056018e-02 2.0701946463e+00 6.9981849217e+00
359 6.0944923862e-01 9.2045175751e-02 2.0549321696e+00 6.8981450713e+00
360 6.0933216144e-01 9.2150802943e-02 2.0810312740e+00 7.0477702307e+00
361 6.0942616067e-01 9.2529916846e-02 2.0799086741e+00 7.0018041621e+00
362 6.0942839374e-01 9.2539845014e-02 2.0793164611e+00 6.9974611628e+00
363 6.0931049943e-01 9.1984578552e-02 2.0556634319e+00 6.8637782657e+00
364 6.0931238997e-01 9.1917285076e-02 2.0512225992e+00 6.8392990837e+00
365 6.0929198993e-01 9.2044655376e-02 2.0751000685e+00 6.9597035416e+00
