1 5.9282947138e-01 1.1102230246e-16 1.0000000000e+00 1.0000000000e+00
2 5.9312764494e-01 1.0821865644e-02 1.9566915873e+01 4.2813884478e+02
3 5.9313592520e-01 1.0958395898e-02 1.8825388605e+01 4.0723941546e+02
4 5.9300979138e-01 1.1149936528e-02 1.7792146114e+01 3.8120075896e+02
5 5.9293154276e-01 1.1380791001e-02 1.6507557550e+01 3.5317818714e+02
6 5.9292233018e-01 1.1571700813e-02 1.5636426849e+01 3.3084062363e+02
7 5.9286833119e-01 1.1603592553e-02 1.5516860835e+01 3.2751250194e+02
8 5.9286367511e-01 1.1639272278e-02 1.5377174969e+01 3.2354391453e+02
9 5.9311353726e-01 1.3789203194e-02 1.4017295764e+01 2.4456310068e+02
10 5.9302924906e-01 1.4006352852e-02 1.3305838938e+01 2.3036607228e+02
11 5.9289497097e-01 1.4327709620e-02 1.2276122559e+01 2.1167407516e+02
12 5.9278894372e-01 1.4451926618e-02 1.1937673520e+01 2.0498035027e+02
13 5.9281070352e-01 1.4505228373e-02 1.1799811620e+01 2.0192353484e+02
14 5.9269301427e-01 1.4823830940e-02 1.0975704940e+01 1.8582887532e+02
15 5.9290933758e-01 1.6584707673e-02 1.0569220626e+01 1.5704684845e+02
16 5.9344204108e-01 1.9747330206e-02 9.7443418981e+00 1.2033629590e+02
17 5.9386617341e-01 2.2366133240e-02 8.8096224914e+00 9.4843879879e+01
18 5.9383248882e-01 2.2426367941e-02 8.7393338190e+00 9.3887293893e+01
19 5.9399558604e-01 2.3645387342e-02 8.3734839575e+00 8.5000700636e+01
20 5.9418983435e-01 2.4781909667e-02 8.0662175364e+00 7.7842257020e+01
21 5.9437121417e-01 2.5903416840e-02 7.7485004010e+00 7.1392884795e+01
22 5.9442991359e-01 2.5939254624e-02 7.7116885862e+00 7.0926057086e+01
23 5.9466585201e-01 2.7117277717e-02 7.4510860188e+00 6.5691512256e+01
24 5.9486711933e-01 2.8012296991e-02 7.2112316190e+00 6.1176773924e+01
25 5.9507527712e-01 2.8992798398e-02 6.9822288949e+00 5.7140167969e+01
26 5.9574850905e-01 3.1666411702e-02 6.4623336363e+00 4.8269253041e+01
27 5.9573478059e-01 3.1690198117e-02 6.4478419308e+00 4.8136453742e+01
28 5.9572303130e-01 3.1713874046e-02 6.4334589160e+00 4.8003462320e+01
29 5.9570002265e-01 3.1763563443e-02 6.4048377927e+00 4.7725419686e+01
30 5.9607490895e-01 3.3473415258e-02 6.0830529243e+00 4.2889740611e+01
31 5.9655041475e-01 3.5018043658e-02 5.8365859040e+00 3.9190109486e+01
32 5.9666856261e-01 3.5943506022e-02 5.6844098502e+00 3.7286208298e+01
33 5.9648332536e-01 3.6075645538e-02 5.6283976177e+00 3.6869848416e+01
34 5.9641472531e-01 3.6155971515e-02 5.5906964490e+00 3.6594276299e+01
35 5.9685402894e-01 3.7617051181e-02 5.3796471745e+00 3.3745191654e+01
36 5.9673200291e-01 3.7663477306e-02 5.3676419873e+00 3.3649946167e+01
37 5.9677040379e-01 3.7671707910e-02 5.3610383513e+00 3.3598615395e+01
38 5.9679223696e-01 3.7440147963e-02 5.3462949762e+00 3.3523997400e+01
39 5.9672495789e-01 3.7485804106e-02 5.3301571333e+00 3.3401308392e+01
40 5.9693076561e-01 3.8277275575e-02 5.2416130467e+00 3.2203594402e+01
41 5.9687027581e-01 3.8421558413e-02 5.2214041355e+00 3.2066346419e+01
42 5.9730813721e-01 3.9735773663e-02 5.0365215235e+00 2.9787355161e+01
43 5.9754789626e-01 4.0400529500e-02 4.9544796020e+00 2.8779174696e+01
44 5.9751172427e-01 4.0448579097e-02 4.9357739363e+00 2.8666758885e+01
45 5.9748589114e-01 4.0657323465e-02 4.9353990238e+00 2.8686626444e+01
46 5.9740444848e-01 4.0603467886e-02 4.9146043276e+00 2.8623813782e+01
47 5.9782283446e-01 4.1936213025e-02 4.7611524907e+00 2.6795514953e+01
48 5.9780255381e-01 4.1956235710e-02 4.7551459271e+00 2.6754042822e+01
49 5.9770951173e-01 4.2074632212e-02 4.7348615985e+00 2.6638330953e+01
50 5.9809112016e-01 4.3879441871e-02 4.8624123658e+00 2.8872740925e+01
51 5.9797637309e-01 4.3760780838e-02 4.8575504018e+00 2.8883179158e+01
52 5.9811034560e-01 4.4435906733e-02 4.7591402741e+00 2.7809647866e+01
53 5.9802874230e-01 4.4494908865e-02 4.7431974810e+00 2.7700125656e+01
54 5.9825608744e-01 4.5080067642e-02 4.6744751810e+00 2.6846231404e+01
55 5.9854076204e-01 4.5755192016e-02 4.6032879797e+00 2.5988585516e+01
56 5.9874651044e-01 4.6390168337e-02 4.5178756871e+00 2.5094455791e+01
57 5.9901290494e-01 4.6837296629e-02 4.4499501813e+00 2.4377494139e+01
58 5.9928498939e-01 4.7529586022e-02 4.3902362517e+00 2.3680610855e+01
59 5.9913467719e-01 4.7546100378e-02 4.3696612355e+00 2.3556136192e+01
60 5.9959758866e-01 4.8657761600e-02 4.2622577740e+00 2.2331852199e+01
61 5.9960385690e-01 4.8661272447e-02 4.2608385692e+00 2.2323292381e+01
62 6.0012047622e-01 4.9699535635e-02 4.1565440899e+00 2.1199174802e+01
63 6.0003104307e-01 4.9639149129e-02 4.1530275977e+00 2.1222068189e+01
64 5.9991053092e-01 4.9727050785e-02 4.1344371154e+00 2.1116692395e+01
65 5.9984153397e-01 4.9784366145e-02 4.1213466260e+00 2.1047073012e+01
66 5.9965414281e-01 4.9922391393e-02 4.0903870961e+00 2.0889072279e+01
67 6.0013983092e-01 5.1099293459e-02 3.9941508331e+00 1.9875957747e+01
68 6.0008037280e-01 5.1122056814e-02 3.9915414698e+00 1.9859693743e+01
69 6.0007605351e-01 5.1141171604e-02 3.9862141523e+00 1.9832845161e+01
70 6.0009909174e-01 5.1174994956e-02 3.9818194767e+00 1.9804518760e+01
71 6.0009952763e-01 5.1382045688e-02 3.9846033663e+00 1.9803300095e+01
72 5.9979180523e-01 5.0779219576e-02 4.0202213068e+00 2.0234343489e+01
73 5.9972922527e-01 5.0966629542e-02 3.9973213746e+00 2.0091155962e+01
74 5.9999147073e-01 5.1364161410e-02 3.9528412341e+00 1.9649006928e+01
75 6.0017843347e-01 5.1823140395e-02 3.9058577032e+00 1.9195833467e+01
76 6.0015423066e-01 5.1856839180e-02 3.8991101460e+00 1.9153792653e+01
77 6.0055710303e-01 5.3143127327e-02 3.9358675081e+00 1.9686813426e+01
78 6.0030650486e-01 5.2678676436e-02 3.9769044910e+00 2.0132254031e+01
79 6.0028145146e-01 5.2581848177e-02 3.9746397848e+00 2.0151444975e+01
80 6.0047875242e-01 5.3091664311e-02 3.9271811552e+00 1.9668873167e+01
81 6.0081838913e-01 5.3910263306e-02 3.8406163260e+00 1.8817017577e+01
82 6.0091640798e-01 5.4737230284e-02 3.9101244984e+00 1.9590959764e+01
83 6.0108875216e-01 5.5126610187e-02 3.8626220100e+00 1.9145923755e+01
84 6.0137278433e-01 5.6833737166e-02 3.9886967086e+00 2.0432990014e+01
85 6.0151497148e-01 5.6423377847e-02 3.8673689405e+00 1.9194429827e+01
86 6.0167544756e-01 5.6916114215e-02 3.8177535004e+00 1.8740136256e+01
87 6.0196927540e-01 5.7377942844e-02 3.7706189787e+00 1.8299388507e+01
88 6.0189293754e-01 5.7429332985e-02 3.7626197298e+00 1.8255882395e+01
89 6.0192780670e-01 5.7426470767e-02 3.7612169444e+00 1.8250684887e+01
90 6.0205527266e-01 5.8260433868e-02 3.8079029365e+00 1.8725146461e+01
91 6.0254662045e-01 5.8999649306e-02 3.7292297489e+00 1.7981488987e+01
92 6.0274568564e-01 5.9538074099e-02 3.6788680948e+00 1.7539922101e+01
93 6.0272869722e-01 5.9492171940e-02 3.6788622439e+00 1.7548521082e+01
94 6.0274025568e-01 5.9548709974e-02 3.6769187847e+00 1.7527148288e+01
95 6.0255111291e-01 5.8798403908e-02 3.6219461899e+00 1.7023074049e+01
96 6.0259429896e-01 5.8920349174e-02 3.6236332138e+00 1.7021739932e+01
97 6.0264085066e-01 5.8919306418e-02 3.6217677837e+00 1.7011108059e+01
98 6.0292126693e-01 5.9379206409e-02 3.5852240937e+00 1.6660329501e+01
99 6.0317829951e-01 5.9826978702e-02 3.5436923081e+00 1.6297468917e+01
100 6.0315162846e-01 5.9892060301e-02 3.5425248053e+00 1.6281070600e+01
101 6.0369382090e-01 6.1379616315e-02 3.5252991241e+00 1.6136257954e+01
102 6.0378491693e-01 6.2162257284e-02 3.5615862260e+00 1.6480665019e+01
103 6.0371135564e-01 6.2197941746e-02 3.5580543638e+00 1.6460546738e+01
104 6.0364757475e-01 6.2242613693e-02 3.5525773225e+00 1.6428793652e+01
105 6.0339747839e-01 6.1864067566e-02 3.5835535550e+00 1.6726782460e+01
106 6.0340303904e-01 6.1870857736e-02 3.5824472217e+00 1.6717554214e+01
107 6.0339279020e-01 6.1939350624e-02 3.5789497268e+00 1.6686882705e+01
108 6.0340173098e-01 6.1955745303e-02 3.5752601771e+00 1.6667492410e+01
109 6.0299601059e-01 6.1591840793e-02 3.6000172241e+00 1.6950697297e+01
110 6.0317424568e-01 6.2051691630e-02 3.5559641289e+00 1.6581693425e+01
111 6.0354595297e-01 6.3112000989e-02 3.5553833806e+00 1.6548572626e+01
112 6.0353826951e-01 6.3165556315e-02 3.5443067259e+00 1.6497630746e+01
113 6.0411490426e-01 6.4240671374e-02 3.4481942618e+00 1.5662437929e+01
114 6.0504301784e-01 6.5552679941e-02 3.3254623208e+00 1.4654642916e+01
115 6.0520816810e-01 6.5930971597e-02 3.2975102109e+00 1.4415829860e+01
116 6.0524008207e-01 6.5971650693e-02 3.2949165146e+00 1.4394184577e+01
117 6.0526509810e-01 6.5994081343e-02 3.2892327764e+00 1.4371665768e+01
118 6.0532854826e-01 6.5995706258e-02 3.2860660984e+00 1.4357685862e+01
119 6.0560933523e-01 6.6892678819e-02 3.2630827556e+00 1.4140315609e+01
120 6.0542117461e-01 6.7044874004e-02 3.2526466549e+00 1.4090205827e+01
121 6.0525258048e-01 6.6573091203e-02 3.2799469950e+00 1.4340805008e+01
122 6.0557702275e-01 6.7910413305e-02 3.3234161756e+00 1.4651414739e+01
123 6.0578111398e-01 6.7973641864e-02 3.2479655056e+00 1.4119845758e+01
124 6.0574794875e-01 6.8006872309e-02 3.2439237479e+00 1.4099260674e+01
125 6.0549732667e-01 6.7550179750e-02 3.2713429746e+00 1.4350468219e+01
126 6.0566750295e-01 6.8007907083e-02 3.2436530085e+00 1.4100090264e+01
127 6.0610894623e-01 6.8971871265e-02 3.2521821571e+00 1.4166185493e+01
128 6.0648932858e-01 6.9983609451e-02 3.2475026871e+00 1.4096531267e+01
129 6.0675792607e-01 7.1052674407e-02 3.2379544620e+00 1.3991337494e+01
130 6.0698959819e-01 7.1332603644e-02 3.2130522781e+00 1.3800829138e+01
131 6.0682465266e-01 7.0836686583e-02 3.1819376849e+00 1.3597574925e+01
132 6.0732666638e-01 7.1555993900e-02 3.1301119041e+00 1.3174996287e+01
133 6.0729442170e-01 7.1410506213e-02 3.1333098139e+00 1.3220283359e+01
134 6.0765536316e-01 7.2488749122e-02 3.1320691723e+00 1.3198449177e+01
135 6.0757941693e-01 7.2485546833e-02 3.1354495465e+00 1.3213945516e+01
136 6.0754900189e-01 7.2522160449e-02 3.1312398464e+00 1.3193185165e+01
137 6.0750656908e-01 7.2575046204e-02 3.1245050900e+00 1.3164238598e+01
138 6.0741745293e-01 7.2616209531e-02 3.1220040979e+00 1.3150452888e+01
139 6.0790559249e-01 7.3336309508e-02 3.0740783754e+00 1.2763817301e+01
140 6.0769154709e-01 7.3011373192e-02 3.0977793707e+00 1.2949465478e+01
141 6.0752830322e-01 7.2451956509e-02 3.0656359508e+00 1.2741447407e+01
142 6.0762462694e-01 7.2379239124e-02 3.0706755851e+00 1.2769593967e+01
143 6.0784292584e-01 7.2614219759e-02 3.0489002247e+00 1.2611518865e+01
144 6.0803516505e-01 7.2907422498e-02 3.0212019882e+00 1.2433152936e+01
145 6.0832046943e-01 7.3844059353e-02 3.0001227200e+00 1.2257295517e+01
146 6.0868869792e-01 7.4805058635e-02 2.9890510382e+00 1.2150285659e+01
147 6.0882170020e-01 7.5172013071e-02 2.9561986587e+00 1.1950685775e+01
148 6.0881942927e-01 7.5178851112e-02 2.9568500354e+00 1.1951613500e+01
149 6.0929866731e-01 7.5600522767e-02 2.9176067952e+00 1.1682225415e+01
150 6.0928560152e-01 7.5631173575e-02 2.9134956911e+00 1.1666574881e+01
151 6.0928283545e-01 7.5639497730e-02 2.9123497431e+00 1.1662135984e+01
152 6.0932692480e-01 7.5707183895e-02 2.9105212812e+00 1.1641363343e+01
153 6.0953586225e-01 7.6012186821e-02 2.8795166020e+00 1.1407360969e+01
154 6.1015529836e-01 7.6857092153e-02 2.8144821235e+00 1.0938959786e+01
155 6.1042858679e-01 7.7156896196e-02 2.7923077074e+00 1.0774744921e+01
156 6.1059487085e-01 7.7499437627e-02 2.7693438957e+00 1.0622381866e+01
157 6.1061524708e-01 7.7489044016e-02 2.7699329414e+00 1.0624952753e+01
158 6.1084735757e-01 7.7746196475e-02 2.7364925443e+00 1.0389014834e+01
159 6.1101249599e-01 7.8292250534e-02 2.7488734860e+00 1.0453540770e+01
160 6.1097441089e-01 7.8320065011e-02 2.7450094164e+00 1.0440535156e+01
161 6.1117581098e-01 7.8741388479e-02 2.7294131687e+00 1.0343695255e+01
162 6.1127373169e-01 7.8458289074e-02 2.6947041525e+00 1.0135556801e+01
163 6.1106971660e-01 7.8011525886e-02 2.6825741326e+00 1.0062623980e+01
164 6.1088893879e-01 7.7443239664e-02 2.6675313511e+00 9.9848666332e+00
165 6.1090517589e-01 7.7531157173e-02 2.6668836048e+00 9.9722226264e+00
166 6.1140401592e-01 7.8429832117e-02 2.6361872185e+00 9.7575340779e+00
167 6.1137891556e-01 7.8479232994e-02 2.6387237464e+00 9.7650486106e+00
168 6.1132698046e-01 7.8527301652e-02 2.6346088755e+00 9.7493148970e+00
169 6.1150915660e-01 7.8822383894e-02 2.6137854400e+00 9.6241079569e+00
170 6.1156179352e-01 7.9427087791e-02 2.6251136865e+00 9.7006569768e+00
171 6.1179746448e-01 7.9813013844e-02 2.6033470253e+00 9.5582981035e+00
172 6.1193820686e-01 8.0122384878e-02 2.5813145441e+00 9.4194091995e+00
173 6.1196984722e-01 7.9925806591e-02 2.5513158363e+00 9.2495691273e+00
174 6.1218805399e-01 8.0229895131e-02 2.5327120952e+00 9.1334065712e+00
175 6.1230143952e-01 8.0268553881e-02 2.5285678426e+00 9.1144052874e+00
176 6.1224661217e-01 8.0372536177e-02 2.5333843347e+00 9.1554519689e+00
177 6.1250770138e-01 8.0567190023e-02 2.5181198824e+00 9.0625813136e+00
178 6.1250245643e-01 8.0581373666e-02 2.5167812458e+00 9.0568660772e+00
179 6.1249892478e-01 8.0499539624e-02 2.5188121959e+00 9.0728156454e+00
180 6.1215236574e-01 7.9838053075e-02 2.5224444748e+00 9.1140350946e+00
181 6.1232463985e-01 8.0172544141e-02 2.5019197533e+00 8.9936123683e+00
182 6.1226935325e-01 8.0222159647e-02 2.4917139250e+00 8.9224578474e+00
183 6.1179041110e-01 7.9401421515e-02 2.4880669048e+00 8.9006856744e+00
184 6.1175095610e-01 7.9397775839e-02 2.4916242261e+00 8.9353919625e+00
185 6.1179441435e-01 7.9445880056e-02 2.4877408666e+00 8.9209217010e+00
186 6.1176328445e-01 7.9429515810e-02 2.4880513150e+00 8.9254877062e+00
187 6.1173945489e-01 7.9446287009e-02 2.4870322960e+00 8.9211990038e+00
188 6.1157395346e-01 7.8984123727e-02 2.4685777461e+00 8.8308175778e+00
189 6.1191918771e-01 7.9805029900e-02 2.4366417411e+00 8.6138228449e+00
190 6.1193253962e-01 7.9735261173e-02 2.4396329270e+00 8.6295555301e+00
191 6.1195662705e-01 7.9711852108e-02 2.4430792064e+00 8.6422934573e+00
192 6.1196040130e-01 7.9568581330e-02 2.4208825255e+00 8.5186787112e+00
193 6.1232174646e-01 8.0475808293e-02 2.4251569398e+00 8.5670145408e+00
194 6.1256290636e-01 8.0728357661e-02 2.4081874113e+00 8.4677521566e+00
195 6.1282182251e-01 8.1026430755e-02 2.3909857279e+00 8.3631273602e+00
196 6.1252033078e-01 8.0149143396e-02 2.3773072511e+00 8.2687225160e+00
197 6.1275118784e-01 8.0451920352e-02 2.3598574281e+00 8.1687849766e+00
198 6.1280215196e-01 8.0249868959e-02 2.3222788233e+00 7.9262356950e+00
199 6.1279753581e-01 8.0300539471e-02 2.3218329880e+00 7.9225195536e+00
200 6.1295672393e-01 8.0967109665e-02 2.3530577574e+00 8.1468985771e+00
201 6.1309925961e-01 8.1619006474e-02 2.3882663779e+00 8.4245022398e+00
202 6.1287591850e-01 8.1405225179e-02 2.4015917095e+00 8.5100544331e+00
203 6.1285308970e-01 8.1445895817e-02 2.4010337690e+00 8.5037723644e+00
204 6.1281797858e-01 8.1367896784e-02 2.3985696248e+00 8.5108711637e+00
205 6.1277792521e-01 8.1438429524e-02 2.3966370747e+00 8.5021211400e+00
206 6.1324265197e-01 8.2680925984e-02 2.3858280580e+00 8.4761683068e+00
207 6.1340156575e-01 8.2987597437e-02 2.3701853777e+00 8.3801117403e+00
208 6.1343658724e-01 8.3207393857e-02 2.3697894109e+00 8.3617634702e+00
209 6.1318508015e-01 8.2904953792e-02 2.3844407402e+00 8.4567519675e+00
210 6.1319826658e-01 8.2949194531e-02 2.3844306428e+00 8.4520237239e+00
211 6.1345892522e-01 8.3301386009e-02 2.3672131018e+00 8.3443931548e+00
212 6.1324772800e-01 8.2077732170e-02 2.3116349614e+00 7.9743044925e+00
213 6.1349175356e-01 8.2413468339e-02 2.2966437768e+00 7.8784621961e+00
214 6.1338737787e-01 8.2481709006e-02 2.2928705878e+00 7.8661538201e+00
215 6.1391843326e-01 8.3847423595e-02 2.3313581273e+00 8.1631501240e+00
216 6.1417452465e-01 8.4125037152e-02 2.3145672276e+00 8.0686261289e+00
217 6.1420472845e-01 8.4101743674e-02 2.3145608008e+00 8.0706751949e+00
218 6.1435364088e-01 8.4915069123e-02 2.3686034374e+00 8.5516895902e+00
219 6.1408526289e-01 8.4629312616e-02 2.3835957579e+00 8.6489790381e+00
220 6.1396374071e-01 8.4135669332e-02 2.3721732808e+00 8.5894001534e+00
221 6.1430899154e-01 8.5230600856e-02 2.3978739300e+00 8.7041074369e+00
222 6.1433163054e-01 8.5242718247e-02 2.3970832383e+00 8.7028599778e+00
223 6.1432658456e-01 8.4363972081e-02 2.3212017818e+00 8.1366473705e+00
224 6.1490360801e-01 8.4497738866e-02 2.2611034032e+00 7.7725220805e+00
225 6.1441540400e-01 8.3719273689e-02 2.2484111137e+00 7.7248014870e+00
226 6.1440438037e-01 8.3764928847e-02 2.2464691644e+00 7.7143351749e+00
227 6.1467122731e-01 8.4026931801e-02 2.2318405128e+00 7.6362299077e+00
228 6.1468321113e-01 8.4071685215e-02 2.2317763419e+00 7.6321989822e+00
229 6.1461192257e-01 8.3625184666e-02 2.2146006769e+00 7.5406447562e+00
230 6.1428190211e-01 8.3496717428e-02 2.2262514298e+00 7.6022643746e+00
231 6.1434193215e-01 8.3504916415e-02 2.2220239624e+00 7.5872018999e+00
232 6.1407264872e-01 8.3141807718e-02 2.2242506941e+00 7.5891621255e+00
233 6.1436640150e-01 8.4182825419e-02 2.2569977191e+00 7.7714914722e+00
234 6.1429813797e-01 8.4130845448e-02 2.2577385750e+00 7.7786480078e+00
235 6.1384659380e-01 8.3413258491e-02 2.2558421993e+00 7.7833212617e+00
236 6.1375233312e-01 8.3539446747e-02 2.2495018173e+00 7.7655334052e+00
237 6.1296210512e-01 8.2615829020e-02 2.2876003750e+00 8.0234139280e+00
238 6.1275224986e-01 8.2346772063e-02 2.3003324344e+00 8.1080162148e+00
239 6.1291109678e-01 8.2879158496e-02 2.3190695793e+00 8.2173305028e+00
240 6.1289467145e-01 8.2927045820e-02 2.3181421929e+00 8.2095177114e+00
241 6.1247186983e-01 8.2341865071e-02 2.3233055914e+00 8.2636679199e+00
242 6.1253999066e-01 8.2596575807e-02 2.3063649360e+00 8.1718184906e+00
243 6.1282978113e-01 8.3480135460e-02 2.3091058499e+00 8.1974853473e+00
244 6.1268280971e-01 8.3013872951e-02 2.2893153311e+00 8.0877997424e+00
245 6.1279593926e-01 8.3454015484e-02 2.2960716152e+00 8.1069158938e+00
246 6.1320347289e-01 8.3957468474e-02 2.2658905477e+00 7.9353597930e+00
247 6.1322395905e-01 8.3963998180e-02 2.2644078812e+00 7.9308909369e+00
248 6.1281466748e-01 8.3211127653e-02 2.2625780058e+00 7.9370390497e+00
249 6.1264457705e-01 8.3243740002e-02 2.2960118331e+00 8.2032065472e+00
250 6.1257224434e-01 8.3221847225e-02 2.2870763867e+00 8.1059848222e+00
251 6.1230786858e-01 8.2419180190e-02 2.2374393557e+00 7.7722262874e+00
252 6.1272061772e-01 8.3309842378e-02 2.2398594659e+00 7.7768928989e+00
253 6.1270435045e-01 8.3319329448e-02 2.2396607772e+00 7.7750616849e+00
254 6.1316643707e-01 8.3816841915e-02 2.2138524609e+00 7.6171937010e+00
255 6.1333010265e-01 8.4331794811e-02 2.2330789336e+00 7.7277199995e+00
256 6.1340750064e-01 8.4402721474e-02 2.2363359265e+00 7.7487164172e+00
257 6.1368590202e-01 8.5302716619e-02 2.2464014338e+00 7.8150621985e+00
258 6.1386859482e-01 8.5708201681e-02 2.2330502911e+00 7.7262151818e+00
259 6.1356990930e-01 8.5434946556e-02 2.2438661004e+00 7.7978223069e+00
260 6.1453782805e-01 8.6415851954e-02 2.1935828598e+00 7.4941537074e+00
261 6.1446144654e-01 8.6324065630e-02 2.1791815681e+00 7.3730127327e+00
262 6.1439140926e-01 8.6338528339e-02 2.1770434668e+00 7.3683191776e+00
263 6.1432930023e-01 8.6310065148e-02 2.1788390625e+00 7.3764199333e+00
264 6.1435568215e-01 8.6410157441e-02 2.1763839484e+00 7.3579226758e+00
265 6.1423268037e-01 8.6742869099e-02 2.2083647537e+00 7.5449615431e+00
266 6.1471513965e-01 8.7328805737e-02 2.1787454641e+00 7.3757397935e+00
267 6.1454639023e-01 8.6928776316e-02 2.1691412621e+00 7.3382660431e+00
268 6.1442243573e-01 8.6950908356e-02 2.1687846490e+00 7.3394831502e+00
269 6.1432927446e-01 8.7074797899e-02 2.1645954768e+00 7.3209952679e+00
270 6.1417620057e-01 8.6472482382e-02 2.1438072690e+00 7.2071576939e+00
271 6.1410846396e-01 8.6502123137e-02 2.1432900107e+00 7.2045516753e+00
272 6.1404213731e-01 8.6535114641e-02 2.1410698973e+00 7.1999982928e+00
273 6.1397465905e-01 8.6581205476e-02 2.1381086213e+00 7.1917080328e+00
274 6.1369785364e-01 8.6404337598e-02 2.1508055903e+00 7.2592251571e+00
275 6.1395006494e-01 8.7547080135e-02 2.1894793956e+00 7.5003587289e+00
276 6.1396390024e-01 8.7581408052e-02 2.1887684854e+00 7.4944321522e+00
277 6.1430071216e-01 8.8066207688e-02 2.1791472735e+00 7.4213494811e+00
278 6.1470840909e-01 8.8579050669e-02 2.1691800978e+00 7.3477654718e+00
279 6.1488563638e-01 8.8840880448e-02 2.1569515333e+00 7.2758466489e+00
280 6.1531563257e-01 8.9563019211e-02 2.1607310857e+00 7.3010048720e+00
281 6.1440552575e-01 8.8215150928e-02 2.1576910070e+00 7.2945361568e+00
282 6.1438158027e-01 8.8204153150e-02 2.1610573077e+00 7.3139352751e+00
283 6.1424317251e-01 8.8338586819e-02 2.1567288675e+00 7.2979213468e+00
284 6.1481608688e-01 8.9686816284e-02 2.1748413029e+00 7.3837582519e+00
285 6.1452181365e-01 8.8750226959e-02 2.1595113768e+00 7.3225153324e+00
286 6.1467330788e-01 8.9171297282e-02 2.1717695608e+00 7.3869826749e+00
287 6.1442904810e-01 8.8840154552e-02 2.1830515615e+00 7.4624150629e+00
288 6.1442528835e-01 8.8927673043e-02 2.1798497759e+00 7.4498566720e+00
289 6.1425887537e-01 8.8474885976e-02 2.1681471241e+00 7.3919030038e+00
290 6.1376750018e-01 8.7678169394e-02 2.1645108874e+00 7.3692420739e+00
291 6.1353036791e-01 8.7338753607e-02 2.1509278011e+00 7.2952200375e+00
292 6.1336886358e-01 8.6874526112e-02 2.1258487413e+00 7.1434756084e+00
293 6.1389191001e-01 8.8020691050e-02 2.1553478175e+00 7.3510138275e+00
294 6.1363983220e-01 8.7655671064e-02 2.1625415680e+00 7.3880078981e+00
295 6.1381376502e-01 8.8183273633e-02 2.1832803826e+00 7.5246462886e+00
296 6.1383668474e-01 8.8140042697e-02 2.1803497842e+00 7.5129226787e+00
297 6.1394171865e-01 8.8594141868e-02 2.1910076531e+00 7.5579213000e+00
298 6.1406721448e-01 8.9088601171e-02 2.2011850082e+00 7.6061759934e+00
299 6.1411725875e-01 8.9064441979e-02 2.1998092116e+00 7.6046567542e+00
300 6.1399336023e-01 8.9153628809e-02 2.1952767504e+00 7.5885157488e+00
301 6.1425313407e-01 8.9506014904e-02 2.1802891525e+00 7.4995408263e+00
302 6.1372974025e-01 8.8643822919e-02 2.1775773957e+00 7.4524287389e+00
303 6.1322844721e-01 8.7824050781e-02 2.1718671478e+00 7.4300141901e+00
304 6.1335225800e-01 8.8115119998e-02 2.1576467577e+00 7.3517157832e+00
305 6.1357364904e-01 8.8530671111e-02 2.1652989276e+00 7.3814227714e+00
306 6.1382212617e-01 8.8750637390e-02 2.1527198097e+00 7.3120181512e+00
307 6.1346126825e-01 8.8086323930e-02 2.1522016083e+00 7.3267386889e+00
308 6.1372974350e-01 8.9270078159e-02 2.1962187795e+00 7.6119537777e+00
309 6.1362929491e-01 8.9306304556e-02 2.1960406105e+00 7.6101990747e+00
310 6.1389205950e-01 8.9557718835e-02 2.1831125785e+00 7.5335511343e+00
311 6.1398300880e-01 9.0107171900e-02 2.2036340221e+00 7.6553953681e+00
312 6.1420031934e-01 9.0435906361e-02 2.1914064539e+00 7.5755849782e+00
313 6.1378231829e-01 8.9843164468e-02 2.1959495982e+00 7.6219374938e+00
314 6.1380770213e-01 8.9849248575e-02 2.1945122027e+00 7.6176224609e+00
315 6.1362057885e-01 8.9405122752e-02 2.1822921502e+00 7.5655174420e+00
316 6.1358561925e-01 8.9373785253e-02 2.1831028453e+00 7.5711122396e+00
317 6.1350156484e-01 8.9415126357e-02 2.1819844125e+00 7.5664431344e+00
318 6.1336980531e-01 8.9538752266e-02 2.1734235818e+00 7.5439045717e+00
319 6.1353526951e-01 8.9911804991e-02 2.1612889573e+00 7.4604019866e+00
320 6.1366424652e-01 9.0392153071e-02 2.1642944453e+00 7.4502382006e+00
321 6.1350071777e-01 9.0021784311e-02 2.1610682554e+00 7.4514330580e+00
322 6.1360997838e-01 9.0578558952e-02 2.1689377478e+00 7.5058474741e+00
323 6.1405280261e-01 9.1231089292e-02 2.1462786616e+00 7.3535417247e+00
324 6.1388821529e-01 9.0794902011e-02 2.1352980624e+00 7.2973594198e+00
325 6.1304387170e-01 8.9151733748e-02 2.1159354656e+00 7.1783786889e+00
326 6.1304158777e-01 8.9467821897e-02 2.1385916755e+00 7.2938373690e+00
327 6.1325494493e-01 8.9870583234e-02 2.1240062577e+00 7.2199138336e+00
328 6.1365207732e-01 9.0672611846e-02 2.1249557540e+00 7.2082504389e+00
329 6.1385512633e-01 9.1218250723e-02 2.1396201244e+00 7.2906025046e+00
330 6.1384646334e-01 9.1199094948e-02 2.1343665214e+00 7.2512217788e+00
331 6.1330053329e-01 9.0802496055e-02 2.1726467385e+00 7.5017332777e+00
332 6.1362196533e-01 9.1695944386e-02 2.1918167482e+00 7.5920567360e+00
333 6.1357315283e-01 9.1664735745e-02 2.1904083320e+00 7.5956150212e+00
334 6.1331289128e-01 9.1423303701e-02 2.2009984777e+00 7.6652979341e+00
335 6.1333132652e-01 9.1538277839e-02 2.2002014371e+00 7.6537053661e+00
336 6.1326645099e-01 9.1071051561e-02 2.1883632906e+00 7.6098515034e+00
337 6.1344640230e-01 9.1287513497e-02 2.1717511195e+00 7.5361800780e+00
338 6.1368427896e-01 9.1582354532e-02 2.1584874756e+00 7.4568570305e+00
339 6.1369349096e-01 9.1610353538e-02 2.1581378907e+00 7.4529535575e+00
340 6.1349450892e-01 9.1182763022e-02 2.1497428736e+00 7.4146859625e+00
341 6.1362160620e-01 9.1799171351e-02 2.1775875720e+00 7.5970307673e+00
342 6.1368239930e-01 9.1859802713e-02 2.1809864420e+00 7.6302471780e+00
343 6.1363926395e-01 9.1848939620e-02 2.1737486588e+00 7.5864959715e+00
344 6.1324077999e-01 9.1055535875e-02 2.1740268695e+00 7.6188674307e+00
345 6.1327317341e-01 9.0620559342e-02 2.1502397892e+00 7.5093594756e+00
346 6.1339851321e-01 9.1081051577e-02 2.1578413734e+00 7.5294780989e+00
347 6.1319404424e-01 9.0675518088e-02 2.1441128866e+00 7.4657090649e+00
348 6.1340309381e-01 9.0926998939e-02 2.1321385205e+00 7.3937933021e+00
349 6.1324267558e-01 9.0292704811e-02 2.1072661176e+00 7.2512884194e+00
350 6.1252603850e-01 8.8816312908e-02 2.0776792420e+00 7.0899021648e+00
351 6.1263208687e-01 8.9244045415e-02 2.0795976447e+00 7.0957596469e+00
352 6.1262524837e-01 8.9295178056e-02 2.0779555810e+00 7.0885410836e+00
353 6.1288628076e-01 8.9484213503e-02 2.0663040038e+00 7.0244676090e+00
354 6.1283058844e-01 8.9485510361e-02 2.0641576087e+00 7.0209633985e+00
355 6.1227892297e-01 8.8149135860e-02 2.0382512249e+00 6.8819827011e+00
356 6.1224446404e-01 8.8281931355e-02 2.0452946987e+00 6.9214843429e+00
357 6.1228676788e-01 8.8312898792e-02 2.0444372823e+00 6.9176462280e+00
358 6.1224838760e-01 8.8321534017e-02 2.0450500678e+00 6.9185634488e+00
359 6.1216056774e-01 8.7771552750e-02 2.0213834754e+00 6.7850439713e+00
360 6.1238555628e-01 8.8003808854e-02 2.0087077263e+00 6.7179487453e+00
361 6.1244393300e-01 8.8013738018e-02 2.0062613526e+00 6.7094577552e+00
362 6.1281768574e-01 8.8922476042e-02 2.0157391656e+00 6.7453460118e+00
363 6.1227455161e-01 8.7790680117e-02 2.0101478451e+00 6.7503166472e+00
364 6.1226881626e-01 8.7824843628e-02 2.0072123720e+00 6.7452279954e+00
365 6.1227907078e-01 8.7718703616e-02 1.9861252408e+00 6.6398202093e+00
