1 5.9282947138e-01 1.1102230246e-16 1.0000000000e+00 1.0000000000e+00
2 5.9279842216e-01 1.8359428949e-03 -1.9794851669e+01 5.0982407917e+02
3 5.9274855324e-01 3.3792785437e-03 -6.8123711755e+00 1.5674707715e+02
4 5.9294254599e-01 8.2029831533e-03 2.2314465796e+01 6.5329752367e+02
5 5.9310680568e-01 1.1160369513e-02 1.7800054286e+01 3.7929107213e+02
6 5.9309037324e-01 1.1235580887e-02 1.7433614904e+01 3.6938678468e+02
7 5.9326228911e-01 1.3622129912e-02 1.4686764857e+01 2.5551818000e+02
8 5.9320544905e-01 1.3699014084e-02 1.4431718241e+01 2.5011265209e+02
9 5.9359048754e-01 1.7267385946e-02 1.2012196859e+01 1.6378873240e+02
10 5.9351287704e-01 1.7430589299e-02 1.1823751444e+01 1.6059103402e+02
11 5.9340260007e-01 1.7546141360e-02 1.1580861397e+01 1.5676584775e+02
12 5.9341559655e-01 1.7595450736e-02 1.1480344422e+01 1.5499072894e+02
13 5.9357078592e-01 1.9190975834e-02 1.0579459128e+01 1.3070920340e+02
14 5.9353412338e-01 1.9284667474e-02 1.0417172311e+01 1.2831114418e+02
15 5.9366491599e-01 2.0737368491e-02 9.7445198021e+00 1.1147240736e+02
16 5.9357794550e-01 2.0845885027e-02 9.5887315869e+00 1.0936506436e+02
17 5.9350257427e-01 2.0943652450e-02 9.4498587166e+00 1.0750731442e+02
18 5.9357454396e-01 2.0992405911e-02 9.3755081029e+00 1.0638871441e+02
19 5.9361614376e-01 2.2454938370e-02 8.7249152218e+00 9.2696205414e+01
20 5.9354732343e-01 2.2512398804e-02 8.6623464818e+00 9.1865079240e+01
21 5.9338673990e-01 2.2684411566e-02 8.4575569334e+00 8.9413448407e+01
22 5.9344960198e-01 2.2743310203e-02 8.3151309224e+00 8.7578193540e+01
23 5.9338569504e-01 2.2824927607e-02 8.2231652340e+00 8.6447361342e+01
24 5.9318335881e-01 2.3059868197e-02 7.9694455167e+00 8.3325319218e+01
25 5.9306764932e-01 2.2851378086e-02 7.8797312573e+00 8.2636341210e+01
26 5.9295770641e-01 2.2921434615e-02 7.8119683925e+00 8.1799361973e+01
27 5.9292832701e-01 2.2993124771e-02 7.7439367007e+00 8.0833455708e+01
28 5.9313316437e-01 2.4182592553e-02 7.5246779237e+00 7.4393624214e+01
29 5.9330559798e-01 2.5292824581e-02 7.2800834528e+00 6.8571877931e+01
30 5.9352449724e-01 2.6436786420e-02 7.0213883186e+00 6.3210701571e+01
31 5.9341892243e-01 2.6553672396e-02 6.9277422461e+00 6.2239464895e+01
32 5.9367901918e-01 2.7534030370e-02 6.7890614999e+00 5.8642144876e+01
33 5.9360289709e-01 2.7625522283e-02 6.7289872659e+00 5.7951501126e+01
34 5.9391926186e-01 3.0298284509e-02 7.1139612363e+00 6.5842291061e+01
35 5.9393700742e-01 3.0347458969e-02 7.0708997526e+00 6.5421141514e+01
36 5.9425657374e-01 3.2011317580e-02 6.6106909191e+00 5.6945787726e+01
37 5.9468136862e-01 3.3798191705e-02 6.2743305348e+00 5.0443431322e+01
38 5.9463078790e-01 3.3880471800e-02 6.2281999764e+00 5.0000272958e+01
39 5.9483854900e-01 3.4684930443e-02 6.0814026098e+00 4.7346675151e+01
40 5.9501522923e-01 3.5603075365e-02 5.9245582208e+00 4.4732660860e+01
41 5.9497041582e-01 3.5640627596e-02 5.9070354075e+00 4.4577828389e+01
42 5.9460737669e-01 3.3742866109e-02 5.6495291261e+00 4.0217365294e+01
43 5.9460053332e-01 3.3788982896e-02 5.6238562507e+00 4.0008576939e+01
44 5.9456970648e-01 3.3794675290e-02 5.6237032350e+00 4.0002109415e+01
45 5.9454226705e-01 3.3877766291e-02 5.5797722600e+00 3.9641337966e+01
46 5.9466675519e-01 3.4737361126e-02 5.4527574580e+00 3.7755985173e+01
47 5.9475066471e-01 3.5593093348e-02 5.3292418522e+00 3.5988468042e+01
48 5.9467460146e-01 3.5668339627e-02 5.2936018034e+00 3.5747939490e+01
49 5.9481275301e-01 3.6571441961e-02 5.1866945350e+00 3.4262068928e+01
50 5.9525217848e-01 3.8109060197e-02 5.0300248345e+00 3.1840931194e+01
51 5.9525247393e-01 3.8117966311e-02 5.0261651417e+00 3.1811473635e+01
52 5.9509410741e-01 3.8226564475e-02 4.9885593974e+00 3.1543603068e+01
53 5.9499426736e-01 3.8308428715e-02 4.9594961984e+00 3.1332821773e+01
54 5.9515299859e-01 3.9014158207e-02 4.8891930817e+00 3.0270504443e+01
55 5.9561649326e-01 4.0556053175e-02 4.7480210677e+00 2.8294605042e+01
56 5.9546243874e-01 4.0670652786e-02 4.7129726215e+00 2.8056576103e+01
57 5.9530140606e-01 4.0740693374e-02 4.6959756311e+00 2.7946782630e+01
58 5.9561288448e-01 4.2536590294e-02 4.8217933533e+00 2.9908409931e+01
59 5.9584767313e-01 4.3178889678e-02 4.7446808218e+00 2.8872066862e+01
60 5.9607913732e-01 4.3706651030e-02 4.6829611676e+00 2.8010874015e+01
61 5.9619101204e-01 4.4072676377e-02 4.6018937329e+00 2.7142559271e+01
62 5.9637265757e-01 4.4581380682e-02 4.5192169189e+00 2.6245503803e+01
63 5.9662380521e-01 4.5159906020e-02 4.4544985783e+00 2.5439606685e+01
64 5.9706313328e-01 4.6387736352e-02 4.3381590522e+00 2.3972917909e+01
65 5.9725935328e-01 4.6922562500e-02 4.2968538717e+00 2.3387451017e+01
66 5.9758637175e-01 4.8503805979e-02 4.3611384077e+00 2.4227120063e+01
67 5.9753169461e-01 4.8523268258e-02 4.3588794044e+00 2.4208082601e+01
68 5.9712753392e-01 4.6903864443e-02 4.2727428467e+00 2.3250801075e+01
69 5.9740609544e-01 4.7478483493e-02 4.2207935380e+00 2.2626402426e+01
70 5.9738682115e-01 4.7493840527e-02 4.2171644889e+00 2.2603869572e+01
71 5.9734454838e-01 4.7535275756e-02 4.2149456672e+00 2.2583270470e+01
72 5.9725566676e-01 4.7516757428e-02 4.2052386778e+00 2.2531403468e+01
73 5.9750936234e-01 4.8094478424e-02 4.1613985476e+00 2.1983340333e+01
74 5.9713550537e-01 4.7612514822e-02 4.2005542472e+00 2.2492532012e+01
75 5.9726261049e-01 4.8235417303e-02 4.1414471011e+00 2.1844893477e+01
76 5.9720126425e-01 4.8314458380e-02 4.1224344741e+00 2.1727718264e+01
77 5.9740280280e-01 4.8946934610e-02 4.0703242237e+00 2.1148510209e+01
78 5.9733335881e-01 4.9020491864e-02 4.0511732032e+00 2.1053700381e+01
79 5.9738056025e-01 4.9019564729e-02 4.0487812962e+00 2.1039582981e+01
80 5.9737350056e-01 4.9104175340e-02 4.0242396774e+00 2.0903417699e+01
81 5.9752230441e-01 5.0065744740e-02 4.1343767838e+00 2.2223171354e+01
82 5.9749156327e-01 5.0209084205e-02 4.1161395478e+00 2.2088220092e+01
83 5.9765713440e-01 5.0748771960e-02 4.0666548018e+00 2.1520038312e+01
84 5.9769779738e-01 5.0761002258e-02 4.0571346163e+00 2.1465680416e+01
85 5.9796015737e-01 5.1559401492e-02 4.0620683033e+00 2.1625504492e+01
86 5.9856143512e-01 5.3367212512e-02 4.0463687206e+00 2.1353426468e+01
87 5.9872475262e-01 5.3891103441e-02 3.9940484233e+00 2.0803520231e+01
88 5.9857538786e-01 5.3964415207e-02 3.9828747305e+00 2.0737978726e+01
89 5.9893059974e-01 5.4756180364e-02 3.9091306932e+00 1.9950360867e+01
90 5.9935170473e-01 5.5564943331e-02 3.8240611180e+00 1.9105262348e+01
91 5.9943669493e-01 5.5193715957e-02 3.7105906177e+00 1.7938603111e+01
92 5.9937447033e-01 5.5149163016e-02 3.7097574085e+00 1.7948236273e+01
93 5.9958763215e-01 5.5690596688e-02 3.6552526690e+00 1.7483024909e+01
94 5.9971780761e-01 5.6099985415e-02 3.6106336415e+00 1.7105609816e+01
95 5.9966379895e-01 5.6183029931e-02 3.6084143541e+00 1.7083771940e+01
96 6.0050506823e-01 5.8031367142e-02 3.4734080867e+00 1.5764840221e+01
97 6.0067990686e-01 5.8365821751e-02 3.4333326496e+00 1.5454525161e+01
98 6.0067264226e-01 5.8389984656e-02 3.4284448488e+00 1.5431799456e+01
99 6.0079818310e-01 5.8843493942e-02 3.3931006138e+00 1.5133350479e+01
100 6.0081833081e-01 5.8883191957e-02 3.3888644483e+00 1.5106386505e+01
101 6.0082448676e-01 5.8873786221e-02 3.3912850290e+00 1.5112533683e+01
102 6.0076226256e-01 5.8911046329e-02 3.3873720473e+00 1.5088550506e+01
103 6.0075706748e-01 5.8918011961e-02 3.3863339308e+00 1.5082614538e+01
104 6.0068209764e-01 5.8952344651e-02 3.3830785554e+00 1.5065756286e+01
105 6.0040056180e-01 5.8522858198e-02 3.4118510364e+00 1.5348540008e+01
106 6.0047911613e-01 5.9357547219e-02 3.4875622392e+00 1.6116769190e+01
107 6.0068450971e-01 5.9730300114e-02 3.4557297624e+00 1.5824037006e+01
108 6.0112443937e-01 6.0625178336e-02 3.3942585563e+00 1.5237080545e+01
109 6.0156017833e-01 6.1567235553e-02 3.3301916932e+00 1.4665579123e+01
110 6.0107709137e-01 6.0215744141e-02 3.2738838888e+00 1.4037055794e+01
111 6.0127952433e-01 6.0609596041e-02 3.2389723716e+00 1.3776007579e+01
112 6.0119315954e-01 6.0661961834e-02 3.2332566057e+00 1.3748633911e+01
113 6.0139705427e-01 6.1234189709e-02 3.2124893428e+00 1.3538507048e+01
114 6.0122170661e-01 6.1356766701e-02 3.1981692314e+00 1.3472530475e+01
115 6.0110581655e-01 6.1423784314e-02 3.1912378297e+00 1.3439895283e+01
116 6.0082297305e-01 6.0973561967e-02 3.2171691795e+00 1.3670976201e+01
117 6.0110457130e-01 6.2299497463e-02 3.2243506266e+00 1.3797367921e+01
118 6.0147102761e-01 6.2993283671e-02 3.1653028052e+00 1.3346909541e+01
119 6.0142471360e-01 6.3000031308e-02 3.1664913554e+00 1.3350445149e+01
120 6.0152006359e-01 6.3450938175e-02 3.1377876377e+00 1.3113397139e+01
121 6.0125017880e-01 6.3130025872e-02 3.1618199887e+00 1.3316589865e+01
122 6.0074909625e-01 6.1943067206e-02 3.1204995414e+00 1.2887572117e+01
123 6.0055501524e-01 6.2414573832e-02 3.2016718754e+00 1.3617424323e+01
124 6.0074284252e-01 6.2876821924e-02 3.1672273004e+00 1.3349276597e+01
125 6.0072212958e-01 6.2903716222e-02 3.1668805139e+00 1.3343968599e+01
126 6.0112776782e-01 6.3646292437e-02 3.1130822402e+00 1.2910646910e+01
127 6.0152949823e-01 6.5471369632e-02 3.1752189451e+00 1.3496175736e+01
128 6.0175182225e-01 6.5978335669e-02 3.1481100212e+00 1.3258841788e+01
129 6.0277777724e-01 6.8135026692e-02 3.0740364531e+00 1.2632240550e+01
130 6.0270611957e-01 6.8178770096e-02 3.0698345039e+00 1.2614442769e+01
131 6.0289902304e-01 6.8835486780e-02 3.1160101421e+00 1.2999132630e+01
132 6.0326982607e-01 6.9450805170e-02 3.0643863471e+00 1.2627805620e+01
133 6.0325972688e-01 6.9462847322e-02 3.0631685424e+00 1.2620818049e+01
134 6.0311454477e-01 6.8794502265e-02 3.0313240525e+00 1.2367002554e+01
135 6.0329633077e-01 6.9220128378e-02 3.0047680903e+00 1.2159537488e+01
136 6.0327396587e-01 6.9222568104e-02 3.0052312014e+00 1.2161907347e+01
137 6.0348073853e-01 6.9608486544e-02 2.9828713825e+00 1.1982552248e+01
138 6.0372651086e-01 7.0015258258e-02 2.9590498239e+00 1.1796239995e+01
139 6.0394798343e-01 7.0480322733e-02 2.9321248785e+00 1.1595912184e+01
140 6.0437713219e-01 7.1053654371e-02 2.8895895551e+00 1.1287483773e+01
141 6.0420034088e-01 7.0706742972e-02 2.9089179794e+00 1.1444351859e+01
142 6.0418527331e-01 7.0715164208e-02 2.9083299828e+00 1.1441491245e+01
143 6.0428990535e-01 7.1068472660e-02 2.8861659772e+00 1.1277057411e+01
144 6.0463278906e-01 7.2117435692e-02 2.9004812059e+00 1.1416731875e+01
145 6.0467168740e-01 7.2053633931e-02 2.8865040156e+00 1.1290155629e+01
146 6.0464933491e-01 7.1930575595e-02 2.8648699746e+00 1.1133614750e+01
147 6.0414381551e-01 7.1310362593e-02 2.9063050632e+00 1.1443130383e+01
148 6.0415003834e-01 7.1342005065e-02 2.9017505805e+00 1.1422187235e+01
149 6.0408542173e-01 7.1371699771e-02 2.9002400412e+00 1.1414100120e+01
150 6.0429087253e-01 7.1700136922e-02 2.8723786422e+00 1.1189706601e+01
151 6.0431660347e-01 7.1780853625e-02 2.8763399273e+00 1.1201479191e+01
152 6.0431139600e-01 7.1790905768e-02 2.8750995354e+00 1.1196227930e+01
153 6.0515122782e-01 7.3369926264e-02 2.8352934650e+00 1.0905602982e+01
154 6.0514999126e-01 7.3373719793e-02 2.8348416008e+00 1.0903576968e+01
155 6.0521349630e-01 7.3122645884e-02 2.8002712086e+00 1.0696090419e+01
156 6.0537346481e-01 7.3412209610e-02 2.7785556657e+00 1.0552136951e+01
157 6.0534029013e-01 7.3474693984e-02 2.7787646196e+00 1.0550546843e+01
158 6.0563091442e-01 7.4427297325e-02 2.7949296944e+00 1.0731805908e+01
159 6.0497148336e-01 7.3225692781e-02 2.8052825981e+00 1.0814943678e+01
160 6.0531060001e-01 7.3998186661e-02 2.7917719807e+00 1.0683622282e+01
161 6.0548135934e-01 7.4292709045e-02 2.7692413133e+00 1.0540271577e+01
162 6.0518445633e-01 7.3988708324e-02 2.7881761945e+00 1.0685615661e+01
163 6.0480113216e-01 7.3000545310e-02 2.7803707150e+00 1.0632050897e+01
164 6.0490702633e-01 7.3682040078e-02 2.8156904467e+00 1.0910712645e+01
165 6.0528986482e-01 7.4769418714e-02 2.8410796597e+00 1.1146878133e+01
166 6.0572591314e-01 7.5343859887e-02 2.8004246113e+00 1.0858727951e+01
167 6.0562984491e-01 7.5345238683e-02 2.7983658708e+00 1.0856072267e+01
168 6.0572595906e-01 7.6048408555e-02 2.8299135100e+00 1.1118891651e+01
169 6.0538323167e-01 7.5749867161e-02 2.8466080602e+00 1.1258265147e+01
170 6.0537283862e-01 7.5776287743e-02 2.8436313491e+00 1.1244532708e+01
171 6.0585816570e-01 7.6243311350e-02 2.8053084090e+00 1.0980547323e+01
172 6.0595985065e-01 7.6862647260e-02 2.8084376278e+00 1.0980920745e+01
173 6.0576660002e-01 7.6533333545e-02 2.8295118783e+00 1.1131123621e+01
174 6.0604214679e-01 7.7433933066e-02 2.8185060666e+00 1.1024257019e+01
175 6.0603046560e-01 7.7492602353e-02 2.8207299898e+00 1.1049700128e+01
176 6.0559706956e-01 7.6983723527e-02 2.8485990824e+00 1.1323947653e+01
177 6.0594433712e-01 7.7910591821e-02 2.8448054743e+00 1.1291414702e+01
178 6.0611805367e-01 7.8205312086e-02 2.8261149924e+00 1.1153967994e+01
179 6.0631184653e-01 7.8503902720e-02 2.8048629268e+00 1.1010924360e+01
180 6.0653609469e-01 7.9596266791e-02 2.8284196674e+00 1.1123546968e+01
181 6.0613830812e-01 7.9383380710e-02 2.8414769317e+00 1.1238301084e+01
182 6.0656411303e-01 8.0383010742e-02 2.8379877729e+00 1.1191599530e+01
183 6.0634679726e-01 7.9841000980e-02 2.8245457886e+00 1.1118369626e+01
184 6.0625134193e-01 7.9367162880e-02 2.8073712423e+00 1.1024634502e+01
185 6.0627526034e-01 7.9383646732e-02 2.8041158859e+00 1.1012896583e+01
186 6.0657390619e-01 7.9735189415e-02 2.7843498013e+00 1.0864342291e+01
187 6.0634030851e-01 7.9245676185e-02 2.7696721004e+00 1.0799775725e+01
188 6.0629893692e-01 7.9248714702e-02 2.7672674400e+00 1.0797251053e+01
189 6.0620272141e-01 7.9317913470e-02 2.7622296403e+00 1.0774535563e+01
190 6.0666388338e-01 7.9880646359e-02 2.7246538200e+00 1.0512504900e+01
191 6.0659437657e-01 7.9883572557e-02 2.7266046183e+00 1.0520531620e+01
192 6.0659709945e-01 7.9867412913e-02 2.7232432316e+00 1.0487334053e+01
193 6.0694621243e-01 8.0549633562e-02 2.6846751622e+00 1.0214134249e+01
194 6.0714621242e-01 8.0891240863e-02 2.6665603558e+00 1.0083143347e+01
195 6.0745288753e-01 8.1466986037e-02 2.6274493348e+00 9.8445360660e+00
196 6.0766786168e-01 8.1706368666e-02 2.6106598158e+00 9.7375849786e+00
197 6.0763124769e-01 8.1729744730e-02 2.6071879765e+00 9.7278962348e+00
198 6.0767347758e-01 8.1713319269e-02 2.6075607199e+00 9.7300291023e+00
199 6.0814645187e-01 8.2291884793e-02 2.5731837255e+00 9.4999880122e+00
200 6.0804934569e-01 8.2366748436e-02 2.5675070029e+00 9.4801852653e+00
201 6.0858092493e-01 8.2887782465e-02 2.5327831597e+00 9.2626738980e+00
202 6.0781845279e-01 8.1321622234e-02 2.5345646275e+00 9.2924677192e+00
203 6.0731949286e-01 8.0289510589e-02 2.5136998028e+00 9.1332733685e+00
204 6.0729720749e-01 8.0343998389e-02 2.5106420422e+00 9.1163029854e+00
205 6.0706551273e-01 8.0013084519e-02 2.5216418551e+00 9.1783207965e+00
206 6.0704598330e-01 8.0011622181e-02 2.5210406342e+00 9.1768688148e+00
207 6.0741534883e-01 8.0439918735e-02 2.4903720736e+00 8.9858852948e+00
208 6.0745008886e-01 8.0431719813e-02 2.4899916360e+00 8.9850988442e+00
209 6.0771721118e-01 8.1713134812e-02 2.5274721539e+00 9.2527762431e+00
210 6.0724925275e-01 8.1089062737e-02 2.5382963696e+00 9.3382598861e+00
211 6.0723044423e-01 8.1070075684e-02 2.5330786854e+00 9.2951926965e+00
212 6.0726807649e-01 8.1112043324e-02 2.5313081550e+00 9.2846400704e+00
213 6.0745560472e-01 8.1493200187e-02 2.5133639336e+00 9.1630951438e+00
214 6.0731849774e-01 8.0685048178e-02 2.4773207770e+00 8.9345164239e+00
215 6.0724143298e-01 8.0682750656e-02 2.4724461446e+00 8.9297445015e+00
216 6.0725573216e-01 8.0716503689e-02 2.4719562337e+00 8.9246672237e+00
217 6.0768077741e-01 8.1210914627e-02 2.4442756405e+00 8.7408869026e+00
218 6.0792304578e-01 8.1380806544e-02 2.4034433169e+00 8.4137257415e+00
219 6.0793459654e-01 8.1433259523e-02 2.3965666115e+00 8.3939048703e+00
220 6.0761827826e-01 8.0736283346e-02 2.3938344171e+00 8.3997925425e+00
221 6.0738532456e-01 8.0489457704e-02 2.4206705581e+00 8.6193816739e+00
222 6.0737515490e-01 8.0498037936e-02 2.4170582147e+00 8.6131477534e+00
223 6.0720046115e-01 7.9917168337e-02 2.3892254241e+00 8.4236898168e+00
224 6.0720228143e-01 7.9931415957e-02 2.3876072210e+00 8.4176476696e+00
225 6.0692800026e-01 7.9595770078e-02 2.4014766832e+00 8.5140618636e+00
226 6.0719712798e-01 7.9952463836e-02 2.3833154111e+00 8.4093451828e+00
227 6.0720919999e-01 7.9779334460e-02 2.3415019832e+00 8.1490826876e+00
228 6.0688175289e-01 7.9473365027e-02 2.3572050223e+00 8.2499245456e+00
229 6.0655281412e-01 7.9132629571e-02 2.3677771711e+00 8.3387427867e+00
230 6.0690782794e-01 8.0157339721e-02 2.3969512191e+00 8.4909946094e+00
231 6.0705640166e-01 8.0413572323e-02 2.3804696241e+00 8.3779660079e+00
232 6.0725627860e-01 8.0768890232e-02 2.3672758460e+00 8.3206911257e+00
233 6.0715688128e-01 8.0836807684e-02 2.3631257985e+00 8.3063315241e+00
234 6.0730498719e-01 8.1161631914e-02 2.3427923243e+00 8.2004501823e+00
235 6.0776066621e-01 8.1578149632e-02 2.3134965626e+00 8.0281797215e+00
236 6.0776678190e-01 8.1587764409e-02 2.3124733502e+00 8.0233815091e+00
237 6.0803998296e-01 8.1949843660e-02 2.2962450217e+00 7.9235938834e+00
238 6.0787872940e-01 8.1780694724e-02 2.3157239992e+00 8.0558044802e+00
239 6.0787839200e-01 8.1830912916e-02 2.3132327019e+00 8.0439805294e+00
240 6.0801347532e-01 8.2380250881e-02 2.3270078952e+00 8.1249648396e+00
241 6.0807481912e-01 8.2366927001e-02 2.3260704321e+00 8.1232408227e+00
242 6.0809074475e-01 8.2295256185e-02 2.3303188043e+00 8.1377430304e+00
243 6.0861400224e-01 8.2744020124e-02 2.2997329112e+00 7.9643817539e+00
244 6.0833846672e-01 8.2694045803e-02 2.3304023020e+00 8.1708300320e+00
245 6.0835864209e-01 8.2971863122e-02 2.3208915744e+00 8.1090516303e+00
246 6.0851570007e-01 8.3260856355e-02 2.3084367096e+00 8.0265914599e+00
247 6.0900113226e-01 8.3830250620e-02 2.2805684442e+00 7.8564398132e+00
248 6.0919866495e-01 8.4839713186e-02 2.3101779606e+00 8.0318930293e+00
249 6.0904403235e-01 8.4980211932e-02 2.3030838416e+00 8.0085998067e+00
250 6.0919845016e-01 8.5060071549e-02 2.2902674509e+00 7.9447907193e+00
251 6.0900346976e-01 8.4588778551e-02 2.2784558977e+00 7.8862574882e+00
252 6.0902649363e-01 8.4561997354e-02 2.2779508017e+00 7.8877102143e+00
253 6.0882638553e-01 8.4826922923e-02 2.3006996246e+00 8.0048304061e+00
254 6.0813992455e-01 8.3983896886e-02 2.3153800322e+00 8.1156365475e+00
255 6.0811916650e-01 8.4020246568e-02 2.3123158857e+00 8.1048675674e+00
256 6.0844507543e-01 8.5337296690e-02 2.3222658837e+00 8.1972658189e+00
257 6.0844146413e-01 8.5380748119e-02 2.3213768533e+00 8.1906092826e+00
258 6.0844493512e-01 8.5454110362e-02 2.3185764492e+00 8.1769264849e+00
259 6.0845321519e-01 8.5489881869e-02 2.3144707548e+00 8.1631996513e+00
260 6.0851154960e-01 8.5546640552e-02 2.3166020199e+00 8.1746707437e+00
261 6.0857456915e-01 8.5529164453e-02 2.3143747489e+00 8.1697558581e+00
262 6.0860744237e-01 8.5554525412e-02 2.3110924539e+00 8.1570291821e+00
263 6.0857244989e-01 8.5573680287e-02 2.3105268870e+00 8.1544370576e+00
264 6.0851450290e-01 8.5618247355e-02 2.3084599480e+00 8.1478671323e+00
265 6.0852756647e-01 8.5711171610e-02 2.3169112653e+00 8.2099053475e+00
266 6.0875503325e-01 8.5993893048e-02 2.3005184533e+00 8.1164051206e+00
267 6.0895628317e-01 8.6578729843e-02 2.2858341543e+00 8.0099592174e+00
268 6.0917087952e-01 8.6872239246e-02 2.2747419818e+00 7.9308125306e+00
269 6.0896952185e-01 8.6294314442e-02 2.2477357275e+00 7.7571738014e+00
270 6.0889564022e-01 8.6390942349e-02 2.2487110430e+00 7.7506890978e+00
271 6.0902377241e-01 8.6630872248e-02 2.2362332459e+00 7.6760263733e+00
272 6.0931499721e-01 8.7472944431e-02 2.2454009059e+00 7.6860295782e+00
273 6.0974467856e-01 8.8219205493e-02 2.2470675019e+00 7.6877292253e+00
274 6.0973781093e-01 8.8183127346e-02 2.2483222835e+00 7.6953712946e+00
275 6.0967298739e-01 8.8257636876e-02 2.2464742978e+00 7.6856532744e+00
276 6.0933184319e-01 8.7523942309e-02 2.2283824006e+00 7.6131561273e+00
277 6.1004370319e-01 8.8043494066e-02 2.1949886595e+00 7.4287445867e+00
278 6.1017832871e-01 8.8187841006e-02 2.1844695199e+00 7.3757372554e+00
279 6.1031421479e-01 8.7996553846e-02 2.1820806676e+00 7.4070119350e+00
280 6.1039981106e-01 8.8671300255e-02 2.2005738788e+00 7.5220053652e+00
281 6.1037172451e-01 8.8689787091e-02 2.1997494343e+00 7.5188685728e+00
282 6.1034795111e-01 8.8752360968e-02 2.1988744261e+00 7.5132711117e+00
283 6.1034194346e-01 8.8722604689e-02 2.1990426349e+00 7.5165902971e+00
284 6.1077515432e-01 9.0076530940e-02 2.2233652445e+00 7.6560363329e+00
285 6.1078401411e-01 8.9339994642e-02 2.1909075767e+00 7.4922603399e+00
286 6.1070866909e-01 8.9361571756e-02 2.1910362835e+00 7.4933204207e+00
287 6.1059453724e-01 8.9420909927e-02 2.1892360479e+00 7.4857129059e+00
288 6.1065338694e-01 9.0125692131e-02 2.2147875870e+00 7.6415543137e+00
289 6.1002027303e-01 8.8813545832e-02 2.2173358445e+00 7.6404149608e+00
290 6.0929941715e-01 8.8139998680e-02 2.2191725461e+00 7.6566262672e+00
291 6.0922866718e-01 8.8130254527e-02 2.2223952625e+00 7.6668361819e+00
292 6.0974993809e-01 8.9318175981e-02 2.2308088981e+00 7.6787860169e+00
293 6.1006393601e-01 9.0165929317e-02 2.2327861231e+00 7.6646514302e+00
294 6.1027653185e-01 9.0355021097e-02 2.2201609316e+00 7.5965425091e+00
295 6.0980978458e-01 8.9594437755e-02 2.2203832875e+00 7.6109341142e+00
296 6.0935643269e-01 8.8720687955e-02 2.2110993273e+00 7.5507426766e+00
297 6.0945327668e-01 8.8812330106e-02 2.2150367127e+00 7.5809269519e+00
298 6.0876801471e-01 8.7683196703e-02 2.2152738891e+00 7.5847496187e+00
299 6.0786000792e-01 8.6588254172e-02 2.2438656169e+00 7.7701988826e+00
300 6.0782825948e-01 8.6555795329e-02 2.2474609060e+00 7.8017607948e+00
301 6.0786791193e-01 8.6575679663e-02 2.2444623262e+00 7.7905878516e+00
302 6.0817778150e-01 8.7237024960e-02 2.2360094953e+00 7.7175122715e+00
303 6.0811981126e-01 8.7217622299e-02 2.2377394093e+00 7.7223541532e+00
304 6.0812099161e-01 8.7164845562e-02 2.2385686211e+00 7.7325073048e+00
305 6.0774100359e-01 8.6538097790e-02 2.2434739625e+00 7.7775450223e+00
306 6.0770551146e-01 8.6558116014e-02 2.2407638370e+00 7.7680804591e+00
307 6.0765368528e-01 8.6589305221e-02 2.2400716760e+00 7.7624198130e+00
308 6.0724191623e-01 8.5979673842e-02 2.2462020023e+00 7.8221108747e+00
309 6.0718784231e-01 8.6010596308e-02 2.2407106052e+00 7.8078958749e+00
310 6.0708253844e-01 8.6004044184e-02 2.2422672135e+00 7.8133975399e+00
311 6.0737406872e-01 8.6597872617e-02 2.2338705949e+00 7.7558935469e+00
312 6.0772343597e-01 8.7215189230e-02 2.2300850535e+00 7.7214089423e+00
313 6.0802252717e-01 8.8035092073e-02 2.2269603446e+00 7.7156051432e+00
314 6.0835352333e-01 8.8809722903e-02 2.2301938268e+00 7.7178303324e+00
315 6.0854555421e-01 8.9006717908e-02 2.2163851671e+00 7.6453921023e+00
316 6.0835320595e-01 8.8611443671e-02 2.2181210165e+00 7.6473964275e+00
317 6.0861768141e-01 8.8935623092e-02 2.2029026891e+00 7.5592948798e+00
318 6.0859577069e-01 8.8993789332e-02 2.2060418438e+00 7.5732454321e+00
319 6.0815808165e-01 8.8059864926e-02 2.1950874554e+00 7.5022843975e+00
320 6.0837449242e-01 8.8224859554e-02 2.1838874171e+00 7.4411479072e+00
321 6.0805179886e-01 8.7521787908e-02 2.1832761035e+00 7.4551753317e+00
322 6.0791174018e-01 8.6978250475e-02 2.1620487516e+00 7.3412130753e+00
323 6.0764752970e-01 8.6547994916e-02 2.1739791186e+00 7.4256791726e+00
324 6.0785082995e-01 8.6965933063e-02 2.1676040857e+00 7.3882224403e+00
325 6.0763798335e-01 8.6617645030e-02 2.1566611076e+00 7.3480855126e+00
326 6.0817356121e-01 8.7368904088e-02 2.1524889829e+00 7.4477676118e+00
327 6.0857633182e-01 8.7786545490e-02 2.1262554104e+00 7.3108422950e+00
328 6.0864101245e-01 8.7838912379e-02 2.1297470594e+00 7.3432018178e+00
329 6.0859398066e-01 8.7831480758e-02 2.1303359421e+00 7.3492325225e+00
330 6.0860996143e-01 8.7799110547e-02 2.1291725589e+00 7.3491951829e+00
331 6.0936644524e-01 8.9133940627e-02 2.1494618918e+00 7.4629111461e+00
332 6.0903515491e-01 8.8928152123e-02 2.1643978921e+00 7.5417195914e+00
333 6.0854832046e-01 8.8119757259e-02 2.1565471230e+00 7.5034851210e+00
334 6.0817666822e-01 8.7962177967e-02 2.1668144796e+00 7.5667541266e+00
335 6.0811432867e-01 8.8025102037e-02 2.1631270694e+00 7.5533709096e+00
336 6.0788767253e-01 8.7490497792e-02 2.1478675956e+00 7.4919570750e+00
337 6.0802648715e-01 8.8036903728e-02 2.1631103534e+00 7.5736575944e+00
338 6.0850674436e-01 8.9281925248e-02 2.1811875527e+00 7.6726313518e+00
339 6.0845274090e-01 8.9218653247e-02 2.1808511328e+00 7.6787231247e+00
340 6.0857920208e-01 8.9429961341e-02 2.1621359752e+00 7.5434200511e+00
341 6.0892057732e-01 9.0163916765e-02 2.1678150866e+00 7.5760799071e+00
342 6.0848714008e-01 8.9489638211e-02 2.1681403208e+00 7.6007680718e+00
343 6.0832370617e-01 8.8899533248e-02 2.1436509239e+00 7.4524754126e+00
344 6.0868053951e-01 8.8865200526e-02 2.0931408426e+00 7.1510074607e+00
345 6.0901877364e-01 8.9838974604e-02 2.1133674177e+00 7.2428479157e+00
346 6.0861958003e-01 8.9110679967e-02 2.1134753928e+00 7.2480222316e+00
347 6.0883449518e-01 8.9162352341e-02 2.1042052013e+00 7.2072747096e+00
348 6.0898804597e-01 8.9549398957e-02 2.1057516818e+00 7.1942252458e+00
349 6.0884591969e-01 8.9528400183e-02 2.1049647916e+00 7.1789924803e+00
350 6.0899672386e-01 8.9991302213e-02 2.1139248811e+00 7.2007864793e+00
351 6.0937760493e-01 9.0663076926e-02 2.1184709761e+00 7.2293553583e+00
352 6.0933615272e-01 9.0663180499e-02 2.1154081724e+00 7.2289535659e+00
353 6.0908976055e-01 9.0038763659e-02 2.1027820538e+00 7.1852728632e+00
354 6.0882900626e-01 9.0044352031e-02 2.1171073707e+00 7.2697882935e+00
355 6.0929639337e-01 9.0601289478e-02 2.0908332130e+00 7.1201285687e+00
356 6.0938793562e-01 9.1052237264e-02 2.1031912752e+00 7.1735263295e+00
357 6.0937873142e-01 9.1061579978e-02 2.1031969862e+00 7.1717157452e+00
358 6.0915629902e-01 9.0875327620e-02 2.1148203716e+00 7.2331604330e+00
359 6.0913059085e-01 9.0896350457e-02 2.1131605644e+00 7.2276116795e+00
360 6.0935004984e-01 9.1159300907e-02 2.1005042398e+00 7.1556399953e+00
361 6.0897962903e-01 9.0054959666e-02 2.0703740452e+00 7.0019754845e+00
362 6.0848287161e-01 8.9874701010e-02 2.1108316419e+00 7.2726567228e+00
363 6.0878323159e-01 9.0659455026e-02 2.1132983126e+00 7.3005296259e+00
364 6.0819363885e-01 9.0081881868e-02 2.1371904923e+00 7.4536786196e+00
365 6.0791515173e-01 8.9865068190e-02 2.1490082352e+00 7.5332635139e+00
