1 5.9282947138e-01 1.1102230246e-16 1.0000000000e+00 1.0000000000e+00
2 5.9308225840e-01 7.4016406613e-03 3.1057338980e+01 9.7612260317e+02
3 5.9333178367e-01 1.0437787336e-02 2.2077531770e+01 4.9152449056e+02
4 5.9350153762e-01 1.2996903520e-02 1.7052997768e+01 3.0606588750e+02
5 5.9344023110e-01 1.3060547356e-02 1.6805137362e+01 3.0048521130e+02
6 5.9360742489e-01 1.5051508907e-02 1.4609544925e+01 2.2645381420e+02
7 5.9358095829e-01 1.5103388710e-02 1.4451645678e+01 2.2349152035e+02
8 5.9388850191e-01 1.6827221083e-02 1.3026362370e+01 1.8032748288e+02
9 5.9388477695e-01 1.6789071560e-02 1.2955615296e+01 1.7912096725e+02
10 5.9434903071e-01 1.9733105430e-02 1.1151960860e+01 1.3091667711e+02
11 5.9460001413e-01 2.1060580319e-02 1.0462987857e+01 1.1497175592e+02
12 5.9448825501e-01 2.1155185042e-02 1.0323256658e+01 1.1318099795e+02
13 5.9445123690e-01 2.1189518285e-02 1.0274977553e+01 1.1252527117e+02
14 5.9506746951e-01 2.4749248841e-02 8.8135982199e+00 8.2475337177e+01
15 5.9513028426e-01 2.4789195309e-02 8.7665562131e+00 8.1860461025e+01
16 5.9558746447e-01 2.6920222169e-02 8.0443742129e+00 6.9092907017e+01
17 5.9555326270e-01 2.6946382879e-02 8.0228494087e+00 6.8867606903e+01
18 5.9572001110e-01 2.7981672831e-02 7.6966181119e+00 6.3634618292e+01
19 5.9570745906e-01 2.7994655373e-02 7.6869686246e+00 6.3530627103e+01
20 5.9572852216e-01 2.8045194477e-02 7.6422188734e+00 6.3053451865e+01
21 5.9625146201e-01 2.9913019052e-02 7.1544401033e+00 5.5210116569e+01
22 5.9639051468e-01 3.0883609321e-02 6.8831073556e+00 5.1548327159e+01
23 5.9657483391e-01 3.1768386682e-02 6.6809497034e+00 4.8603983241e+01
24 5.9704903700e-01 3.3407562707e-02 6.3470221707e+00 4.3811411801e+01
25 5.9675847298e-01 3.2667999493e-02 6.4671082034e+00 4.5750729789e+01
26 5.9663165976e-01 3.2798608692e-02 6.3924962852e+00 4.5139581859e+01
27 5.9659509413e-01 3.2842855303e-02 6.3646561854e+00 4.4936005273e+01
28 5.9673677112e-01 3.3810698982e-02 6.1793510814e+00 4.2537372162e+01
29 5.9650163655e-01 3.3059895389e-02 6.2982241400e+00 4.4413355895e+01
30 5.9664516254e-01 3.4537997639e-02 6.6232366806e+00 5.0673157221e+01
31 5.9714271659e-01 3.5986022642e-02 6.3061461456e+00 4.5736915760e+01
32 5.9758095192e-01 3.7422998297e-02 6.0272859895e+00 4.1607888653e+01
33 5.9779049388e-01 3.8208305967e-02 5.8968127037e+00 3.9743926606e+01
34 5.9776619805e-01 3.8228620626e-02 5.8889262989e+00 3.9674912769e+01
35 5.9770775004e-01 3.8258647011e-02 5.8786207340e+00 3.9587145690e+01
36 5.9775878736e-01 3.8271542945e-02 5.8692448575e+00 3.9502957018e+01
37 5.9775855333e-01 3.8275515150e-02 5.8673612632e+00 3.9486737413e+01
38 5.9799142969e-01 3.8863300859e-02 5.7585805001e+00 3.7952526921e+01
39 5.9797960043e-01 3.8912683939e-02 5.7351569873e+00 3.7770930215e+01
40 5.9792952197e-01 3.9028254900e-02 5.7130697370e+00 3.7602111575e+01
41 5.9799687880e-01 3.9041269702e-02 5.7026795317e+00 3.7512928146e+01
42 5.9800225263e-01 3.9047781610e-02 5.6994367646e+00 3.7484850443e+01
43 5.9802583167e-01 3.9106099400e-02 5.6699517075e+00 3.7251893808e+01
44 5.9804900263e-01 3.9120499820e-02 5.6620657773e+00 3.7183799181e+01
45 5.9815894494e-01 3.9899334151e-02 5.5245268088e+00 3.5514318895e+01
46 5.9833094910e-01 4.0527179348e-02 5.4062709584e+00 3.4078302205e+01
47 5.9821648445e-01 4.0686290100e-02 5.3405785960e+00 3.3627066564e+01
48 5.9864092750e-01 4.1985669988e-02 5.1571936815e+00 3.1240133920e+01
49 5.9870598392e-01 4.1987728182e-02 5.1521562582e+00 3.1201826411e+01
50 5.9849516911e-01 4.0905814696e-02 4.9672569965e+00 2.8325614317e+01
51 5.9841414131e-01 4.0944425784e-02 4.9569662654e+00 2.8260833175e+01
52 5.9843134872e-01 4.0984486445e-02 4.9410087556e+00 2.8143182094e+01
53 5.9831769663e-01 4.1074369219e-02 4.9094929052e+00 2.7965657513e+01
54 5.9832007953e-01 4.1086958275e-02 4.9047144313e+00 2.7930385833e+01
55 5.9846649023e-01 4.1727964794e-02 4.8222578679e+00 2.7012690545e+01
56 5.9869649259e-01 4.2342586244e-02 4.7537565684e+00 2.6204246536e+01
57 5.9862312860e-01 4.2406983960e-02 4.7345313443e+00 2.6081430003e+01
58 5.9880460253e-01 4.2958712510e-02 4.6681610866e+00 2.5345866673e+01
59 5.9894127213e-01 4.3629537253e-02 4.5836346355e+00 2.4501874610e+01
60 5.9896235343e-01 4.3629881042e-02 4.5819885598e+00 2.4492367571e+01
61 5.9954741576e-01 4.5188762386e-02 4.3793687501e+00 2.2449809585e+01
62 5.9950513378e-01 4.5104008547e-02 4.3645670448e+00 2.2380627764e+01
63 5.9971899879e-01 4.5908035731e-02 4.3305722546e+00 2.1966009410e+01
64 5.9996468996e-01 4.6394403527e-02 4.2772635042e+00 2.1415387546e+01
65 5.9990523853e-01 4.6435252057e-02 4.2680059994e+00 2.1364122591e+01
66 6.0003198999e-01 4.7138284176e-02 4.1959264322e+00 2.0732698140e+01
67 5.9993523840e-01 4.7238300616e-02 4.1929034787e+00 2.0722884667e+01
68 6.0027635936e-01 4.8354875154e-02 4.0767825824e+00 1.9649827031e+01
69 6.0005561285e-01 4.7782065828e-02 4.1167240453e+00 2.0065354329e+01
70 6.0029299927e-01 4.8316321340e-02 4.0685862243e+00 1.9588933742e+01
71 6.0058381796e-01 4.8872314836e-02 4.0104570374e+00 1.9071185684e+01
72 6.0061481945e-01 4.8819323131e-02 4.0067312728e+00 1.9055876167e+01
73 6.0044848629e-01 4.8809874463e-02 3.9971055424e+00 1.9007769765e+01
74 6.0039396505e-01 4.9009577628e-02 3.9964186973e+00 1.9040313590e+01
75 6.0062561127e-01 4.9464719744e-02 3.9529682179e+00 1.8618406165e+01
76 6.0059277515e-01 4.9491313183e-02 3.9484310546e+00 1.8589653878e+01
77 6.0059252401e-01 4.9509726792e-02 3.9441038500e+00 1.8562236071e+01
78 6.0023322453e-01 4.9024120962e-02 3.9796442369e+00 1.8941732948e+01
79 6.0032045578e-01 4.9029973727e-02 3.9736134950e+00 1.8904620952e+01
80 6.0060850738e-01 4.9535691960e-02 3.9308560435e+00 1.8480525097e+01
81 6.0073742960e-01 5.0064906158e-02 3.8785309488e+00 1.8027363083e+01
82 6.0063002926e-01 5.0133388898e-02 3.8663833824e+00 1.7964940449e+01
83 6.0082268368e-01 5.0525865137e-02 3.8252981858e+00 1.7588556025e+01
84 6.0138998467e-01 5.2858865775e-02 3.9756124533e+00 1.9483201899e+01
85 6.0137420692e-01 5.2716392591e-02 3.9581277933e+00 1.9279267660e+01
86 6.0102077261e-01 5.2284591788e-02 3.9860063601e+00 1.9645180827e+01
87 6.0101293711e-01 5.2292750056e-02 3.9841922768e+00 1.9635713004e+01
88 6.0106896302e-01 5.1980663624e-02 3.8542540644e+00 1.8306933059e+01
89 6.0100778964e-01 5.2039184773e-02 3.8422280548e+00 1.8245535339e+01
90 6.0110533516e-01 5.1551430459e-02 3.6955376021e+00 1.6640573264e+01
91 6.0154037839e-01 5.2759104489e-02 3.7425456676e+00 1.7314306109e+01
92 6.0178767514e-01 5.3426707501e-02 3.6988911290e+00 1.6937746460e+01
93 6.0190984512e-01 5.3964573173e-02 3.6513325249e+00 1.6538766005e+01
94 6.0229294670e-01 5.5288732402e-02 3.6896527950e+00 1.7063710868e+01
95 6.0228399630e-01 5.5333494264e-02 3.6796795942e+00 1.7013157141e+01
96 6.0207423211e-01 5.4778925255e-02 3.7100646967e+00 1.7341422290e+01
97 6.0267729193e-01 5.6557775462e-02 3.6841002606e+00 1.7167006047e+01
98 6.0270416418e-01 5.6558542235e-02 3.6825220548e+00 1.7159071661e+01
99 6.0255005001e-01 5.5777560041e-02 3.6222248856e+00 1.6532168874e+01
100 6.0246749233e-01 5.5836204904e-02 3.6129600097e+00 1.6486643062e+01
101 6.0239262339e-01 5.5928799644e-02 3.6014976753e+00 1.6424446599e+01
102 6.0249150526e-01 5.6822016264e-02 3.6689747025e+00 1.7136975009e+01
103 6.0242117250e-01 5.6860574097e-02 3.6642301685e+00 1.7110971724e+01
104 6.0242422231e-01 5.6914671990e-02 3.6643362985e+00 1.7102873184e+01
105 6.0237877177e-01 5.6916671005e-02 3.6661581994e+00 1.7112361959e+01
106 6.0250907381e-01 5.7681522724e-02 3.7200974015e+00 1.7634285078e+01
107 6.0271000287e-01 5.7940432921e-02 3.6874221023e+00 1.7341323420e+01
108 6.0316588212e-01 5.8902554335e-02 3.6143246535e+00 1.6636162517e+01
109 6.0293683595e-01 5.8145528296e-02 3.5640018238e+00 1.6182809877e+01
110 6.0288240344e-01 5.8116916177e-02 3.5681888757e+00 1.6212666517e+01
111 6.0288936701e-01 5.7869432811e-02 3.4524867927e+00 1.5167644875e+01
112 6.0288987718e-01 5.7769416545e-02 3.4516728766e+00 1.5182052168e+01
113 6.0311962599e-01 5.8042924716e-02 3.4207867759e+00 1.4927015786e+01
114 6.0302514031e-01 5.8091613434e-02 3.4154597602e+00 1.4900799340e+01
115 6.0303381170e-01 5.8086134151e-02 3.4084612681e+00 1.4877154326e+01
116 6.0363887834e-01 5.9569278924e-02 3.4084776728e+00 1.4973771059e+01
117 6.0369935940e-01 5.9449920796e-02 3.4101975366e+00 1.4994631082e+01
118 6.0367366424e-01 5.9453183289e-02 3.3992755057e+00 1.4961915730e+01
119 6.0390814929e-01 6.0030889603e-02 3.3715964003e+00 1.4689075774e+01
120 6.0403347196e-01 6.0715366565e-02 3.4126078057e+00 1.5070301053e+01
121 6.0425028097e-01 6.1186319124e-02 3.3791930212e+00 1.4780294432e+01
122 6.0461716376e-01 6.2224202209e-02 3.4057830900e+00 1.5078277993e+01
123 6.0423799396e-01 6.0815620779e-02 3.2926279733e+00 1.4019853163e+01
124 6.0405172516e-01 6.0626992201e-02 3.3301608785e+00 1.4378883578e+01
125 6.0404178156e-01 6.0643328526e-02 3.3276480487e+00 1.4365593068e+01
126 6.0396121616e-01 6.0637556263e-02 3.3234774247e+00 1.4352262611e+01
127 6.0404903271e-01 6.0484047871e-02 3.2454149512e+00 1.3663042754e+01
128 6.0406309634e-01 6.0518100222e-02 3.2494110896e+00 1.3744285843e+01
129 6.0450969411e-01 6.1750309839e-02 3.2872896766e+00 1.4166156392e+01
130 6.0457131986e-01 6.1741654106e-02 3.2826108953e+00 1.4144236735e+01
131 6.0489279360e-01 6.2993109227e-02 3.3201894435e+00 1.4586850122e+01
132 6.0472919943e-01 6.2775179754e-02 3.3573226529e+00 1.4928518401e+01
133 6.0489695934e-01 6.3672952676e-02 3.4039430868e+00 1.5366781180e+01
134 6.0513421705e-01 6.4096921381e-02 3.3668901489e+00 1.5056402375e+01
135 6.0556644556e-01 6.4845892671e-02 3.3075249227e+00 1.4541435841e+01
136 6.0577066474e-01 6.5529880187e-02 3.3424885600e+00 1.4824442433e+01
137 6.0558242226e-01 6.4976532766e-02 3.3054575006e+00 1.4518572767e+01
138 6.0552967441e-01 6.5036369297e-02 3.2964483013e+00 1.4478728682e+01
139 6.0594152591e-01 6.6187386922e-02 3.3353960418e+00 1.4897634864e+01
140 6.0588328320e-01 6.6212865171e-02 3.3337501809e+00 1.4886754845e+01
141 6.0622885444e-01 6.7308377235e-02 3.3249818571e+00 1.4767235396e+01
142 6.0609668029e-01 6.7427607510e-02 3.3082350492e+00 1.4695843995e+01
143 6.0609941536e-01 6.7440572771e-02 3.3061404313e+00 1.4684077787e+01
144 6.0585020038e-01 6.6775186612e-02 3.2655833552e+00 1.4361115368e+01
145 6.0561068204e-01 6.6445369239e-02 3.2908456503e+00 1.4604136430e+01
146 6.0527453631e-01 6.5944582132e-02 3.3120412373e+00 1.4849401240e+01
147 6.0566773050e-01 6.6673807673e-02 3.2538466601e+00 1.4352799470e+01
148 6.0538830806e-01 6.6292416308e-02 3.2789181824e+00 1.4589485333e+01
149 6.0537334046e-01 6.6315649175e-02 3.2751333325e+00 1.4573523574e+01
150 6.0549029493e-01 6.6752025387e-02 3.2395414251e+00 1.4295180327e+01
151 6.0531388786e-01 6.6080927952e-02 3.2040602951e+00 1.4026120847e+01
152 6.0535065283e-01 6.6150697238e-02 3.2019899413e+00 1.4001909293e+01
153 6.0529041902e-01 6.6945619884e-02 3.2462117905e+00 1.4453564844e+01
154 6.0497839594e-01 6.6145943975e-02 3.1876884019e+00 1.3963357454e+01
155 6.0499726241e-01 6.6158667144e-02 3.1847907039e+00 1.3949203137e+01
156 6.0488879229e-01 6.6223048239e-02 3.1781188691e+00 1.3918688364e+01
157 6.0478205925e-01 6.5929634564e-02 3.1518342815e+00 1.3641698955e+01
158 6.0477860263e-01 6.5924309765e-02 3.1453801890e+00 1.3622556580e+01
159 6.0497280718e-01 6.6557315627e-02 3.1417125156e+00 1.3646412288e+01
160 6.0507466212e-01 6.7175642639e-02 3.1551412224e+00 1.3738834606e+01
161 6.0535916822e-01 6.8273556432e-02 3.1518024715e+00 1.3715871611e+01
162 6.0524554809e-01 6.7083533232e-02 3.0433458536e+00 1.2828225597e+01
163 6.0537712411e-01 6.7498622442e-02 3.0150602550e+00 1.2607253867e+01
164 6.0491120029e-01 6.6477056656e-02 2.9719292998e+00 1.2158664885e+01
165 6.0500822635e-01 6.7065326691e-02 3.0187386976e+00 1.2585839552e+01
166 6.0496813735e-01 6.7026869234e-02 3.0206344683e+00 1.2596950212e+01
167 6.0475072152e-01 6.6777381390e-02 3.0374564151e+00 1.2748734304e+01
168 6.0490630336e-01 6.7463427096e-02 3.0735299947e+00 1.3037882777e+01
169 6.0483797653e-01 6.7458941619e-02 3.0738636639e+00 1.3049869397e+01
170 6.0472564371e-01 6.7521129992e-02 3.0684086326e+00 1.3024258957e+01
171 6.0421993613e-01 6.6976791055e-02 3.1108711603e+00 1.3378164289e+01
172 6.0418354855e-01 6.6993029116e-02 3.1099301452e+00 1.3372143733e+01
173 6.0428749580e-01 6.7318418270e-02 3.0834322710e+00 1.3165344806e+01
174 6.0443803121e-01 6.7603275250e-02 3.0541600867e+00 1.2954293105e+01
175 6.0445718273e-01 6.7669111372e-02 3.0412952990e+00 1.2905774386e+01
176 6.0444752906e-01 6.7671623733e-02 3.0413491846e+00 1.2905609914e+01
177 6.0419759589e-01 6.7283394989e-02 3.0595829987e+00 1.3095249496e+01
178 6.0427679538e-01 6.7303189816e-02 3.0533595224e+00 1.3065884705e+01
179 6.0419467016e-01 6.7330952180e-02 3.0524358013e+00 1.3059712867e+01
180 6.0449679249e-01 6.8340475842e-02 3.0381071743e+00 1.2880863040e+01
181 6.0457087926e-01 6.8431092015e-02 3.0379291191e+00 1.2866645394e+01
182 6.0494958545e-01 6.9487713125e-02 3.0378165894e+00 1.2811552112e+01
183 6.0487573883e-01 6.9539454136e-02 3.0326196190e+00 1.2788039407e+01
184 6.0484709997e-01 6.9573265356e-02 3.0283899542e+00 1.2769290431e+01
185 6.0482406598e-01 6.9613264999e-02 3.0213141036e+00 1.2747608481e+01
186 6.0490429873e-01 7.0065061585e-02 2.9954753157e+00 1.2532332347e+01
187 6.0505532205e-01 7.0674254217e-02 3.0181622886e+00 1.2667301847e+01
188 6.0508780635e-01 7.0655986470e-02 3.0177169894e+00 1.2669150258e+01
189 6.0504354322e-01 7.0664202726e-02 3.0183237434e+00 1.2670954081e+01
190 6.0531429647e-01 7.1029719085e-02 2.9960775452e+00 1.2478490278e+01
191 6.0539572371e-01 7.0628675043e-02 2.9182549993e+00 1.1796225037e+01
192 6.0532017566e-01 7.0690150208e-02 2.9156606306e+00 1.1778000830e+01
193 6.0558443470e-01 7.2032738444e-02 2.9748338029e+00 1.2233422816e+01
194 6.0563237728e-01 7.2054981191e-02 2.9722514284e+00 1.2218828192e+01
195 6.0588223672e-01 7.2458736210e-02 2.9467491405e+00 1.2024624659e+01
196 6.0585274986e-01 7.2468478392e-02 2.9483649750e+00 1.2030219063e+01
197 6.0587017208e-01 7.2523691292e-02 2.9444159259e+00 1.2010695390e+01
198 6.0628358884e-01 7.3196648294e-02 2.9060428771e+00 1.1728534988e+01
199 6.0628377257e-01 7.3199488521e-02 2.9007318222e+00 1.1714602922e+01
200 6.0620044626e-01 7.2377542589e-02 2.8368602206e+00 1.1240004267e+01
201 6.0616666154e-01 7.2439100638e-02 2.8293377923e+00 1.1209810177e+01
202 6.0620743694e-01 7.2453386047e-02 2.8251260081e+00 1.1195866967e+01
203 6.0576097552e-01 7.1537160417e-02 2.8180440255e+00 1.1172413287e+01
204 6.0562440582e-01 7.0932625319e-02 2.7890026874e+00 1.0968382535e+01
205 6.0577019765e-01 7.1604711168e-02 2.8186581953e+00 1.1191107816e+01
206 6.0597194221e-01 7.1826710380e-02 2.8002245203e+00 1.1061512371e+01
207 6.0601815658e-01 7.1901171631e-02 2.8002866475e+00 1.1054182662e+01
208 6.0629243370e-01 7.2289481056e-02 2.7778874819e+00 1.0885673755e+01
209 6.0643008934e-01 7.2930218006e-02 2.8010748711e+00 1.1028433665e+01
210 6.0659609844e-01 7.3221964257e-02 2.7780042152e+00 1.0879799300e+01
211 6.0699816882e-01 7.4398811475e-02 2.8025253243e+00 1.1119544025e+01
212 6.0704825657e-01 7.4400412543e-02 2.8005499436e+00 1.1110699352e+01
213 6.0665709519e-01 7.3391623595e-02 2.7891974686e+00 1.1038656427e+01
214 6.0677593232e-01 7.4091880827e-02 2.8064571048e+00 1.1176259134e+01
215 6.0672150059e-01 7.4313466687e-02 2.8319273146e+00 1.1452268488e+01
216 6.0698468216e-01 7.4676112636e-02 2.8114058910e+00 1.1292690971e+01
217 6.0676644864e-01 7.4450022204e-02 2.8250547435e+00 1.1418407690e+01
218 6.0680469956e-01 7.4451272270e-02 2.8235069212e+00 1.1411774587e+01
219 6.0631592995e-01 7.3395909399e-02 2.8189170814e+00 1.1432684178e+01
220 6.0682830799e-01 7.4100301451e-02 2.7756266492e+00 1.1111294047e+01
221 6.0679213351e-01 7.4139446339e-02 2.7713063116e+00 1.1094934968e+01
222 6.0658025284e-01 7.3566696816e-02 2.7411042735e+00 1.0906268156e+01
223 6.0675211762e-01 7.3827824297e-02 2.7246960876e+00 1.0784893562e+01
224 6.0672142178e-01 7.3831902485e-02 2.7254853564e+00 1.0787077243e+01
225 6.0678425537e-01 7.4585831534e-02 2.7460399211e+00 1.0921848260e+01
226 6.0678745129e-01 7.4444759748e-02 2.6972028928e+00 1.0580528688e+01
227 6.0683026508e-01 7.4770211425e-02 2.6728589939e+00 1.0429797131e+01
228 6.0685505801e-01 7.4825298451e-02 2.6697773133e+00 1.0415602864e+01
229 6.0646197098e-01 7.3977056545e-02 2.6652351224e+00 1.0411388822e+01
230 6.0648319771e-01 7.3972861083e-02 2.6648551996e+00 1.0410661423e+01
231 6.0643952512e-01 7.3999810341e-02 2.6630846261e+00 1.0402298562e+01
232 6.0615082083e-01 7.3659485432e-02 2.6459980219e+00 1.0208346592e+01
233 6.0654616523e-01 7.4619514240e-02 2.6497173081e+00 1.0203502972e+01
234 6.0668543988e-01 7.4447605803e-02 2.6032926219e+00 9.8708640057e+00
235 6.0669471461e-01 7.4418574092e-02 2.6019134113e+00 9.8689169012e+00
236 6.0688136800e-01 7.4710141019e-02 2.5819521517e+00 9.7424141012e+00
237 6.0705214515e-01 7.5013779783e-02 2.5638093597e+00 9.6202907935e+00
238 6.0772259832e-01 7.6040869355e-02 2.5600324201e+00 9.6009375053e+00
239 6.0744846868e-01 7.5362924082e-02 2.5384495167e+00 9.3916734694e+00
240 6.0760647072e-01 7.5595303773e-02 2.5211039476e+00 9.2843337572e+00
241 6.0755284360e-01 7.5607800862e-02 2.5217376875e+00 9.2854980744e+00
242 6.0746382852e-01 7.5571245275e-02 2.5254983026e+00 9.3047624993e+00
243 6.0767143935e-01 7.6008119089e-02 2.5114800438e+00 9.1915546082e+00
244 6.0787956603e-01 7.6178243970e-02 2.4962942008e+00 9.1017631770e+00
245 6.0790381431e-01 7.6086636836e-02 2.4959452639e+00 9.1061964169e+00
246 6.0789420258e-01 7.6087698456e-02 2.4963036033e+00 9.1006056508e+00
247 6.0798655075e-01 7.6068955110e-02 2.4947130588e+00 9.0973654371e+00
248 6.0842254276e-01 7.7033078835e-02 2.5203363786e+00 9.3296266397e+00
249 6.0815298669e-01 7.6806122616e-02 2.5356339812e+00 9.4324042268e+00
250 6.0853968775e-01 7.7831445699e-02 2.5560434054e+00 9.5859983851e+00
251 6.0852106611e-01 7.7778600654e-02 2.5486291723e+00 9.5293004367e+00
252 6.0850369164e-01 7.7882114399e-02 2.5363662753e+00 9.4852940224e+00
253 6.0823152282e-01 7.7580895083e-02 2.5488476575e+00 9.5858659726e+00
254 6.0820723790e-01 7.7593799896e-02 2.5481194952e+00 9.5831286494e+00
255 6.0812857760e-01 7.7582842919e-02 2.5477859045e+00 9.5871417803e+00
256 6.0775155892e-01 7.6700419216e-02 2.5432473352e+00 9.5920746484e+00
257 6.0769312762e-01 7.6710168492e-02 2.5453497940e+00 9.5925914686e+00
258 6.0728999715e-01 7.5763752507e-02 2.5294206548e+00 9.4875650546e+00
259 6.0699411101e-01 7.5516713477e-02 2.5335957974e+00 9.5288639090e+00
260 6.0638811010e-01 7.4461358967e-02 2.5468248893e+00 9.6514164321e+00
261 6.0657863739e-01 7.5181351911e-02 2.5751106301e+00 9.8325190129e+00
262 6.0655500215e-01 7.5184841938e-02 2.5757770836e+00 9.8339219622e+00
263 6.0669848476e-01 7.5557392403e-02 2.5493930253e+00 9.6817552630e+00
264 6.0674919999e-01 7.5553722223e-02 2.5477760915e+00 9.6767840772e+00
265 6.0671872167e-01 7.5589130304e-02 2.5429508057e+00 9.6679722824e+00
266 6.0662888699e-01 7.5616252897e-02 2.5433547001e+00 9.6706271509e+00
267 6.0644596303e-01 7.5398840783e-02 2.5567904045e+00 9.7702175655e+00
268 6.0662703306e-01 7.5855907791e-02 2.5351941091e+00 9.6237416474e+00
269 6.0672099011e-01 7.6398191927e-02 2.5595556133e+00 9.7956366884e+00
270 6.0667110263e-01 7.6441248949e-02 2.5560100707e+00 9.7820758603e+00
271 6.0626782670e-01 7.5450909725e-02 2.5389429235e+00 9.6725061826e+00
272 6.0648899365e-01 7.5589626483e-02 2.4880156917e+00 9.3339357972e+00
273 6.0692414087e-01 7.6573167665e-02 2.5120819423e+00 9.5273635449e+00
274 6.0705619403e-01 7.7187138710e-02 2.5229100973e+00 9.6174950141e+00
275 6.0695340553e-01 7.7609351955e-02 2.5769270636e+00 9.9991646642e+00
276 6.0690477220e-01 7.7651065345e-02 2.5737529162e+00 9.9850552167e+00
277 6.0700824242e-01 7.7680042804e-02 2.5334194550e+00 9.6799444283e+00
278 6.0675537000e-01 7.7414238508e-02 2.5499939505e+00 9.7966300083e+00
279 6.0653993978e-01 7.6946183168e-02 2.5506824318e+00 9.7891510865e+00
280 6.0687886224e-01 7.7767542661e-02 2.5602495427e+00 9.8359294514e+00
281 6.0669894814e-01 7.7364557142e-02 2.5338707916e+00 9.6662975663e+00
282 6.0686150552e-01 7.7771365510e-02 2.5108465510e+00 9.5228903430e+00
283 6.0728881528e-01 7.8446461504e-02 2.4820546115e+00 9.3009646940e+00
284 6.0736628337e-01 7.9086696182e-02 2.5032119722e+00 9.4368310827e+00
285 6.0730483919e-01 7.9117407554e-02 2.5019412856e+00 9.4304821052e+00
286 6.0727695117e-01 7.9114326737e-02 2.5032918505e+00 9.4354560670e+00
287 6.0779608208e-01 8.0294084559e-02 2.5245602988e+00 9.5541488904e+00
288 6.0786432897e-01 8.0155939819e-02 2.5272184245e+00 9.5793809246e+00
289 6.0776173471e-01 8.0267548647e-02 2.5221112232e+00 9.5543930304e+00
290 6.0797435802e-01 8.0539652291e-02 2.5006596525e+00 9.4077837405e+00
291 6.0791535329e-01 8.0510658248e-02 2.4995533070e+00 9.4123032898e+00
292 6.0789031897e-01 8.0510050563e-02 2.5007621016e+00 9.4153466480e+00
293 6.0814606883e-01 8.0838742770e-02 2.4845107991e+00 9.2980246710e+00
294 6.0812040961e-01 8.0968670579e-02 2.4900878276e+00 9.3473149146e+00
295 6.0797648088e-01 8.0735702903e-02 2.5047602732e+00 9.4442340079e+00
296 6.0776807431e-01 8.0344436386e-02 2.5021181730e+00 9.4653345491e+00
297 6.0792489130e-01 8.0949340406e-02 2.5209104066e+00 9.5682230127e+00
298 6.0784123197e-01 8.1010648706e-02 2.5164405307e+00 9.5521022531e+00
299 6.0813818434e-01 8.1381308153e-02 2.4979870685e+00 9.4158413208e+00
300 6.0838525308e-01 8.1747525020e-02 2.4805071175e+00 9.2918831905e+00
301 6.0830903886e-01 8.1795983360e-02 2.4778526565e+00 9.2800183007e+00
302 6.0840906233e-01 8.1558499052e-02 2.4476374432e+00 9.0968664386e+00
303 6.0805703180e-01 8.0743526346e-02 2.4412833546e+00 9.0843846942e+00
304 6.0820933199e-01 8.1306776429e-02 2.4604449599e+00 9.1952024949e+00
305 6.0810829111e-01 8.1367555401e-02 2.4575785987e+00 9.1819614560e+00
306 6.0813597108e-01 8.1356106447e-02 2.4577626942e+00 9.1836049546e+00
307 6.0806857342e-01 8.1373133195e-02 2.4578245112e+00 9.1856734975e+00
308 6.0832153695e-01 8.1234935101e-02 2.3898801956e+00 8.7248040794e+00
309 6.0799769116e-01 8.0337233309e-02 2.3768510944e+00 8.6569462443e+00
310 6.0801762168e-01 8.0364342646e-02 2.3762481251e+00 8.6492757999e+00
311 6.0784495322e-01 8.0185743257e-02 2.4003890053e+00 8.8366506515e+00
312 6.0781276795e-01 8.0218555104e-02 2.3978640555e+00 8.8268586184e+00
313 6.0786469700e-01 8.0600716482e-02 2.3784719014e+00 8.7069028952e+00
314 6.0772376315e-01 8.0804254404e-02 2.3990640865e+00 8.8110994542e+00
315 6.0770815599e-01 8.0641640165e-02 2.4031139942e+00 8.8421153689e+00
316 6.0806438162e-01 8.1536710929e-02 2.4118028213e+00 8.8847110058e+00
317 6.0810543606e-01 8.1498089493e-02 2.4107240914e+00 8.8856160218e+00
318 6.0806328592e-01 8.1517755428e-02 2.4096685631e+00 8.8834764097e+00
319 6.0797779161e-01 8.1539472502e-02 2.4109962749e+00 8.8862276328e+00
320 6.0801278340e-01 8.2245121186e-02 2.4255772245e+00 8.9624298932e+00
321 6.0772102926e-01 8.1856831071e-02 2.4418115525e+00 9.0800955126e+00
322 6.0818988277e-01 8.2213507502e-02 2.4130826360e+00 8.9111228600e+00
323 6.0814884506e-01 8.2196274498e-02 2.4127478711e+00 8.9041613040e+00
324 6.0853298100e-01 8.3058339268e-02 2.4106758857e+00 8.8594001244e+00
325 6.0850552581e-01 8.3042866909e-02 2.4099997885e+00 8.8614128830e+00
326 6.0850765787e-01 8.3019378993e-02 2.4128866612e+00 8.8700617025e+00
327 6.0852307785e-01 8.3026255344e-02 2.4113027513e+00 8.8661043006e+00
328 6.0849753180e-01 8.3078110240e-02 2.4106668593e+00 8.8588921742e+00
329 6.0794037417e-01 8.1793595935e-02 2.3955271579e+00 8.8109773397e+00
330 6.0794898988e-01 8.1619610445e-02 2.3618187257e+00 8.6206907937e+00
331 6.0792557115e-01 8.1637703811e-02 2.3606675975e+00 8.6161366465e+00
332 6.0794613405e-01 8.1575688944e-02 2.3598808385e+00 8.6226643777e+00
333 6.0797112148e-01 8.2159159914e-02 2.3750248437e+00 8.6934960155e+00
334 6.0819603328e-01 8.2406357728e-02 2.3254718202e+00 8.3633219006e+00
335 6.0835794407e-01 8.2806722159e-02 2.3106206419e+00 8.2601471815e+00
336 6.0817750656e-01 8.2889867371e-02 2.3044122183e+00 8.2429146715e+00
337 6.0848676237e-01 8.3423388257e-02 2.2950977769e+00 8.1777431896e+00
338 6.0840553891e-01 8.3463684287e-02 2.2954181415e+00 8.1808126104e+00
339 6.0810018515e-01 8.3024394722e-02 2.3061734637e+00 8.2729753271e+00
340 6.0856538390e-01 8.3443137949e-02 2.2798862776e+00 8.1152460883e+00
341 6.0854587998e-01 8.3558682415e-02 2.2805326721e+00 8.1093669370e+00
342 6.0835387174e-01 8.3031021003e-02 2.2643679029e+00 8.0378018375e+00
343 6.0827999569e-01 8.3058031619e-02 2.2622393443e+00 8.0329823218e+00
344 6.0837502156e-01 8.3487976752e-02 2.2721626333e+00 8.0710063158e+00
345 6.0827245919e-01 8.3557067968e-02 2.2710491446e+00 8.0643007086e+00
346 6.0821218180e-01 8.3573954681e-02 2.2715263236e+00 8.0645211954e+00
347 6.0820256885e-01 8.3588039359e-02 2.2702604012e+00 8.0608700703e+00
348 6.0856549143e-01 8.4324315113e-02 2.2693871964e+00 8.0363762229e+00
349 6.0880783002e-01 8.4682089586e-02 2.2555460959e+00 7.9431318251e+00
350 6.0877400241e-01 8.4599288581e-02 2.2507666477e+00 7.9033950604e+00
351 6.0896008911e-01 8.4820970057e-02 2.2391475000e+00 7.8300816118e+00
352 6.0870548771e-01 8.4438438145e-02 2.2224579249e+00 7.7555030456e+00
353 6.0883313248e-01 8.5009836838e-02 2.2378617763e+00 7.8532280828e+00
354 6.0898777997e-01 8.5687289575e-02 2.2651360666e+00 8.0590581365e+00
355 6.0910436907e-01 8.6184888285e-02 2.2739339407e+00 8.0982788272e+00
356 6.0934695559e-01 8.6445814931e-02 2.2592743030e+00 8.0130090659e+00
357 6.0946003140e-01 8.6815807195e-02 2.2695807031e+00 8.0610916189e+00
358 6.0917406601e-01 8.6478156439e-02 2.2792599133e+00 8.1191980600e+00
359 6.0957457965e-01 8.7005590411e-02 2.2524743404e+00 7.9538472079e+00
360 6.0958123284e-01 8.7002259087e-02 2.2526375178e+00 7.9541373843e+00
361 6.0981067972e-01 8.8138566359e-02 2.2928194115e+00 8.1892742654e+00
362 6.1005842987e-01 8.8498410457e-02 2.2844759588e+00 8.1347128219e+00
363 6.0962708977e-01 8.7485514230e-02 2.2710816696e+00 8.0578487979e+00
364 6.0972855286e-01 8.7216700567e-02 2.2431277311e+00 7.9221323348e+00
365 6.0970510330e-01 8.7268172446e-02 2.2425855355e+00 7.9157305405e+00
