1 5.9282947138e-01 1.1102230246e-16 1.0000000000e+00 1.0000000000e+00
2 5.9272325904e-01 2.0161611076e-03 -1.6782923558e+01 3.6850108552e+02
3 5.9282089273e-01 8.0384288474e-03 2.3577047539e+01 7.0905434938e+02
4 5.9284436194e-01 8.1006147991e-03 2.3056905382e+01 6.8735529945e+02
5 5.9278895757e-01 8.2988761926e-03 2.1247454698e+01 6.2578023342e+02
6 5.9298848346e-01 1.1270833863e-02 1.7181693692e+01 3.6556671715e+02
7 5.9287082524e-01 1.1520868448e-02 1.5959723753e+01 3.3614833359e+02
8 5.9282698380e-01 1.1666988500e-02 1.5301835930e+01 3.2016732878e+02
9 5.9306449916e-01 1.3874810577e-02 1.3778804005e+01 2.3855169786e+02
10 5.9291782949e-01 1.4117434313e-02 1.3016504650e+01 2.2341653954e+02
11 5.9289155555e-01 1.4252970395e-02 1.2620488941e+01 2.1527671193e+02
12 5.9282571053e-01 1.4380879021e-02 1.2232781937e+01 2.0821676023e+02
13 5.9300489270e-01 1.6471140411e-02 1.0844515227e+01 1.6094869633e+02
14 5.9317641934e-01 1.8143472509e-02 1.0172361684e+01 1.3606493728e+02
15 5.9319374220e-01 1.8165076625e-02 1.0135303184e+01 1.3538339736e+02
16 5.9335100442e-01 2.0020768893e-02 9.7383131067e+00 1.2025842555e+02
17 5.9375129912e-01 2.2582823786e-02 8.9092856852e+00 9.6082067510e+01
18 5.9388907255e-01 2.4025814525e-02 8.4662000032e+00 8.6553216639e+01
19 5.9390366443e-01 2.4093176308e-02 8.4701849911e+00 8.6740237774e+01
20 5.9389103813e-01 2.4109283335e-02 8.4537581350e+00 8.6527558135e+01
21 5.9382586397e-01 2.4164188579e-02 8.3957464025e+00 8.5851788485e+01
22 5.9386797127e-01 2.4222076866e-02 8.3325769491e+00 8.4980716285e+01
23 5.9425000775e-01 2.6567318734e-02 7.7040642408e+00 7.1293785045e+01
24 5.9428420215e-01 2.6591624244e-02 7.6796102079e+00 7.0995820535e+01
25 5.9431373751e-01 2.6621868987e-02 7.6499999345e+00 7.0641253766e+01
26 5.9432431977e-01 2.6652084418e-02 7.6231125404e+00 7.0311368539e+01
27 5.9420365838e-01 2.6784678379e-02 7.5082316060e+00 6.9093379173e+01
28 5.9440980117e-01 2.7674314597e-02 7.2785424149e+00 6.4321716242e+01
29 5.9488305144e-01 2.9551929798e-02 6.8889865824e+00 5.6533765976e+01
30 5.9531658089e-01 3.1371729908e-02 6.5348181615e+00 5.0253260916e+01
31 5.9623460463e-01 3.4425282001e-02 5.9715702812e+00 4.1241570791e+01
32 5.9622513721e-01 3.4414002295e-02 5.9799753071e+00 4.1299070498e+01
33 5.9619797631e-01 3.4455517163e-02 5.9574162615e+00 4.1124260689e+01
34 5.9585168033e-01 3.3755985355e-02 6.0461006842e+00 4.2758365696e+01
35 5.9578355497e-01 3.3804475457e-02 6.0221816150e+00 4.2567786605e+01
36 5.9598577136e-01 3.4874150122e-02 5.9223970843e+00 4.0905469227e+01
37 5.9597990464e-01 3.4884835544e-02 5.9172761444e+00 4.0859448097e+01
38 5.9618877611e-01 3.5669364612e-02 5.7821594913e+00 3.8970676603e+01
39 5.9613314963e-01 3.5714428282e-02 5.7617966946e+00 3.8814687276e+01
40 5.9636946462e-01 3.6392909483e-02 5.6378016214e+00 3.7124214388e+01
41 5.9634390666e-01 3.6429121762e-02 5.6204428316e+00 3.6996545598e+01
42 5.9632211344e-01 3.6442959657e-02 5.6156304378e+00 3.6954012538e+01
43 5.9677502954e-01 3.7789693339e-02 5.4134865345e+00 3.4147170303e+01
44 5.9677529301e-01 3.7812284300e-02 5.4042484591e+00 3.4066103234e+01
45 5.9691951995e-01 3.9031941583e-02 5.6361603779e+00 3.7894434786e+01
46 5.9691611973e-01 3.9034390157e-02 5.6355994514e+00 3.7886331582e+01
47 5.9739579462e-01 4.0427068581e-02 5.4322829790e+00 3.4972839677e+01
48 5.9739233436e-01 4.0449489891e-02 5.4231467449e+00 3.4897580757e+01
49 5.9701811900e-01 3.9990793126e-02 5.4743390252e+00 3.5898140531e+01
50 5.9686468240e-01 4.0075836855e-02 5.4460768401e+00 3.5683889130e+01
51 5.9703066407e-01 4.0767461527e-02 5.3372677024e+00 3.4230407493e+01
52 5.9729909241e-01 4.1413865580e-02 5.2400942923e+00 3.2936919499e+01
53 5.9742072982e-01 4.1933289016e-02 5.1395550757e+00 3.1732682609e+01
54 5.9724139190e-01 4.2034204713e-02 5.1105574547e+00 3.1521748266e+01
55 5.9740867532e-01 4.2721621275e-02 5.0031155743e+00 3.0291546606e+01
56 5.9731585422e-01 4.2625381033e-02 4.9928385045e+00 3.0280095032e+01
57 5.9737613578e-01 4.3278280359e-02 4.8824831358e+00 2.9095569472e+01
58 5.9754626093e-01 4.5100705583e-02 4.9318744649e+00 3.0127462779e+01
59 5.9801419219e-01 4.6271192057e-02 4.7762878324e+00 2.8182592269e+01
60 5.9799963215e-01 4.6289874550e-02 4.7702039803e+00 2.8145074355e+01
61 5.9800448462e-01 4.6291229333e-02 4.7693720235e+00 2.8140011536e+01
62 5.9817257500e-01 4.6963238765e-02 4.6888585141e+00 2.7186958308e+01
63 5.9817676698e-01 4.6967234101e-02 4.6877509298e+00 2.7175610837e+01
64 5.9810027547e-01 4.6988212704e-02 4.6858615201e+00 2.7157919238e+01
65 5.9857328221e-01 4.8074423901e-02 4.5582051676e+00 2.5610694867e+01
66 5.9854545693e-01 4.7942075168e-02 4.5644271674e+00 2.5700621670e+01
67 5.9841967957e-01 4.7999897401e-02 4.5536733568e+00 2.5626733731e+01
68 5.9870059242e-01 4.9557104377e-02 4.5691235911e+00 2.5917925521e+01
69 5.9877563746e-01 5.0499949173e-02 4.6481102559e+00 2.6802484017e+01
70 5.9873653710e-01 5.0514766867e-02 4.6460189089e+00 2.6785734279e+01
71 5.9889166220e-01 5.1082852970e-02 4.5679203433e+00 2.5953446722e+01
72 5.9901866763e-01 5.1992510379e-02 4.6312522746e+00 2.6621469202e+01
73 5.9855428760e-01 5.0539277528e-02 4.6168580332e+00 2.6512100305e+01
74 5.9863864718e-01 5.1062895585e-02 4.5230079141e+00 2.5421293386e+01
75 5.9856837996e-01 5.1101602445e-02 4.5152675362e+00 2.5371118180e+01
76 5.9856070683e-01 5.1111240505e-02 4.5129251522e+00 2.5354861806e+01
77 5.9866674181e-01 5.1704685799e-02 4.4334349787e+00 2.4552963612e+01
78 5.9868692062e-01 5.1404593311e-02 4.2914300372e+00 2.2996798285e+01
79 5.9879293799e-01 5.1428162193e-02 4.2806684448e+00 2.2919713487e+01
80 5.9854632516e-01 5.0141429236e-02 4.1679239050e+00 2.1558094114e+01
81 5.9810911350e-01 4.9059987922e-02 4.1557699931e+00 2.1495174891e+01
82 5.9832192263e-01 4.9607169357e-02 4.1031464373e+00 2.0935317992e+01
83 5.9826312657e-01 4.9645693387e-02 4.0960881426e+00 2.0890564118e+01
84 5.9828219491e-01 4.9628091321e-02 4.1003016235e+00 2.0912688864e+01
85 5.9816910674e-01 4.9648795023e-02 4.0991945668e+00 2.0916097182e+01
86 5.9828705965e-01 5.0683648495e-02 4.2181450028e+00 2.2461199886e+01
87 5.9841025923e-01 5.1189877387e-02 4.1589938954e+00 2.1857330411e+01
88 5.9864120515e-01 5.1745937111e-02 4.1131901634e+00 2.1322679701e+01
89 5.9910273408e-01 5.2789776327e-02 4.0207908954e+00 2.0311196055e+01
90 5.9981022272e-01 5.4128235732e-02 3.8906153597e+00 1.8984631511e+01
91 5.9980514139e-01 5.4129159836e-02 3.8903639177e+00 1.8984817106e+01
92 5.9973781413e-01 5.4171434498e-02 3.8839262798e+00 1.8945915821e+01
93 5.9988936926e-01 5.4465906197e-02 3.8446970873e+00 1.8603278018e+01
94 6.0012216319e-01 5.4929500891e-02 3.8049927516e+00 1.8204281472e+01
95 6.0029435838e-01 5.5323138149e-02 3.7657709237e+00 1.7853827118e+01
96 6.0054810212e-01 5.5677681279e-02 3.7314820317e+00 1.7510682649e+01
97 6.0055272656e-01 5.5683706988e-02 3.7297595303e+00 1.7502107676e+01
98 6.0052819419e-01 5.5753431676e-02 3.7130081474e+00 1.7428182952e+01
99 6.0052186236e-01 5.5773219927e-02 3.7092186749e+00 1.7405493658e+01
100 6.0042589847e-01 5.5817589559e-02 3.6904260875e+00 1.7328963489e+01
101 6.0049227622e-01 5.6333416924e-02 3.6396690095e+00 1.6910553852e+01
102 6.0048525778e-01 5.6335609485e-02 3.6394081621e+00 1.6909807830e+01
103 6.0087816194e-01 5.7549915392e-02 3.6668376729e+00 1.7242560585e+01
104 6.0098321340e-01 5.8126762104e-02 3.6177792905e+00 1.6824233759e+01
105 6.0150867230e-01 6.0099029718e-02 3.6691591095e+00 1.7295737310e+01
106 6.0165553356e-01 6.0642410507e-02 3.6204201448e+00 1.6885018493e+01
107 6.0164984129e-01 6.0702030628e-02 3.6072946293e+00 1.6824604422e+01
108 6.0161977888e-01 6.0721842687e-02 3.6048491048e+00 1.6810029175e+01
109 6.0156901646e-01 6.0742746424e-02 3.6031385054e+00 1.6799314089e+01
110 6.0157626699e-01 6.0665912797e-02 3.6005729528e+00 1.6732821591e+01
111 6.0216568722e-01 6.1478220660e-02 3.5327597859e+00 1.6101681534e+01
112 6.0211742627e-01 6.1561939045e-02 3.5272800230e+00 1.6062626062e+01
113 6.0217531836e-01 6.1575750133e-02 3.5277680580e+00 1.6071116203e+01
114 6.0217318845e-01 6.2098082361e-02 3.4828010206e+00 1.5708842836e+01
115 6.0233331537e-01 6.2602829006e-02 3.4427065658e+00 1.5373510438e+01
116 6.0274806325e-01 6.3477351800e-02 3.3762914544e+00 1.4800771457e+01
117 6.0312774908e-01 6.4537078021e-02 3.3863922084e+00 1.4893164968e+01
118 6.0345062392e-01 6.5645272001e-02 3.3894049621e+00 1.4916720333e+01
119 6.0338180478e-01 6.5693037028e-02 3.3833232570e+00 1.4889765579e+01
120 6.0324815401e-01 6.5690993056e-02 3.3742264923e+00 1.4855366974e+01
121 6.0351186657e-01 6.5820398933e-02 3.2789170818e+00 1.4052774852e+01
122 6.0352482207e-01 6.5805398481e-02 3.2811933966e+00 1.4062249871e+01
123 6.0372887019e-01 6.6195979591e-02 3.2516920192e+00 1.3820352637e+01
124 6.0465752045e-01 6.7533308134e-02 3.1487912814e+00 1.2986373655e+01
125 6.0491752094e-01 6.8005745916e-02 3.1182109064e+00 1.2750515210e+01
126 6.0496820574e-01 6.7621986704e-02 3.0477752269e+00 1.2162275872e+01
127 6.0499942091e-01 6.8242792391e-02 3.0820647590e+00 1.2459180927e+01
128 6.0544154073e-01 6.8990576510e-02 3.0307278025e+00 1.2069210869e+01
129 6.0537218086e-01 6.9044842061e-02 3.0247804915e+00 1.2045564052e+01
130 6.0559675295e-01 6.9405709299e-02 3.0005433499e+00 1.1864304821e+01
131 6.0600573038e-01 7.0407331337e-02 2.9977185024e+00 1.1839710678e+01
132 6.0600113042e-01 7.0347949936e-02 2.9950225233e+00 1.1841351783e+01
133 6.0559887928e-01 6.9296720071e-02 2.9954490308e+00 1.1856538717e+01
134 6.0558433913e-01 6.9363102210e-02 2.9934480472e+00 1.1845276271e+01
135 6.0567975644e-01 7.0026976000e-02 3.0134336094e+00 1.2008476416e+01
136 6.0590717061e-01 7.0337151969e-02 2.9896456035e+00 1.1835464818e+01
137 6.0534604525e-01 6.9590808295e-02 3.0335061984e+00 1.2187690397e+01
138 6.0544165094e-01 7.0031213430e-02 3.0029534274e+00 1.1977632143e+01
139 6.0579012979e-01 7.1088598817e-02 2.9936044606e+00 1.1875428780e+01
140 6.0601116019e-01 7.1307051275e-02 2.9731535995e+00 1.1734254270e+01
141 6.0648291229e-01 7.1702459657e-02 2.8739081275e+00 1.1015882298e+01
142 6.0643221599e-01 7.1731469601e-02 2.8716532185e+00 1.1007191315e+01
143 6.0667954286e-01 7.2092748637e-02 2.8462082330e+00 1.0839726162e+01
144 6.0667203287e-01 7.2109215988e-02 2.8463917735e+00 1.0838549646e+01
145 6.0658392035e-01 7.2152962351e-02 2.8437666386e+00 1.0827254655e+01
146 6.0659295233e-01 7.2162057175e-02 2.8445750237e+00 1.0828846633e+01
147 6.0707292486e-01 7.2885249122e-02 2.8001302086e+00 1.0520078132e+01
148 6.0704409374e-01 7.2896175466e-02 2.8000694320e+00 1.0517983028e+01
149 6.0728034420e-01 7.3090187848e-02 2.7838307224e+00 1.0405210115e+01
150 6.0746998075e-01 7.3423743904e-02 2.7668590022e+00 1.0275986683e+01
151 6.0766624945e-01 7.3714638762e-02 2.7479823978e+00 1.0146254348e+01
152 6.0771215100e-01 7.3703617505e-02 2.7480231281e+00 1.0144358220e+01
153 6.0801531593e-01 7.4103398235e-02 2.7282948545e+00 1.0004381913e+01
154 6.0808220004e-01 7.4856161648e-02 2.7553981166e+00 1.0239884131e+01
155 6.0830600945e-01 7.5272952338e-02 2.7352079234e+00 1.0097175497e+01
156 6.0823040629e-01 7.5288256307e-02 2.7313255634e+00 1.0086744909e+01
157 6.0824642393e-01 7.6109971343e-02 2.7911705818e+00 1.0499329222e+01
158 6.0819845694e-01 7.6130878190e-02 2.7904180083e+00 1.0495043154e+01
159 6.0825021054e-01 7.6213048147e-02 2.7896919597e+00 1.0484018435e+01
160 6.0843661258e-01 7.6581522536e-02 2.7630985287e+00 1.0324684382e+01
161 6.0835177447e-01 7.6623663743e-02 2.7609705744e+00 1.0314897267e+01
162 6.0837192252e-01 7.6637249539e-02 2.7582644193e+00 1.0305163784e+01
163 6.0850177913e-01 7.6933703751e-02 2.7383186987e+00 1.0176590367e+01
164 6.0836169100e-01 7.6311517792e-02 2.7089841550e+00 9.9592895805e+00
165 6.0851686455e-01 7.6609450897e-02 2.6900381422e+00 9.8347469080e+00
166 6.0847581212e-01 7.6627031638e-02 2.6895287151e+00 9.8316274235e+00
167 6.0828383963e-01 7.6363460158e-02 2.7061347177e+00 9.9467443394e+00
168 6.0832211161e-01 7.6360099747e-02 2.7051022753e+00 9.9429208584e+00
169 6.0830935827e-01 7.6396065446e-02 2.7009526753e+00 9.9268968343e+00
170 6.0836107991e-01 7.7252933474e-02 2.7564771866e+00 1.0333240021e+01
171 6.0848098674e-01 7.8010553091e-02 2.7842724727e+00 1.0561412556e+01
172 6.0864073746e-01 7.8358654490e-02 2.7609914323e+00 1.0413496558e+01
173 6.0878344643e-01 7.8621942297e-02 2.7418809513e+00 1.0291048601e+01
174 6.0893570596e-01 7.9052043026e-02 2.7196980862e+00 1.0138497083e+01
175 6.0889662415e-01 7.8991746700e-02 2.7214225315e+00 1.0155061256e+01
176 6.0905105929e-01 7.9446203444e-02 2.7029076606e+00 1.0015864274e+01
177 6.0902441988e-01 7.9469971780e-02 2.7006387370e+00 1.0008619879e+01
178 6.0942625281e-01 8.0258737409e-02 2.6626462995e+00 9.7419823252e+00
179 6.0909820369e-01 7.9496140877e-02 2.6715062973e+00 9.8253665625e+00
180 6.0886413548e-01 7.8962308497e-02 2.6525371108e+00 9.7027684596e+00
181 6.0887179688e-01 7.9382070087e-02 2.6275548935e+00 9.5573352323e+00
182 6.0925736458e-01 8.0250017223e-02 2.6234490757e+00 9.5153688688e+00
183 6.0962572277e-01 8.1037685393e-02 2.6180462965e+00 9.4712929409e+00
184 6.0981023773e-01 8.1266902901e-02 2.5975276718e+00 9.3300877572e+00
185 6.0984890825e-01 8.1272982787e-02 2.5955037838e+00 9.3224110360e+00
186 6.1007416949e-01 8.1515370020e-02 2.5790624885e+00 9.2200793950e+00
187 6.1038234209e-01 8.2404249445e-02 2.5799889976e+00 9.2373988733e+00
188 6.1053712611e-01 8.3031542855e-02 2.6008410410e+00 9.3660597422e+00
189 6.1073580119e-01 8.3344086452e-02 2.5815205456e+00 9.2519599402e+00
190 6.1028012400e-01 8.2689679179e-02 2.5901248685e+00 9.3224656129e+00
191 6.1036696679e-01 8.2458484400e-02 2.5541065511e+00 9.1160219835e+00
192 6.1040611985e-01 8.2457322008e-02 2.5531996603e+00 9.1111867747e+00
193 6.0910550245e-01 8.0081296312e-02 2.5561253057e+00 9.1801118979e+00
194 6.0897465005e-01 7.9661608233e-02 2.5414251750e+00 9.0892529628e+00
195 6.0892165483e-01 7.9700125625e-02 2.5387462114e+00 9.0793823676e+00
196 6.0895680038e-01 7.9689844441e-02 2.5322774726e+00 9.0586516980e+00
197 6.0869012703e-01 7.9214920871e-02 2.5097665636e+00 8.9090091200e+00
198 6.0873785019e-01 7.9245442520e-02 2.5083882826e+00 8.9007395983e+00
199 6.0820375281e-01 7.8844705057e-02 2.5470216547e+00 9.1753952369e+00
200 6.0836188316e-01 7.9557167008e-02 2.5785435091e+00 9.4202138290e+00
201 6.0801818120e-01 7.9300178916e-02 2.5922421996e+00 9.5274436759e+00
202 6.0826816936e-01 7.9637716210e-02 2.5739773599e+00 9.4046602702e+00
203 6.0841672923e-01 7.9965244989e-02 2.5534140532e+00 9.2810286709e+00
204 6.0881122070e-01 8.0580560137e-02 2.5220704046e+00 9.0799482758e+00
205 6.0847709588e-01 8.0291310456e-02 2.5365109717e+00 9.1853208851e+00
206 6.0824537884e-01 8.0013073245e-02 2.5531587624e+00 9.2987708102e+00
207 6.0821808813e-01 8.0038630093e-02 2.5510079225e+00 9.2911105913e+00
208 6.0772457157e-01 7.9368178510e-02 2.5505018702e+00 9.2915102460e+00
209 6.0752027518e-01 7.9086178359e-02 2.5656998574e+00 9.3973617699e+00
210 6.0752090777e-01 7.9076923183e-02 2.5642319560e+00 9.3898540548e+00
211 6.0730813317e-01 7.8527465417e-02 2.5373971903e+00 9.1890824823e+00
212 6.0727889806e-01 7.8541067337e-02 2.5369329930e+00 9.1866792733e+00
213 6.0733035692e-01 7.8259280233e-02 2.4951983264e+00 8.9189249367e+00
214 6.0754116749e-01 7.8770402060e-02 2.4778931879e+00 8.7991048302e+00
215 6.0730799428e-01 7.9105355774e-02 2.5047287514e+00 8.9635967728e+00
216 6.0772501540e-01 7.9607411804e-02 2.4701708476e+00 8.7541734466e+00
217 6.0797019171e-01 7.9832425035e-02 2.4537473580e+00 8.6580025372e+00
218 6.0795941823e-01 7.9641618240e-02 2.4262697142e+00 8.4923192621e+00
219 6.0761615822e-01 7.9380865718e-02 2.4366890749e+00 8.5781257695e+00
220 6.0784106153e-01 7.9760154244e-02 2.4235441887e+00 8.4847289803e+00
221 6.0813323363e-01 7.9984466587e-02 2.3722838134e+00 8.1656144102e+00
222 6.0824036352e-01 8.0399755270e-02 2.3534364120e+00 8.0542888610e+00
223 6.0870834052e-01 8.0976857216e-02 2.3254602659e+00 7.8789073433e+00
224 6.0850935813e-01 8.0764136123e-02 2.3369060853e+00 7.9536703931e+00
225 6.0859129340e-01 8.0871752229e-02 2.3369082678e+00 7.9480635261e+00
226 6.0872697573e-01 8.1491095759e-02 2.3507103123e+00 8.0729327705e+00
227 6.0851034377e-01 8.1264328125e-02 2.3649700634e+00 8.1581013058e+00
228 6.0855971622e-01 8.1859830161e-02 2.3815059499e+00 8.2598810169e+00
229 6.0890976899e-01 8.2817219691e-02 2.3949057506e+00 8.3725972042e+00
230 6.0913128073e-01 8.3027896297e-02 2.3806139645e+00 8.2894869656e+00
231 6.0906007008e-01 8.3065246296e-02 2.3792328774e+00 8.2833134673e+00
232 6.0859059930e-01 8.2108141587e-02 2.3520798718e+00 8.0563627692e+00
233 6.0856193894e-01 8.2078325320e-02 2.3520628367e+00 8.0579967387e+00
234 6.0872359508e-01 8.2391616261e-02 2.3372921860e+00 7.9663631555e+00
235 6.0862044983e-01 8.2538428215e-02 2.3338538952e+00 7.9500904030e+00
236 6.0861702953e-01 8.2594477242e-02 2.3320802682e+00 7.9417562558e+00
237 6.0895884629e-01 8.3559274032e-02 2.3471957009e+00 8.0585041049e+00
238 6.0848935020e-01 8.2641730621e-02 2.3283902889e+00 7.9283803888e+00
239 6.0875045188e-01 8.2874011698e-02 2.3114948921e+00 7.8385934177e+00
240 6.0959287457e-01 8.4403057808e-02 2.2965978994e+00 7.7787520567e+00
241 6.0901420850e-01 8.2945134208e-02 2.2578395416e+00 7.5213133870e+00
242 6.0928485348e-01 8.3304959422e-02 2.2444573870e+00 7.4370026951e+00
243 6.0939687312e-01 8.3960533373e-02 2.2581541344e+00 7.5095635355e+00
244 6.0962685012e-01 8.4254788579e-02 2.2439766457e+00 7.4281210884e+00
245 6.1003780039e-01 8.4984453529e-02 2.2183334758e+00 7.2676780165e+00
246 6.0996470030e-01 8.5076007742e-02 2.2164806526e+00 7.2603128829e+00
247 6.0992422368e-01 8.5162594083e-02 2.2180629302e+00 7.2685772510e+00
248 6.0990129569e-01 8.5152201149e-02 2.2171242525e+00 7.2673630849e+00
249 6.0938296502e-01 8.4368902598e-02 2.2108705188e+00 7.2227120960e+00
250 6.0934883189e-01 8.4374639626e-02 2.2073960627e+00 7.2146033656e+00
251 6.0948429784e-01 8.4991710437e-02 2.2330531592e+00 7.3980662190e+00
252 6.0959748807e-01 8.5387741560e-02 2.2435501558e+00 7.4458575354e+00
253 6.0924677652e-01 8.5015950564e-02 2.2443831554e+00 7.4301995301e+00
254 6.0878245242e-01 8.3793046544e-02 2.2195319070e+00 7.2622456242e+00
255 6.0900438319e-01 8.4309601277e-02 2.2386919850e+00 7.3884766870e+00
256 6.0902286467e-01 8.5095166245e-02 2.2852492171e+00 7.6883786222e+00
257 6.0901971844e-01 8.5107467832e-02 2.2840535530e+00 7.6846691643e+00
258 6.0906362494e-01 8.5092025927e-02 2.2828658985e+00 7.6787311750e+00
259 6.0903780576e-01 8.5107436253e-02 2.2824112321e+00 7.6758424669e+00
260 6.0858294612e-01 8.4292540600e-02 2.2773490946e+00 7.6463691968e+00
261 6.0826109974e-01 8.4125447313e-02 2.2854766815e+00 7.7104204733e+00
262 6.0845276646e-01 8.4439526092e-02 2.2709439914e+00 7.6254410910e+00
263 6.0819974105e-01 8.4290968211e-02 2.2871426508e+00 7.7317476828e+00
264 6.0820331829e-01 8.4367058677e-02 2.2882394420e+00 7.7392837637e+00
265 6.0822858719e-01 8.4377926466e-02 2.2860265185e+00 7.7331313832e+00
266 6.0827482696e-01 8.4327010306e-02 2.2857514589e+00 7.7392801971e+00
267 6.0811919242e-01 8.4299141382e-02 2.2869566521e+00 7.7473303688e+00
268 6.0799405750e-01 8.4373666163e-02 2.2846212136e+00 7.7391151567e+00
269 6.0797488843e-01 8.4367837404e-02 2.2867734797e+00 7.7442169440e+00
270 6.0786453388e-01 8.4469644690e-02 2.2838866558e+00 7.7301540180e+00
271 6.0795526203e-01 8.5059385282e-02 2.3001709895e+00 7.8260629228e+00
272 6.0795206974e-01 8.5038566880e-02 2.2986052377e+00 7.8221674347e+00
273 6.0787191953e-01 8.5147195884e-02 2.2934474406e+00 7.8049073586e+00
274 6.0847809004e-01 8.6337932542e-02 2.2853308923e+00 7.7398151574e+00
275 6.0869591109e-01 8.6588391037e-02 2.2716589304e+00 7.6632043662e+00
276 6.0859184237e-01 8.6621390087e-02 2.2720751223e+00 7.6628906845e+00
277 6.0876519445e-01 8.6950327258e-02 2.2578596838e+00 7.5767559071e+00
278 6.0866121758e-01 8.6350956985e-02 2.2301838127e+00 7.3897719292e+00
279 6.0885124470e-01 8.6579887150e-02 2.2198625687e+00 7.3222518244e+00
280 6.0884307760e-01 8.6591415867e-02 2.2176934234e+00 7.3139902664e+00
281 6.0909159052e-01 8.6830595956e-02 2.2042989308e+00 7.2399659342e+00
282 6.0911614713e-01 8.6827815490e-02 2.2037425967e+00 7.2382964502e+00
283 6.0936545700e-01 8.7167420471e-02 2.1911059603e+00 7.1613527700e+00
284 6.0932689199e-01 8.7325103060e-02 2.1860135686e+00 7.1396213805e+00
285 6.0879411810e-01 8.6736914583e-02 2.2099893653e+00 7.2854168071e+00
286 6.0877978563e-01 8.6778298665e-02 2.2092357632e+00 7.2836068601e+00
287 6.0879453832e-01 8.6937256475e-02 2.2074338398e+00 7.2663097147e+00
288 6.0884874871e-01 8.6847798435e-02 2.2073238317e+00 7.2724571083e+00
289 6.0930774834e-01 8.7301593536e-02 2.1794498277e+00 7.1256294944e+00
290 6.0904993615e-01 8.6768240090e-02 2.1614587645e+00 7.0252391950e+00
291 6.0874747432e-01 8.6648675663e-02 2.1703738942e+00 7.0818269691e+00
292 6.0897077201e-01 8.6828116544e-02 2.1575115399e+00 7.0177550928e+00
293 6.0934134528e-01 8.7280320627e-02 2.1314707186e+00 6.8852524210e+00
294 6.0945001509e-01 8.7614488065e-02 2.1173300600e+00 6.8084062333e+00
295 6.0942360132e-01 8.7685594215e-02 2.1177637129e+00 6.8058527179e+00
296 6.0939788170e-01 8.7773548442e-02 2.1173361859e+00 6.7993682108e+00
297 6.0934155210e-01 8.7870312186e-02 2.1161455808e+00 6.7961357972e+00
298 6.0936162976e-01 8.7929884801e-02 2.1147450434e+00 6.7923254641e+00
299 6.0944669596e-01 8.8452373377e-02 2.1345819524e+00 6.9228962110e+00
300 6.0990025753e-01 8.8888136114e-02 2.1060031312e+00 6.7594783344e+00
301 6.0991006075e-01 8.8887720615e-02 2.1056566901e+00 6.7587414808e+00
302 6.1012831365e-01 8.9253307880e-02 2.0913271043e+00 6.6812902568e+00
303 6.1039265053e-01 8.9503307292e-02 2.0786111240e+00 6.6147374256e+00
304 6.1024813600e-01 8.9494388769e-02 2.0766068252e+00 6.6112854278e+00
305 6.1048329520e-01 8.9752878127e-02 2.0646607674e+00 6.5470295043e+00
306 6.1063394310e-01 9.0307672942e-02 2.0849953095e+00 6.6776355735e+00
307 6.1036569742e-01 8.9666816054e-02 2.0600946134e+00 6.5404005028e+00
308 6.1032720241e-01 8.9687334074e-02 2.0594688634e+00 6.5385275123e+00
309 6.1046821657e-01 8.9891535768e-02 2.0475957819e+00 6.4784535356e+00
310 6.1059855932e-01 9.0448743712e-02 2.0701644663e+00 6.6176486468e+00
311 6.1077692032e-01 9.0757304169e-02 2.0584491229e+00 6.5521228859e+00
312 6.1071210131e-01 9.0740038019e-02 2.0553919800e+00 6.5480963056e+00
313 6.1005834384e-01 8.9675694490e-02 2.0549031085e+00 6.5290456656e+00
314 6.1000848221e-01 8.9654075582e-02 2.0522921514e+00 6.5269008758e+00
315 6.0995154181e-01 8.9602706605e-02 2.0519550035e+00 6.5303263137e+00
316 6.1000168193e-01 8.9654504126e-02 2.0503659026e+00 6.5239215025e+00
317 6.0996826971e-01 8.9709531751e-02 2.0517988702e+00 6.5360714819e+00
318 6.0976144091e-01 8.9335279874e-02 2.0324554004e+00 6.4307807322e+00
319 6.0994777746e-01 8.9791854247e-02 2.0235102866e+00 6.3766266293e+00
320 6.1005969313e-01 9.0159691796e-02 2.0347373530e+00 6.4355269758e+00
321 6.1044084254e-01 9.0797004886e-02 2.0085519380e+00 6.3065689377e+00
322 6.1057157949e-01 9.1155806604e-02 1.9954940178e+00 6.2412473012e+00
323 6.1065941274e-01 9.1694385666e-02 2.0219993819e+00 6.4559015390e+00
324 6.1057631122e-01 9.1761739998e-02 2.0221175487e+00 6.4557818352e+00
325 6.1028222569e-01 9.1016677308e-02 1.9845995460e+00 6.1988718228e+00
326 6.1038177121e-01 9.1413533498e-02 1.9888902948e+00 6.2070025036e+00
327 6.1051016614e-01 9.1904100949e-02 1.9965542498e+00 6.2435691318e+00
328 6.1086423631e-01 9.2581386010e-02 2.0183592411e+00 6.4098578353e+00
329 6.1121240992e-01 9.3195802669e-02 2.0176937337e+00 6.4018659009e+00
330 6.1095346437e-01 9.3145698881e-02 2.0453423999e+00 6.5819528760e+00
331 6.1057527424e-01 9.2701423196e-02 2.0465683526e+00 6.5878188645e+00
332 6.1048869292e-01 9.2766906478e-02 2.0462189747e+00 6.5840395682e+00
333 6.1002616955e-01 9.2002715113e-02 2.0382444253e+00 6.5461538902e+00
334 6.1062987469e-01 9.2875346157e-02 2.0253045944e+00 6.4764047497e+00
335 6.1088327035e-01 9.3197719532e-02 2.0136216172e+00 6.4101769113e+00
336 6.1126028147e-01 9.3857723965e-02 2.0177089943e+00 6.4437345916e+00
337 6.1121698492e-01 9.3866041206e-02 2.0185108062e+00 6.4451480419e+00
338 6.1124943033e-01 9.3892884429e-02 2.0171856242e+00 6.4386539313e+00
339 6.1152600061e-01 9.4240246045e-02 2.0074094635e+00 6.3913099136e+00
340 6.1157527001e-01 9.5041168598e-02 2.0583293866e+00 6.6916666288e+00
341 6.1187575762e-01 9.5116392126e-02 2.0294254461e+00 6.5547152973e+00
342 6.1165905814e-01 9.4636909157e-02 2.0089365405e+00 6.4416033138e+00
343 6.1167076468e-01 9.4713190014e-02 2.0060081688e+00 6.4289053952e+00
344 6.1189668360e-01 9.4866587283e-02 1.9957755134e+00 6.3806038369e+00
345 6.1163516480e-01 9.4077801799e-02 1.9782165689e+00 6.2996352577e+00
346 6.1175320208e-01 9.4590160405e-02 1.9931247820e+00 6.3833029178e+00
347 6.1147357689e-01 9.4383739051e-02 2.0109921997e+00 6.4829914940e+00
348 6.1166382907e-01 9.4612694324e-02 1.9975310754e+00 6.4034719233e+00
349 6.1160588201e-01 9.4540133016e-02 1.9986003233e+00 6.4149479032e+00
350 6.1159049313e-01 9.4546046610e-02 1.9985379804e+00 6.4149214995e+00
351 6.1204040931e-01 9.6079682557e-02 2.0348365519e+00 6.5946557544e+00
352 6.1218361674e-01 9.6599491828e-02 2.0505121912e+00 6.6779633729e+00
353 6.1218640828e-01 9.6640661147e-02 2.0493755827e+00 6.6721444746e+00
354 6.1211923352e-01 9.6728753219e-02 2.0525397870e+00 6.7000677516e+00
355 6.1193121447e-01 9.6182529839e-02 2.0401448276e+00 6.6509076059e+00
356 6.1232682745e-01 9.6801116972e-02 2.0338894029e+00 6.6044999875e+00
357 6.1161978744e-01 9.5086392334e-02 1.9991725358e+00 6.4099424218e+00
358 6.1170446478e-01 9.5149947597e-02 2.0016844858e+00 6.4358428375e+00
359 6.1179183885e-01 9.5644099912e-02 2.0060766130e+00 6.4422320025e+00
360 6.1172665202e-01 9.5693249635e-02 2.0041060646e+00 6.4354264459e+00
361 6.1184783695e-01 9.6317481272e-02 2.0219907882e+00 6.5513838053e+00
362 6.1187755722e-01 9.5934476498e-02 1.9905964555e+00 6.3814888742e+00
363 6.1196516484e-01 9.5770914445e-02 1.9719403336e+00 6.2910269081e+00
364 6.1199229155e-01 9.5756030744e-02 1.9723125379e+00 6.2924701043e+00
365 6.1226012648e-01 9.6512289678e-02 1.9679677493e+00 6.2519869152e+00
