1 5.9282947138e-01 1.1102230246e-16 1.0000000000e+00 1.0000000000e+00
2 5.9292873621e-01 7.7034638626e-03 2.7234745041e+01 8.3603069439e+02
3 5.9291755259e-01 7.7640062620e-03 2.6583384545e+01 8.1051087232e+02
4 5.9289745307e-01 7.8981743710e-03 2.5191120354e+01 7.5755463498e+02
5 5.9286583466e-01 8.0546641723e-03 2.3549534615e+01 7.0205036145e+02
6 5.9326563052e-01 1.3227225282e-02 1.6126835243e+01 2.8672543614e+02
7 5.9315283470e-01 1.3326134077e-02 1.5775204889e+01 2.7887709638e+02
8 5.9340641267e-01 1.5227557650e-02 1.4086452351e+01 2.1705240124e+02
9 5.9340438911e-01 1.5295811547e-02 1.3907590411e+01 2.1324809316e+02
10 5.9359023543e-01 1.7166178236e-02 1.2260070984e+01 1.6755964343e+02
11 5.9352269923e-01 1.7299254983e-02 1.1966762672e+01 1.6271848260e+02
12 5.9377407848e-01 1.8839243757e-02 1.1098103160e+01 1.3818305960e+02
13 5.9369328697e-01 1.8986278297e-02 1.0818576672e+01 1.3423007957e+02
14 5.9388721968e-01 2.0543950101e-02 9.9274775942e+00 1.1389262725e+02
15 5.9393302238e-01 2.0560471741e-02 9.8984947750e+00 1.1344049090e+02
16 5.9388707259e-01 2.0601558620e-02 9.8423538450e+00 1.1263054849e+02
17 5.9390337275e-01 2.0618989963e-02 9.8163854754e+00 1.1222080615e+02
18 5.9405883749e-01 2.2041743331e-02 9.1539224236e+00 9.7966485347e+01
19 5.9395239291e-01 2.2145805568e-02 9.0217378027e+00 9.6348489340e+01
20 5.9392235261e-01 2.2169163910e-02 8.9957460672e+00 9.5993594119e+01
21 5.9385897809e-01 2.2379560219e-02 8.7258840365e+00 9.2611790423e+01
22 5.9384473850e-01 2.2459493532e-02 8.6253023581e+00 9.1346736732e+01
23 5.9374142590e-01 2.2534921846e-02 8.5367894504e+00 9.0307525534e+01
24 5.9376761590e-01 2.2546419880e-02 8.5217301487e+00 9.0084685246e+01
25 5.9379133845e-01 2.2541941918e-02 8.5228159653e+00 9.0119345712e+01
26 5.9367077994e-01 2.2733915391e-02 8.5058897602e+00 8.9896626931e+01
27 5.9389555579e-01 2.3627206213e-02 8.1980911041e+00 8.2353959914e+01
28 5.9391258030e-01 2.3679805202e-02 8.1483544221e+00 8.1618322559e+01
29 5.9369558133e-01 2.2572815536e-02 8.3523494148e+00 8.8054889265e+01
30 5.9384488984e-01 2.3988511451e-02 7.9876910395e+00 7.9719988190e+01
31 5.9373097428e-01 2.4113678874e-02 7.8599847971e+00 7.8262321268e+01
32 5.9364599124e-01 2.4191737296e-02 7.7829791873e+00 7.7388362895e+01
33 5.9377209671e-01 2.6120045941e-02 8.6620288604e+00 9.7734631798e+01
34 5.9366301806e-01 2.6252891546e-02 8.5282371247e+00 9.5943718341e+01
35 5.9384364235e-01 2.7344141504e-02 8.1334239675e+00 8.6505849525e+01
36 5.9373988805e-01 2.7424926077e-02 8.0614242907e+00 8.5635968636e+01
37 5.9392216730e-01 2.8449124850e-02 7.7389703104e+00 7.8187106481e+01
38 5.9391209228e-01 2.8499250429e-02 7.6951879832e+00 7.7658664339e+01
39 5.9394743947e-01 2.8516063459e-02 7.6770452449e+00 7.7439555691e+01
40 5.9421133613e-01 2.9229816959e-02 7.4443630511e+00 7.2261171558e+01
41 5.9408566517e-01 2.9338566141e-02 7.3588119730e+00 7.1359340256e+01
42 5.9384050206e-01 2.9542464951e-02 7.2108234202e+00 6.9686490744e+01
43 5.9377854271e-01 2.9540105565e-02 7.1262343854e+00 6.8873292331e+01
44 5.9383783454e-01 2.9553642638e-02 7.1169813470e+00 6.8685033379e+01
45 5.9410193716e-01 3.0550080624e-02 6.8779129437e+00 6.3507341367e+01
46 5.9422668176e-01 3.1410549390e-02 6.6467577318e+00 5.9095947853e+01
47 5.9415619528e-01 3.1473723764e-02 6.6117463044e+00 5.8685600680e+01
48 5.9442289897e-01 3.1919714411e-02 6.4784487137e+00 5.6011631950e+01
49 5.9457920673e-01 3.3431485592e-02 6.8056608653e+00 6.1578412976e+01
50 5.9465558249e-01 3.3467667498e-02 6.7772952178e+00 6.1251647170e+01
51 5.9472989799e-01 3.4471157518e-02 6.5373277161e+00 5.6879339899e+01
52 5.9490820499e-01 3.5292476047e-02 6.3540482191e+00 5.3475598865e+01
53 5.9478943855e-01 3.5433436824e-02 6.2990170654e+00 5.2902888773e+01
54 5.9457118317e-01 3.4801799173e-02 6.4176978403e+00 5.5467907641e+01
55 5.9454410427e-01 3.4812699136e-02 6.4143999404e+00 5.5416841436e+01
56 5.9451507702e-01 3.4866856555e-02 6.3857726138e+00 5.5101162876e+01
57 5.9453855778e-01 3.4886172438e-02 6.3730188463e+00 5.4962618520e+01
58 5.9418928706e-01 3.2717457660e-02 6.1411956805e+00 5.2323409476e+01
59 5.9429876580e-01 3.4257476586e-02 6.5731003202e+00 5.9541218671e+01
60 5.9449076371e-01 3.5108149085e-02 6.3720868915e+00 5.5733591959e+01
61 5.9472908010e-01 3.5734058847e-02 6.2568275499e+00 5.3152858156e+01
62 5.9495074298e-01 3.6478638802e-02 6.1168849617e+00 5.0403702001e+01
63 5.9490834231e-01 3.6576655760e-02 6.0600712672e+00 4.9920844382e+01
64 5.9512613595e-01 3.7301988607e-02 5.9328282489e+00 4.7477161870e+01
65 5.9510539730e-01 3.7360669665e-02 5.9024290719e+00 4.7204790926e+01
66 5.9507747032e-01 3.7399131387e-02 5.8860217306e+00 4.7029377778e+01
67 5.9529432528e-01 3.8109265128e-02 5.7672243456e+00 4.4832226971e+01
68 5.9547363184e-01 3.8587619593e-02 5.6624946128e+00 4.3142466319e+01
69 5.9571058155e-01 3.9377876346e-02 5.5437922977e+00 4.1094543090e+01
70 5.9590658785e-01 4.0053406874e-02 5.4426999185e+00 3.9372202991e+01
71 5.9583367972e-01 4.0106312031e-02 5.4269901649e+00 3.9206409274e+01
72 5.9598173300e-01 4.0966377288e-02 5.3311074980e+00 3.7654631782e+01
73 5.9598692963e-01 4.0974374625e-02 5.3271971195e+00 3.7623116004e+01
74 5.9633152302e-01 4.2128973805e-02 5.1249816647e+00 3.4803852494e+01
75 5.9644092915e-01 4.2157962326e-02 5.1080359495e+00 3.4656558034e+01
76 5.9638528072e-01 4.2178292571e-02 5.1040186525e+00 3.4617088014e+01
77 5.9637618213e-01 4.2190108416e-02 5.1003730306e+00 3.4582832020e+01
78 5.9661378774e-01 4.2892735557e-02 5.0163191223e+00 3.3277712215e+01
79 5.9646541281e-01 4.1637395052e-02 4.7872988405e+00 3.0106190926e+01
80 5.9639321202e-01 4.1696106098e-02 4.7704748964e+00 2.9973148500e+01
81 5.9674995801e-01 4.3391141648e-02 4.8828189524e+00 3.1353529459e+01
82 5.9630572668e-01 4.1722637206e-02 4.7551973570e+00 2.9866600665e+01
83 5.9647295983e-01 4.2476619879e-02 4.6768985703e+00 2.8781068612e+01
84 5.9667307451e-01 4.3123785951e-02 4.6055569971e+00 2.7805899634e+01
85 5.9681773158e-01 4.3760393462e-02 4.5399146654e+00 2.6914241111e+01
86 5.9676336794e-01 4.3771793487e-02 4.5392683960e+00 2.6908985364e+01
87 5.9693554878e-01 4.4222156754e-02 4.4658955247e+00 2.6101202995e+01
88 5.9690763164e-01 4.4240654253e-02 4.4622897656e+00 2.6069175538e+01
89 5.9729039099e-01 4.5342116395e-02 4.3278742303e+00 2.4494661130e+01
90 5.9722497886e-01 4.5428803255e-02 4.3036559136e+00 2.4339103556e+01
91 5.9768233751e-01 4.6681610789e-02 4.1873707855e+00 2.2964932494e+01
92 5.9815883681e-01 4.7763056704e-02 4.0988391976e+00 2.1871217330e+01
93 5.9807189254e-01 4.7848006312e-02 4.0773261794e+00 2.1755542508e+01
94 5.9801727985e-01 4.7871129377e-02 4.0741101813e+00 2.1732692237e+01
95 5.9790471475e-01 4.7925206424e-02 4.0655401003e+00 2.1674643329e+01
96 5.9785369796e-01 4.7971871829e-02 4.0551070195e+00 2.1609976176e+01
97 5.9799798126e-01 4.8634324775e-02 4.0057381263e+00 2.1040516344e+01
98 5.9796142794e-01 4.8622413449e-02 4.0052468852e+00 2.1040371395e+01
99 5.9793938876e-01 4.8592645792e-02 3.9951642034e+00 2.0981536779e+01
100 5.9799226367e-01 4.8699311452e-02 3.9949132131e+00 2.0940612628e+01
101 5.9792673040e-01 4.8671266885e-02 3.9887624234e+00 2.0915647502e+01
102 5.9809287635e-01 4.9216111510e-02 3.9391199560e+00 2.0375502518e+01
103 5.9833585477e-01 4.9502425067e-02 3.8972265208e+00 1.9949426593e+01
104 5.9842321021e-01 4.9517605851e-02 3.8883430129e+00 1.9897778158e+01
105 5.9838632879e-01 4.9564901687e-02 3.8786728849e+00 1.9835207924e+01
106 5.9861765423e-01 5.0126988084e-02 3.8420503057e+00 1.9380607308e+01
107 5.9883571035e-01 5.0716060559e-02 3.8022858274e+00 1.8931383728e+01
108 5.9897357144e-01 5.1585707595e-02 3.8981084752e+00 1.9983955668e+01
109 5.9893209795e-01 5.1610106332e-02 3.8935531929e+00 1.9961115245e+01
110 5.9883696846e-01 5.1536012905e-02 3.8828910512e+00 1.9923723629e+01
111 5.9896060963e-01 5.2440864499e-02 3.9770005488e+00 2.0945945197e+01
112 5.9898359770e-01 5.2500697525e-02 3.9749127132e+00 2.0915030766e+01
113 5.9887600748e-01 5.1639371980e-02 3.8718653059e+00 1.9830798931e+01
114 5.9883743225e-01 5.1546159328e-02 3.8668159868e+00 1.9835875906e+01
115 5.9902560444e-01 5.2059350451e-02 3.8210484679e+00 1.9343060785e+01
116 5.9921112824e-01 5.2676949513e-02 3.7732451198e+00 1.8830988409e+01
117 5.9926217830e-01 5.2676283406e-02 3.7707056808e+00 1.8817262918e+01
118 5.9922262083e-01 5.2716374194e-02 3.7624897713e+00 1.8773669289e+01
119 5.9942014024e-01 5.3280378854e-02 3.7127418420e+00 1.8303899537e+01
120 5.9963452872e-01 5.3835069766e-02 3.6734621032e+00 1.7891464544e+01
121 6.0010858850e-01 5.5052837194e-02 3.6051299070e+00 1.7149667183e+01
122 6.0050392118e-01 5.6142231412e-02 3.5341834414e+00 1.6433724197e+01
123 5.9996334275e-01 5.5216193445e-02 3.5951679723e+00 1.7083441607e+01
124 5.9989100964e-01 5.5224571535e-02 3.5970156605e+00 1.7092169791e+01
125 5.9981469057e-01 5.5263825144e-02 3.5921902850e+00 1.7064780492e+01
126 5.9963529372e-01 5.5209753625e-02 3.5848541058e+00 1.7052850434e+01
127 5.9977932541e-01 5.6013320519e-02 3.6482705584e+00 1.7667691303e+01
128 5.9968367468e-01 5.5986393842e-02 3.6480533142e+00 1.7675682054e+01
129 5.9995356448e-01 5.6619223230e-02 3.6161230610e+00 1.7309545764e+01
130 5.9994633746e-01 5.6584324781e-02 3.6148574848e+00 1.7313158088e+01
131 5.9991697616e-01 5.6646631444e-02 3.6199848658e+00 1.7397692664e+01
132 5.9996064035e-01 5.6633844154e-02 3.6175658435e+00 1.7382166849e+01
133 5.9993535194e-01 5.6595094451e-02 3.6140845408e+00 1.7382766548e+01
134 5.9990491010e-01 5.6706642703e-02 3.6164606437e+00 1.7375250168e+01
135 5.9992677620e-01 5.6736291737e-02 3.6141644980e+00 1.7357014708e+01
136 5.9983148100e-01 5.6800310214e-02 3.6041584544e+00 1.7306089839e+01
137 6.0004453615e-01 5.7561791545e-02 3.6701025476e+00 1.7958018318e+01
138 6.0051355616e-01 5.8410896859e-02 3.6007566742e+00 1.7250747969e+01
139 6.0057496718e-01 5.8460734598e-02 3.5977161182e+00 1.7222315900e+01
140 6.0054607901e-01 5.8480172212e-02 3.5948690538e+00 1.7207489541e+01
141 6.0027699015e-01 5.8011175890e-02 3.6279569274e+00 1.7560110613e+01
142 5.9995583395e-01 5.6747668827e-02 3.5971197505e+00 1.7282401329e+01
143 6.0019966089e-01 5.7034326146e-02 3.5691569402e+00 1.7010867401e+01
144 6.0020199438e-01 5.6801831427e-02 3.4512458647e+00 1.5884042858e+01
145 6.0016689254e-01 5.6811134273e-02 3.4512760769e+00 1.5882219219e+01
146 6.0056454309e-01 5.7869695488e-02 3.3859792061e+00 1.5262587195e+01
147 6.0056225080e-01 5.7868934089e-02 3.3862183795e+00 1.5263957889e+01
148 6.0052988899e-01 5.7818993538e-02 3.3884123810e+00 1.5287163862e+01
149 6.0011949990e-01 5.6702442660e-02 3.3458170994e+00 1.4908286468e+01
150 6.0003925035e-01 5.6744979582e-02 3.3428716558e+00 1.4895178280e+01
151 6.0002613189e-01 5.6755390511e-02 3.3414624463e+00 1.4887518427e+01
152 5.9993760574e-01 5.6869212404e-02 3.3354316488e+00 1.4852541913e+01
153 5.9986631264e-01 5.6894970470e-02 3.3339403478e+00 1.4842911088e+01
154 5.9973916603e-01 5.6843073865e-02 3.3306026302e+00 1.4837891024e+01
155 5.9977657690e-01 5.6871028884e-02 3.3239083730e+00 1.4800515678e+01
156 5.9980310160e-01 5.6881247327e-02 3.3205540608e+00 1.4783839766e+01
157 5.9977031044e-01 5.6921456526e-02 3.3138311447e+00 1.4751439474e+01
158 5.9979456226e-01 5.6971705506e-02 3.3150290675e+00 1.4754876313e+01
159 6.0009307331e-01 5.8106960801e-02 3.3266555350e+00 1.4901963917e+01
160 5.9964423888e-01 5.7136136574e-02 3.2875592172e+00 1.4646638114e+01
161 5.9972319970e-01 5.7137384453e-02 3.2833273478e+00 1.4627210864e+01
162 5.9976062638e-01 5.7165252170e-02 3.2809199992e+00 1.4613414329e+01
163 5.9970112195e-01 5.7105038677e-02 3.2736172974e+00 1.4590175915e+01
164 6.0005390050e-01 5.8359642582e-02 3.3478264404e+00 1.5415980612e+01
165 6.0042777521e-01 5.9574784248e-02 3.3585502974e+00 1.5537868552e+01
166 6.0036899495e-01 5.9599345152e-02 3.3567547705e+00 1.5525924028e+01
167 6.0032986257e-01 5.9604178625e-02 3.3577807986e+00 1.5529752013e+01
168 6.0044185400e-01 6.0078221008e-02 3.3246482254e+00 1.5219990340e+01
169 6.0070518744e-01 6.0852382969e-02 3.2590861144e+00 1.4659338816e+01
170 6.0074938377e-01 6.0924151316e-02 3.2620814505e+00 1.4649640764e+01
171 6.0094407335e-01 6.1305582347e-02 3.2346315204e+00 1.4399656500e+01
172 6.0090091103e-01 6.1325253608e-02 3.2337620785e+00 1.4390268296e+01
173 6.0070254322e-01 6.0908172390e-02 3.2599851442e+00 1.4645514788e+01
174 6.0095539701e-01 6.1327900043e-02 3.2305198458e+00 1.4376636669e+01
175 6.0098887817e-01 6.1351714307e-02 3.2298901823e+00 1.4391036468e+01
176 6.0124512176e-01 6.1691918918e-02 3.1947951134e+00 1.4120326261e+01
177 6.0125705507e-01 6.1685963245e-02 3.1941238176e+00 1.4129890634e+01
178 6.0166965990e-01 6.2408948322e-02 3.1417093789e+00 1.3675606351e+01
179 6.0177308158e-01 6.3134839536e-02 3.1825480109e+00 1.4014980935e+01
180 6.0193741466e-01 6.3586471301e-02 3.1496876544e+00 1.3743857984e+01
181 6.0192610128e-01 6.3599683736e-02 3.1480936028e+00 1.3734810556e+01
182 6.0156766339e-01 6.2513447206e-02 3.1286705057e+00 1.3606605572e+01
183 6.0181344260e-01 6.3065393114e-02 3.1017155699e+00 1.3363905777e+01
184 6.0183179235e-01 6.3076491664e-02 3.0990601200e+00 1.3351014453e+01
185 6.0194491330e-01 6.4010710527e-02 3.1753575220e+00 1.4127224769e+01
186 6.0173056128e-01 6.3371943931e-02 3.0863990718e+00 1.3368466277e+01
187 6.0191716283e-01 6.3868281857e-02 3.0577830230e+00 1.3113321509e+01
188 6.0185651654e-01 6.3873848312e-02 3.0597033687e+00 1.3120388163e+01
189 6.0175750288e-01 6.3939011891e-02 3.0521492022e+00 1.3089474060e+01
190 6.0184528925e-01 6.4651645729e-02 3.1255154248e+00 1.3789018424e+01
191 6.0184863687e-01 6.4754032748e-02 3.1208139695e+00 1.3750799969e+01
192 6.0163398326e-01 6.3689634979e-02 3.0083105691e+00 1.2692075251e+01
193 6.0155444452e-01 6.3653370153e-02 3.0064038058e+00 1.2689680296e+01
194 6.0149026232e-01 6.3620258430e-02 3.0033702806e+00 1.2678006291e+01
195 6.0185858932e-01 6.4832456758e-02 3.0605119459e+00 1.3257487241e+01
196 6.0208241442e-01 6.5309587872e-02 3.0327557506e+00 1.3020571497e+01
197 6.0203296049e-01 6.5341648067e-02 3.0296931733e+00 1.3004958155e+01
198 6.0231715376e-01 6.5739654624e-02 2.9973298492e+00 1.2758873441e+01
199 6.0212345918e-01 6.4961240383e-02 2.9311114219e+00 1.2153002652e+01
200 6.0258073756e-01 6.5685631127e-02 2.8845997311e+00 1.1772534922e+01
201 6.0258965463e-01 6.5629042210e-02 2.8815101411e+00 1.1770055798e+01
202 6.0241503203e-01 6.4739534024e-02 2.7967319437e+00 1.0961215124e+01
203 6.0227524209e-01 6.5277064272e-02 2.8757780147e+00 1.1688562940e+01
204 6.0245527052e-01 6.5736198901e-02 2.8523083798e+00 1.1496344751e+01
205 6.0277265489e-01 6.6753123650e-02 2.8540734053e+00 1.1481001431e+01
206 6.0295113085e-01 6.7098018417e-02 2.8274790197e+00 1.1303707075e+01
207 6.0287574339e-01 6.7130656164e-02 2.8256893732e+00 1.1295332888e+01
208 6.0294758781e-01 6.7755060883e-02 2.8541427014e+00 1.1484830226e+01
209 6.0317629151e-01 6.8226970323e-02 2.8210753857e+00 1.1285871659e+01
210 6.0341321826e-01 6.8498269914e-02 2.7978096809e+00 1.1128385830e+01
211 6.0350547149e-01 6.9072194853e-02 2.8074386417e+00 1.1176332705e+01
212 6.0411595804e-01 7.0494580825e-02 2.7936300994e+00 1.1038716803e+01
213 6.0428802790e-01 7.0821479972e-02 2.7727855785e+00 1.0892193837e+01
214 6.0412305047e-01 7.0381857561e-02 2.7540556364e+00 1.0774731403e+01
215 6.0375257525e-01 6.9303597552e-02 2.7214192385e+00 1.0510555500e+01
216 6.0398480901e-01 6.9735046276e-02 2.7033951136e+00 1.0361998622e+01
217 6.0416107208e-01 7.0376597373e-02 2.7423691056e+00 1.0665876266e+01
218 6.0450275264e-01 7.1303153788e-02 2.7700273961e+00 1.0936005378e+01
219 6.0405674452e-01 7.0381102879e-02 2.7504174886e+00 1.0792554316e+01
220 6.0402601402e-01 7.0363717836e-02 2.7486903970e+00 1.0787310670e+01
221 6.0442087607e-01 7.1188894601e-02 2.7110031258e+00 1.0487227095e+01
222 6.0437780534e-01 7.1224084114e-02 2.7075030271e+00 1.0475123909e+01
223 6.0404249280e-01 7.1000499866e-02 2.7230121831e+00 1.0608294527e+01
224 6.0399023190e-01 7.1047984806e-02 2.7174953862e+00 1.0591871751e+01
225 6.0379603472e-01 7.0416975556e-02 2.6676311687e+00 1.0154573163e+01
226 6.0364979811e-01 7.0455883431e-02 2.6648250102e+00 1.0148069650e+01
227 6.0340552848e-01 6.9984094981e-02 2.6437953810e+00 1.0010314458e+01
228 6.0333872780e-01 6.9959767370e-02 2.6402911854e+00 9.9921216728e+00
229 6.0362642952e-01 7.0305009166e-02 2.6190030813e+00 9.8451371438e+00
230 6.0370990920e-01 7.0289327341e-02 2.6176153717e+00 9.8414077308e+00
231 6.0366858993e-01 7.0322641980e-02 2.6178120566e+00 9.8419648380e+00
232 6.0358332303e-01 7.0375687984e-02 2.6134153135e+00 9.8282411993e+00
233 6.0349463880e-01 7.0458840203e-02 2.6070877175e+00 9.7972102786e+00
234 6.0340214223e-01 7.0405072821e-02 2.6017561024e+00 9.7855788392e+00
235 6.0341073024e-01 7.0414174144e-02 2.6008772297e+00 9.7791562260e+00
236 6.0378889915e-01 7.1338764989e-02 2.6120364000e+00 9.8831656638e+00
237 6.0347228784e-01 7.1035544783e-02 2.6293061441e+00 1.0013626682e+01
238 6.0371862801e-01 7.1463928983e-02 2.6121411316e+00 9.8758619295e+00
239 6.0377860063e-01 7.1488910935e-02 2.6065027007e+00 9.8537506505e+00
240 6.0397571372e-01 7.1995816420e-02 2.6228608972e+00 9.9499744902e+00
241 6.0421820690e-01 7.2549734247e-02 2.6061555684e+00 9.8198745570e+00
242 6.0421082632e-01 7.2609847075e-02 2.6052506329e+00 9.8133645797e+00
243 6.0458126204e-01 7.4031382238e-02 2.6923700453e+00 1.0512306004e+01
244 6.0428584452e-01 7.3697412533e-02 2.7088933768e+00 1.0649441256e+01
245 6.0400342788e-01 7.3538612939e-02 2.7258253330e+00 1.0765965471e+01
246 6.0402148755e-01 7.3494445256e-02 2.7255488811e+00 1.0768500192e+01
247 6.0411124729e-01 7.4169317728e-02 2.7418037246e+00 1.0871601673e+01
248 6.0360801908e-01 7.3109269019e-02 2.7093710325e+00 1.0631958722e+01
249 6.0377183017e-01 7.3265562227e-02 2.6840219494e+00 1.0453671740e+01
250 6.0378000973e-01 7.3449660226e-02 2.6812973390e+00 1.0438431236e+01
251 6.0404073339e-01 7.3850840886e-02 2.6598014885e+00 1.0282589862e+01
252 6.0424702820e-01 7.4441511451e-02 2.6526810649e+00 1.0197471667e+01
253 6.0409937838e-01 7.3782866896e-02 2.6226040803e+00 9.9888380158e+00
254 6.0390287485e-01 7.4351648668e-02 2.6873862429e+00 1.0496903677e+01
255 6.0414366551e-01 7.4618356912e-02 2.6690502608e+00 1.0364815007e+01
256 6.0440911553e-01 7.4988029586e-02 2.6515858035e+00 1.0249272578e+01
257 6.0424950084e-01 7.4995332947e-02 2.6481647950e+00 1.0212398272e+01
258 6.0427359642e-01 7.4976961157e-02 2.6434517480e+00 1.0202051103e+01
259 6.0409158936e-01 7.4428971632e-02 2.6221653663e+00 1.0081383510e+01
260 6.0392729451e-01 7.3929693784e-02 2.6083092430e+00 1.0019154890e+01
261 6.0364607083e-01 7.3464032912e-02 2.6213904256e+00 1.0144387994e+01
262 6.0320356450e-01 7.2441429908e-02 2.5942358870e+00 9.9443250931e+00
263 6.0294198948e-01 7.1855493395e-02 2.5454745816e+00 9.5804970708e+00
264 6.0295828657e-01 7.1859900326e-02 2.5443960974e+00 9.5758720687e+00
265 6.0314936282e-01 7.2230272239e-02 2.5235200649e+00 9.4338266521e+00
266 6.0313935094e-01 7.2150548833e-02 2.5215243010e+00 9.4311313020e+00
267 6.0345500741e-01 7.2972456205e-02 2.5233570717e+00 9.4030052623e+00
268 6.0346136704e-01 7.2992764306e-02 2.5210660485e+00 9.3920605095e+00
269 6.0332036932e-01 7.2401965760e-02 2.4963759979e+00 9.2432821172e+00
270 6.0324676325e-01 7.2445729781e-02 2.4937231903e+00 9.2322938642e+00
271 6.0322679070e-01 7.2448575208e-02 2.4901756709e+00 9.2287318380e+00
272 6.0324040491e-01 7.2598645951e-02 2.4901836559e+00 9.2249228372e+00
273 6.0318183516e-01 7.2588973545e-02 2.4903898807e+00 9.2264746522e+00
274 6.0308849971e-01 7.2517561691e-02 2.4888312989e+00 9.2215730149e+00
275 6.0376325558e-01 7.3440498282e-02 2.4433662769e+00 8.8913846492e+00
276 6.0405598988e-01 7.3800314384e-02 2.4284179167e+00 8.7828636016e+00
277 6.0450104137e-01 7.4628183711e-02 2.4286963071e+00 8.7667003858e+00
278 6.0469532389e-01 7.4886290274e-02 2.4136321231e+00 8.6685486271e+00
279 6.0475664057e-01 7.5521740393e-02 2.4344082099e+00 8.8265712916e+00
280 6.0480012991e-01 7.5561740545e-02 2.4328432595e+00 8.8168724940e+00
281 6.0472177729e-01 7.5609370404e-02 2.4334638047e+00 8.8130664142e+00
282 6.0465416426e-01 7.5637376312e-02 2.4328652128e+00 8.8091687114e+00
283 6.0465757064e-01 7.5688332232e-02 2.4344851684e+00 8.8168383701e+00
284 6.0465978841e-01 7.5723830044e-02 2.4293910201e+00 8.8022800912e+00
285 6.0464453742e-01 7.5657213505e-02 2.4336553035e+00 8.8486504789e+00
286 6.0461840964e-01 7.5548260677e-02 2.3922373441e+00 8.6353869334e+00
287 6.0463564160e-01 7.5568373520e-02 2.3894219387e+00 8.6243351085e+00
288 6.0462477661e-01 7.5572233632e-02 2.3895597401e+00 8.6238039285e+00
289 6.0482967674e-01 7.5969618854e-02 2.3743289121e+00 8.5155021082e+00
290 6.0479789081e-01 7.5986846898e-02 2.3742397395e+00 8.5103102260e+00
291 6.0513514452e-01 7.6522144919e-02 2.3649471777e+00 8.4301780380e+00
292 6.0514242895e-01 7.6488457005e-02 2.3673751058e+00 8.4361782288e+00
293 6.0537040706e-01 7.6998078075e-02 2.3521421862e+00 8.3238019948e+00
294 6.0557075503e-01 7.7402966164e-02 2.3350909911e+00 8.2190332800e+00
295 6.0569731307e-01 7.7665269591e-02 2.3212770176e+00 8.1314354968e+00
296 6.0605553503e-01 7.8641271104e-02 2.3407375196e+00 8.2637228767e+00
297 6.0625931031e-01 7.9921727900e-02 2.4031173534e+00 8.7278331529e+00
298 6.0616621691e-01 7.9935678630e-02 2.4050269225e+00 8.7328953086e+00
299 6.0603452551e-01 7.9992478400e-02 2.4014900073e+00 8.7215380024e+00
300 6.0615240272e-01 8.0374026639e-02 2.3782083259e+00 8.6014931821e+00
301 6.0604370679e-01 8.0322968993e-02 2.3790578861e+00 8.6143919915e+00
302 6.0589809792e-01 7.9771927031e-02 2.3449960566e+00 8.3698758730e+00
303 6.0590948625e-01 7.9765698694e-02 2.3454066045e+00 8.3707947354e+00
304 6.0561701821e-01 7.9520595313e-02 2.3581664565e+00 8.4930262391e+00
305 6.0583908100e-01 7.9895144271e-02 2.3440901218e+00 8.3930378449e+00
306 6.0577332748e-01 7.9737939286e-02 2.3472844019e+00 8.4224650202e+00
307 6.0586872116e-01 8.0447696421e-02 2.3680101161e+00 8.5493154503e+00
308 6.0607016058e-01 8.0786438311e-02 2.3533216689e+00 8.4482886326e+00
309 6.0605746835e-01 8.0828784740e-02 2.3526464905e+00 8.4420069380e+00
310 6.0605093461e-01 8.0844765458e-02 2.3472794086e+00 8.4331939084e+00
311 6.0609979955e-01 8.0661755404e-02 2.3529069817e+00 8.4616097801e+00
312 6.0608668491e-01 8.0627290806e-02 2.3507745369e+00 8.4544161393e+00
313 6.0652004602e-01 8.1320657313e-02 2.3229170407e+00 8.2593738660e+00
314 6.0661005708e-01 8.1774420181e-02 2.3323810488e+00 8.3123446648e+00
315 6.0656961517e-01 8.1767668300e-02 2.3320834121e+00 8.3131074832e+00
316 6.0654829510e-01 8.1781947094e-02 2.3313411836e+00 8.3099574940e+00
317 6.0610488222e-01 8.0906342190e-02 2.3209751566e+00 8.2420762199e+00
318 6.0584385683e-01 8.0541335796e-02 2.3357493641e+00 8.3428201926e+00
319 6.0663868261e-01 8.1081415700e-02 2.2572690247e+00 7.8411938027e+00
320 6.0660369853e-01 8.1116334608e-02 2.2584957801e+00 7.8427051131e+00
321 6.0660213059e-01 8.1116753158e-02 2.2584642665e+00 7.8426813896e+00
322 6.0643176676e-01 8.0758535666e-02 2.2717368876e+00 7.9345333702e+00
323 6.0642857132e-01 8.0782482560e-02 2.2692006067e+00 7.9261062677e+00
324 6.0657033823e-01 8.1015399058e-02 2.2506172644e+00 7.8086618506e+00
325 6.0645936009e-01 8.1047914373e-02 2.2515278599e+00 7.8087251126e+00
326 6.0612625314e-01 8.1024043048e-02 2.3055072329e+00 8.2177973780e+00
327 6.0607785869e-01 8.1071177364e-02 2.3017609177e+00 8.2062743039e+00
328 6.0603922497e-01 8.1210935628e-02 2.3287780792e+00 8.4548367481e+00
329 6.0598745049e-01 8.1704908407e-02 2.3938790378e+00 8.9338734698e+00
330 6.0609749776e-01 8.1898413339e-02 2.3707149503e+00 8.7972747193e+00
331 6.0602994335e-01 8.1629717374e-02 2.3629477383e+00 8.7661792243e+00
332 6.0601755366e-01 8.1757657092e-02 2.3582457226e+00 8.7399194493e+00
333 6.0586129013e-01 8.1656002711e-02 2.3595493862e+00 8.7601550341e+00
334 6.0612611451e-01 8.2721796850e-02 2.3936146187e+00 8.9218859135e+00
335 6.0608230225e-01 8.2826629059e-02 2.3896947103e+00 8.9047188044e+00
336 6.0606898277e-01 8.2675004457e-02 2.3890805229e+00 8.9254594762e+00
337 6.0593374836e-01 8.2345980132e-02 2.3788566687e+00 8.8799428211e+00
338 6.0563556205e-01 8.1692055493e-02 2.3632464542e+00 8.7358119578e+00
339 6.0562861648e-01 8.1699970901e-02 2.3627067546e+00 8.7332895502e+00
340 6.0565109280e-01 8.1692450840e-02 2.3625789119e+00 8.7339401880e+00
341 6.0590397829e-01 8.2180360305e-02 2.3496348540e+00 8.6232764572e+00
342 6.0609779794e-01 8.2631786314e-02 2.3360878373e+00 8.5163937354e+00
343 6.0599401521e-01 8.2603490941e-02 2.3338085549e+00 8.5160979392e+00
344 6.0572097637e-01 8.2042491437e-02 2.3084500963e+00 8.3744994231e+00
345 6.0593580299e-01 8.2244705532e-02 2.2935674174e+00 8.2928185316e+00
346 6.0587614081e-01 8.2216592478e-02 2.2888373728e+00 8.2475136879e+00
347 6.0586508419e-01 8.2223764374e-02 2.2882797798e+00 8.2463528904e+00
348 6.0635015145e-01 8.3799864368e-02 2.3164596406e+00 8.4089986440e+00
349 6.0640200765e-01 8.3505238406e-02 2.2925775557e+00 8.2802458700e+00
350 6.0646170297e-01 8.4187633945e-02 2.3238147532e+00 8.4988676844e+00
351 6.0644774049e-01 8.4343348920e-02 2.3284323776e+00 8.5014523767e+00
352 6.0653444279e-01 8.4959708664e-02 2.3561218101e+00 8.6812654120e+00
353 6.0644841589e-01 8.4907636635e-02 2.3567795553e+00 8.6991166306e+00
354 6.0671297156e-01 8.5668200888e-02 2.3483642742e+00 8.6031332156e+00
355 6.0681681551e-01 8.6242237647e-02 2.3602414785e+00 8.6744608068e+00
356 6.0686354262e-01 8.6716671423e-02 2.3630159621e+00 8.6683593161e+00
357 6.0682628185e-01 8.6731985967e-02 2.3628617066e+00 8.6664624926e+00
358 6.0685617762e-01 8.6998799118e-02 2.3763684470e+00 8.7772043253e+00
359 6.0677547017e-01 8.6957441378e-02 2.3749871847e+00 8.7853451087e+00
360 6.0674485072e-01 8.6976087304e-02 2.3760329738e+00 8.7873818493e+00
361 6.0672258078e-01 8.7004292742e-02 2.3731026465e+00 8.7807125217e+00
362 6.0690313422e-01 8.7545855301e-02 2.3856130609e+00 8.8423126295e+00
363 6.0672399976e-01 8.7130956050e-02 2.3734578485e+00 8.8012129217e+00
364 6.0644176003e-01 8.6870887549e-02 2.3853394733e+00 8.8907007786e+00
365 6.0634986990e-01 8.7277739567e-02 2.4322935020e+00 9.2152494567e+00
